41
134
306
461
497
511
890
1161
1304
1475
1574
1647
1683
1704
1714
1962
2042
2103
2203
2519
2620
2969
3559
3579
3697
3826
4115
4151
4174
4208
4215
4236
4310
4605
5046
5098
5129
5273
5294
5326
5531
5581
5617
5633
5652
5694
5809
5876
5946
5988
6163
6164
6216
6262
6324
6389
6408
6518
6612
6650
6738
6840
6988
7082
7105
7207
7209
7279
7411
7470
7596
7620
7977
8180
8225
8869
8893
8950
8957
9061
9136
9310
9352
9387
9411
9457
9495
9505
9624
9643
10017
10034
10166
10228
10297
10689
10760
11134
11212
11614
11679
11802
11938
12015
12193
12234
12236
12360
12490
12547
12548
12683
12731
12732
12795
12924
12967
13064
13385
13388
13421
13484
13670
13783
13942
13975
14001
14066
14100
14174
14302
14402
14442
14641
14673
14679
14699
14740
14890
14962
15019
15020
15030
15277
15623
15665
15845
16003
16219
16283
16301
16434
16849
16953
17119
17127
17154
17232
17404
17410
17436
17513
17637
17652
17660
17923
17978
18047
18141
18196
18388
18411
18487
18528
18649
18693
18754
18880
18888
18905
18924
18937
18940
18943
18962
19055
19064
19149
19168
19388
19501
19650
19719
20085
20111
20135
20314
20516
20529
20586
20704
20842
20879
20884
20897
20991
21077
21082
21087
21294
21543
21559
21617
21797
21943
21999
22302
22467
22491
22541
22648
22676
22730
22749
22970
23079
23323
23498
23533
23605
23631
23641
23742
23976
24010
24071
24115
24197
24198
24457
24540
24646
24741
24784
24801
24962
24969
25068
25155
25189
25201
25226
25367
25857
26114
26243
26261
26340
26427
26457
26490
26514
26541
26778
26930
26944
27177
27210
27235
27580
27591
27621
27716
27774
27843
27844
27961
27974
28226
28323
28326
28850
28875
28876
29001
29021
29031
29084
29341
29489
29565
29630
29706
29844
29870
29891
30009
30014
30139
30153
30226
30315
30398
30464
30674
30748
30766
30771
30799
30945
31185
31233
31280
31563
31657
31684
31732
31803
31941
31999
32221
32267
32440
32451
32622
32694
32705
32933
33054
33434
33466
33500
33504
33542
33762
33830
34127
34274
34504
34533
34762
34861
34862
35106
35123
35130
35222
35282
35364
35439
35710
35747
35860
36068
36081
36178
36215
36332
36372
36412
36516
36587
36596
36635
36740
36770
36864
36872
36951
37032
37050
37310
37351
37445
37723
37849
37888
37917
37938
38020
38232
38329
38555
38631
38682
38701
38942
38966
39100
39166
39546
39568
39825
39932
40116
40123
40164
40233
40329
40462
40474
40581
40620
40693
40753
40796
40821
40835
40964
41095
41161
41245
41304
41562
41605
41667
41759
41884
42029
42063
42126
42400
42486
42502
42547
42686
42756
42777
42816
42846
42948
43079
43152
43397
43405
43480
43564
43589
43681
43725
43970
44038
44279
44412
44424
44471
44636
45035
45037
45042
45062
45067
45254
45265
45467
45502
45537
45567
45611
45641
45679
45764
45832
45917
46049
46108
46120
46162
46206
46270
46279
46439
46546
46642
46709
46778
46814
46856
46913
47020
47124
47137
47156
47192
47650
47895
48283
48458
48505
48532
48569
48667
48696
48746
48853
48862
48971
49170
49171
49329
49343
49365
49452
49477
49599
49653
49682
49788
49841
49991
50000
50014
50037
50122
50200
50467
50618
50812
50965
50983
50997
51246
51271
51327
51369
51450
51797
51924
52026
52169
52208
52322
52453
52479
52624
52675
52703
52722
52739
52781
52862
53004
53137
53158
53274
53285
53421
53550
53572
53738
53830
53836
53869
53900
54070
54322
54336
54541
54564
54698
54760
54826
54863
54989
55108
55188
55198
55260
55337
55383
55409
55422
55475
55739
55740
55872
55898
56062
56165
56190
56288
56316
56370
56388
56432
56504
56565
56731
56801
56911
57029
57041
57628
57750
57928
57934
58040
58096
58109
58166
58307
58365
58440
58444
58538
58582
58657
58800
58836
58934
59120
59235
59278
59539
59560
59575
59779
59924
59929
59938
59954
60138
60218
60248
60352
60433
60482
60907
60983
60984
60991
60999
61048
61144
61263
61426
61746
61840
61864
61902
61916
61937
61953
61971
62081
62112
62137
62220
62262
62707
62769
62857
62863
62893
62940
63010
63036
63127
63156
63236
63417
63492
63575
63639
63655
63680
64065
64093
64132
64209
64298
64328
64625
64733
64785
64832
64840
64930
65024
65184
65276
65315
65403
65679
65704
65811
65955
66040
66227
66314
66386
66557
66563
66712
66832
67150
67158
67256
67576
67662
68209
68232
68457
68735
68783
69166
69214
69375
69382
69390
69504
69505
69575
69699
69763
69778
69790
69804
69805
69926
69952
70074
70127
70196
70373
70454
70572
70675
70698
70702
70768
70778
70804
70842
70885
70891
70954
70983
71092
71274
71301
71344
71517
71536
71575
71591
71601
71657
71779
71821
71828
71865
72017
72118
72208
72281
72366
72491
72598
72725
72968
73030
73069
73354
73587
73760
73805
74012
74019
74084
74275
74446
74610
74692
75229
75618
75710
75893
76368
76525
76841
76872
76943
77119
77404
77411
77441
77568
77576
77589
77621
77663
77673
77698
77701
77961
78026
78068
78100
78115
78219
78270
78326
78343
78377
78759
78874
79053
79061
79181
79189
79216
79249
79370
79630
79634
79666
79675
79677
79687
79709
79810
80006
80109
80120
80340
80471
80531
80663
80685
80765
80930
81020
81100
81177
81251
81346
81440
81542
81604
81709
81804
81865
81939
82648
82683
82757
82769
82807
82926
83076
83245
83540
83684
83729
83791
83852
84147
84214
84237
84332
84409
84646
84735
84750
84926
85105
85115
85161
85163
85176
85277
85405
85479
85528
85561
85748
85855
85882
85983
86065
86081
86103
86199
86201
86638
86808
86834
86845
87015
87090
87201
87212
87541
87586
87811
87925
87986
87993
88031
88114
88294
88474
89025
89042
89184
89291
89355
89391
89510
89539
89625
89666
89713
89857
89916
89925
90005
90291
90302
90384
90489
90500
90615
90692
90734
90761
91003
91362
91408
91492
91494
91879
91951
91982
91991
92039
92119
92651
92684
92727
92776
93170
93191
93377
93576
93780
93784
94054
94246
94381
94601
94792
94799
94836
94880
94906
95010
95188
95248
95266
95581
95597
95744
95837
95947
95959
95978
96145
96251
96341
96417
96425
96447
96460
96510
96525
96546
96606
96629
96754
96836
96919
97135
97376
97763
97819
97925
98036
98204
98320
98817
98894
98982
99072
99162
99223
99230
99233
99272
99490
99644
99814
99822
99964
100013
100265
100620
100635
100762
100847
101082
101354
101379
101637
101933
102051
102052
102409
102428
102556
102836
102877
102934
103006
103201
103232
103297
103443
103718
103870
103893
103968
104008
104371
104466
104624
104838
104878
104946
104954
105291
105435
105456
105592
105593
105979
106127
106142
106196
106286
106397
106423
106430
106601
106704
106893
107082
107222
107327
107353
107420
107455
107458
107627
107855
107918
107989
108305
108331
108542
108689
108704
108717
108751
108786
108932
109055
109254
109373
109524
109531
109551
109563
109573
109651
109675
109705
109760
109772
109894
109926
110329
110460
110550
110578
110663
110779
110886
111004
111174
111227
111283
111284
111394
111441
111566
111976
111990
112113
112128
112548
112588
112713
112897
112917
113008
113083
113085
113215
113230
113238
113343
113427
113444
113471
113475
113785
113888
113968
114127
114420
114630
114766
114800
114936
114985
115013
115047
115268
115323
115344
115565
115586
115791
115877
116200
116333
116365
116386
116453
116502
116562
116603
116657
116735
116803
116995
117221
117356
117465
117501
117658
117868
117988
118018
118148
118163
118170
118351
118532
118723
118770
118991
119133
119217
119459
119623
119888
119999
120052
120126
120234
120245
120283
120507
120529
120648
120682
120753
120953
121264
121312
121328
121411
121429
121802
121821
122039
122361
122398
122415
122658
122763
122909
123023
123155
123251
123269
123436
123463
123528
123565
123593
123771
123926
123928
123930
123952
124031
124076
124077
124176
124184
124380
124387
124490
124592
124628
124658
124760
124793
124807
124920
125125
125160
125176
125240
125377
125427
125507
125561
125889
125934
125948
126253
126282
126341
126371
126524
126530
126550
126736
126745
126799
126813
126989
127048
127151
127222
127344
127494
127602
127777
128085
128095
128173
128330
128395
128491
128558
128923
129089
129192
129514
129704
129763
129851
129951
129958
129987
130027
130080
130173
130234
130386
130483
130529
130537
130540
130566
130625
130673
130718
130812
130918
131324
131375
131403
131476
131613
131623
131672
131682
131974
132241
132294
132361
132413
132858
133011
133077
133172
133523
133535
133634
133660
133742
134205
134295
134328
134347
134443
134638
134798
134839
134919
135096
135182
135312
135435
135459
135484
135539
135812
135926
136178
136223
136388
136420
136455
136477
136517
136648
136684
136698
136850
136867
136875
137012
137191
137200
137354
137387
137400
137672
137780
137882
137916
138008
138092
138111
138257
138490
138641
138775
138840
139179
139207
139310
139439
139514
139529
139588
139769
139964
139991
140039
140073
140194
140324
140381
140429
140433
140445
140582
140586
140615
140923
140951
140980
141005
141062
141164
141240
141257
141610
141681
141780
141906
142010
142042
142083
142094
142293
142492
142595
143080
143082
143093
143272
143292
143492
143621
143658
143782
143822
143828
143885
144018
144043
144151
144246
144280
144335
144346
144375
144507
144522
144655
144775
144987
145109
145222
145269
145595
145629
145640
145650
145663
145823
145903
146000
146298
146330
146460
146517
146601
146608
146702
146815
146906
146910
146919
147087
147112
147343
147368
147648
147824
147999
148118
148148
148396
148410
148440
148478
148597
148666
148683
148857
148859
148900
149009
149049
149129
149161
149518
149525
149584
149636
149736
150173
150444
150471
150633
150738
150861
150893
150994
151107
151149
151162
151296
151314
151400
151600
151628
151652
151704
151786
151819
151854
152085
152086
152094
152134
152175
152234
152238
152330
152417
152448
152560
152563
152608
152761
152980
153017
153043
153049
153121
153143
153231
153332
153347
153368
153431
153444
153453
153484
153670
153672
153818
153985
154014
154059
154100
154263
154450
154546
154596
154615
154663
154695
154729
154755
154804
154818
154937
154951
155009
155248
155292
155418
155435
155780
155890
155963
156011
156150
156160
156161
156518
156548
156614
156729
156752
156873
156910
156939
156942
156944
156963
157139
157162
157198
157554
157596
157648
157756
157772
157796
157820
157835
157840
158146
158283
158329
158493
158496
158677
158754
158835
158843
158868
158980
158994
159051
159257
159270
159375
159383
159454
159562
159651
159710
159863
160018
160078
160215
160261
160309
160375
160414
160471
160500
160519
160583
161070
161172
161259
161279
161298
161443
161680
161736
161850
161984
162083
162114
162170
162195
162218
162351
162366
162455
162497
162657
162658
162692
162790
162866
163049
163188
163212
163230
163308
163340
163361
163441
163542
163774
163879
163922
164178
164284
164414
164513
164541
164569
164577
164601
164919
164998
165012
165058
165069
165167
165370
165552
165590
165644
165814
166075
166149
166150
166158
166373
166403
166531
166576
166589
166683
166899
166977
167051
167070
167131
167284
167341
167426
167440
167449
167486
167696
167768
167973
167995
168005
168094
168207
168306
168373
168423
168477
168501
168682
168686
168692
168797
168841
168859
168899
168918
168945
169085
169128
169207
169244
169329
169486
169590
169718
169801
170036
170129
170335
170385
170467
170546
170708
170730
170856
171008
171057
171170
171264
171369
171512
171521
171632
171634
171745
172105
172239
172311
172431
172475
172566
172577
172604
172868
173225
173800
173821
173858
173894
174295
174459
174545
174683
174729
174856
174921
175450
175554
175567
175617
175619
175770
175863
175904
176069
176123
176202
176210
176389
176472
176531
176538
176588
176699
176787
176900
177094
177127
177268
177339
177429
177629
177650
177775
177942
178091
178158
178394
178679
179049
179130
179312
179333
179430
179489
179632
179745
180032
180333
180366
180469
180590
180721
180886
180926
181074
181236
181449
181490
181745
181806
181807
181834
182049
182125
182157
182411
182487
182537
182795
182946
183385
183439
183469
183627
183773
183800
183823
183937
183957
184149
184337
184485
184582
184609
184614
184821
185470
185514
185520
185567
185635
185678
185740
185756
185764
185878
185899
185939
185981
186056
186059
186268
186317
186379
186456
186461
186476
186509
186538
186555
186636
186653
186701
186782
186867
186933
187046
187167
187181
187277
187339
187505
187525
187570
187645
188020
188263
188440
188486
188498
188570
188571
188664
188723
188919
189032
189108
189159
189191
189603
189626
189640
189643
189661
189711
189826
189840
189924
189979
189994
190024
190127
190228
190308
190522
190560
190603
190687
190825
190992
191245
191265
191390
191698
191888
191958
191968
191985
191996
192007
192061
192143
192246
192341
192373
192394
192406
192534
192598
192932
193011
193136
193213
193463
193555
193581
193691
193697
193727
193748
193839
193864
193999
194024
194055
194118
194222
194541
194561
194568
194640
194843
194937
195012
195033
195104
195120
195170
195191
195284
195481
195486
195575
195685
195809
196009
196035
196171
196225
196273
196299
196402
196636
196717
196740
196850
197004
197217
197271
197475
197573
197638
197673
197823
197918
197968
198034
198150
198201
198220
198269
198439
198612
198638
198715
198815
198871
198885
198926
198971
199082
199185
199334
199359
199458
199661
199970
199994
200005
200513
200528
200532
200712
200848
200873
200877
200961
201132
201432
201460
201661
201669
201725
201832
201837
201929
201959
202006
202013
202075
202094
202153
202175
202330
202454
202540
202548
202596
202760
202909
202964
202973
202981
203088
203426
203493
203860
203867
203871
203876
204046
204133
204233
204485
204608
204624
204810
205066
205126
205319
205351
205665
205738
206368
206442
206455
206508
206960
207112
207211
207214
207403
207654
207667
207746
207931
208032
208105
208159
208199
208247
208380
208436
208459
208475
208568
208627
208695
208744
208928
208940
209037
209082
209184
209193
209210
209221
209234
209235
209325
209938
209963
209992
209994
210137
210205
210211
210502
210656
210851
210950
211083
211096
211155
211185
211372
211380
211414
211491
211495
211499
211570
211584
211615
211815
211846
211908
211922
211933
212127
212168
212222
212286
212411
212420
212506
212579
212589
212751
212853
213052
213155
213259
213267
213358
213388
213405
213734
213808
213903
214359
214388
214778
214792
214977
214985
215081
215154
215433
215551
215625
215675
215820
215914
216040
216186
216195
216262
216354
216440
216588
216679
216711
216873
216932
216941
216957
216966
217077
217173
217238
217313
217378
217402
217468
217480
217580
217681
217849
217886
217891
217940
218022
218076
218116
218222
218315
218493
218624
218659
218665
218676
218768
218782
218901
219012
219106
219190
219193
219271
219500
219559
219692
219918
219942
220057
220079
220243
220304
220363
220752
220908
220916
221022
221082
221266
221325
221374
221427
221769
221776
221936
222181
222204
222273
222385
222423
222458
222497
222616
223100
223165
223315
223551
223645
223828
223838
223966
224284
224501
224548
224776
224903
224964
225127
225174
225286
225472
225561
225710
225813
225834
225873
225879
225923
225952
225976
226081
226111
226116
226208
226256
226457
226510
226719
226778
226845
226854
226898
226940
227143
227330
227351
227379
227431
227552
227599
227723
227831
227929
227987
228123
228311
228401
228500
228566
228609
228741
228836
228900
229262
229340
229417
229602
229613
229685
229708
229815
229873
229888
230013
230035
230072
230185
230436
230451
230638
230683
230695
230840
230994
231109
231139
231159
231163
231175
231260
231553
231574
231746
232356
232376
232402
232424
232459
232493
232524
232548
232588
232619
232771
232787
232898
232927
233053
233063
233092
233138
233213
233238
233326
233367
233402
233439
233526
233608
233628
233715
233768
233842
233997
234079
234325
234343
234434
234477
234922
235011
235061
235148
235396
235509
235530
235722
235862
236059
236066
236178
236709
236857
236912
237010
237058
237087
237144
237173
237248
237320
237358
237568
237641
237872
237873
237929
237953
237992
237994
238176
238250
238314
238317
238383
238394
238623
238753
238820
238849
239099
239112
239115
239271
239337
239693
239809
239839
239864
240008
240042
240072
240075
240130
240389
240629
240981
240997
241015
241021
241055
241231
241249
241265
241329
241352
241366
241466
241539
241580
241935
242228
242237
242262
242267
242275
242407
242455
242645
242753
242923
243056
243122
243253
243348
243408
243480
243631
243684
243822
243826
243860
243892
243899
243936
243970
244129
244198
244412
244531
244533
244589
244612
244727
245424
245497
245577
245643
245658
245779
245867
246171
246225
246299
246368
246623
246744
246919
247026
247181
247275
247594
247600
247620
247781
247812
247814
247842
247950
248271
248414
248424
248450
248471
248487
248597
248619
248680
248687
248874
248991
249049
249086
249342
249449
249867
250119
250142
250683
250742
250837
250855
250939
251029
251103
251112
251728
251845
251918
251921
251959
252084
252144
252159
252171
252176
252236
252260
252352
252531
252578
252673
252852
252955
252983
253077
253082
253205
253492
253764
253903
253911
253923
254044
254348
254410
254531
254556
254682
254851
254874
254888
254930
254959
255016
255019
255038
255081
255104
255210
255258
255312
255681
255902
255989
256182
256189
256349
256381
256468
256500
256546
256613
256861
256925
257111
257124
257190
257250
257308
257397
257532
257682
257852
257858
257883
257897
257940
258185
258286
258287
258309
258330
258515
258546
258613
258674
258716
258916
259203
259365
259815
259909
259920
259997
260010
260523
260548
260643
260663
260742
260791
261025
261170
261247
261358
261418
261530
261558
261586
261609
261628
261642
261820
261852
261935
262052
262150
262258
262511
262567
262568
262878
262949
263185
263307
263311
263330
263360
263405
263919
264043
264446
264679
264684
265002
265036
265056
265067
265165
265244
265279
265582
265594
265758
265836
265880
265887
265932
266280
266341
266399
266425
266440
266654
266678
266687
266710
266884
267093
267133
267290
267297
267322
267371
267395
267404
267484
267539
267572
267582
267684
267775
267805
267906
268082
268100
268290
268324
268334
268436
268746
268840
268851
268883
268895
268939
268962
269083
269225
269283
269318
269380
269552
269654
269673
269721
269796
269833
269991
270043
270111
270140
270166
270242
270269
270341
270359
270368
270401
270441
270458
270474
270643
270995
271013
271103
271352
271373
271406
271416
271440
271454
271460
271689
271738
271763
271817
271838
272006
272075
272311
272326
272331
272414
272709
272874
273353
273493
273690
273772
273891
273960
274066
274136
274352
274513
274538
274626
274658
274829
274864
274916
274941
274969
274987
275355
275446
275725
275730
275841
275863
275950
276004
276098
276104
276159
276185
276361
276521
276541
276646
276698
276776
277074
277128
277144
277195
277228
277270
277358
277366
277477
277480
277525
277645
277659
277743
278099
278101
278132
278134
278164
278221
278278
278310
278327
278544
279110
279120
279260
279438
279540
279559
279619
279837
279848
280018
280247
280346
280505
280554
280981
281029
281257
281307
281336
281367
281382
281508
281583
281758
281786
281830
281996
282355
282356
282479
282497
282619
282789
282847
282928
283298
283379
283456
283637
283719
284063
284374
284536
284558
284576
284616
284623
284645
284880
284961
284977
285015
285031
285049
285161
285164
285504
285716
285839
286056
286113
286198
286262
286299
286358
286564
286738
286772
286821
286986
287100
287103
287357
287476
287486
287682
287874
288044
288115
288215
288222
288234
288262
288352
288495
288571
288819
289124
289163
289292
289396
289411
289559
289573
289590
289656
289989
290200
290315
290366
291106
291382
291480
291665
291745
291795
291806
291873
292076
292164
292217
292246
292336
292363
292444
292448
292739
292874
292940
292944
293180
293262
293380
293487
293552
293582
293605
293642
293793
293853
293954
294318
294367
294381
294475
294544
294732
294805
294896
294918
294998
295143
295529
295593
295647
295826
295868
295969
296033
296074
296298
296802
296845
296858
296909
297053
297217
297702
297791
298066
298099
298140
298161
298235
298437
298477
298526
298624
298818
298855
298953
299080
299096
299102
299545
299556
299576
299832
300152
300162
300204
300265
300377
300414
300574
300619
300633
300743
300791
300956
301129
301173
301253
301327
301354
301448
301504
301571
301625
301785
301847
301906
302013
302039
302217
302316
302319
302427
302518
302547
302613
302636
302798
302806
302869
303070
303164
303232
303343
303349
303362
303427
303435
303565
303668
303997
304032
304073
304209
304333
304378
304380
304600
304616
304754
304777
304820
304889
305230
305320
305482
305507
305614
305806
305851
305855
305936
306105
306259
306651
306877
306892
306927
307080
307306
307574
307656
308007
308088
308322
308339
308607
308764
308856
308897
309156
309172
309265
309501
309535
309565
309733
310021
310048
310229
310303
310691
310755
310881
310958
311110
311144
311392
311422
311494
311784
312062
312177
312277
312700
312754
312791
312818
312848
312953
312998
313009
313020
313205
313275
313291
313370
313426
313462
313473
313670
313744
313772
313962
314082
314141
314212
314319
314413
314626
314816
314836
314862
315023
315179
315269
315278
315666
315886
316114
316327
316721
316978
317201
317277
317392
317559
317723
318024
318060
318586
318730
318771
318836
319201
319274
319440
319540
319903
319954
319971
320034
320145
320158
320418
320550
320753
321153
321188
321193
321279
321304
321358
321530
321534
321560
321598
321673
321788
322019
322041
322055
322316
322691
322703
322720
322733
322878
323102
323189
323209
323239
323377
323439
323468
323646
323681
323727
323736
323913
324106
324244
324266
324300
324447
324488
324667
324693
324701
324808
324824
325021
325218
325236
325296
325317
325336
325426
325466
325702
325776
325894
325908
325981
326058
326155
326539
326587
326721
326922
327028
327030
327208
327221
327235
327281
327287
327435
327666
327723
327892
327993
328181
328210
328280
328289
328321
328417
328639
328681
328826
328875
328909
328924
328942
329007
329042
329060
329068
329397
329455
329484
329533
329696
329911
329952
329973
330109
330397
330409
330573
330598
330685
330895
330969
330977
331124
331296
331392
331417
331492
331589
331670
331673
331808
331874
331931
331955
331982
331993
332181
332569
332726
332758
332761
332866
333128
333199
333330
333362
333448
333465
333472
333613
333809
334002
334020
334027
334110
334363
334382
334400
334480
334644
334734
334842
334964
335027
335079
335165
335251
335352
335513
335536
335585
335587
335661
335751
335795
335815
335945
336068
336222
336259
336272
336789
336865
336941
336973
337466
337529
337588
337743
338102
338141
338230
338245
338354
338365
338529
338846
339090
339178
339352
339475
339480
339518
339667
339704
339754
339766
339826
339891
339937
340048
340273
340294
340313
340616
340720
340805
340847
340859
340912
341076
341171
341220
341233
341242
341272
341361
341369
341485
341672
341707
341720
341880
342017
342054
342097
342252
342296
342342
342377
342385
342665
342795
342895
342957
343108
343147
343380
343389
343429
343495
343517
343640
343735
343771
343852
343973
343990
344053
344120
344141
344442
344488
344549
344556
344712
344767
344836
344871
345012
345035
345173
345323
345412
345508
345553
345873
345989
346080
346171
346242
346338
346484
346850
346856
346922
346929
346942
347100
347242
347379
347434
347587
347592
347629
347640
347737
347798
347994
348100
348623
348656
348739
348754
349077
349221
349415
349443
349450
349460
349499
349527
349548
349698
349703
349746
349795
349899
349933
349975
349978
350098
350274
350491
350519
350908
351033
351066
351072
351096
351123
351128
351201
351273
351318
351380
351585
351606
351665
351759
351872
351898
351962
352023
352079
352245
352306
352456
352650
352903
352931
352977
352985
353004
353016
353131
353220
353602
353728
353893
353919
354173
354294
354380
354415
354437
354558
354597
354601
354669
354847
354929
355115
355164
355365
355437
355523
355548
355603
355871
356387
356574
356658
356716
356806
356858
356863
356950
357014
357078
357158
357219
357238
357353
357492
357553
357570
357576
357603
357670
357722
357880
357966
358129
358586
358648
358668
358686
358699
358709
358866
359037
359042
359063
359079
359084
359123
359247
359252
359418
359868
360152
360351
360476
360725
360816
360898
360955
360960
360999
361216
361510
361592
361934
362043
362189
362235
362319
362378
362481
362608
362723
362865
362956
363431
363543
363565
363589
363771
363811
363851
363966
364005
364067
364147
364397
364415
364444
364569
364577
364587
364819
364898
365459
365475
365686
365690
365771
365927
365935
365953
365988
366024
366026
366160
366201
366218
366352
366614
366955
367127
367196
367536
367562
368142
368236
368320
368419
368426
368473
368492
368764
368832
368947
368993
369011
369169
369196
369208
369244
369269
369337
369382
369399
369530
369962
369992
370013
370042
370356
370403
370422
370477
370482
370498
370507
370759
370950
371012
371089
371172
371204
371543
371558
371603
371614
371631
371675
371717
372104
372237
372297
372525
372751
372781
372840
373037
373274
373294
373353
373371
373458
373558
373615
373730
373850
373896
373916
373967
374235
374296
374316
374331
374486
374698
374783
374867
374988
375099
375131
375220
375326
375504
375581
375627
375686
375694
375700
375778
375789
375826
375950
375956
376004
376068
376478
376488
376518
376733
376741
376767
376890
377176
377473
377519
377597
377677
377678
377782
377979
378050
378219
378248
378467
378543
378719
378746
378767
378829
379133
379223
379295
379433
379453
379648
379871
379923
380021
380114
380302
380576
380601
380782
380797
381353
381416
381506
381563
381719
381861
381891
381947
381962
382059
382092
382116
382280
382411
382460
382602
382673
382766
382831
382876
382956
382969
383059
383186
383316
383539
383577
383771
383901
383909
384016
384159
384258
384457
384515
384544
384660
384704
384878
384918
385314
385330
385365
385484
385500
385588
385598
385665
385761
385853
385961
385973
386038
386057
386092
386157
386311
386488
386618
386759
386806
386944
387032
387245
387390
387435
387470
387517
387643
387794
388012
388232
388244
388279
388349
388367
388730
388796
388930
388961
389028
389222
389277
389454
389526
389538
389575
389582
389589
389628
389654
389709
389961
390044
390227
390229
390308
390314
390358
390391
390499
390540
390663
390667
390887
390923
391072
391266
391357
391477
391479
391571
391860
392107
392453
392485
392652
392788
392851
392919
393209
393234
393350
393635
393763
393809
393865
394077
394379
394401
394413
394441
394484
394677
394816
394833
394835
394972
395089
395144
395438
395573
395651
395715
395720
395788
395938
396160
396165
396172
396225
396524
396803
397097
397212
397260
397301
397474
397713
397724
397811
398301
398546
398581
398589
398596
398743
398744
398926
399302
399491
399492
399519
399726
399745
399878
399900
399914
399919
400089
400135
400148
400172
400207
400217
400218
400228
400411
400460
400514
400545
400672
400762
400966
401151
401215
401408
401441
401737
401778
401820
402182
402185
402271
402373
402414
402509
402627
402697
402836
402839
402953
403367
403384
403472
403521
403556
403660
403741
403828
404282
404527
404644
404718
404738
405056
405503
405522
405628
405722
405741
405754
405906
406025
406095
406279
406341
406374
406410
406470
406510
406534
406711
406875
406878
407090
407190
407286
407373
407383
407430
407503
407579
407589
407603
407917
407949
408529
408547
408634
409195
409371
409389
409452
409515
409598
409694
409761
409823
409923
409951
410127
410243
410245
410296
410356
410413
410506
410542
410627
410642
410683
410810
410814
411129
411181
411191
411356
411362
411364
411470
411474
411760
411793
411826
411952
411998
412026
412143
412164
412298
412299
412379
412442
412544
412680
412809
412902
412913
413002
413242
413252
413351
413432
413529
413560
413699
413943
414029
414170
414199
414259
414271
414507
414570
414726
414853
414986
414987
414998
415013
415187
415195
415246
415356
415466
415804
415830
415850
415896
415982
416279
416345
416387
416561
416624
416660
416700
416711
416801
416872
417021
417060
417183
417189
417443
417710
417760
417764
417788
417978
418005
418085
418130
418303
418433
418586
418608
418713
418865
418966
419034
419366
419427
419505
419518
419527
419896
420019
420023
420052
420094
420308
420339
420356
420495
420597
420604
420623
420634
420658
420861
420872
420972
421134
421320
421408
421472
421653
421663
421716
421723
421816
421959
421964
422309
422332
422361
422569
422589
422734
422749
422774
422905
422994
423342
423360
423365
423512
423531
423619
423756
424007
424013
424056
424323
424374
424529
424563
424671
424768
424997
425063
425188
425357
425425
425652
425927
426088
426092
426148
426295
426304
426398
426661
426947
427032
427114
427195
427234
427334
427480
427521
427610
427636
427773
427788
428093
428162
428201
428211
428601
428627
428799
428978
429099
429110
429126
429141
429322
429516
429523
429677
429686
429700
429831
429854
430179
430182
430301
430312
430331
430332
430419
430553
430617
430763
430778
430790
430860
430893
431004
431172
431259
431270
431661
431878
432000
432125
432171
432261
432562
432716
432811
432900
432945
433093
433261
433359
433416
433667
433835
433852
433950
434001
434085
434097
434201
434644
434703
434714
434940
434979
435011
435100
435187
435282
435355
435428
435869
436134
436176
436255
436282
436297
436384
436426
436485
436490
436528
436600
436625
436883
436921
436954
436963
436996
437203
437376
437608
437830
437843
437849
437866
438035
438323
438465
438508
438539
438591
438652
438833
438834
438870
438948
439037
439096
439186
439354
439414
439495
439515
439527
439620
439678
439801
439861
439952
439993
440099
440128
440178
440600
440662
440671
440767
440866
441055
441144
441188
441204
441205
441497
441708
441765
441839
442377
442627
442813
442916
442923
442957
443021
443037
443112
443177
443179
443191
443210
443275
443367
443852
443994
444137
444167
444206
444340
444540
444627
444768
444786
444800
444844
445001
445050
445128
445160
445229
445296
445436
445438
445455
445494
445509
445667
445930
446028
446233
446269
446451
446817
446968
447031
447126
447127
447352
447370
447456
447541
447666
447709
447765
447838
447975
448111
448227
448252
448350
448379
448478
448620
448695
448754
448755
448896
448909
448917
448984
449142
449329
449340
449457
449621
449815
449898
449902
449988
450261
450266
450335
450563
450814
450817
450824
450914
450957
450988
451027
451153
451162
451181
451413
451464
451516
451799
452026
452027
452553
452596
452625
452673
452857
452864
452903
452954
453102
453152
453164
453195
453243
453353
453462
453526
453578
453651
453656
453689
453695
454119
454319
454412
454460
454512
454533
454605
454663
454746
454803
454912
455074
455204
455368
455396
455432
455477
455600
455864
455950
455986
456016
456049
456114
456121
456146
456366
456402
456431
456502
456817
456914
457033
457050
457067
457224
457393
457488
457556
457560
457844
457902
457914
457944
457975
457997
458020
458103
458184
458216
458380
458439
458726
458876
458937
459042
459067
459085
459158
459166
459281
459358
459487
459491
459521
459573
459652
459714
459719
459722
459821
459825
459910
459967
460046
460109
460183
460283
460462
460489
460702
460793
460846
460897
461059
461213
461237
461345
461456
461580
461671
461879
461938
461955
461985
462014
462090
462242
462273
462323
462517
462530
462907
462911
462987
463099
463114
463354
463591
463608
463636
463722
463874
463933
463949
464020
464053
464058
464186
464422
464428
464451
464503
464647
464685
464704
465033
465132
465174
465567
465667
465894
465936
465971
466046
466104
466173
466327
466468
466513
466567
466638
466737
466829
466855
466899
467030
467147
467228
467274
467385
467595
467661
467665
467699
468052
468056
468058
468096
468267
468354
468538
468545
468564
468586
468616
468626
468749
468821
468883
468913
468930
469073
469253
469430
469722
470001
470307
470389
470390
470509
470688
470751
470898
471099
471345
471386
471448
471776
471890
471894
471972
472005
472018
472182
472441
472644
472689
472893
472901
472995
473090
473177
473256
473274
473540
473595
473617
473629
473662
473727
473873
473882
473944
473992
474029
474078
474210
474256
474357
474410
474427
474481
474552
474675
474887
474908
474915
475134
475414
475462
475890
475912
475935
475948
475961
476160
476177
476202
476300
476563
476579
476685
476744
477086
477147
477192
477197
477210
477282
477454
477567
477705
477724
477857
478156
478193
478202
478252
478286
478562
478626
478709
479235
479282
479285
479293
479487
479494
479628
479924
479979
480053
480072
480099
480133
480232
480384
480401
480442
480444
480478
480556
480646
480726
480769
480788
480886
481116
481240
481249
481377
481461
481537
481556
481658
481942
481945
482033
482151
482288
482308
482340
482368
482442
482459
482570
482652
482717
482789
482834
482850
483457
483597
483604
483734
483768
483848
484248
484297
484379
484632
484678
484686
484721
484831
484892
485167
485380
485436
485519
485526
485541
485653
485995
486027
486059
486097
486176
486356
486524
486621
486723
486780
486894
486918
487010
487102
487223
487262
487293
487389
487432
487780
487837
487924
487952
487985
488241
488403
488458
488513
488565
488574
488583
488790
488795
488922
488942
488993
489198
489240
489268
489413
489506
489607
489611
489699
489723
489816
489962
490139
490177
490482
490588
490607
490610
490623
490716
490725
490736
490953
490988
491017
491059
491099
491199
491459
491491
491563
491696
491785
491790
491832
491842
491850
491990
491997
492006
492031
492133
492444
492698
492704
492880
492971
493162
493243
493284
493289
493299
493339
493456
493522
493674
493776
493800
493813
493922
494058
494237
494255
494365
494498
494572
494671
494689
494784
494823
495067
495080
495135
495147
495223
495259
495301
495451
495492
495693
495746
495764
495797
496003
496069
496153
496169
496391
496476
496527
496560
496736
496782
496846
496990
497132
497151
497239
497390
497508
497749
497776
497792
497829
497866
497928
498363
498421
498576
498633
498734
498784
498818
498824
498842
498879
498967
499031
499113
499252
499521
499611
499633
499702
499846
500352
500420
500459
500594
500695
500773
500953
501242
501487
501524
501670
501799
501881
501882
501883
501945
502273
502323
502356
502443
502524
502625
502669
502715
502732
502951
503223
503229
503528
503534
503660
503944
504150
504256
504631
504672
504929
504944
504967
505061
505127
505215
505395
505508
505519
505560
505672
505678
506174
506441
506552
506808
506830
506831
506845
507008
507041
507448
507504
507511
507587
507603
507640
507668
507747
507792
507891
507917
508172
508232
508335
508354
508568
508579
508665
509023
509065
509141
509160
509234
509284
509314
509333
509395
509518
509525
509618
509837
509986
510156
510217
510331
510440
510494
510568
510626
510639
510712
510898
510959
510967
510978
510991
511087
511107
511470
511541
511572
511580
511670
511925
511986
512203
512211
512279
512325
512337
512511
512629
512641
512664
512752
512849
512911
512935
513021
513058
513200
513307
513359
513768
513821
513902
513950
513979
514010
514029
514187
514309
514444
514655
514675
514839
514878
515186
515288
515320
515334
515496
515700
515934
516091
516101
516130
516134
516172
516385
516676
516869
516879
516908
517257
517258
517285
517315
517416
517523
517600
517672
517740
517801
518069
518155
518178
518261
518265
518339
518710
518714
518763
518767
518775
518972
519139
519242
519322
519407
519649
519679
519901
520033
520045
520190
520265
520356
520501
520603
520684
520690
520710
520890
520931
521041
521063
521246
521487
521910
521969
522010
522014
522050
522067
522135
522162
522193
522246
522259
522526
522605
522679
522699
522746
522821
522825
522912
522942
523008
523019
523075
523086
523200
523224
523237
523279
523340
523354
523372
523445
523496
523608
523620
524072
524078
524210
524309
524441
524468
524541
524608
524722
524742
524921
525069
525271
525402
525422
525483
525838
525871
525904
526080
526361
526558
526586
526710
527006
527084
527164
527373
527817
527823
527968
528012
528077
528124
528269
528310
528462
528491
528521
528545
528687
528717
528825
528901
529201
529214
529285
529540
529658
529745
529846
529856
529975
530012
530271
530328
530469
530530
530550
530681
530878
530963
531116
531119
531168
531241
531245
531318
531322
531453
531675
531734
531804
531853
532240
532355
532682
532704
532780
532832
532853
532965
533398
533967
534031
534042
534107
534175
534279
534360
534418
534455
534611
534696
534809
534875
534882
534940
534972
535047
535151
535212
535247
535352
535642
535825
535881
535977
536197
536256
536367
536522
536539
536567
536696
537086
537186
537249
537322
537368
537395
537701
537775
537798
537809
537903
537989
538010
538026
538071
538129
538318
538345
538352
538437
538609
538746
538801
538923
539103
539235
539297
539300
539495
539519
539549
539708
539824
540013
540126
540162
540164
540218
540357
540621
540816
540871
540875
540925
540985
540988
541072
541204
541317
541493
541635
541648
541822
542272
542381
542565
542782
542858
543087
543098
543220
543238
543494
543501
543503
543839
543881
544050
544053
544281
544504
544627
544671
544908
545030
545069
545075
545127
545229
545272
545277
545291
545408
545473
545673
545823
545864
546054
546058
546062
546273
546292
546299
546353
546355
546436
546571
546832
546857
546918
546964
546993
547036
547055
547124
547295
547340
547354
547375
547421
547432
547838
547878
547940
547968
548066
548077
548082
548086
548150
548453
548618
548634
548916
548967
549031
549194
549202
549725
550238
550278
550384
550388
550447
550455
550792
550824
551008
551256
551341
551529
551631
551635
551647
551666
551831
552017
552022
552185
552216
552227
552277
552448
552692
552850
552858
553169
553211
553419
553522
553658
553966
554248
554275
554553
554857
554858
555092
555100
555121
555183
555222
555283
555356
555557
555648
555670
555811
555825
555966
556128
556143
556465
556488
556647
556738
556799
557039
557244
557374
557381
557480
557505
557554
557708
557936
558071
558111
558132
558216
558346
558543
558574
558620
558744
558835
558987
559109
559286
559293
559306
559392
559422
559429
559466
559558
559608
559769
559816
559823
559966
559991
560110
560112
560174
560203
560263
560268
560304
560339
560346
560444
560559
560571
560643
560802
561114
561123
561126
561186
561209
561219
561268
561457
561483
561502
561734
561821
561851
561871
562090
562124
562239
562259
562291
562423
562471
562653
562722
562734
562762
562776
562891
563000
563034
563044
563101
563204
563500
563589
563759
563764
563968
563970
564007
564146
564247
564627
564638
564675
564746
564844
564870
565025
565214
565265
565425
565457
565577
565653
566020
566096
566458
566531
566629
567064
567067
567449
567490
567536
568000
568002
568037
568062
568291
568388
568969
569177
569341
569604
569995
570119
570155
570201
570241
570477
570813
570838
570856
571101
571354
571387
571790
571859
571874
571886
572138
572465
572518
572583
572662
572732
572797
572872
572880
572965
572984
573012
573023
573097
573182
573437
573607
573774
573785
573794
574072
574081
574158
574187
574210
574267
574295
574331
574387
574408
574608
574659
574738
574741
574761
574853
574903
574929
574977
575030
575039
575129
575324
575326
575530
575580
575779
575831
575985
576216
576255
576378
576412
576849
577061
577302
577436
577440
577635
577644
577719
577784
577867
577967
578174
578177
578273
578294
578388
578470
578499
578627
578676
578693
578725
578803
578870
579180
579276
579383
579651
579683
579698
579896
580011
580106
580117
580215
580297
580346
580377
580411
580660
580960
581279
581380
581411
581413
581433
581533
581553
581604
581774
581791
581792
582011
582037
582137
582170
582202
582232
582233
582252
582294
582374
582428
582486
582742
582751
582848
583130
583141
583225
583321
583406
583495
583552
583559
583607
583667
583705
583778
583781
584105
584428
584432
584464
584466
584488
584508
584560
584580
584645
584754
584817
584819
584828
584890
584922
584927
585019
585091
585110
585299
585355
585628
585842
586280
586408
586545
586591
586610
586775
586847
586848
586896
586959
587059
587421
587503
587523
587525
587541
587571
587589
587651
587867
587902
587922
588041
588207
588234
588420
588770
588776
588819
588856
588938
589104
589469
589755
590140
590464
590510
590524
590614
590658
590683
590743
590765
591015
591050
591075
591082
591155
591242
591248
591413
591556
591690
591692
591789
591848
591960
592090
592227
592339
592491
592555
592598
592717
592809
593178
593223
593365
593652
593710
593725
593802
594001
594068
594297
594305
594361
594367
594645
594800
594942
595112
595310
595322
595351
595354
595359
595523
595592
595706
595770
595781
595796
595877
595911
596052
596162
596346
596365
596860
596924
596951
596960
596993
597003
597016
597182
597188
597197
597299
597379
597710
597730
597768
597811
597824
597829
597905
598083
598176
598206
598254
598305
598355
598372
598525
598638
598662
598860
598873
598944
598950
599114
599245
599307
599312
599324
599342
599476
599683
599694
599696
599864
599966
600054
600302
600344
600860
600998
601016
601048
601101
601146
601158
601204
601328
601456
601506
601571
601829
601879
602080
602090
602093
602153
602227
602318
602394
602531
602728
602775
602799
602975
602986
603183
603262
603592
603707
603801
603829
603887
604081
604218
604395
604664
604800
604884
605169
605174
605224
605435
605577
605686
605705
605846
606008
606258
606308
606546
606563
606670
606683
606756
606770
606869
606876
607009
607317
607703
607762
607855
608054
608130
608240
608266
608421
608443
608468
608615
608712
608825
608939
609169
609349
609473
609640
609778
609800
609862
610211
610315
610320
610331
610442
610877
611041
611050
611087
611100
611163
611185
611401
611474
611498
611558
611611
611887
611951
612016
612134
612390
612437
612487
612620
612642
612792
612993
613060
613084
613089
613202
613267
613349
613566
613658
613696
613713
613882
613948
614148
614164
614223
614511
614544
614883
614913
614914
614925
615014
615024
615076
615158
615170
615245
615263
615265
615423
615487
615564
615711
615929
615990
616006
616193
616326
616433
616502
616783
616808
616944
617141
617152
617236
617322
617381
617458
617504
617639
617725
617762
617992
618065
618297
618397
618510
618655
618695
618806
618865
619141
619311
619648
619782
619819
619908
619949
619951
619974
620079
620521
620627
620674
620959
621065
621083
621280
621317
621595
621647
621834
621846
622379
622398
622438
622442
622485
622494
622587
622590
622746
622822
622984
623005
623032
623269
623354
623416
623494
623711
623887
623992
624046
624059
624077
624179
624327
624382
624545
624581
624732
624733
624784
624795
625001
625234
625257
625260
625416
625486
625508
625743
625770
625778
625838
625841
625860
625870
625993
626368
626607
626750
626787
626828
626931
626935
627239
627249
627573
627601
627792
627850
627866
628157
628219
628312
628340
628612
628615
628700
628743
628832
628973
629107
629192
629247
629400
629445
629700
629975
629994
630021
630033
630141
630192
630235
630294
630319
630448
630451
630527
630573
630625
630656
630753
630805
630836
630859
630895
630956
631048
631152
631230
631365
631551
631564
631978
632051
632104
632345
632413
632424
632451
632593
632673
632735
632828
632951
632972
633211
633286
633316
633321
633533
633562
633812
633826
634026
634033
634062
634178
634348
634575
634606
634955
635018
635192
635214
635568
635608
635772
636020
636047
636528
636626
636695
636799
636804
636950
637153
637212
637371
637377
637414
637652
637726
637733
637777
637981
638054
638125
638211
638546
638548
638691
638869
638942
639414
639436
639440
639712
640010
640055
640108
640127
640314
640553
640622
640686
640758
640856
640873
640919
640924
640926
641075
641111
641394
641410
641527
641624
641643
641667
641810
641816
641842
641878
642087
642109
642141
642142
642552
642591
642608
642650
642700
642776
642868
642992
643086
643145
643291
643325
643536
644030
644069
644230
644270
644294
644344
644509
644575
644606
644768
644852
644884
645062
645069
645110
645163
645341
645473
645577
645612
645696
645765
645772
645858
645868
645933
645938
645975
646128
646264
646469
646643
646681
646965
647004
647073
647400
647518
647559
648032
648276
648286
648380
648689
648850
648985
649073
649334
649401
649431
649462
649471
649577
649673
649726
649824
649848
649972
650074
650092
650421
650496
650660
650953
650973
650977
651198
651326
651475
651490
651620
651856
651887
651991
652060
652111
652154
652341
652683
652727
652802
652814
652856
652898
652901
652924
653259
653334
653371
653449
653754
653874
653936
653939
654141
654278
654304
654498
654815
654846
655297
655364
655419
655673
655752
655761
655814
655982
656007
656154
656180
656405
656438
656439
656483
656486
656537
657042
657048
657050
657204
657354
657448
657518
657889
657937
658099
658144
658494
658506
658530
658636
658647
658648
658771
658908
659143
659197
659448
659460
659485
659491
659508
659551
659780
659798
659881
660373
660477
660614
660872
660914
661134
661165
661190
661282
661362
661366
661397
661440
661442
661611
661705
661953
661971
662032
662048
662077
662109
662539
662628
662680
662716
662877
662986
663010
663101
663209
663665
663708
663723
663820
663995
664047
664088
664548
664738
664775
664815
664983
665030
665130
665339
665374
665437
665535
665616
665879
665941
665953
666063
666078
666152
666203
666279
666302
666477
666493
666509
666530
666532
666606
666634
666666
666767
666821
666900
667085
667096
667308
667402
667409
667484
667523
667580
667655
667672
667709
667955
667986
668146
668157
668311
668324
668440
668465
668696
668700
668996
669037
669076
669078
669084
669093
669210
669317
669662
669822
669873
669945
670056
670077
670083
670267
670528
670606
670678
671039
671084
671390
671399
671483
671495
671561
671835
671934
672032
672035
672076
672084
672296
672333
672389
672396
672444
672484
672503
672578
672656
672689
672709
672755
672880
672882
673002
673072
673274
673355
673367
673419
673478
673533
673647
673678
673691
673711
673712
673718
673726
673778
673938
673958
673980
673998
674327
674422
674614
674728
674799
674832
674866
674882
675024
675219
675228
675229
675348
675432
675667
675790
676003
676115
676266
676398
676673
676749
676824
677059
677066
677118
677124
677153
677208
677224
677291
677341
677401
677680
677711
677735
677806
677814
678102
678508
678706
678913
678925
679306
679375
679456
679486
679527
679612
679966
680073
680190
680235
680261
680300
680302
680326
680339
680347
680486
680496
680648
680928
680964
681129
681345
681702
681743
681747
681753
681854
681930
681961
682050
682056
682085
682093
682177
682248
682256
682355
682447
682556
682619
682727
682757
682821
682998
683026
683095
683103
683344
683624
683658
683728
683772
683857
683875
683888
683979
684172
684174
684325
684484
684523
684572
684632
684699
684948
684962
684999
685035
685064
685071
685095
685269
685289
685441
685447
685519
685681
685710
685740
685743
686070
686088
686198
686518
686810
687130
687310
687372
687447
687576
687637
687676
687732
687740
688036
688048
688066
688091
688242
688248
688280
688301
688487
688516
688669
688708
689098
689317
689706
689813
690102
690179
690215
690221
690307
690367
690373
690383
690412
690674
690675
690865
690919
690981
691019
691022
691060
691167
691334
691363
691367
691563
691658
691724
691797
692029
692339
692371
692418
692428
692435
692533
692569
692619
692813
692896
692924
693072
693089
693196
693293
693422
693615
693755
693872
694288
694324
694469
694563
694825
694904
694958
695050
695058
695065
695122
695135
695155
695234
695244
695274
695338
695471
695607
695619
695661
695859
695888
695933
696120
696170
696176
696274
696406
696589
696607
697009
697162
697595
697684
697775
697789
697840
698044
698051
698199
698312
698410
698417
698499
698545
698587
698597
698855
698876
699080
699097
699258
699312
699451
699468
699490
699498
699553
699598
699825
699836
699875
700027
700167
700333
700586
700598
700780
700812
700815
700818
700891
700896
701051
701324
701380
701520
701639
701640
701664
701667
701689
701696
701725
701732
702105
702402
702406
702452
702559
702572
702738
702842
703194
703291
703308
703452
703503
703542
703638
703654
703680
703851
704088
704190
704309
704454
704575
704654
704751
704775
704788
704885
704903
705105
705305
705312
705344
705422
705458
705552
705558
705616
705649
705740
706207
706231
706559
706576
706616
706660
706755
706881
707007
707175
707180
707240
707299
707442
707544
707568
707671
707701
707791
707836
707988
707998
708108
708226
708365
708408
708415
708501
708549
708601
708647
708694
708871
708890
708990
709004
709090
709339
709402
709407
709558
709715
709798
709950
710015
710047
710372
710496
710648
710697
710712
710755
710816
710889
710891
710905
710921
711019
711282
711312
711316
711323
711377
711623
711694
711797
711816
711896
712355
712539
712618
712820
712846
712940
713041
713230
713235
713321
713345
713550
713655
713936
714008
714090
714094
714323
714512
714694
714707
714855
715072
715196
715461
715647
715764
715836
715838
716203
716302
716310
716766
717075
717311
717619
717752
717835
717927
717932
718019
718028
718220
718498
718508
718725
718757
718800
718831
718925
719101
719180
719212
719296
719482
719595
719707
719881
719943
719990
719991
720152
720293
720310
720336
720397
720462
720488
720509
720521
720544
720847
721001
721029
721040
721056
721125
721239
721463
721497
721634
721636
721804
721894
721962
722061
722244
722382
722524
722618
722740
722908
722914
723071
723448
723495
723557
723653
723781
723854
723933
723957
724082
724505
724527
724600
724794
724890
725226
725236
725290
725342
725381
725678
725826
725848
726232
726458
726511
726634
726676
726692
726922
727023
727097
727105
727122
727385
727467
727468
727480
727560
727602
727657
727923
728066
728379
728443
728469
728532
728676
728871
729143
729229
729559
729584
729872
729967
730112
730359
730555
730591
730597
730605
730660
730744
730816
730829
730881
730992
731055
731248
731906
732017
732221
732269
732482
732534
732589
732594
732739
732875
732893
733006
733016
733116
733249
733288
733333
733397
733548
733589
733750
733768
733840
733890
733913
734037
734169
734630
734731
734942
735029
735206
735282
735555
735588
735693
735740
735823
735853
736021
736076
736198
736278
736280
736523
736555
736753
736764
736787
736788
737087
737106
737252
737344
737508
737565
737619
737772
737800
737952
738216
738281
738323
738340
738690
738801
738937
739086
739273
739298
739692
739769
739871
740041
740079
740138
740217
740250
740322
740623
741012
741225
741307
741366
741513
741891
741920
741926
742045
742072
742517
742547
742803
742824
742863
742890
742941
742942
742948
743008
743094
743103
743122
743129
743141
743292
743342
743431
743458
743560
743661
743818
744100
744176
744307
744349
744385
744441
744582
744679
744868
744957
744965
745069
745207
745426
745440
745582
745715
745765
745791
745991
746081
746246
746264
746292
746424
746538
746560
746617
746689
746863
746884
746905
746907
746922
746954
746965
747035
747108
747112
747297
747362
747428
747463
747526
747571
747816
747874
747919
747977
748026
748144
748216
748329
748346
748426
748572
748873
749018
749212
749263
749408
749426
749513
749581
749605
749764
749851
750368
750440
750520
750604
750699
750701
750855
750900
751013
751055
751057
751074
751214
751304
751340
751395
751463
751600
751861
751869
751933
752066
752242
752409
752441
752458
752681
752689
752761
752795
752825
753145
753234
753275
753317
753332
753393
753456
753530
753618
753737
753815
753991
754051
754097
754325
754397
754495
754521
754615
754643
754742
755012
755242
755317
755321
755330
755367
755435
755482
755520
755555
755561
755584
755836
755945
755948
756017
756022
756297
756443
756797
756985
757010
757155
757173
757341
757397
757420
757503
757567
757615
757674
757741
757958
758167
758210
758543
758592
758801
758924
759036
759096
759158
759690
759718
759733
759759
759776
759777
759946
760000
760115
760215
760316
760327
760366
760455
760488
760530
760590
760612
760736
760894
760985
761174
761335
761659
761665
761718
761837
761944
762035
762111
762340
762400
762568
762595
762700
762788
762852
763229
763846
763865
764160
764496
764544
764903
765190
765295
765750
765913
766056
766061
766065
766234
766357
766597
766608
766661
766698
766733
766868
766914
767191
767239
767300
767322
767369
767660
767857
767895
767911
768003
768062
768328
768477
768550
768652
768823
768923
768958
769245
769288
769341
769394
769453
769510
769588
769728
769857
769914
770106
770272
770435
770440
770455
770473
770474
770536
770919
771134
771149
771211
771479
771535
771627
771628
771658
771807
771963
771967
771999
772150
772268
772447
772469
772596
772717
772739
772883
772902
773057
773058
773209
773294
773339
773611
773665
773713
773882
773887
773892
773912
774069
774169
774344
774404
774621
774689
774810
774851
774854
774945
775141
775209
775272
775305
775509
775640
775685
775717
775730
775759
775761
775766
775770
775825
775952
775955
775965
775969
776078
776162
776349
776354
776387
776391
776440
776533
776615
776772
776832
776945
777092
777142
777147
777308
777432
777506
777658
777707
777770
777932
777939
777940
778001
778234
778235
778335
778524
778561
778565
778680
778700
778812
779110
779124
779193
779309
779327
779372
779468
779507
779541
779558
779643
779794
779848
780007
780147
780190
780286
780288
780372
780560
780808
780857
781149
781170
781336
781352
781400
781519
781701
781868
781990
782118
782248
782264
782310
782331
782445
782472
782475
782636
782858
783166
783167
783211
783365
783585
783742
783820
783890
783932
783963
784028
784032
784165
784200
784218
784332
784534
784641
784825
784848
784880
785125
785240
785261
785271
785358
785491
785554
785597
785681
785924
786045
786050
786060
786111
786138
786190
786382
786439
786645
786784
786815
786966
787069
787073
787096
787106
787131
787253
787275
787344
787369
787380
787386
787738
787796
788024
788336
788398
788476
788633
789081
789082
789129
789178
789254
789266
789271
789274
789314
789510
789523
789560
789583
789612
789850
789905
790309
790320
790326
790365
790479
790520
790637
790750
790784
790936
790948
790999
791581
791596
791631
791681
791691
791781
791803
791923
791941
792347
792389
792422
792605
792606
792712
792733
792746
792780
792918
793054
793112
793181
793188
793312
793398
793433
793501
793601
793667
793699
793900
793977
794003
794485
794536
794554
794559
794676
794695
794740
794890
794912
795043
795137
795260
795526
795559
795603
795742
796061
796086
796135
796368
796384
796403
796482
796605
796653
796687
796703
796724
796813
796991
797028
797103
797117
797190
797291
797392
797797
797897
797967
798031
798059
798070
798355
798551
798573
798920
798939
799042
799092
799308
799354
799445
799463
799490
799505
799612
799796
799820
799912
799931
800125
800204
800267
800282
800292
800327
800328
800344
800417
800611
800681
800685
800696
800790
800952
801013
801028
801123
801253
801295
801301
801392
801452
801454
801462
801547
801633
801698
801781
801866
801927
801950
801986
802147
802328
802537
802827
802854
803022
803238
803376
803609
803629
803710
803713
803721
803746
803756
803759
803812
804453
804661
804777
804869
804907
804931
805094
805126
805143
805193
805234
805324
805397
805427
805435
805447
805652
805694
805709
805779
805872
805883
805988
806007
806010
806147
806233
806507
806643
806709
806761
806774
806798
806856
806876
806895
806934
806979
807028
807071
807173
807191
807199
807272
807345
807346
807375
807600
807728
807757
807783
807794
807857
807910
808057
808134
808139
808150
808153
808170
808313
808401
808411
808720
808796
808929
808957
808995
809176
809207
809292
809352
809363
809395
809423
809535
809652
809672
809790
809794
809968
810076
810091
810417
810462
810467
810490
810626
810758
810798
811003
811095
811775
811838
811891
811956
812121
812255
812279
812319
812660
812699
812702
812742
812911
812912
812915
812964
813177
813221
813236
813250
813303
813460
813481
813532
813872
813899
814019
814029
814162
814258
814422
814457
814462
814487
814550
814674
814795
815215
815228
815388
815422
815497
815566
815782
815905
815955
816063
816071
816261
816285
816409
816645
816660
816664
816721
816728
816731
816835
816857
816885
816889
816921
816945
816951
817001
817513
817525
817554
817773
817791
817844
818047
818053
818092
818245
818352
818355
818559
818576
818712
818747
818826
818839
819102
819129
819200
819203
819396
819442
819464
819478
819573
819659
819684
819948
819952
819977
820062
820360
820436
820437
820581
820620
820649
820691
820760
820937
821006
821007
821235
821450
821687
821729
821784
821972
822206
822384
822593
822793
822895
823173
823236
823246
823289
823381
823687
823724
823749
823795
824236
824379
824640
824939
825054
825071
825328
825433
825520
825786
825877
825878
825891
825963
826127
826343
826546
826641
826800
826813
826932
827061
827091
827153
827252
827299
827386
827411
827472
827551
827589
827602
827762
827945
828097
828232
828235
828268
828448
828510
828649
828723
828798
828803
828974
829259
829312
829373
829435
829468
829507
829568
829589
829861
830101
830200
830320
830419
830498
830616
830775
830872
830913
830931
830934
831063
831223
831342
831444
831473
831808
831823
831838
831916
831972
832110
832463
832481
832528
832549
832566
832573
832666
832667
832676
832745
832838
833158
833315
833368
833413
833438
833575
833586
833594
833721
833746
833761
833846
833916
833942
833998
834037
834173
834182
834383
834552
834814
834942
834960
835006
835035
835045
835088
835147
835178
835226
835501
835704
835797
835804
836001
836047
836105
836296
836318
836432
836469
836471
836616
836625
836666
836741
836885
837266
837334
837410
837421
837524
837564
837654
837721
837791
837866
837884
837934
837987
838137
838138
838157
838260
838351
838459
838472
838999
839152
839364
839390
839572
839814
839906
840451
840589
840685
840700
840714
840718
840722
840740
840745
840804
840897
840905
841048
841073
841206
841577
841840
841860
841938
841960
842021
842092
842460
842461
842678
842839
842865
842950
842953
842994
843202
843450
843456
843684
843819
843870
843925
843956
843974
844091
844120
844240
844396
844411
844509
844540
844573
844634
844681
844949
845000
845165
845242
845292
845377
845386
845556
845647
845671
845700
845728
845844
845864
846040
846242
846276
846292
846335
846436
846489
846515
846630
846662
846696
846728
846846
846856
846880
847253
847298
847388
847436
847502
847654
847738
847927
847990
848344
848393
848410
848495
848580
848593
848617
848702
848714
848863
849159
849175
849314
849632
849769
849824
849828
849875
849889
850008
850122
850128
850165
850227
850252
850342
850493
850592
850652
850680
850786
850802
850897
850922
851030
851129
851283
851293
851466
851783
851786
851923
852382
852452
852504
852648
853179
853208
853342
853353
853365
853425
853572
853679
853725
853768
853799
853896
853902
853918
853931
853937
854135
854187
854526
854540
854726
854747
854749
854753
854777
854859
854896
854931
854942
855002
855045
855064
855135
855366
855386
855416
855444
855612
855691
855795
855836
856037
856165
856202
856279
856956
857426
857796
857980
858027
858041
858086
858370
858486
858518
858566
858605
858707
858738
858801
858822
858866
858876
858907
858934
858960
859090
859172
859430
859437
859468
859478
859531
859544
859678
859691
859885
860092
860153
860181
860201
860305
860390
860461
860469
860506
860567
860686
860710
860790
860852
860887
861076
861101
861235
861286
861343
861387
861655
861723
861767
861810
861836
861917
861934
861973
861975
862265
862294
862599
862681
862895
862922
863159
863176
863301
863303
863311
863515
863549
863565
863583
863595
863851
863872
863973
863984
864102
864323
864427
864616
864681
864823
864876
865113
865121
865141
865235
865379
865398
865557
865586
865628
865678
865700
865858
865923
866026
866032
866044
866206
866305
866513
866566
866684
866745
866963
867019
867040
867084
867169
867313
867325
867337
867347
867606
867775
867835
868085
868203
868394
868451
868471
868571
868603
868606
868661
868678
869073
869114
869247
869377
869401
869424
869439
869461
869497
869515
869552
869646
869842
869942
870097
870342
870411
870649
870662
870687
870843
870962
871073
871089
871179
871324
871437
871460
871562
871613
871651
871745
871848
871864
872341
872368
872447
872663
872680
872798
872881
873281
873580
873603
873676
874191
874217
874309
874311
874386
874567
874785
874935
875246
875316
875324
875466
875504
876184
876371
876406
876618
876644
876686
876717
876872
876880
877068
877151
877184
877291
877412
877534
877587
877692
877941
877981
878124
878155
878166
878221
878333
878377
878467
878473
878536
878628
878802
878833
878908
878965
879159
879377
879396
879768
879776
879862
880220
880230
880342
880433
880616
880732
880946
880995
881309
881495
881581
881606
881674
881741
881774
881915
882158
882248
882253
882288
882356
882457
882554
882577
882831
882917
883094
883151
883275
883492
883582
883613
883677
883679
883725
883755
883804
883811
883862
883924
884158
884355
884455
884465
884466
884491
884492
884597
884985
884992
885018
885269
885337
885391
885482
885522
885748
885857
885986
886054
886072
886588
886636
886659
886731
886745
886758
886807
887024
887091
887292
887308
887558
887768
887946
888056
888133
888273
888298
888321
888419
888522
888615
888941
889276
889387
889506
889516
889520
889564
889630
889977
890022
890064
890088
890279
890390
890400
890718
890777
891223
891240
891366
891532
891563
891635
891829
891889
891986
892179
892280
892319
892335
892401
892681
893126
893274
893395
893491
893495
893564
893696
893807
893906
894088
894134
894158
894191
894296
894301
894509
894895
894905
894932
894945
895039
895090
895398
895458
895470
895548
895763
895966
895967
895984
895987
896239
896273
896363
896382
896528
896591
896666
896704
896726
896774
896831
896953
896958
897136
897252
897349
897412
897649
897830
898018
898036
898069
898130
898146
898573
898704
898727
898808
898829
898906
898908
898943
898965
898967
898982
899045
899101
899148
899283
899413
899443
899482
899692
899783
899849
900046
900175
900183
900284
900368
900395
900455
900560
900826
900905
901027
901087
901214
901255
901276
901309
901435
901608
901614
901665
901810
901877
901879
901885
902004
902013
902044
902184
902447
902583
902595
902669
902904
903063
903077
903156
903194
903437
903657
903686
903757
903810
903847
904032
904053
904174
904289
904396
904405
904633
904682
904690
904704
904870
904907
904943
905005
905077
905194
905224
905287
905417
905506
905742
905779
905804
905966
906066
906092
906186
906323
906336
906358
906522
906539
906697
906983
907137
907172
907446
907470
907483
907645
907733
907750
907780
907983
908186
908208
908382
908416
908462
908583
908747
908846
909050
909118
909145
909281
909294
909404
909502
909771
909855
909858
909859
910068
910177
910505
910609
910629
910646
910698
910898
911069
911172
911230
911390
911463
911530
911623
911745
911902
911952
911996
912246
912251
912370
912397
912611
912659
912784
912829
912879
912890
913012
913203
913263
913309
913359
913408
913536
913630
913672
913761
913796
913843
913957
913961
913985
913997
914165
914184
914228
914242
914294
914329
914450
914588
914638
914684
914719
914755
914832
915417
915636
915650
915816
915861
916146
916182
916308
916396
916468
916505
916694
916716
916753
916788
916820
916853
916867
916908
916922
916944
917000
917139
917162
917409
917460
917477
917589
917887
918005
918010
918149
918181
918300
918363
918389
918575
918754
918770
919102
919107
919133
919289
919551
919566
919577
919633
919646
919654
919697
919776
919851
920107
920176
920347
920379
920404
920508
920762
920811
920826
920830
920991
921064
921065
921133
921167
921223
921402
921583
921753
921843
921851
921947
921965
922506
922583
922643
922663
922723
923071
923078
923135
923359
923451
923453
923797
923815
923993
924286
924289
924411
924603
924834
924981
925104
925163
925195
925406
925437
925477
925608
925622
925786
925957
926031
926443
926457
926478
926604
926613
926758
926936
926947
927009
927023
927126
927168
927189
927239
927376
927552
927634
927670
927734
928126
928201
928239
928411
928464
928516
928565
928606
928654
928682
928898
928938
929053
929132
929158
929228
929235
929257
929262
929290
929511
929533
929543
929545
929646
929864
930026
930043
930102
930270
930327
930421
930473
930566
930745
930865
930871
931046
931218
931377
931440
931453
931488
931539
931781
931839
931903
931907
931989
932038
932105
932159
932372
932380
932802
933034
933137
933220
933228
933302
933339
933365
933408
933473
933569
933618
933627
933681
934040
934206
934475
934515
934521
934523
934570
934685
934722
934779
934891
934933
934945
934982
935267
935317
935341
935402
935467
935485
935969
936008
936091
936206
936249
936257
936356
936708
936827
936880
936962
936985
937176
937302
937426
937579
937626
937731
937833
937955
937972
938108
938117
938175
938219
938276
938281
938287
938472
938567
938604
938700
938771
938865
939235
939250
939292
939348
939351
939544
939761
939966
939981
940001
940163
940311
940341
940406
940445
940503
940509
940515
940805
940822
940999
941158
941223
941303
941311
941412
941434
941822
941919
942017
942081
942123
942395
942529
942541
942570
942752
942784
942818
942833
942853
942888
943115
943178
943192
943300
943433
943493
943611
943619
943852
943945
943979
944144
944214
944236
944244
944246
944404
944574
944593
944629
944756
944936
944959
945000
945052
945071
945219
945263
945329
945333
945670
945765
945824
945849
945932
945944
945946
946033
946041
946072
946366
946386
946420
946606
946622
946653
946671
946805
946826
947099
947211
947252
947289
947372
947520
947565
947684
947744
947857
947866
947992
948016
948374
948477
948488
948560
948600
948700
948755
948963
949123
949157
949463
949509
949517
949740
949774
949863
949981
950008
950065
950137
950317
950325
950362
950401
950440
950610
950649
950880
951102
951110
951125
951176
951273
951427
951606
951747
951884
951890
951893
952065
952070
952227
952417
952517
952521
952578
952997
953081
953247
953351
953397
953461
953463
953479
953620
953759
953789
953820
953869
953886
953921
954027
954102
954110
954215
954256
954299
954431
954469
954505
954687
954714
954782
954980
955065
955218
955489
955513
955541
955554
955604
955611
955688
955700
955852
955992
956048
956114
956277
956281
956428
956446
956553
956603
956632
956731
956807
956917
957015
957020
957190
957281
957339
957421
957580
957888
958035
958080
958106
958291
958409
958605
958618
958753
958874
959444
959659
959836
960163
960199
960202
960204
960216
960220
960340
960403
960431
960438
960683
960802
960872
960919
960922
961023
961133
961373
961382
961416
961531
961625
961632
961646
961821
961850
961888
961901
962139
962176
962326
962614
962664
962731
962898
962997
963005
963023
963138
963310
963314
963541
963690
963705
963826
964008
964066
964092
964193
964195
964298
964412
964414
964421
964566
965065
965097
965141
965198
965442
965618
965805
965882
965941
966033
966138
966186
966361
966416
966638
966679
966771
967067
967106
967182
967361
967373
967649
967936
967972
968242
968335
968448
968705
968757
968899
968914
969093
969302
969328
969395
969409
969619
969704
969903
969961
969964
970150
970263
970294
970803
970827
971335
971347
971477
971545
971676
971750
971795
971888
972068
972107
972166
972189
972438
972482
972491
972530
972559
972649
972686
972832
972861
972887
972909
973013
973155
973156
973184
973266
973475
973544
973546
973570
973605
973614
973696
973778
973886
973958
974035
974062
974116
974120
974325
974331
974424
974649
974846
974873
974880
974943
974953
975043
975044
975141
975256
975342
975396
975455
975687
975751
976032
976103
976221
976231
976380
976799
976857
976878
976881
976996
977095
977114
977165
977194
977242
977333
977382
977417
977450
977453
977599
977658
978172
978241
978296
978337
978480
978693
978877
978887
978922
978927
979270
979293
979321
979353
979425
979618
979662
979792
980038
980055
980188
980220
980424
980646
980799
980807
980873
981071
981170
981325
981342
981380
981418
981425
981649
981699
981712
981817
981825
982143
982214
982270
982343
982415
982430
982725
982764
982780
982954
982997
983368
983399
983661
983774
983787
984139
984251
984427
984447
984458
984506
984924
985008
985076
985125
985286
985289
985471
985504
985553
985573
985733
985841
985863
985873
985916
986012
986017
986032
986071
986144
986151
986345
986833
986871
986915
987002
987043
987142
987149
987488
987489
987493
987641
987831
988177
988281
988363
988376
988420
988432
988473
988759
988851
988910
989358
989424
989656
989716
989843
989951
990145
990328
990479
990526
990600
990607
990669
990680
990774
990807
990971
990975
990977
991017
991022
991153
991568
991656
991813
991833
991864
992179
992227
992336
992441
992444
992614
992758
992812
992935
993076
993363
993630
993757
993880
993997
994041
994190
994268
994331
994361
994384
994452
994795
994797
994810
994835
994849
994897
994914
994933
994966
995122
995170
995313
995471
995480
995510
995633
995822
996129
996327
996347
996395
996906
996956
996964
997036
997049
997117
997146
997223
997279
997305
997322
997524
997537
997565
997897
998048
998104
998166
998314
998426
998456
998509
998560
998578
998585
998736
998824
998980
999032
999121
999198
999232
999258
999532
999821
999853
999876
999919
