3
77
89
247
351
379
476
505
563
682
743
759
961
973
1030
1193
1204
1356
1642
1739
1854
1884
1934
2020
2234
2246
2295
2316
2559
2583
2619
2736
2748
2797
2873
2892
2910
2994
3033
3059
3271
3365
3435
3612
3785
3819
3877
3918
3977
4038
4267
4322
4584
4624
4798
4807
5529
5674
5696
5856
5891
6207
6244
6275
6344
6423
6668
6761
6909
6979
7051
7236
7369
7542
7714
7758
7796
7819
8164
8389
8602
8631
8667
8682
8699
8709
8720
8886
8911
8928
8930
8979
8996
9265
9334
9583
9605
9644
9774
9806
9822
9920
10025
10048
10153
10271
10286
10300
10314
10370
10584
10629
10740
10746
11055
11095
11100
11167
11220
11316
11495
11668
11854
12039
12109
12189
12218
12309
12323
12424
12529
12533
12814
12831
13025
13269
13286
13297
13504
13595
13602
13612
13724
13877
13972
13973
14052
14309
14494
14521
14593
14635
14759
14940
15231
15448
15481
15487
15570
15749
15796
15846
15888
16077
16218
16478
16503
16559
16606
16623
16634
16676
16827
16946
17029
17135
17314
17385
17498
17532
17729
17825
17846
17860
18006
18015
18077
18297
18365
18602
18733
18804
18825
19110
19202
19260
19285
19292
19350
19424
19576
19601
19760
19817
19835
19869
20049
20224
20390
20443
20484
20558
20592
20683
20697
20825
20895
20917
20950
21007
21026
21085
21107
21201
21239
21515
21623
21957
22014
22198
22527
22554
22710
22742
22876
23143
23271
23330
23391
23408
23557
23611
23652
23688
23854
23885
23888
23975
23986
24137
24401
24723
24746
24750
24767
24948
25214
25375
25407
25483
25745
25845
25878
25898
25926
25970
26246
26315
26410
26411
26603
26827
26884
26947
26978
27208
27372
27400
27424
27505
27684
27865
27891
28048
28100
28177
28265
28277
28443
28460
28499
28516
28520
28552
28561
28699
28797
28811
28836
28886
29148
29295
29300
29352
29552
29554
29701
29874
29970
30091
30436
30505
30533
30891
31204
31221
31473
31595
31614
31685
31839
32136
32444
32498
32499
32714
32743
32744
32789
32834
32845
33005
33052
33087
33151
33312
33817
33870
33922
33987
34095
34100
34229
34265
34366
34372
34399
34425
34563
34586
34705
35043
35091
35258
35387
35393
35396
35500
35819
35932
36113
36115
36280
36333
36410
36449
36494
36682
36726
36887
37045
37067
37080
37188
37292
37338
37352
37371
37398
37444
37473
37539
37557
37829
37912
38169
38388
38420
38691
38745
38777
38782
38880
38952
39043
39190
39270
39295
39304
39324
39354
39490
39666
39709
39882
40013
40032
40035
40124
40160
40300
40308
40341
40348
40459
40871
40880
40886
41080
41081
41234
41254
41269
41270
41421
41520
41710
41855
41998
42093
42245
42370
42380
42391
42527
42531
42718
42818
42872
42886
43041
43095
43158
43199
43247
43590
43653
43706
43759
43774
43983
44115
44224
44263
44451
44598
44601
45135
45153
45156
45310
45350
45504
45520
45732
45822
46145
46157
46163
46165
46188
46204
46209
46228
46240
46610
46909
46911
47025
47034
47316
47349
47375
47568
47728
47786
47831
47963
47998
48068
48175
48706
48789
48818
48935
49054
49064
49175
49208
49502
49535
49542
49588
49649
49715
50141
50179
50301
50417
50742
50807
50853
50914
51010
51031
51053
51058
51090
51233
51274
51360
51391
51532
51653
51697
51850
51933
52023
52027
52315
52388
52452
52498
52546
52610
52738
52748
52763
52804
52899
53045
53150
53400
53422
53786
53828
53882
54221
54258
54686
54692
54972
55138
55239
55243
55314
55332
55421
55431
55600
55971
56049
56249
56302
56345
56408
56412
56527
56528
56669
56855
57065
57081
57182
57217
57232
57433
57465
57472
57545
57609
57914
58039
58088
58102
58200
58236
58315
58337
58414
58503
58557
58600
58605
58606
58709
58882
58958
59191
59493
59534
59624
59625
59740
59788
60089
60125
60159
60214
60244
60277
60282
60283
60309
60560
60770
60788
60888
60927
60992
61472
61566
61679
61817
61830
62083
62163
62207
62221
62358
62445
62585
62695
62847
62936
63039
63128
63129
63227
63382
63437
63725
63878
63883
63938
64045
64245
64262
64383
64406
64447
64473
64562
64607
64628
64779
64989
65097
65270
65389
65409
65607
65681
65700
65999
66054
66066
66077
66185
66191
66262
66359
66437
66621
66634
66858
67173
67229
67334
67342
67343
67418
67468
67953
68127
68437
68592
68598
68734
68745
68890
68965
69036
69072
69139
69189
69232
69271
69402
69760
69832
69889
70063
70210
70251
70377
70533
70937
71233
71321
71385
71514
71835
71950
72020
72408
72465
72541
72722
72826
72873
73036
73078
73171
73208
73330
73364
73390
73591
73703
73718
73721
73738
73755
73809
73850
74015
74069
74185
74318
74352
74376
74381
74503
74515
74661
74670
74809
74861
74925
74999
75033
75548
75598
75704
75767
75785
75853
75854
76014
76083
76148
76204
76222
76382
76503
76765
76936
77098
77178
77359
77421
77586
77866
78019
78097
78164
78185
78488
78516
78638
78701
78771
79121
79443
79545
79652
79689
79712
79918
80011
80252
80313
80576
80596
80630
80652
80692
80719
81021
81034
81096
81213
81456
81583
81895
81920
82032
82130
82182
82212
82345
82444
82451
82713
82872
82911
82987
83171
83585
83687
83771
84020
84140
84145
84191
84322
84370
84461
84739
84854
84959
85047
85146
85225
85300
85363
85511
85530
85678
85752
86114
86119
86167
86384
86503
86538
86684
86811
86849
86976
87120
87244
87547
87757
87863
87870
87919
87922
88035
88067
88321
88434
88535
88543
88849
89018
89141
89175
89283
89706
89784
89796
89861
89869
89887
89921
90101
90723
90735
90789
90816
90838
90886
90967
91061
91067
91094
91103
91150
91160
91302
91369
91448
91493
91791
91840
91900
91977
92025
92074
92094
92566
92599
92639
92761
92787
92916
92932
93040
93125
93325
93380
93424
93429
93481
93552
93570
93657
93674
93892
93918
94029
94077
94176
94188
94233
94515
94533
94537
94671
95007
95091
95360
95386
95505
95594
95625
95627
95834
95982
96047
96055
96146
96239
96435
96446
96453
96463
96472
96493
96808
96882
96886
97014
97324
97378
97433
97475
97661
97724
97795
97830
97965
98029
98046
98186
98216
98352
98422
98574
98601
98623
98649
98669
98705
98857
98943
99275
99382
99604
99623
99636
99981
100066
100206
100249
100464
100541
100697
100743
100869
100886
100963
100987
100994
101084
101097
101396
101475
101493
101705
101722
101749
101761
101833
101981
102043
102074
102456
102565
102576
102677
102801
102937
102977
103029
103197
103677
103750
103779
103853
104007
104055
104091
104328
104527
104528
104566
104657
104689
104877
105014
105090
105141
105149
105280
105392
105558
105602
105780
105835
106009
106065
106137
106333
106500
106652
106668
106743
106847
106927
107021
107238
107360
107406
107825
107892
107923
108085
108131
108208
108240
108353
108560
108792
108848
108877
109075
109497
109546
109931
110074
110214
110426
110499
110500
110571
110625
110652
110707
110757
110823
110867
110872
110894
111162
111222
111290
111373
111414
111595
111812
111838
111857
111865
111880
111888
111898
112091
112114
112181
112220
112312
112334
112441
112479
112542
112567
112668
112720
112807
112865
113112
113385
113480
113535
113638
113696
113738
113743
113844
113898
113956
113973
114035
114615
114674
114862
115064
115240
115271
115361
115372
115431
115499
115582
115860
116008
116037
116103
116133
116404
116452
116494
116596
116618
116760
116852
116876
117110
117122
117301
117454
117456
117525
117564
117643
117700
117721
117728
117817
117840
117922
118217
118237
118255
118275
118356
118409
118430
118496
118508
118525
118711
118751
118810
118879
118999
119019
119044
119062
119320
119351
119389
119586
119594
119600
119647
119723
119815
119929
120090
120191
120336
120553
120567
120692
120724
120865
120982
120996
121183
121204
121414
121452
121458
121477
121506
121525
121781
121939
122094
122273
122285
122336
122377
122556
122572
122573
122595
122681
122702
122740
122772
122805
122891
122942
122962
123160
123449
123579
123639
123972
124059
124099
124292
124306
124520
124615
124633
124908
125028
125055
125250
125395
125620
125677
125743
125850
125953
125988
126107
126231
126236
126457
126468
126481
126571
126577
126967
127032
127143
127209
127307
127331
127687
127688
127830
127918
127982
128086
128208
128354
128530
128548
128599
128795
128864
128940
129059
129105
129229
129296
129355
129390
129560
129638
129722
129754
129788
130353
130538
130543
130646
130708
130819
130884
130963
131008
131120
131316
131396
131514
131713
131825
131965
132297
132343
132400
132643
132850
132947
133021
133072
133125
133137
133163
133211
133231
133290
133368
133416
133589
133624
133747
133773
133818
133908
133952
133967
134064
134144
134299
134346
134419
134666
134858
135152
135251
135274
135805
135864
135908
136002
136051
136115
136120
136203
136280
136302
136468
136621
137136
137908
137992
138002
138125
138184
138360
138481
138537
138637
138963
139173
139287
139382
139422
139667
139842
139996
140099
140450
140465
140491
140611
140679
140753
141116
141152
141184
141375
141463
141481
141519
141556
141648
141823
141847
142043
142212
142440
142447
142453
142493
142514
142581
142700
142712
142812
142954
143238
143367
143412
143505
143729
143809
143812
143831
144105
144191
144330
144371
144451
144614
144643
144774
144785
144835
145004
145014
145105
145288
145685
145720
145721
145793
145867
145869
146269
146316
146322
146542
146546
146551
146598
146779
146804
146829
146867
146938
147058
147191
147241
147310
147441
147493
147504
147512
147598
147763
147775
147846
147920
148062
148206
148286
148325
148645
148753
148815
148836
149055
149086
149103
149158
149208
149326
149396
149452
149603
149666
149669
149755
149773
149783
149802
149811
149879
149893
149925
150039
150095
150099
150126
150156
150163
150275
150339
150480
150576
150616
150790
150814
150889
150956
151037
151061
151451
151468
151592
151687
151690
151801
151841
151856
151963
152263
152277
152280
152294
152305
152439
152820
152921
152989
153178
153189
153191
153462
153535
154056
154214
154239
154365
154904
154930
154993
155025
155156
155466
155518
155569
155585
155737
156023
156114
156236
156257
156389
156511
156685
156882
157003
157211
157306
157448
157498
157512
157527
157580
157598
157747
157783
157844
157918
157940
158156
158211
158263
158465
158864
158928
159196
159438
159585
159701
159739
159771
159806
159947
160015
160033
160242
160279
160345
160406
160522
160651
160812
160957
161087
161341
161579
161619
161734
161796
161818
161830
161893
161980
162502
162601
162674
162704
162762
162828
162865
163154
163208
163241
163263
163267
163273
163416
163649
163728
163985
164214
164451
164453
164545
164803
165146
165209
165246
165328
165562
165813
165854
165864
165886
166096
166251
166264
166312
166338
166367
166439
166636
166760
166778
166794
166885
166936
166980
167105
167125
167158
167200
167206
167320
167365
167460
167481
167555
167676
167769
167848
167856
167923
167961
168178
168191
168268
168339
168471
168583
168645
168796
168999
169750
170202
170247
170326
170346
170599
170770
170938
170951
171074
171106
171120
171182
171239
171311
171371
171580
171612
171717
171817
171953
172002
172036
172080
172254
172279
172474
172683
172691
172932
173240
173256
173350
173413
173495
173543
173580
173760
173905
173973
174251
174653
174886
174920
174941
174968
174994
175028
175055
175161
175259
175363
175561
175594
175752
175952
176453
176629
176794
176992
177015
177041
177046
177179
177181
177229
177270
177302
177458
177509
177680
177699
177755
178385
178610
178680
178757
178834
178836
178937
178986
178999
179109
179165
179319
179341
179370
179496
179737
179751
179754
179789
180016
180111
180149
180525
180702
180868
181094
181189
181297
181352
181372
181494
181499
181850
181937
182011
182072
182132
182186
182256
182263
182295
182316
182356
182665
183235
183386
183427
183494
183663
183703
183806
183930
184166
184190
184208
184380
184457
184515
184533
184626
184803
184962
184981
185019
185356
185613
185807
185948
185975
186011
186035
186073
186090
186207
186388
186533
186629
186655
186762
186874
187431
187548
187695
187895
188143
188184
188744
188763
188777
188984
189280
189364
189396
189604
189691
189806
189817
189851
189865
189922
189977
189987
190110
190217
190241
190379
190665
190699
190745
190801
190826
190976
190977
191011
191064
191318
191363
191460
191610
191627
191637
191982
192077
192092
192120
192355
192522
192838
192956
193038
193081
193154
193393
193561
193579
193606
193736
193780
193838
194067
194113
194163
194183
194261
194268
194346
194616
194840
194920
194936
194992
195018
195118
195169
195205
195265
195429
195453
195594
195747
195802
196098
196100
196132
196224
196290
196425
196556
196763
196789
197323
197398
197410
197850
197942
197948
198016
198119
198339
198380
198481
198742
198753
198771
198803
199010
199037
199111
199129
199179
199182
199341
199459
199468
199634
199974
200286
200614
200626
200636
200646
200796
200895
200967
201079
201223
201248
201249
201417
201474
201599
201701
201899
201919
201948
202074
202133
202137
202420
202546
202700
202804
202958
202959
202988
203165
203238
203362
203414
203417
203434
203482
203508
203589
203626
203733
203768
203813
203933
204135
204152
204194
204506
204592
204767
204905
204906
204919
205038
205084
205188
205508
205789
205804
205857
205936
205990
206006
206323
206450
206452
206493
206564
206597
206631
206668
206734
206768
206777
206887
206918
207035
207068
207364
207375
207418
207522
207539
207568
207676
207839
208118
208119
208157
208196
208198
208736
208793
209195
209637
209668
209700
209778
209849
209931
209945
209966
210258
210330
210421
210618
210785
210878
210937
211015
211045
211136
211413
211551
211658
211675
211777
211831
212007
212172
212209
212211
212290
212320
212375
212389
212459
212921
213275
213332
213345
213451
213487
213568
213847
213862
213962
214157
214378
214472
214499
214761
214800
214999
215002
215218
215423
215439
215470
215610
215679
215789
215826
215881
215997
216050
216184
216217
216421
216461
216499
216825
216888
217163
217330
217510
217584
217664
217845
217898
218000
218262
218322
218334
218337
218497
218519
218534
218568
218635
218679
218941
219063
219126
219200
219398
219419
219435
219671
219771
219803
219830
219833
219948
220008
220053
220181
220238
220499
220522
220526
220559
220856
220904
220974
221070
221121
221223
221228
221573
221586
221948
222021
222067
222178
222270
222297
222477
222509
222553
222574
222575
222630
222866
222886
223047
223209
223221
223222
223518
223549
223561
223571
223622
223638
223802
224072
224241
224324
224326
224358
224366
224648
224698
224832
224834
225039
225290
225399
225438
225487
225491
225636
225664
225768
225868
226018
226056
226109
226227
226528
226586
226612
226630
226645
226662
226672
226835
226921
227045
227060
227185
227195
227222
227249
227288
227290
227438
227489
227513
227559
227589
227632
227686
227749
227780
227808
227850
228148
228183
228355
228528
228621
228642
228870
228911
229014
229384
229401
229486
229520
229823
229842
229887
230090
230123
230216
230310
230395
230528
230538
230578
230945
230993
231082
231131
231217
231306
231354
231473
231929
232043
232052
232109
232206
232212
232214
232284
232287
232317
232361
232679
233005
233012
233060
233080
233276
233324
233358
233363
233514
234303
234441
234727
234735
234885
234946
234964
235008
235044
235154
235343
235498
235667
235802
235891
236023
236099
236301
236439
236537
236608
236703
236726
236852
236929
236983
237050
237299
237374
237613
237707
237723
237815
237938
238171
238184
238190
238228
238365
238511
238529
238668
238694
238871
239016
239051
239096
239229
239294
239573
239590
240077
240095
240141
240200
240270
240523
240526
240624
240960
240972
241138
241285
241458
241578
241594
241677
241697
241873
242185
242220
242402
242496
242516
242569
242575
242627
242664
242809
242818
242876
242927
242975
243087
243204
243206
243429
243435
243477
243589
243600
243743
243824
243847
243949
244007
244068
244070
244250
244265
244339
244447
244604
244647
244803
244816
244894
244900
245008
245026
245049
245073
245121
245217
245405
245523
245593
245724
245770
245829
245841
245920
245939
245947
246205
246240
246245
246290
246428
246551
246564
246577
246651
246854
246984
247253
247485
247571
247796
248017
248035
248040
248240
248249
248500
248794
249154
249294
249319
249458
249467
249497
249499
249566
249610
249673
249862
249881
249962
250043
250084
250085
250117
250135
250241
250247
250282
250301
250304
250468
250481
250534
250777
250784
250792
250815
250847
250905
251071
251297
251394
251400
251422
251462
251540
251542
251614
251782
251858
251866
252089
252314
252509
252598
252713
252769
252778
253012
253037
253360
253443
253447
253481
253496
253548
253588
253908
253954
253966
254032
254048
254223
254230
254266
254306
254323
254513
254744
254977
255096
255178
255331
255357
255410
255455
255568
255706
255731
256178
256186
256290
256337
256576
256678
256747
257178
257340
257410
257423
257489
257727
257792
257875
257893
257926
258000
258005
258131
258253
258421
258451
258495
258765
258861
258888
258985
259189
259429
259512
259532
259614
259819
259880
259916
260435
260490
260568
260606
260662
260768
260782
261139
261442
261472
261548
261683
261767
261779
261782
261837
261916
261917
261950
262190
262321
262387
262453
262470
262570
262585
262653
263049
263096
263099
263109
263191
263247
263260
263382
263443
263457
263631
263740
263770
263813
263845
263972
264242
264370
264489
264505
264534
264546
264570
264853
265029
265139
265215
265232
265269
265386
265455
265496
265615
265641
265668
265735
265793
266053
266066
266098
266202
266261
266273
266318
266479
266513
266586
266795
266855
266993
267071
267487
267492
267499
267507
267590
267596
267782
267824
267945
268119
268161
268261
268325
268596
268750
269138
269216
269287
269306
269484
269492
269706
269872
270050
270239
270310
270342
270367
270386
270466
270550
270582
270691
270718
270720
270761
270916
270953
271094
271324
271334
271722
271743
271896
271937
272015
272031
272104
272161
272487
272539
272560
272587
272702
272876
272974
273008
273047
273075
273226
273235
273316
273352
273384
273464
273527
273726
273803
273881
273996
274187
274245
274484
274567
274619
274950
275022
275084
275154
275380
275411
275564
275791
275898
276110
276181
276270
276459
276684
276759
276905
276946
277076
277077
277116
277297
277401
277490
277534
277565
277622
277671
277756
277918
277959
277969
277985
278076
278106
278196
278220
278268
278311
278651
278686
278722
278744
278928
279054
279261
279267
279333
279422
279424
279442
279526
279541
279601
279610
279620
279825
279828
279833
280050
280093
280106
280256
280364
280613
280645
280771
280784
280828
280837
280928
280931
281047
281245
281252
281394
281401
281513
281548
281593
281655
281787
281861
281898
282092
282122
282345
282434
282507
282970
283148
283269
283352
283391
283797
283820
283851
283865
283896
283905
283944
283953
283974
283980
283986
283994
284143
284168
284180
284190
284262
284444
284559
284637
284661
284891
284968
285320
285439
285472
285502
285539
285625
285830
285918
285969
286006
286045
286328
286352
286614
286650
286678
286881
287078
287320
287387
287397
287481
287723
287730
287766
287881
288039
288083
288120
288122
288337
288353
288424
288749
289115
289201
289554
289570
289592
289814
289904
290303
290358
290598
290731
290908
290910
290985
291223
291292
291311
291328
291474
291660
291790
292194
292211
292244
292741
292897
293315
293506
293562
293769
293975
293979
293992
294031
294222
294228
294248
294302
294380
294511
294741
294827
294952
294955
294990
295281
295519
295568
295717
295962
296042
296143
296211
296329
296456
296612
296827
296923
296981
297148
297155
297309
297341
297493
297507
297541
297562
297608
297614
297674
298180
298227
298267
298305
298334
298348
298653
298665
298692
298807
298827
298952
298961
299027
299342
299472
299515
299662
299784
299809
299831
299920
299922
300002
300032
300039
300046
300163
300520
300690
300737
300779
300855
301096
301153
301330
301395
301564
301689
301791
301797
301828
302044
302152
302223
302492
302630
303021
303247
303480
303786
303848
303979
304104
304119
304132
304284
304316
304464
304631
304669
304741
304775
304795
304823
304869
304967
304971
304998
305032
305040
305170
305238
305502
305627
305629
305702
305720
305798
305934
305965
305989
306044
306077
306092
306108
306342
306452
306573
306725
306801
306860
306875
306960
306963
307050
307141
307151
307331
307365
307371
307476
307504
307516
307518
307521
307609
307648
307704
307767
307835
307873
307903
307919
308045
308108
308124
308159
308263
308268
308283
308378
308533
308601
308901
308906
309059
309250
309318
309504
309534
309538
309843
309929
309958
309980
309999
310003
310013
310183
310308
310336
310349
310427
310463
310537
310624
310702
310847
310887
310915
310964
311025
311054
311091
311095
311238
311366
311410
311505
311624
311662
311863
311894
311895
311928
311935
311952
312009
312100
312164
312530
312607
312793
312862
312878
313023
313091
313127
313403
313406
313434
313512
313545
313614
313633
313702
313707
313919
314119
314251
314366
314574
314579
314709
314769
314838
315231
315404
315617
315742
315755
315980
316042
316095
316096
316107
316148
316177
316227
316295
316324
316372
316589
316603
316630
316681
316876
316971
316996
317045
317122
317151
317225
317241
317281
317427
317440
317495
317562
317917
318002
318022
318078
318212
318606
318701
318779
318802
319139
319334
319453
319501
319512
319631
319876
319981
319984
320124
320151
320354
320439
320526
320549
320730
320854
320908
321223
321240
321314
321464
321472
321528
321568
321892
321931
321991
322176
322188
322303
322574
322626
322854
323042
323124
323199
323261
323381
323457
323602
323702
323707
323724
323757
323896
323939
323942
323992
324059
324136
324211
324261
324350
324369
324459
324561
324570
324621
324625
324696
324731
324783
325014
325127
325159
325177
325181
325202
325208
325290
325338
325397
325685
325828
325874
325934
325952
326035
326053
326102
326135
326158
326162
326202
326205
326634
326659
326800
326879
327160
327274
327298
327712
327793
327926
327985
327990
328114
328117
328184
328324
328607
328676
328807
329247
329320
329406
329738
329929
329975
329991
330364
330528
330664
330695
330724
330751
330788
330814
330820
330950
330960
331172
331222
331297
331486
331745
331836
331947
331949
332157
332173
332231
332326
332408
332448
332516
332563
332724
332915
333461
333471
333687
333818
333911
333944
334151
334387
334427
334461
334546
334692
334989
334992
335001
335035
335126
335253
335288
335430
335445
335471
335540
335572
335704
335745
335825
336050
336307
336333
336371
336647
336691
336775
337320
337460
337688
337727
337786
337805
337927
337965
338119
338120
338234
338608
338735
338775
338867
338889
338928
339068
339085
339244
339314
339317
339344
339458
339476
339509
339586
339610
339767
339797
340172
340178
340643
340831
340836
340913
341157
341192
341317
341336
341343
341493
341543
341773
341833
341866
341870
341954
341964
342043
342075
342358
342493
342536
342667
342804
343075
343089
343169
343292
343412
343686
343846
343872
343927
344208
344291
344294
344643
344663
344966
345115
345181
345204
345268
345299
345365
345437
345520
345731
345998
346167
346175
346201
346309
346427
346465
346586
346610
346617
346660
346674
346870
346900
346912
347192
347196
347360
347384
347393
347635
347669
347850
347892
347992
348084
348088
348193
348256
348362
348456
348517
348522
348575
348653
349137
349139
349240
349381
349532
349646
349747
349774
349781
349808
349835
349854
349977
350161
350307
350321
350581
350608
350629
350673
350856
351039
351481
351568
351688
351710
351804
351855
351891
351916
351933
351954
352003
352046
352057
352161
352189
352204
352248
352296
352329
352336
352640
352720
352822
352826
352934
352989
353045
353075
353150
353210
353249
353306
353506
353677
353747
353789
354015
354016
354142
354249
354284
354301
354312
354388
354411
354740
354798
354923
354955
354976
355075
355277
355357
355358
355470
355788
355806
356129
356180
356211
356267
356315
356346
356597
356641
356683
356827
356985
356995
357011
357177
357211
357427
357430
357436
357469
357740
357749
357767
357789
357879
357957
357984
358260
358333
358450
358472
358624
358657
358786
358936
359222
359283
359286
359304
359328
359415
359674
359726
359728
359777
359867
359951
360047
360126
360188
360201
360440
360470
360556
360642
360717
360733
360745
360856
360917
360992
361120
361414
361484
361562
361612
361614
361635
361865
362064
362094
362204
362246
362522
362660
362681
362810
362857
362861
362918
362948
363032
363205
363245
363265
363280
363444
363673
363674
363683
363762
363797
364202
364209
364391
364393
364628
364685
364773
364903
364919
364951
365086
365148
365283
365377
365455
365552
365620
365637
365805
365819
366114
366326
366346
366395
366405
366860
366876
367073
367436
367636
367786
367903
368018
368196
368226
368307
368356
368665
368687
368703
368796
368902
369028
369092
369118
369162
369183
369421
369529
369625
369695
369863
369986
370007
370058
370214
370251
370367
370437
370534
370627
370738
370969
371063
371131
371140
371315
371763
371847
371857
371902
372162
372267
372471
372544
372578
372685
372691
372703
372812
372818
372854
373011
373254
373341
373350
373463
373619
373649
373705
373855
374288
374340
374361
374415
374631
374670
374675
374726
374825
374858
375088
375262
375280
375291
375302
375368
375388
375391
375424
375689
375783
375811
375831
375846
375944
375965
376196
376436
376552
376668
376688
376695
376723
376827
376941
377037
377078
377143
377559
377560
377565
377758
377905
378059
378095
378282
378328
378572
378766
378833
378862
379085
379355
379472
379486
380025
380067
380076
380090
380121
380306
380327
380385
380449
380485
380620
380834
380870
380929
381122
381296
381385
381483
381619
381654
381672
381787
381868
382055
382177
382290
382323
382453
382550
382561
382749
382867
382883
382947
382996
383121
383568
383576
383655
383853
383863
384008
384076
384194
384221
384224
384269
384328
384458
384522
384524
384549
384639
384765
384832
385101
385115
385146
385309
385424
385574
386271
386307
386606
386622
386640
386645
386829
387113
387136
387198
387279
387508
387594
387641
387761
387812
387916
387937
388010
388252
388263
388379
388471
388539
388660
388893
389104
389111
389155
389207
389314
389718
389747
389905
389933
390404
390515
390623
390661
390714
391166
391274
391285
391393
391525
391659
391702
391711
391731
391735
391919
391978
392006
392339
392415
392529
392657
392745
392872
392873
393263
393266
393365
393610
393630
393638
393759
393819
393868
393870
393984
394041
394116
394187
394195
394305
394454
394479
394520
394546
394633
394922
394950
395008
395036
395047
395060
395229
395242
395471
395528
395581
395727
395750
395988
396268
396587
396620
396631
396686
396691
396946
396977
397037
397063
397089
397313
397464
397533
397885
398008
398060
398069
398186
398237
398250
398258
398324
398381
398693
398718
398845
398919
398950
398993
399019
399314
399419
399432
399568
399774
399947
399989
400299
400352
400383
400392
400416
400694
400789
400803
400804
400873
401051
401287
401290
401390
401404
401487
401529
401557
401681
401748
401842
402005
402340
402344
402501
402711
403050
403248
403260
403301
403340
403363
403427
403539
403668
403898
403910
403990
403999
404098
404212
404256
404318
404431
404669
404704
404781
404985
404988
405072
405117
405216
405501
405624
405649
405695
405795
405820
405944
406027
406240
406397
406458
406558
406653
406714
406749
406808
407114
407251
407282
407488
407489
407532
407611
407673
407681
407687
407745
407959
408319
408320
408354
408398
408445
408476
408740
408933
408969
409008
409087
409106
409180
409230
409245
409291
409311
409353
409365
409394
409479
409508
409553
410001
410065
410303
410469
410537
410549
410640
410816
410849
410872
410940
410983
411061
411065
411089
411268
411322
411394
411539
411707
411813
411864
412086
412149
412209
412276
412501
412509
412512
412529
412531
412581
412582
412617
412674
412790
412816
413259
413868
413921
413989
414014
414143
414578
414716
414805
414813
414847
414883
414918
415055
415359
415385
415488
415523
415611
415703
415711
415716
415811
415851
416101
416278
416319
416347
416358
416416
416517
416538
416564
416631
416669
416964
416986
417032
417086
417106
417523
417634
417802
417875
417969
418062
418090
418163
418243
418292
418293
418346
418349
418360
418386
418506
418582
418707
418872
419086
419181
419255
419330
419371
419384
419543
419545
419802
419832
419846
419909
420089
420180
420235
420271
420347
420587
420772
420805
420809
420882
420922
421088
421419
421694
421701
421759
421935
421950
421985
422112
422166
422201
422320
422651
423339
423389
423527
423547
423556
423771
423805
423903
424002
424050
424082
424086
424099
424193
424220
424278
424334
424642
424675
424715
424725
424750
424802
424846
425066
425088
425268
425316
425340
425469
425502
425538
425584
425640
425667
425684
425698
425945
425978
426226
426238
426315
426677
426815
426832
426998
427060
427061
427294
427300
427475
427487
427530
427842
428181
428229
428251
428256
428273
428293
428307
428493
428610
428633
428796
429159
429313
429354
429402
429729
429833
429849
429874
430161
430189
430226
430235
430263
430370
430405
430484
430511
430542
430614
430836
430858
430915
430962
430996
431041
431049
431072
431105
431404
431434
431446
431538
431649
431750
432094
432098
432229
432297
432330
432499
432518
432617
432641
432655
432764
432772
432809
432956
433103
433242
433321
433343
433389
433462
433533
433796
434104
434183
434447
434897
434930
434956
435165
435287
435379
435453
435538
435549
435787
435809
435836
436021
436120
436302
436358
436411
436531
436596
436611
436718
437067
437252
437351
437552
437553
437712
437753
437772
437793
437846
437988
438033
438222
438300
438649
438698
438852
438974
439506
439537
439702
439788
439790
439889
440103
440104
440117
440126
440168
440238
440392
440675
440934
440941
441089
441171
441380
441383
441408
441611
441686
442087
442109
442231
442263
442321
442337
442356
442373
442385
442454
442461
442563
442683
442769
442788
442816
442868
442946
443102
443151
443183
443329
443368
443639
443672
443710
443774
443913
444130
444175
444245
444475
444649
444688
444746
444857
444885
444912
444924
445004
445065
445105
445120
445163
445168
445193
445314
445315
445463
445496
445499
445766
445992
446074
446317
446418
446798
446801
446814
446861
446908
446976
446997
447020
447220
447290
447358
447368
447423
447441
447565
447606
447649
447821
447986
447998
448105
448147
448153
448296
448396
448406
448436
448481
448675
448975
449011
449048
449069
449078
449079
449160
449285
449360
449579
449716
450020
450055
450278
450280
450458
450598
450796
451140
451393
451403
451436
451564
451935
451954
452011
452154
452478
452667
452945
453050
453065
453098
453099
453141
453185
453297
453466
453580
453626
453783
453885
453975
454004
454044
454221
454369
454403
454436
454450
454520
454543
454576
454577
454668
454698
454749
454938
454973
454981
454986
454992
455018
455063
455116
455132
455137
455205
455238
455529
455594
455703
455707
455714
455963
456002
456134
456448
456516
456582
456583
456622
456763
456788
456902
457009
457027
457060
457245
457309
457322
457384
457403
457484
457614
457765
457794
457870
457971
458202
458244
458326
458370
458831
458904
458946
458978
459094
459232
459303
459313
459315
459443
459496
459512
459557
459637
459838
459932
460002
460061
460202
460412
460460
460483
460530
460575
460588
460767
460826
461146
461225
461356
461430
461565
461613
461695
462170
462199
462210
462274
462293
462312
462391
462423
462450
462507
462652
462692
462808
462826
462851
462893
462898
462931
463031
463087
463419
463638
463727
463796
463907
463915
463951
464000
464125
464243
464270
464284
464333
464345
464491
464540
464849
464869
465129
465326
465419
465550
465595
465639
465656
465851
465862
465893
466069
466129
466314
466391
466509
466894
466944
467022
467095
467169
467188
467341
467358
467404
467608
467610
467645
467666
467742
467931
468261
468660
468729
468861
468889
469072
469123
469159
469400
469422
469445
469452
469500
469699
469805
469809
469946
470068
470167
470301
470329
470500
470508
470510
470670
470680
470773
470824
470887
470901
470915
470950
470985
471470
471649
471688
471752
471789
471919
471945
472041
472104
472218
472256
472428
472520
472654
472749
472815
472852
472880
472883
472997
473033
473242
473266
473305
473342
473562
473652
473730
473796
473797
473847
473858
474122
474213
474458
474649
474796
474869
474907
474910
474933
475175
475227
475391
475535
475679
475700
475886
475990
476102
476149
476457
476923
477027
477099
477142
477394
477472
477649
477695
477959
478059
478065
478280
478300
478704
479036
479086
479196
479308
479380
479765
479766
479773
479895
479962
480087
480443
480674
480838
480967
481216
481325
481374
481394
481406
481625
481682
481695
481840
481938
482173
482210
482212
482237
482335
482370
482389
482618
482863
482911
482966
482992
482998
483017
483088
483134
483415
483425
483636
483935
483979
484029
484034
484210
484257
484290
484386
484480
484505
484586
484644
484798
484982
484984
485086
485169
485175
485391
485467
485530
485545
485553
485583
485664
485674
485803
485902
486064
486227
486251
486334
486402
486527
486590
486596
486604
486688
486695
486876
487031
487093
487401
487511
487630
487633
487685
487821
487822
487928
487950
487957
488068
488222
488224
488240
488252
488292
488301
488386
488417
488613
488806
488843
488924
488955
488999
489211
489358
489365
489445
489617
489675
489683
489767
489789
489849
489871
489896
490193
490235
490401
490675
490811
490893
490907
491098
491370
491469
491549
491592
491617
491864
492014
492156
492490
492507
492516
492528
492570
492631
492659
492921
492931
492986
493152
493348
493514
493576
493739
494026
494031
494288
494316
494344
494349
494704
494989
495060
495121
495124
495161
495199
495307
495460
495652
495654
495701
495830
495838
495898
495965
496100
496453
496538
496619
496714
496948
496966
497069
497285
497290
497888
498064
498156
498193
498235
498264
498272
498330
498525
498556
498622
498700
498795
498853
499062
499223
499317
499392
499518
499582
500070
500139
500255
500273
500293
500524
500590
500826
501187
501190
501196
501258
501279
501382
501691
501848
501927
502073
502470
502477
502578
502638
502639
502720
502729
502740
502766
502798
502815
502885
502941
502999
503089
503140
503280
503731
503741
503850
503873
503977
504058
504069
504079
504139
504223
504384
504496
504590
504611
504708
504807
504856
504890
504906
504945
505029
505056
505067
505073
505121
505168
505411
505416
505493
505597
505598
505633
505716
505740
505892
506290
506312
506377
506419
506492
506634
506751
506825
506878
506891
507010
507040
507489
507733
507758
508093
508416
508424
508602
508634
508821
508828
508835
509180
509211
509298
509438
509490
509582
509781
509904
509928
510075
510099
510273
510343
510386
510391
511220
511226
511409
511523
511571
511602
511612
511725
511819
511897
511955
512131
512208
512327
512338
512349
512573
512683
512705
513094
513103
513169
513190
513211
513293
513399
513416
513425
513510
513837
513872
513955
514006
514016
514053
514303
514311
514340
514427
514515
514521
514617
514785
514926
514930
515006
515064
515182
515215
515239
515346
515375
515426
515589
515685
515718
515757
515795
515853
515878
515985
516049
516141
516199
516256
516421
516568
516693
516861
516867
516982
517038
517140
517252
517300
517490
517625
517780
518196
518241
518515
518572
518647
518661
518805
518870
518871
518879
518947
518997
519008
519100
519194
519704
519827
520091
520117
520236
520342
520600
520685
520687
520761
520960
520965
520969
521132
521174
521180
521193
521198
521223
521479
521558
521570
521646
521705
521753
521802
522101
522427
522489
522563
522630
522646
522673
522677
522776
522850
522882
522887
522902
523078
523336
523337
523366
523556
523698
523844
523854
523863
523886
523903
524094
524131
524140
524169
524234
524383
524667
525058
525172
525231
525275
525415
525431
525440
525450
525542
525721
525736
525789
525829
526036
526124
526179
526316
526365
526412
526466
526530
526687
526698
526718
526753
527089
527128
527232
527242
527410
527430
527498
527519
527566
527573
527704
527849
527851
527992
528113
528138
528465
528466
528972
529056
529058
529084
529174
529262
529719
529755
529797
529814
529819
530033
530136
530172
530238
530481
530535
530604
530747
530784
530887
530938
531012
531038
531267
531329
531496
531542
531779
531909
531938
532022
532103
532454
532602
532757
532773
533046
533070
533365
533412
533611
533665
533742
533953
533999
534276
534339
534577
534646
534693
534737
534812
535029
535065
535554
535637
535688
535747
535763
536109
536121
536124
536171
536341
536446
536477
536673
536821
536913
537112
537191
537381
537452
537753
537870
538163
538368
538424
538454
538507
538542
538667
538727
538745
538821
538826
538859
538864
538900
539003
539188
539309
539315
539443
539881
539953
540052
540150
540295
540470
540513
540743
540776
540915
540916
541025
541052
541137
541144
541147
541187
541191
541205
541302
541381
541453
541546
541643
541675
541684
541867
542083
542285
542327
542564
542587
542642
542710
542728
542748
542752
542760
542950
543151
543243
543268
543281
543322
543420
543484
543578
543596
543640
543754
543827
543928
543952
543968
544017
544271
544644
544675
544678
544750
544778
545061
545066
545145
545162
545413
545418
545482
545490
545557
545595
545601
545647
545685
545833
545938
546177
546222
546544
546729
546928
547100
547226
547231
547251
547278
547436
547682
547711
547861
547877
547879
547963
547990
548142
548264
548270
548429
548536
548607
548835
548877
548968
549034
549119
549207
549492
549553
549821
549922
550023
550065
550074
550086
550105
550131
550459
550495
550687
550696
550921
551147
551402
551425
551504
551537
551551
551594
551644
551706
551750
551777
551990
552067
552213
552395
552611
552659
552684
552697
552704
552846
553015
553043
553258
553355
553468
553633
553695
554039
554040
554067
554154
554207
554242
554335
554356
554361
554443
554492
554567
554640
554723
554732
554771
554828
554865
555012
555022
555054
555152
555156
555282
555408
556086
556122
556138
556378
556523
556550
556641
556700
556788
556952
557021
557077
557107
557140
557204
557329
557360
557393
557512
557749
557766
557951
557966
557999
558164
558301
558371
558438
558452
558466
558546
558661
558691
558721
558768
558812
558826
558934
558960
559532
559745
559804
559865
559979
560139
560178
560271
560288
560343
560633
560644
560653
560687
560834
560906
561048
561075
561373
561608
561687
561718
561737
562018
562128
562236
562430
563010
563263
563317
563346
563895
564110
564501
564504
564552
564606
564762
565512
565704
565726
565884
565916
566073
566466
566597
566628
566655
566787
567041
567256
567319
567483
567486
567790
567804
567867
567935
567951
568273
568322
568373
568382
568389
568530
568550
568604
568830
568883
568884
569075
569154
569183
569186
569285
569469
569569
569622
569656
569665
569731
569772
570019
570057
570332
570505
570618
570642
570713
570911
571149
571249
571370
571434
571506
571520
571533
571591
571623
571628
571777
571864
572061
572119
572212
572242
572395
572445
572505
572672
572925
573048
573060
573164
573402
573477
573553
573670
573784
573802
573941
573947
574122
574470
574493
574806
574824
575042
575085
575087
575209
575309
575395
575737
575926
576049
576051
576282
576391
576459
576515
576681
576725
576731
576747
576788
576882
576994
577175
577244
577386
577530
577620
577728
577918
577933
577955
578299
578344
578351
578379
578389
578405
578700
579158
579168
579228
579242
579261
579364
579497
579594
579667
579785
580041
580152
580369
580467
580483
580664
580665
580695
580734
580821
580884
581093
581119
581217
581265
581283
581408
581448
581489
581508
581581
581844
581951
582000
582118
582245
582303
582400
582499
582504
582533
582541
582661
582687
583005
583214
583274
583474
583612
583738
583748
583893
584158
584277
584308
584421
584460
584664
585104
585256
585537
585639
585659
585660
585689
585947
586025
586038
586112
586122
586227
586229
586388
586440
586518
586521
586715
586922
587030
587067
587648
587668
587913
587946
588229
588264
588275
588333
588384
589001
589185
589228
589427
589668
589748
589943
590070
590076
590145
590166
590356
590418
590421
590536
590542
590552
590573
590575
590619
590752
590850
590954
591026
591424
591570
591679
591717
591794
591936
592467
592575
592709
592810
592849
592888
592911
592970
592974
592987
593034
593099
593168
593203
593217
593220
593240
593269
593345
593499
593504
593612
593712
593912
593946
593966
594080
594292
594347
594458
594795
594937
595154
595284
595306
595611
595614
595844
596029
596076
596122
596268
596415
596470
596489
596533
596537
596632
596773
596796
596843
597063
597510
597551
597594
597602
597721
597908
598009
598114
598630
598633
598658
598700
598727
598746
598846
599055
599108
599248
599474
599561
599564
599718
599734
599880
599993
600148
600219
600287
600391
600437
600446
600532
600722
600851
600961
600965
601034
601105
601170
601255
601307
601325
601791
601985
601999
602210
602527
602536
602596
602828
602934
602995
603040
603063
603377
603418
603565
603642
603722
603946
603969
604205
604376
604632
604743
604853
604854
604897
604914
604925
605096
605198
605531
605770
605936
606026
606201
606319
606337
606375
606501
606625
606717
606727
606737
606798
607055
607300
607346
607395
607426
607467
607615
607813
608032
608241
608255
608416
608462
608475
608508
608534
608604
608789
608902
609060
609202
609228
609524
609670
609770
609804
610007
610191
610216
610376
610456
610475
610516
610542
610813
611102
611106
611115
611304
611340
611413
611475
611621
612954
612957
613140
613188
613331
613419
613449
613641
613672
613824
613978
613995
614132
614212
614228
614342
614350
614426
614479
614525
614540
614595
614636
614640
614924
615046
615128
615241
615375
615396
615516
615758
615875
616066
616170
616449
616583
616626
616706
616855
616909
617024
617057
617096
617178
617313
617588
617625
617797
617821
617831
617882
618182
618526
618530
618612
618676
618958
619082
619091
619203
619260
619298
619378
619405
619521
619572
619586
619779
619817
619866
620014
620032
620046
620166
620422
620555
620581
620589
620713
620795
620811
620843
620918
620949
621050
621443
621452
621713
621734
621737
621883
622064
622126
622129
622201
622217
622354
623034
623220
623221
623225
623343
623376
623618
623878
623893
623940
623998
624000
624074
624081
624299
624301
624355
624481
624633
624819
624979
625126
625165
625204
625235
625341
625349
625478
625569
625690
625750
625824
626161
626164
626236
626311
626369
626512
626541
626599
626864
627006
627132
627148
627267
627319
627478
627522
627661
627689
627809
627979
627984
628000
628218
628324
628447
628635
628981
629125
629191
629197
629281
629438
629527
629552
629553
629558
629665
629828
629835
629998
630082
630111
630132
630151
630297
630358
630383
630390
630397
630413
630503
630560
630645
630728
630868
630978
631720
631748
631825
631933
632105
632234
632282
632297
632374
632448
632492
632516
632528
632732
632782
632926
632956
632992
633051
633082
633302
633459
633735
633792
633883
633993
634182
634202
634447
634470
634537
634583
634623
634672
634711
635007
635041
635242
635352
635383
635447
635449
635666
635725
635780
635802
635891
635915
636101
636201
636223
636408
636458
636786
636912
637043
637080
637228
637321
637480
637490
637567
637625
637790
637850
637919
637940
637973
637999
638007
638113
638154
638226
638409
638704
638806
638875
639009
639193
639222
639239
639369
639525
639726
639814
639881
639889
639904
639996
640246
640406
640494
640533
640573
640918
641033
641317
641436
641538
641765
641853
641962
642026
642131
642138
642466
642486
642537
642575
642679
642777
642813
642860
643036
643149
643591
643997
644001
644031
644327
644394
644499
644540
644800
644902
645276
645283
645351
645561
645628
645639
645657
645788
646022
646029
646213
646325
646371
646541
646596
646629
646642
646790
647059
647088
647107
647498
647640
647750
647786
647860
647900
647920
647968
648238
648249
648550
648601
648637
648774
648775
649050
649163
649170
649311
649605
649640
649787
649793
649875
650056
650189
650327
650430
650507
650735
650773
650970
651131
651200
651255
651327
651332
651387
651413
651486
651532
651541
651789
651795
652288
652406
652453
652557
653035
653063
653075
653165
653186
653187
653248
653294
653299
653324
653379
653565
653868
653928
653964
653986
653998
654008
654115
654312
654356
654388
654398
654712
654824
654923
654924
654978
655171
655185
655248
655656
655674
655676
655819
655827
655846
656133
656249
656332
656692
656728
656906
656926
656943
657014
657198
657349
657352
657414
657509
657585
657638
657718
657742
658000
658048
658196
658316
658407
658507
658549
658551
658606
658985
659039
659122
659148
659154
659160
659231
659407
659435
659516
659539
659630
659801
659819
659876
660056
660077
660202
660258
660556
660682
660690
660714
660757
660973
660974
661184
661258
661283
661357
661451
661453
661456
661466
661587
661653
661733
661811
661881
661902
662007
662043
662265
662311
662338
662423
662802
662949
663037
663039
663121
663142
663348
663503
663506
663586
663631
663987
664116
664231
664235
664255
664504
664568
664584
664799
664820
664946
665024
665209
665261
665356
665364
665501
665794
666247
666336
666352
666384
666448
666711
666731
666741
666783
666956
666957
666975
667130
667431
667482
667531
667557
667780
667828
667880
668187
668276
668284
668333
668439
668490
668498
668512
668522
668671
668791
668815
669034
669141
669248
669275
669285
669297
669521
669671
670020
670103
670307
670383
670663
670783
671058
671173
671482
671523
671582
671661
671787
671801
671804
671843
671869
671906
672069
672293
672627
672688
672756
672919
672995
673203
673285
673342
673507
673945
673965
673992
674032
674210
674815
674851
675053
675057
675141
675251
675275
675426
675489
675515
675527
675597
675606
675631
675688
675768
675821
675833
676029
676090
676447
676450
676527
676536
676537
676549
676677
676751
676916
676952
677019
677044
677067
677186
677192
677271
677346
677472
677504
677511
677725
677790
677857
677861
678008
678146
678503
678529
678808
678868
678902
678939
679281
679385
679534
679649
679831
679978
680180
680484
680565
680592
680643
680653
680717
681056
681059
681071
681194
681290
681327
681409
681432
681458
681471
681510
681803
681835
682013
682018
682026
682089
682246
682375
682408
682617
682904
682925
683132
683326
683363
683404
683421
683507
683609
683642
684162
684180
684667
685144
685314
685360
685870
685900
686045
686199
686248
686263
686336
686443
686485
686534
686674
686695
686700
686864
686873
687059
687063
687218
687481
687579
687703
687737
687788
687833
687855
687865
687921
687962
687995
688016
688055
688070
688135
688281
688548
688590
688849
688935
688944
688987
689040
689111
689212
689228
689276
689310
689406
689554
689689
689708
689731
689780
690103
690130
690492
690570
690790
690857
690877
690893
690930
690952
690975
690980
691004
691058
691189
691228
691248
691452
691518
691837
692122
692287
692307
692309
692323
692354
692390
692414
692457
692523
692754
692922
693099
693262
693328
693366
693395
693409
693483
693542
693613
693683
693689
694039
694061
694153
694368
694454
694507
694514
694693
694696
694738
694794
694804
694807
694959
695113
695124
695131
695172
695322
695364
695483
695590
695673
695810
695837
695989
696141
696473
696962
697254
697261
697282
697292
697300
697357
697424
697597
697606
698015
698193
698346
698381
698502
698540
698660
698702
698750
698778
698940
698989
699099
699149
699264
699270
699348
699533
699683
699774
699788
699798
699991
700376
700381
700488
700722
700860
700905
701209
701231
701268
701298
701399
701422
701464
701469
701493
701501
701644
701734
701747
701757
701845
701856
702191
702400
702414
702594
702641
702900
703047
703157
703219
703266
703280
703285
703324
703354
703376
703454
703596
703750
703885
703925
704049
704119
704185
704194
704298
704393
704451
704546
704605
704609
704765
704773
704850
704950
705095
705246
705286
705316
705475
705591
705690
705784
705831
705934
705951
706167
706257
706282
706671
706848
706854
707033
707122
707134
707329
707382
707451
707932
708191
708405
708480
708544
708643
708691
709015
709017
709275
709323
709369
709584
709745
709933
709945
710109
710213
710292
710706
710843
710887
711206
711315
711382
711627
711704
711733
711807
711863
711885
711925
711932
712054
712421
712523
712566
712736
712851
712855
712962
712976
712985
713115
713131
713184
713260
713297
713309
713328
713376
713383
713508
713777
714031
714051
714063
714328
714359
714487
714498
714571
714636
714830
714965
715011
715207
715263
715284
715439
715831
715911
715955
716025
716067
716218
716266
716282
716370
716407
716428
716443
716578
716695
716802
716975
717056
717101
717140
717149
717184
717205
717206
717227
717385
717521
717529
717609
717610
717756
717884
717906
718105
718282
718289
718304
718439
718479
718588
718872
718885
718989
719057
719216
719418
719479
719634
719740
719942
719982
720289
720562
720625
720649
720681
720726
720799
720885
721095
721212
721372
721513
721520
721589
721602
721770
721837
721860
721973
722077
722096
722308
722358
722378
722453
722552
722660
722786
722840
723013
723037
723057
723271
723302
723353
723561
723598
723669
723798
724127
724306
724419
724526
724614
724857
724891
724897
724915
724963
725015
725070
725081
725242
725359
725616
725629
725696
725711
725730
725741
725819
725953
726130
726207
726416
726499
726746
726783
726789
726836
727123
727130
727273
727391
727396
727436
727444
727473
727516
727587
727726
727740
727744
727765
727802
727864
727930
727983
728078
728388
728390
728413
728638
728671
728816
728840
728899
728901
729128
729178
729304
729402
729502
729552
729608
729628
729793
729816
729863
729915
729933
729952
730087
730214
730354
730594
730755
730924
731014
731154
731172
731192
731231
731460
731493
731576
731590
731606
731812
731831
731876
731907
731920
731932
731973
732057
732097
732241
732431
732466
732548
732584
732604
732859
733127
733220
733251
733390
733463
733523
733671
733673
733705
733791
733830
733849
733851
734039
734075
734129
734191
734199
734314
734391
734426
734442
734507
734543
734694
734738
734922
734998
735046
735110
735162
735230
735308
735599
735653
735682
735741
735758
735820
735884
735885
735939
735941
735985
736013
736113
736405
736546
736663
736742
736851
736899
736914
737271
737427
737453
737542
737828
737856
737864
737892
738072
738578
738617
738789
738932
739076
739134
739430
739575
739628
739718
739739
739808
739810
739897
740031
740081
740097
740258
740279
740383
740434
740682
740737
740814
740938
741013
741042
741167
741279
741389
741506
741642
741681
742277
742325
742377
742435
742509
742582
742586
742652
742656
742658
742666
742693
742700
742850
742879
742885
743031
743377
743526
743644
743866
744613
744808
744813
744941
744944
744989
745148
745164
745211
745216
745320
745457
745474
745507
745556
745624
745646
745728
745842
746116
746121
746201
746280
746475
746483
746518
746613
746785
746919
746941
746959
747064
747099
747216
747223
747308
747408
747496
747564
747616
747652
747668
747792
747854
747881
747996
748085
748097
748206
748218
748266
748410
748596
748646
748771
748785
748875
749129
749143
749222
749262
749315
749516
749538
749641
749977
750003
750112
750183
750227
750312
751120
751130
751254
751461
751529
751659
751688
751755
751772
751897
752125
752356
752374
752490
752591
752614
752792
752900
752907
752908
752975
753130
753176
753283
753307
753356
753360
753410
753568
753732
753820
753912
753974
754041
754085
754125
754367
754435
754460
754489
754508
754531
754662
754898
754944
754968
754977
754984
755147
755432
755570
755610
755696
755728
755904
755925
755970
756062
756183
756197
756224
756379
756473
756478
756519
756762
757110
757187
757248
757300
757315
757353
757436
757464
757514
757568
757598
757672
757817
757821
757933
758185
758220
758249
758307
758402
758419
758621
758731
758840
758937
758965
758982
759246
759256
759269
759369
760010
760258
760326
760345
760435
760589
760638
760716
760832
760923
761188
761408
761638
761648
761701
761748
761864
761890
761909
761922
762021
762083
762089
762191
762237
762351
762469
762567
762580
762808
762829
763002
763105
763496
763518
763706
763758
763832
763877
763896
763929
763981
764131
764297
764361
764621
764756
764948
764982
765175
765261
765264
765271
765313
765376
765453
765492
765667
765772
765839
766003
766260
766270
766331
766556
766573
767388
767395
767877
767898
768201
768228
768290
768744
768772
768794
768810
768935
768937
769215
769754
769758
769926
769980
770094
770187
770240
770590
770780
770835
770895
771054
771142
771153
771174
771257
771396
771521
771598
771613
771630
771670
771702
771819
772034
772092
772114
772307
772566
772683
772713
772847
772856
773127
773133
773275
773277
773572
773591
773682
773778
773922
774003
774074
774173
774209
774280
774672
774740
774756
774784
774882
775020
775040
775276
775297
775639
775909
776216
776491
776569
776605
776852
776928
777487
777617
777631
777679
777811
778013
778060
778197
778348
778431
778456
778538
778594
778698
778823
778930
778931
778960
779146
779425
779702
779932
780209
780292
780500
780531
780553
780585
780624
780629
780872
781012
781035
781037
781038
781067
781539
781784
781795
782017
782064
782154
782202
782230
782238
782273
782305
782427
782454
782488
782633
782652
783137
783206
783478
783631
783707
783845
783918
784004
784054
784072
784111
784384
784445
784669
784728
784845
784917
784953
784998
785124
785306
785412
785492
785502
785545
785707
785946
785964
786123
786127
786265
786632
786672
786685
786828
787003
787083
787099
787562
787668
787714
787717
787771
787775
787989
788021
788038
788173
788481
788487
788548
788609
788711
788739
788759
788921
789190
789272
789431
789460
789741
789758
789992
790375
790589
790653
790659
790880
790970
791463
791543
791761
791783
791801
791997
792131
792158
792204
792571
792584
792783
792791
792884
793213
793226
793276
793450
793745
793755
793879
794012
794036
794063
794094
794189
794233
794240
794320
794385
794430
794621
794626
794735
794783
794799
795032
795055
795232
795510
795578
795583
795630
795715
795718
795843
795853
796014
796057
796346
796783
796848
797000
797011
797134
797189
797498
797567
797679
797890
797997
798050
798140
798256
798376
798413
798437
798499
798541
798579
798580
798590
798873
798911
799044
799226
799287
799581
799934
800202
800330
800454
800502
800542
800665
800678
800950
800957
801444
801470
801502
801687
801798
801903
802056
802066
802079
802101
802235
802270
802353
802398
802447
802474
802662
802766
802820
802843
802850
802894
802924
803096
803129
803207
803302
803313
803544
803550
803610
803635
803648
803753
803790
803940
804022
804059
804167
804314
804358
804505
804698
804771
805071
805150
805161
805177
805183
805336
805351
805355
805395
805498
806117
806203
806242
806405
806916
807109
807141
807217
807266
807428
807446
807643
808023
808075
808212
808291
808463
808634
808683
808834
808875
808886
808943
809079
809112
809305
809322
809346
809504
809556
809619
809703
810086
810376
810492
810515
810664
810991
811175
811278
811315
811333
811424
811445
811595
811646
811675
811688
811730
811749
811768
811805
811811
811907
811963
812049
812090
812150
812207
812341
812611
812618
812728
812784
812848
812905
813076
813192
813550
813725
813737
813766
813880
813955
813992
813994
814010
814086
814408
814599
814602
815048
815141
815178
815203
815247
815346
815377
815457
815542
815554
815574
815600
815644
815777
815856
816200
816301
816344
816365
816461
816551
816828
817024
817053
817108
817143
817282
817332
817342
817943
818023
818040
818048
818078
818103
818248
818347
818620
818640
818662
818780
819137
819151
819639
819860
819903
819958
820177
820207
820321
820332
820334
820604
820630
820716
820724
820737
820833
820980
821085
821416
821453
821480
821523
821633
821680
821901
821989
822028
822062
822066
822156
822175
822287
822414
822415
822457
822577
822682
822690
822759
822827
822913
823039
823044
823124
823425
823439
823462
823502
823605
823890
823997
824037
824342
824452
824524
824656
824690
824756
824768
825010
825070
825094
825115
825479
825524
825599
825723
825876
825885
825928
825955
825958
826028
826104
826384
826529
826779
827022
827028
827041
827161
827316
827495
827964
827971
827994
828006
828086
828132
828233
828285
828395
828717
828896
828943
828963
829023
829535
829567
829618
829708
829837
829868
830002
830052
830093
830125
830678
830703
830766
830966
831321
831408
831505
831564
831853
832045
832052
832140
832397
832459
832630
832639
832640
832654
833208
833362
833527
833600
833758
833872
834126
834178
834285
834333
834419
834481
834618
834697
834740
834869
835065
835068
835143
835291
835480
835659
835825
835859
835916
836156
836346
836373
836707
836717
836889
836936
837156
837167
837187
837285
837472
837552
837637
837658
838017
838025
838357
838521
838560
838561
838723
838814
839248
839258
839272
839394
839604
839659
839818
839840
839911
840119
840139
840406
840959
840987
841000
841007
841013
841149
841238
841245
841273
841329
841348
841405
841419
841453
841484
841505
841522
841581
841734
841920
841962
841975
842149
842208
842260
842286
842377
842393
842464
842518
842616
842622
842825
842963
843022
843037
843127
843259
843325
843428
843439
843858
844286
844537
844817
844894
844897
844898
845088
845107
845176
845251
845299
845360
845391
845465
845518
845571
845611
845820
845986
846228
846775
846793
846883
846924
846968
847005
847161
847282
847486
847523
847617
847645
847775
847787
847843
847933
848063
848073
848176
848193
848502
848763
848825
849041
849066
849103
849121
849145
849164
849204
849243
849310
849442
849937
850020
850021
850177
850268
850428
850492
850770
850975
851086
851099
851186
851244
851291
851559
851886
851974
851981
852005
852586
852667
852707
852730
852753
852826
852870
852914
852934
853061
853094
853148
853177
853182
853370
853423
853428
853436
853567
853798
853800
853980
854173
854195
854227
854256
854290
854439
854445
854501
854542
854547
854623
854744
854889
854980
855097
855235
855286
855368
855457
855514
855655
855789
855800
855819
855847
855869
855939
855944
856176
856584
856619
856620
856627
856675
856833
856879
857010
857136
857158
857176
857212
857354
857384
857439
857456
857496
857574
857650
857729
857737
857923
857929
858111
858155
858304
858452
858487
858513
858920
858937
859244
859289
859395
859429
859506
859551
859647
859739
859967
859979
860079
860169
860312
860401
860706
860792
860832
860893
860925
861266
861398
861404
861424
861473
861551
861865
862132
862154
862287
862486
862508
862519
862550
862577
863072
863080
863338
863655
863790
863955
863981
864103
864212
864302
864360
864572
864678
864889
865054
865295
865346
865380
865444
865516
865808
865833
865988
866303
866358
866496
866563
866593
866689
866710
866864
866916
867376
867464
867472
867492
867584
867619
867738
867795
867919
868276
868286
868317
868325
868345
868367
868478
868508
868623
868696
868748
868791
869024
869106
869332
869371
869414
869503
869879
869883
869884
869966
869980
869986
870104
870209
870229
870253
870318
870333
870601
870638
870728
871096
871133
871156
871268
871365
871420
871427
871492
871682
871697
871961
871990
872333
872668
872908
872995
873119
873386
873587
873765
873766
874267
874366
874402
874407
874575
874732
874746
874751
874757
874760
874856
875025
875051
875076
875205
875233
875407
875574
875731
875795
875841
875871
875915
876125
876152
876190
876267
876311
876484
876507
876511
876564
876647
876731
876758
876820
876874
877105
877148
877225
877298
877490
877536
877540
877778
877880
878071
878139
878237
878385
878559
878568
878768
878798
878806
878873
879092
879244
879269
879328
879363
879615
879644
879680
879694
879741
879899
879947
879970
879993
880042
880105
880333
880416
880611
880614
880638
880717
880778
880838
881119
881144
881162
881223
881283
881318
881377
881421
881474
881605
881708
881773
881778
881826
881917
881970
882093
882153
882205
882238
882255
882490
882695
882749
882925
882926
883153
883157
883176
883251
883447
883560
883739
883876
883901
884132
884184
884277
884316
884460
884481
884497
884504
884615
884798
884965
885014
885244
885421
885601
885631
885750
886152
886291
886342
886420
886433
886726
886822
886902
886980
887180
887213
887226
887232
887294
887357
887436
887486
887880
887921
887951
887998
888018
888195
888201
888216
888279
888283
888426
888483
888669
888848
889041
889141
889217
889245
889395
889430
889442
889477
889522
889579
889663
889682
889842
889949
889967
889973
890057
890070
890077
890235
890306
890333
890435
890443
890446
890473
890561
890631
890668
890720
890749
890776
890953
891177
891342
891384
891475
891625
891628
891706
891802
891831
892278
892465
892537
892707
892838
892963
893030
893041
893048
893143
893200
893216
893254
893287
893322
893586
893619
893690
893888
893930
894008
894023
894120
894228
894289
894384
894523
894762
894902
895029
895101
895228
895240
895358
895477
895535
895618
895801
895845
895893
895935
896024
896337
896478
896530
896531
896672
896833
896866
896894
896933
896967
897045
897134
897189
897214
897215
897219
897268
897417
897470
897528
897699
897748
897764
897898
897919
898041
898102
898263
898359
898376
898448
898558
898594
898655
898656
898769
898773
899056
899109
899132
899230
899318
899351
899439
899471
899575
899769
899960
899980
900146
900238
900504
900543
900694
900726
900739
901092
901175
901210
901513
901638
901668
901816
901822
901835
901861
901890
902062
902069
902241
902255
902266
902292
902563
902644
902783
902832
902847
902934
903028
903206
903269
903478
903866
904080
904105
904246
904280
904378
904688
905255
905267
905277
905301
905441
905599
905860
905980
906025
906408
906421
906422
906477
906696
906743
906860
906901
907003
907112
907238
907330
907567
907573
907658
907762
907792
907823
907944
908007
908029
908072
908081
908115
908153
908183
908292
908530
908718
908841
908858
908906
908917
908960
908983
908992
909079
909734
909864
909961
910037
910073
910229
910246
910295
910410
910434
910499
910520
910556
910564
910673
911132
911137
911175
911259
911326
911410
911527
911576
911802
911813
911830
911909
911970
912247
912248
912313
912507
912730
912819
912979
912984
913288
913369
913436
913467
913547
913682
913720
913764
913774
913899
913928
914006
914024
914057
914061
914101
914234
914267
914695
914958
915076
915161
915312
915331
915336
915406
915500
915505
915609
915626
915635
915640
915947
916136
916144
916169
916252
916283
916560
916653
916731
916738
916861
917062
917087
917261
917383
917428
917499
917614
917773
917959
918000
918402
918440
918560
918635
918691
918744
919026
919144
919153
919300
919446
919455
919712
919793
919823
919845
919937
919988
920126
920134
920228
920271
920352
920483
920515
920533
920593
920718
920773
920896
920967
920983
921179
921271
921316
921527
921561
921752
921914
922085
922248
922279
922347
922352
922552
922605
922647
922748
922782
922912
922942
923146
923189
923199
923207
923419
923531
923757
923827
923866
923867
923964
924100
924133
924184
924285
924343
924661
924827
924872
924893
924899
924956
924968
925178
925186
925206
925354
925556
925563
925743
925926
925958
926059
926217
926436
926437
926845
926880
927068
927338
927407
927504
927525
927635
927766
928005
928025
928167
928272
928285
928336
928347
928528
928595
928769
928806
928890
929028
929111
929360
929390
929451
929632
929770
929850
929982
930090
930234
930368
930561
930576
930669
930848
930852
930974
931025
931084
931142
931160
931225
931304
931315
931329
931577
931672
931755
931854
932084
932168
932174
932223
932416
932543
932569
932841
932867
932925
933017
933065
933275
933467
933501
933533
933603
933678
933729
933765
933846
933956
933959
934011
934038
934056
934103
934210
934298
934491
934626
934787
935172
935228
935271
935424
935456
935610
935790
935881
935898
936149
936152
936205
936382
936447
936675
936762
936867
936894
936961
936967
936981
937157
937248
937493
937497
937546
937768
937910
938309
938406
938536
938554
938792
939035
939081
939198
939539
939581
939858
940152
940260
940290
940308
940430
940475
940532
940551
940885
941018
941137
941239
941363
941485
941509
941561
941605
941675
941779
941933
941982
942020
942031
942051
942139
942191
942479
942509
942558
942679
942683
942786
942862
943035
943045
943073
943140
943220
943234
943396
943404
943469
943595
943640
943660
943713
943797
943916
943959
944019
944089
944241
944242
944316
944401
944483
944507
944615
944624
944801
944804
944818
944919
945084
945168
945174
945194
945321
945352
945621
945766
945831
945974
946148
946226
946310
946496
946511
946641
946667
946839
946956
947029
947038
947148
947162
947214
947322
947327
947350
947393
947411
947500
947539
947679
947701
947807
947994
948086
948133
948261
948520
948629
948637
948733
948735
948892
949034
949069
949124
949179
949215
949217
949585
949696
949815
949817
950042
950153
950193
950244
950394
950478
950498
950518
950632
950654
950677
950707
950774
950840
951017
951021
951035
951095
951201
951274
951329
951330
951362
951437
951654
951674
952023
952381
952497
952613
952712
952733
952905
952964
952989
953408
953453
953692
953705
953735
953930
954049
954114
954169
954327
954504
954561
954602
954820
954955
954966
955012
955237
955369
955395
955415
955519
955706
955720
955792
955894
956086
956096
956149
956162
956264
956369
956387
956402
956484
956486
956801
956898
957010
957104
957174
957347
957388
957425
957895
957979
958082
958180
958245
958273
958297
958447
958466
958505
958714
958807
958849
958979
959227
959256
959396
959542
959665
959730
959785
959866
959885
959928
959929
960072
960138
960141
960179
960248
960285
960291
960456
960588
960808
960863
961022
961029
961124
961255
961305
961464
961484
961585
961720
961948
962145
962248
962334
962384
962434
962443
962528
962579
962617
963038
963144
963565
963691
963774
963793
963821
964230
964254
964290
964379
964581
964682
964927
964940
964980
965008
965016
965133
965277
965575
965716
965938
966131
966343
966354
966379
966464
966617
966778
966813
966915
966974
967030
967093
967099
967172
967296
967368
967381
967447
967640
967646
967653
967689
967705
967826
968195
968506
968532
968600
968923
969335
969389
969406
969700
969707
969880
969925
970242
970498
970554
970633
970670
970671
970748
970789
970795
970893
971315
971432
971478
971500
971531
971657
971718
971765
972027
972155
972223
972244
972262
972302
972374
972390
972458
972729
972787
972803
972951
973360
973526
973545
973602
973752
973775
973918
973996
974176
974411
974427
974444
974522
974626
974721
974756
975058
975239
975257
975267
975446
975491
975620
975643
975659
975690
975842
975940
975961
975990
976104
976192
976215
976220
976260
976451
976716
976754
976840
976958
976968
977012
977071
977093
977158
977250
977346
977364
977804
977914
978121
978127
978206
978276
978461
978516
978590
978899
978954
978975
979074
979076
979099
979242
979314
979351
979430
979450
979464
979538
979545
979591
979756
979757
979790
979872
979919
980095
980395
980442
980554
980568
980727
980827
980946
981120
981172
981224
981240
981752
981867
981894
981968
982013
982077
982146
982165
982246
982420
982435
982596
982624
982679
983029
983051
983061
983188
983286
983629
983734
983753
983835
983870
983946
983975
984146
984300
984302
984412
984599
984605
984911
984916
984950
984951
984958
985373
985441
985445
985505
985521
985547
985613
985627
985758
985789
985795
985865
985898
986044
986124
986282
986500
986534
986711
986763
986819
986828
986903
987183
987188
987228
987300
987302
987333
987381
987507
987676
987724
987819
987830
987890
987904
988302
988318
988350
988559
988607
988627
988709
989077
989125
989131
989314
989626
989718
989821
989908
990000
990182
990236
990388
990609
991035
991151
991309
991375
991527
991581
991840
991848
991860
991886
991935
991990
992075
992161
992166
992338
992342
992367
992552
992633
992636
992686
992972
993048
993170
993214
993593
993671
993862
993884
993905
993918
994123
994259
994264
994274
994593
994761
994809
994874
994890
995012
995113
995134
995345
995460
995573
995980
996048
996300
996396
996586
996658
996772
996789
996919
997181
997499
997571
997654
997733
997816
997819
998180
998229
998582
998748
999058
999068
999282
999359
999365
999404
999642
999745
999789
999961
