8
119
172
304
344
373
447
700
911
1209
1220
1382
1424
1532
1699
1717
1812
1937
2044
2157
2282
2494
2507
2564
2854
2865
2897
2925
3070
3115
3131
3134
3243
3250
3317
3779
3889
3944
4252
4261
4284
4390
4462
4511
4553
4635
4674
4678
4683
4685
4947
5037
5043
5113
5173
5238
5346
5564
5683
5773
5783
5824
5898
5963
6011
6056
6144
6265
6357
6638
6656
6703
6767
6780
6791
6865
7135
7235
7509
7518
7522
7559
7573
7668
7763
7952
8034
8105
8267
8375
8390
8595
8666
8694
8891
9121
9147
9311
9318
9341
9347
9682
9719
9732
9882
9886
9913
10175
10209
10393
10484
10573
10737
10911
11012
11346
11356
11361
11400
11526
11800
11811
11823
11838
11941
11949
12000
12053
12118
12204
12241
12301
12415
12460
12530
12534
12576
12675
12851
13024
13053
13335
13497
13522
13839
13969
13997
14060
14085
14183
14272
14387
14416
14449
14487
14580
14592
14733
14764
14776
14826
15254
15350
15376
15540
15622
15800
16262
16411
16523
16555
16604
16730
16766
16894
16938
17166
17206
17218
17440
17656
17662
17695
17737
17778
17808
17831
17902
18048
18052
18124
18145
18304
18317
18355
18448
18454
18527
18536
18553
18935
19070
19072
19097
19215
19322
19396
19795
19962
20146
20254
20405
20436
20508
20554
20687
20721
20878
21073
21256
21285
21354
21378
21439
21740
21825
21920
21930
22028
22200
22204
22510
22608
22808
22955
22981
22990
23090
23126
23168
23182
23190
23347
23362
23384
23388
23430
23494
23509
23568
23592
23650
23662
23691
23738
23792
23837
23859
23879
24034
24089
24366
24487
24557
24710
24765
24955
24974
25034
25129
25246
25285
25300
25319
25331
25387
25428
25586
25826
25965
26054
26183
26372
26463
26566
26710
26776
26864
27154
27314
27345
27354
27452
27489
27499
27511
27590
27607
27661
27810
27878
28050
28075
28223
28337
28395
28409
28474
28674
28868
29054
29184
29509
29544
29637
29675
29950
30205
30324
30485
30511
30576
30675
30781
30893
30989
31033
31051
31211
31427
31663
31665
31720
31723
31726
31734
31843
31857
32114
32132
32187
32220
32353
32550
32565
32821
33071
33093
33250
33329
33433
33438
33485
33510
33519
33530
33676
33764
33818
33882
33916
33992
34108
34123
34239
34253
34257
34441
34613
34648
34768
35152
35164
35292
35299
35352
35486
35537
35784
35875
36100
36210
36225
36250
36274
36331
36334
36617
36656
36671
36678
36719
36845
36999
37010
37021
37041
37069
37316
37331
37384
37389
37437
37694
37784
37811
37953
37967
38106
38108
38159
38214
38275
38343
38641
38740
38892
39094
39191
39299
39397
39547
39583
39805
39827
39941
40014
40338
40687
40725
40735
40780
40785
40999
41103
41382
41584
41728
41746
41748
41750
41849
42315
42388
42446
42459
42573
42581
42615
42701
42713
42731
42786
42884
42915
42973
43051
43181
43244
43251
43288
43385
43520
43553
43587
43769
44052
44119
44151
44200
44248
44255
44291
44492
44860
44971
45014
45022
45184
45239
45242
45278
45318
45337
45459
45529
45718
45728
45741
45837
45873
45883
45923
45958
46178
46364
46390
46633
46691
46776
46801
46872
46915
46955
47114
47166
47472
47489
47497
47517
47522
47797
47879
47981
47982
48013
48073
48247
48250
48332
48549
48614
48694
48763
48769
48969
49070
49111
49145
49146
49166
49193
49388
49531
49582
49637
49658
49672
49804
50156
50178
50300
50485
50504
50688
50835
50865
50916
51116
51135
51164
51186
51194
51331
51438
51464
51510
51529
51843
51939
52394
52440
52561
52562
52630
52666
52905
52994
53101
53208
53273
53293
53323
53419
53464
53683
53770
53816
54006
54159
54210
54320
54355
54439
54815
54912
54935
55073
55261
55424
55552
55561
55648
55819
55895
55952
56006
56069
56104
56141
56209
56280
56414
56501
56688
56751
56765
56831
56906
56929
56994
57019
57181
57207
57248
57388
57730
57853
58045
58047
58129
58138
58371
58395
58437
58566
58675
58690
58841
59002
59107
59301
59315
59405
59752
59768
59769
59845
60314
60356
60357
60446
60519
60613
60743
60783
60857
60956
61196
61323
61415
61417
61479
61521
61615
61669
61917
62051
62140
62155
62174
62214
62428
62466
62621
62870
63075
63109
63125
63179
63214
63372
63571
63666
63671
63826
63978
63989
63997
64106
64133
64188
64244
64410
64443
64636
64646
64659
64672
64693
64726
64748
64862
64983
65053
65056
65294
65435
65492
65898
65913
66000
66078
66207
66309
66351
66422
66525
66550
66574
66618
66869
67039
67548
67568
67602
67866
67889
67906
68118
68184
68326
68494
68506
68580
68600
68668
68675
68677
68725
68793
68827
68959
68971
68983
69005
69026
69048
69071
69148
69150
69366
69368
69422
69527
69577
69860
70088
70710
70988
71017
71126
71187
71255
71510
71742
71884
71918
71939
71999
72040
72085
72138
72142
72275
72290
72299
72316
72354
72361
72438
72568
72737
72972
73056
73214
73559
73575
73658
73706
73720
73750
73753
73841
73849
73887
73938
74045
74170
74197
74242
74450
74484
74755
74789
74953
75054
75064
75657
75667
75729
75791
75961
76002
76098
76332
76386
76442
76487
76529
76541
76647
76712
76824
76969
76980
77220
77336
77469
77507
77537
77571
77818
77872
77919
77946
78302
78307
78313
78336
78546
78596
78599
78730
78742
78926
79062
79091
79134
79193
79285
79426
79500
79512
79655
79660
79777
79790
79869
79930
80129
80384
80450
80484
80553
80653
80678
80846
81077
81254
81281
81338
81504
81701
81711
81786
81968
82259
82295
82351
82488
82518
82563
82798
82854
82904
82917
83038
83043
83328
83356
83391
83462
83488
83534
83556
83565
83781
83972
83992
84044
84418
84426
84431
84517
84659
84669
84691
84720
84724
84771
85016
85064
85229
85484
85490
85508
85560
85715
85797
85805
85853
86000
86224
86263
86272
86399
86483
86585
86593
86869
87202
87219
87278
87533
87540
87724
87819
88028
88394
88449
88532
88643
88692
88820
88961
88981
89044
89233
89264
89289
89338
89354
89403
89439
89704
89901
89979
89984
90059
90116
90179
90345
90428
90463
90468
90651
90656
90737
90760
90865
90959
91065
91071
91086
91158
91184
91225
91251
91263
91269
91288
91307
91311
91446
91469
91588
91618
92176
92218
92310
92433
92644
92763
92803
93037
93052
93084
93275
93336
93403
93419
93471
93601
93632
93699
93754
94073
94239
94293
94317
94492
94502
94776
94874
94913
94914
95024
95150
95152
95229
95249
95391
95447
95508
95715
95728
95845
95898
95932
96017
96036
96040
96069
96147
96168
96363
96373
96449
96618
96646
96699
96724
96734
96767
96788
96942
96965
97311
97416
97586
97728
97827
97840
97850
97872
97933
97986
98136
98156
98209
98275
98318
98445
98575
98576
98683
98687
98699
98740
98744
98755
98873
98974
99096
99244
99304
99398
99671
99768
99784
99883
100634
100653
100773
100809
100816
100893
100973
101087
101092
101094
101111
101180
101206
101364
101595
101650
101660
101760
101788
101816
102088
102113
102117
102249
102280
102411
102445
102506
102519
102634
102687
102819
102830
102846
102861
102971
103081
103147
103183
103722
103851
104010
104336
104352
104637
105035
105362
105469
105471
105487
105614
105811
105851
105860
105881
105937
105941
105957
105965
106121
106422
106491
106583
106597
106606
106636
106781
107150
107188
107255
107261
107325
107447
107558
107754
107925
108239
108338
108450
108770
108871
108944
109094
109233
109327
109571
109647
109837
109969
110124
110125
110225
110411
110469
110829
110921
110931
110998
111006
111243
111334
111577
111591
111728
111772
111875
112034
112331
112536
112664
112746
112835
112840
113469
113482
113488
113586
113594
113665
113717
113721
113933
114023
114252
114568
114658
114679
114701
114739
114910
114955
115125
115264
115416
115900
115905
116196
116210
116215
116309
116375
116405
116529
116634
116748
116771
116791
116828
116831
117055
117111
117126
117146
117179
117482
117545
117548
117562
117641
117673
117789
118077
118229
118429
118439
118542
118583
118692
118772
118776
119200
119206
119229
119653
119663
119820
119846
119990
120306
120379
120395
120584
120647
120719
120784
120854
120900
120958
120966
121015
121037
121087
121091
121373
121430
121598
121791
121853
122031
122060
122104
122107
122168
122213
122270
122314
122469
122967
122975
122981
123069
123088
123097
123498
123743
123830
124070
124137
124209
124277
124325
124327
124366
124422
124478
125053
125126
125227
125314
125381
125409
125531
125754
125933
126139
126224
126318
126356
126379
126631
126685
126963
127004
127139
127432
127496
127518
127724
127993
128053
128345
128475
128509
128547
128642
128697
128721
128765
128814
128921
129085
129160
129528
129621
129743
129808
129844
130026
130109
130209
130213
130235
130252
130270
130357
130368
130630
130727
130827
130902
130961
131081
131082
131101
131253
131273
131327
131367
131446
131461
131645
132184
132201
132203
132268
132441
132799
132807
132976
133124
133302
133359
133378
133382
133545
133578
133714
133781
133789
133790
134079
134090
134140
134236
134247
134366
134383
134414
134460
134895
135174
135282
135470
135765
135893
135946
135978
136011
136026
136125
136129
136270
136367
136572
136678
136871
137130
137224
137310
137424
137643
137762
137772
137805
137972
138091
138170
138198
138210
138249
138356
138467
138508
138540
138728
138737
138811
138902
138912
138973
139025
139170
139278
139473
139543
139595
139895
139898
139910
139981
140095
140226
140279
140292
140446
140634
140837
140950
141007
141050
141105
141183
141197
141278
141365
141373
141376
141462
141873
141957
142026
142063
142071
142102
142110
142233
142317
142346
142446
142449
142604
142744
142835
142857
142995
143013
143020
143023
143071
143133
143139
143352
143382
143695
143811
143838
143870
143912
143987
144087
144114
144118
144206
144244
144263
144457
144511
144626
144662
144801
144929
144956
144964
145083
145167
145270
145275
145330
145367
145403
145423
145564
145569
145651
145843
145886
145916
145963
146244
146299
146441
146636
147016
147052
147059
147156
147193
147271
147646
147757
147833
147914
148048
148081
148365
148455
148555
148599
148668
148678
148724
148765
149006
149288
149308
149332
149436
149568
149579
149846
149874
149918
149944
150108
150274
150307
150324
150486
150504
150537
150676
150696
150930
150946
150986
151043
151087
151164
151269
151395
151546
151572
151643
151817
151849
151880
151919
152080
152173
152233
152310
152397
152467
152524
152566
152613
152706
152713
152724
152760
152805
152877
152947
153132
153424
153434
153797
154022
154043
154126
154142
154269
154280
154438
154457
154632
154744
154752
154773
154797
154860
154862
154877
155095
155223
155440
155575
155777
155848
155851
155855
156046
156090
156264
156353
156358
156493
156693
156696
156790
156827
156875
156997
157132
157151
157501
157538
157576
157730
157778
157913
157924
157998
158069
158179
158393
158591
158728
158807
158838
158900
159015
159060
159183
159265
159282
159306
159455
159504
159505
159825
159898
159909
159928
159964
160124
160159
160218
160267
160507
160546
160673
160682
160712
160922
161239
161256
161287
161301
161373
161602
161703
161791
161827
161870
162249
162271
162387
162531
162684
162735
162744
162841
162868
163041
163141
163162
163248
163252
163417
163604
163856
164020
164026
164039
164296
164327
164694
165074
165075
165085
165187
165282
165386
165436
165497
165617
165623
165694
165710
165723
165777
166108
166119
166144
166195
166256
166265
166357
166571
166812
166860
166870
166960
166995
167101
167211
167611
167669
167706
167867
167933
167949
168211
168444
168551
168768
168851
168861
168990
169057
169064
169065
169259
169269
169308
169665
169893
169961
170012
170060
170333
170391
170476
170515
170553
170807
170887
170956
171016
171161
171164
171190
171195
171443
171578
171629
171641
171824
171894
171997
172049
172122
172130
172148
172225
172265
172353
172416
172597
172657
172662
172686
172776
172785
173008
173157
173245
173293
173399
173517
173531
173565
173664
173695
173857
173876
173911
174050
174057
174058
174086
174300
174491
174533
174745
174900
174967
175051
175173
175226
175342
175375
175506
175597
175697
175894
175967
176049
176096
176160
176484
176604
176647
176746
176980
177148
177249
177476
177502
177552
177630
177664
177734
177783
177847
177912
178159
178240
178291
178523
178542
178772
178833
178847
178890
178933
178949
179084
179203
179217
179271
179419
179530
179557
179601
179699
179769
179854
180047
180058
180110
180177
180396
180450
180578
180638
180685
180745
180873
180935
180982
181178
181311
181473
181794
181797
182093
182277
182319
182365
182764
182799
182846
182858
182898
182932
183163
183198
183216
183236
183263
183490
183883
183903
184051
184082
184143
184181
184323
184395
184455
184522
184550
184568
184687
184898
184976
184997
185154
185278
185353
185458
185738
186031
186148
186338
186355
186377
186442
186527
186658
186680
186716
186849
187122
187361
187952
188005
188117
188509
188521
188900
189081
189114
189233
189595
189602
189766
189895
190011
190013
190196
190202
190210
190276
190336
190350
190411
190455
190655
190765
190997
191047
191382
191395
191415
191421
191606
191688
192069
192105
192137
192201
192220
192227
192407
192549
192611
192620
192749
192889
193106
193113
193294
193379
193402
193443
193488
193489
193526
193646
193739
193918
193993
194150
194193
194355
194378
194770
194927
195348
195498
195703
195828
195918
195926
195985
196175
196292
196368
196538
196603
196714
196865
196922
196973
197003
197021
197098
197103
197172
197278
197299
197522
197652
197717
197761
197933
197975
198346
198516
198629
198735
198801
198807
198874
198903
198930
199008
199043
199103
199115
199260
199326
199385
199583
199768
199833
199913
199914
199998
200025
200035
200078
200242
200301
200334
200414
200681
200731
200745
200952
201020
201025
201026
201151
201250
201297
201385
201399
201488
201576
201659
201666
201685
201720
201892
201955
202157
202185
202346
202609
202612
202620
202621
202726
202728
202956
202994
203117
203580
203625
203654
203849
203872
204173
204246
204313
204337
204647
204653
204752
204804
204833
205096
205223
205394
205407
205906
206182
206199
206492
206711
206787
206807
207051
207135
207359
207441
207467
207498
207530
207600
207858
208029
208147
208151
208217
208624
208706
208766
208822
208970
209044
209224
209227
209294
209632
209656
209674
209741
209749
209842
210034
210119
210148
210175
210180
210448
210689
210793
210891
211028
211106
211115
211326
211476
211501
211554
211729
211763
211768
212045
212147
212275
212313
212374
212417
212656
212740
212805
212877
213085
213112
213149
213161
213622
213819
213904
213972
214154
214291
214514
214727
214834
214886
214917
214932
215108
215116
215120
215291
215485
215500
215574
215599
215728
215928
216019
216023
216032
216066
216229
216271
216321
216370
216423
216501
216573
216583
216876
216907
217155
217267
217488
217533
217552
217564
217643
217995
218011
218059
218139
218208
218304
218307
218332
218384
218546
218603
218621
218627
218713
218970
219107
219109
219388
219417
219571
219604
219752
219881
220111
220182
220223
220239
220411
220465
220923
221111
221179
221300
221544
221767
221836
221879
221882
221893
222165
222369
222387
222400
222470
222654
222677
222889
222904
222964
222989
223110
223138
223493
223514
223520
223589
223633
223647
223809
224163
224307
224316
224348
224375
224761
224984
225064
225135
225136
225202
225329
225413
225557
225718
225985
226050
226060
226225
226318
226448
226599
226842
226870
227144
227262
227269
227275
227315
227410
227422
227527
227660
227853
227871
227963
227986
228101
228107
228150
228312
228362
228594
228854
228857
228863
228954
229045
229097
229316
229461
229521
229749
230063
230084
230092
230121
230157
230201
230278
230417
230530
230595
230648
230674
230738
230767
230915
230922
231035
231685
232093
232119
232316
232364
232382
232501
232827
232842
233188
233343
233379
233452
233611
233669
233671
233974
234006
234118
234191
234275
234355
234381
234675
234780
234889
235082
235111
235266
235647
235650
235665
235700
235730
235762
235772
235790
235836
235902
235905
235920
236126
236151
236165
236182
236208
236443
236474
236619
236672
236687
236750
236910
236911
236913
236920
237001
237047
237139
237214
237238
237510
237647
237810
238074
238103
238106
238187
238260
238495
238558
238585
238894
238921
239118
239276
239428
239571
239639
239765
239870
239913
240050
240066
240088
240204
240229
240238
240324
240450
240492
240505
240592
240734
240761
240895
240896
240965
240969
241152
241181
241199
241322
241337
241343
241381
241595
241693
241724
241799
241991
242047
242208
242257
242264
242400
242424
242447
242485
242513
242514
242592
242713
242722
242737
242815
242925
242976
243054
243068
243076
243078
243255
243262
243478
243553
243629
243737
243803
243832
243842
243934
244204
244267
244768
244809
244892
244924
245086
245091
245104
245152
245284
245401
245535
245586
245611
245637
245687
246187
246363
246479
246521
246553
246575
246637
246645
246705
246939
246952
247034
247276
247341
247349
247868
247940
247948
248103
248541
248552
248626
248640
248642
248713
248868
249035
249096
249110
249581
249642
249692
249780
249784
249995
250005
250033
250079
250124
250184
250393
250404
250498
250919
251013
251120
251274
251288
251339
251452
251776
251786
252120
252361
252375
252606
252616
252622
252828
252951
252978
253148
253196
253334
253473
253566
253910
254014
254182
254249
254376
254436
254825
254881
254907
254948
255317
255341
255622
255776
256025
256078
256192
256415
256859
256950
257188
257274
257297
257358
257395
257454
257471
257502
257519
257801
257824
257917
257919
257925
257929
257982
258013
258160
258207
258375
258395
258447
258542
258589
258754
258841
258908
258910
258956
259021
259147
259302
259437
259456
259469
259494
259557
259558
259747
259885
259888
260020
260174
260228
260235
260241
260360
260566
260627
260763
260821
260872
260874
260880
261225
261325
261373
261415
261604
261621
261988
262025
262345
262377
262435
262505
262526
262558
262617
262646
262988
263033
263220
263241
263579
263604
263959
264087
264137
264289
264299
264352
264390
264419
264435
264514
264526
264628
265045
265208
265251
265430
265480
265559
265740
265812
265826
265856
265891
266279
266370
266377
266429
266538
266608
266618
266651
266715
266716
266723
266734
267046
267115
267198
267497
267505
267729
267858
267916
268058
268171
268229
268255
268298
268310
268392
268474
268475
268528
268539
268620
268623
268732
268743
268830
268856
269015
269161
269277
269542
269596
269597
269701
269902
269914
270074
270194
270347
270438
270470
270472
270490
270506
270512
270668
270726
270946
271046
271125
271149
271192
271202
271443
271519
271653
271706
271764
271765
271788
271981
272045
272194
272242
272252
272346
272363
272569
272589
272690
272734
272771
272905
273179
273427
273549
273586
273676
273703
273974
274072
274084
274101
274107
274223
274261
274322
274392
274571
274586
274678
274685
274820
274836
274992
275100
275108
275157
275628
275649
275819
276084
276221
276289
276323
276432
276503
276545
276570
276791
277062
277088
277096
277101
277361
277376
277435
277449
277456
277475
277517
277718
277851
277907
277973
277984
278006
278160
278229
278292
278357
278474
278688
278786
279009
279070
279157
279769
279955
279962
279971
280057
280149
280157
280537
280551
280570
280855
280946
281052
281092
281104
281337
281605
281644
281803
281860
282172
282269
282286
282449
282521
282547
282559
282744
282811
282826
282864
282993
283048
283458
283465
283675
283699
283769
283778
283870
284134
284183
284301
284310
284465
284589
284699
284884
284901
284942
285025
285306
285339
285393
285394
285521
285635
285723
285776
285863
286048
286096
286196
286391
286522
286539
286598
286619
286753
286769
287053
287072
287155
287165
287297
287572
287609
287644
287669
287713
287714
287728
287857
288069
288229
288299
288323
288330
288462
288567
288629
288697
288768
288823
289023
289079
289449
289546
289921
290270
290300
290430
290472
290498
290627
290699
290704
290799
291308
291803
291810
291856
291910
292144
292183
292254
292392
292443
292537
292566
292588
292608
292700
292707
292781
292809
292835
292846
292942
293046
293115
293152
293205
293444
293497
293750
293813
294052
294218
294343
294405
294468
294480
294829
294871
294927
295103
295121
295154
295168
295208
295249
295448
295458
295504
295527
296032
296039
296192
296201
296218
296339
296498
296658
296693
296746
296848
296870
296898
297006
297335
297395
297487
297866
297916
297968
298018
298045
298183
298279
298353
298367
298406
298539
298574
298844
299124
299214
299270
299271
299292
299333
299343
299363
299431
299443
299612
299614
299731
299757
299810
299876
299887
299921
300004
300109
300148
300155
300191
300249
300282
300614
300727
300741
300849
300886
301084
301167
301197
301201
301381
301426
301721
301754
301857
301936
302019
302458
302593
302597
302750
302813
303378
303540
303553
303580
303598
303616
303657
303929
304052
304167
304198
304468
304479
304718
304772
304937
305000
305005
305010
305287
305376
305446
305451
305712
305809
306072
306364
306399
306476
306490
306546
306625
306634
306781
306849
306998
307002
307256
307279
307304
307309
307397
307532
307653
307658
308061
308111
308370
308377
308400
308405
308444
308455
308568
309161
309424
309641
309761
309866
310242
310425
310562
310618
310855
310884
310901
310916
311033
311135
311179
311282
311325
311372
311398
311541
311724
312088
312202
312230
312305
312410
312460
312682
313218
313224
313268
313350
313435
313680
314114
314233
314868
314926
314959
315198
315676
315725
315819
315824
315872
315904
315934
316178
316239
316286
316462
316732
316746
316842
316849
317004
317141
317299
317343
317532
317625
317709
317849
318009
318255
318376
318505
318622
318646
318681
318709
318781
318949
318986
319024
319295
319502
319504
319620
319648
319806
319873
320178
320336
320561
320562
320643
320728
320775
320951
321085
321170
321250
321270
321305
321434
321443
321468
321639
321702
321827
321937
321941
321979
322083
322121
322122
322138
322221
322226
322305
322385
322424
322535
322577
322622
322790
322821
322968
323088
323225
323361
323363
323390
323485
323717
323828
323899
324002
324249
324288
324422
324433
324456
324490
324691
324750
324838
324888
325137
325489
325629
325634
325646
325676
325835
325915
325944
326001
326070
326111
326139
326639
326742
326768
326770
326771
326872
326891
326954
326964
326972
326977
327010
327063
327130
327145
327194
327264
327277
327402
327602
327876
328018
328020
328183
328196
328340
328429
328474
328571
328779
328904
328931
329054
329058
329154
329186
329252
329422
329456
329645
329704
329731
329829
329869
329977
330034
330562
330774
330867
330914
330929
330993
331088
331180
331215
331227
331443
331681
331725
332067
332395
332436
332524
332573
332656
332685
332691
332707
332732
332863
333050
333062
333081
333296
333319
333335
333348
333458
333502
333737
333739
333748
333820
333829
333924
333951
334199
334221
334308
334327
334329
334529
334586
334620
334684
334725
334758
334791
335114
335144
335189
335209
335466
335624
335710
336081
336275
336306
336504
336535
336612
336765
336777
336833
336889
337089
337166
337382
337442
337568
337873
337883
337885
337955
337981
338013
338257
338379
338393
338425
338468
338526
338572
338624
338751
338878
338881
338995
339132
339479
339523
339742
339939
339944
340049
340102
340261
340319
340353
340425
340644
340719
341327
341469
341483
341889
341946
341985
341989
342000
342036
342079
342366
342634
342661
342737
342933
342985
343086
343167
343201
343377
343482
343627
343789
343830
343844
343956
343969
344038
344049
344091
344184
344312
344325
344400
344517
344578
344579
344778
344865
344987
345059
345078
345080
345135
345199
345430
345469
345574
345579
345601
345686
345871
345893
345957
345975
346041
346060
346156
346300
346561
346609
346616
346643
346650
346744
346858
346916
346921
346996
347001
347010
347048
347210
347229
347265
347485
347520
347713
347822
347913
347949
348033
348071
348211
348326
348357
348487
348521
348851
348873
348919
348961
348993
349519
349676
349721
349809
349830
349995
350162
350252
350399
350575
350614
350622
350809
350831
350883
350893
350913
351093
351112
351129
351191
351354
351452
351473
351484
351491
351870
351876
351942
351998
352239
352262
352322
352353
352361
352451
352534
352709
352834
352885
352908
352982
353026
353114
353146
353396
353594
353652
353846
354023
354174
354181
354248
354518
354549
354598
354696
354804
354932
355064
355078
355092
355189
355221
355333
355525
355578
355856
355885
356130
356134
356196
356217
356313
356329
356340
356545
356749
356816
356931
356957
356982
357016
357045
357081
357132
357199
357240
357271
357328
357386
357439
357572
357684
357954
358148
358264
358546
358682
358706
358859
358970
359002
359007
359126
359230
359356
359441
359485
359505
359662
359708
359766
359767
359903
360222
360376
360442
360550
360818
361014
361198
361528
361585
361652
361676
361730
361835
361880
362007
362008
362200
362346
362396
362546
362583
362728
362831
362934
362981
363021
363462
363561
363714
363715
363863
363865
364079
364717
364718
364776
364813
364960
365136
365408
365433
365473
365675
366141
366187
366546
366642
366647
366760
366920
367044
367314
367487
367597
367617
367839
367886
367965
367988
368201
368295
368304
368346
368578
368615
368688
368701
369221
369255
369407
369518
369975
370016
370036
370070
370075
370089
370114
370392
370481
370526
370777
370934
370961
371025
371044
371291
371454
371606
371619
371637
371840
371862
371968
372007
372078
372389
372403
372474
372535
372601
372627
372683
372764
372768
372968
373063
373065
373136
373368
373481
373493
373512
373654
373673
373712
373731
373777
373790
373811
373875
373926
374177
374236
374290
374310
374420
374426
374517
374539
375027
375091
375107
375216
375231
375370
375411
375765
375888
375954
376028
376114
376456
376489
376570
376573
376692
376859
376860
377112
377216
377337
377347
377381
377396
377415
377589
377600
377753
377836
377837
377847
378297
378461
378462
378530
378603
378617
378877
379025
379362
379475
379517
379526
379614
379698
379747
379748
379881
380064
380123
380460
380470
380515
380645
380772
380783
380836
380863
380950
381089
381130
381213
381215
381226
381233
381402
381608
381657
381756
381783
381887
381935
382030
382080
382117
382123
382183
382279
382436
382565
382593
382641
382850
382863
382866
382878
382934
383047
383304
383355
383552
383563
383565
383585
383914
383924
384000
384068
384130
384142
384341
384557
384573
384883
384884
384994
385030
385047
385050
385391
385422
385442
385498
385688
385693
385772
385782
386059
386069
386139
386174
386423
386582
386623
386909
387014
387164
387383
387655
387725
387779
387825
387907
387977
387998
388098
388108
388144
388165
388194
388439
388663
388811
388915
388935
388990
389018
389042
389143
389265
389274
389304
389371
389396
389428
389485
389491
389546
389686
389788
389819
389820
390065
390557
390603
390689
390743
390915
391049
391108
391163
391209
391327
391499
391587
391606
391625
391763
391798
391851
391900
391924
391938
392013
392143
392354
392469
392520
392523
392654
393012
393129
393235
393247
393413
393600
393705
393796
394068
394074
394337
394412
394685
394724
394733
394744
394849
394970
395281
395350
395537
395608
395665
395740
395829
395907
395972
396039
396338
396484
396701
396868
396954
396980
396993
397036
397052
397101
397172
397186
397295
397320
397623
397731
397750
397837
397882
397938
398217
398280
398343
398402
398459
398918
398938
398975
398991
398998
399312
399353
399391
399411
399750
399981
400017
400022
400058
400159
400170
400178
400189
400463
400675
400807
400814
400925
400981
401069
401070
401074
401087
401148
401173
401197
401410
401484
401588
401611
401644
401721
401782
401841
401851
401855
401873
402070
402288
402393
402434
402689
402812
402948
403053
403063
403265
403599
403625
403738
403788
403925
403993
404072
404201
404213
404214
404240
404283
404405
404710
404715
404871
404893
404913
404917
405070
405133
405193
405198
405205
405286
405305
405809
405969
406121
406286
406311
406615
406667
406864
407284
407381
407500
407629
407640
407668
407778
407781
407808
407916
408130
408242
408307
408322
408400
408448
408459
409350
409444
409631
409632
409659
409713
409857
409891
410223
410225
410354
410531
410539
410544
410608
410611
410715
410770
410912
410973
411062
411237
411255
411335
411426
411477
411835
411899
412154
412286
412305
412365
412393
412412
412669
412765
413336
413350
413443
413688
413764
413767
413787
413926
413996
414023
414069
414211
414423
414626
414646
414682
414851
415096
415120
415290
415470
415675
415685
415718
415720
415892
415921
416223
416273
416343
416456
416488
416656
416761
416882
416892
416901
416930
416970
417002
417354
418169
418469
418481
418522
418592
418621
418828
418860
419054
419328
419414
419454
419493
419538
419597
419641
419649
420010
420018
420140
420168
420240
420314
420511
420804
421146
421239
421347
421352
421368
421370
421443
421537
421538
421564
421613
421679
421695
422189
422289
422312
422397
422432
422530
422579
422580
422655
422663
423100
423151
423208
423345
423622
423781
423824
423825
423887
424326
424463
424617
424712
424781
424886
424970
425580
425953
425982
425984
425986
426111
426135
426155
426162
426407
426432
426604
426850
426925
426977
427064
427079
427304
427388
427404
427451
427514
427673
427736
427737
427763
427862
427887
427893
428049
428123
428154
428302
428326
428424
428448
428591
428717
428810
428917
428924
429095
429176
429373
429425
429454
429546
429574
429706
429749
429761
429870
429901
430070
430172
430239
430490
430556
430613
430648
430677
430920
430946
430989
431024
431032
431230
431256
431286
431296
431332
431425
431605
431667
431701
431729
431839
431863
431956
432016
432138
432225
432425
432551
432651
432789
432871
432976
432982
433013
433060
433063
433065
433098
433510
433515
433725
434011
434103
434109
434171
434306
434319
434336
434444
434558
434608
434855
434923
435059
435089
435479
435496
435561
435585
435763
435917
435928
435990
436083
436118
436151
436166
436178
436460
436512
436523
436554
436574
436589
436637
436639
436757
436797
436846
436869
437092
437161
437384
437737
437841
437874
438166
438388
438762
438765
438792
438806
438862
438983
438994
439134
439163
439304
439659
439819
440015
440052
440269
440322
440418
440421
440612
440658
440784
440837
440882
440966
440975
440983
441057
441058
441189
441248
441323
441457
441462
441494
441503
441532
441754
441773
441871
441915
442200
442215
442253
442256
442327
442372
442430
442443
442477
442839
442930
443101
443247
443414
443453
443523
443812
444009
444082
444122
444544
444676
444693
444775
444875
444972
445200
445224
445374
445394
445414
445498
445760
445768
445769
445897
445941
446132
446241
446302
446532
446544
446601
446702
446769
446870
446884
446890
447044
447050
447287
447308
447486
447551
447574
447661
447878
447911
447980
448032
448093
448193
448233
448582
448715
448836
448948
449033
449050
449127
449249
449271
449439
449459
449500
449642
449694
449994
450064
450191
450217
450265
450270
450321
450343
450407
450479
450731
450745
450752
450755
450930
450953
451142
451249
451370
451467
451649
451707
451952
451985
451991
452202
452273
452278
452284
452472
452477
452509
452532
452535
452539
452753
452818
452827
452845
452876
452969
453030
453151
453220
453252
453300
453404
453414
453660
453848
453904
453911
454141
454185
454208
454341
454415
454867
454903
454921
454923
454945
454953
455168
455174
455327
455346
455352
455450
455636
455839
455931
455957
456166
456205
456438
456470
456545
456609
456641
456905
456920
457064
457081
457203
457352
457427
457549
457602
457629
457931
457948
458115
458162
458204
458206
458272
458469
458538
458542
458577
458711
458771
458902
459128
459222
459287
459335
459397
459539
459577
459884
459989
460036
460223
460436
460514
460653
460686
460875
461013
461296
461304
461433
461478
461484
461682
461803
461805
461835
461936
462022
462073
462082
462114
462276
462305
462531
462644
462954
462985
463166
463194
463269
463334
463355
463484
463533
463543
463655
463696
464308
464381
464470
464514
464653
464968
465016
465030
465032
465377
465447
465517
465599
465695
465719
465950
465965
466044
466148
466322
466387
466846
466852
466886
466892
466919
467174
467214
467279
467378
467393
467478
467485
467538
467560
467635
467659
467740
467772
467778
467870
467926
468101
468163
468313
468403
468466
468475
468583
468650
468694
468823
468843
469099
469132
469155
469158
469170
469246
469269
469322
469372
469390
469401
469417
469506
469707
469771
469774
470066
470081
470082
470133
470211
470283
470327
470615
470870
470955
471247
471361
471535
471601
471687
471718
472129
472138
472143
472193
472266
472368
472522
472555
472655
472701
472706
472842
472950
473001
473016
473031
473069
473167
473627
473719
473864
473874
473892
473940
474145
474192
474233
474366
474404
474418
474461
474473
474711
474740
474762
474834
474913
474998
475199
475233
475304
475390
475457
475544
475551
475749
475770
475799
475939
475994
476029
476347
476403
476432
476645
476666
476708
476743
476801
477020
477021
477080
477174
477222
477336
477612
478003
478038
478066
478110
478126
478234
478272
478291
478422
478528
478567
478587
478666
478672
478816
479064
479095
479111
479167
479218
479273
479274
479298
479347
479635
480064
480096
480412
480479
480514
480609
480808
480884
480890
480978
481202
481208
481251
481415
481423
481442
481472
481531
481613
481934
481971
482047
482107
482383
482743
482822
482969
482982
483000
483092
483150
483276
483311
483329
483343
483490
483523
483572
483640
483752
483774
483775
483791
483986
483987
484038
484174
484204
484476
484508
484567
484625
484626
484875
485007
485275
485399
485416
485453
485565
485681
485692
485914
485922
485981
486000
486031
486093
486188
486216
486259
486519
486566
486610
486771
487147
487176
487177
487326
487728
487770
487781
487799
488063
488119
488215
488347
488349
488359
488402
488431
488436
488729
488779
488822
488851
488966
489105
489215
489350
489400
489530
489531
489717
489815
489835
490103
490130
490167
490407
490457
490502
490523
490621
490742
490750
490802
490840
491232
491567
491602
491826
491849
491954
492183
492211
492355
492618
492648
492694
492703
492882
493028
493223
493410
493481
493732
493807
493869
493945
494016
494078
494128
494235
494274
494384
494397
494420
494618
494749
494831
494860
494880
495070
495231
495316
495386
495632
495634
495686
495718
495868
495963
495976
496015
496131
496265
496495
496546
496705
496767
496837
496848
496908
496980
497105
497296
497374
497486
497573
497626
497672
497682
497751
498027
498035
498120
498189
498229
498348
498429
498442
498488
498510
498642
498756
498768
499047
499190
499205
499234
499414
499431
499723
500229
500414
500717
500754
501020
501151
501155
501247
501423
501490
501629
501946
501965
502120
502134
502238
502302
502448
502458
502572
502605
502648
502687
502768
502771
502863
502980
503058
503061
503099
503124
503134
503365
503421
503448
503558
503604
503656
503883
504011
504044
504052
504191
504253
504517
504567
504702
504729
504818
504908
505109
505176
505283
505433
505513
505533
505631
505715
505743
506010
506017
506180
506260
506286
506369
506648
506719
506887
506992
507026
507089
507144
507160
507356
507524
507526
507702
507790
507971
508004
508006
508081
508150
508221
508410
508528
508582
508678
508802
508847
509044
509283
509296
509440
509465
509504
509519
509648
509936
510042
510096
510119
510161
510227
510297
510316
510321
510442
510499
510518
510756
510871
510929
510989
511392
511480
511563
511586
511613
511717
511773
512033
512053
512164
512532
512575
512765
512984
513025
513255
513301
513327
513489
513511
514125
514174
514202
514470
514546
514578
514680
514895
514899
515148
515412
515422
515529
515607
515623
515814
516073
516477
516500
516599
516605
516627
516650
516671
516678
516758
516898
517133
517489
517571
517885
518043
518044
518106
518169
518171
518191
518267
518329
518347
518401
518820
518821
518933
519256
519338
519444
519455
519573
519706
519776
519853
519867
519931
519938
519948
520024
520070
520182
520568
520855
520911
520944
520975
520993
521175
521304
521345
521422
521603
521784
521852
522042
522079
522134
522141
522155
522189
522328
522436
522535
522717
522764
522780
522929
523158
523347
523388
523414
523450
523475
523696
523775
524125
524163
524209
524322
524475
524522
524537
524631
524661
524760
524844
524923
525010
525060
525100
525112
525123
525200
525303
525384
525454
525602
525642
525824
525859
525863
526067
526081
526092
526145
526304
526360
526369
526392
526468
526505
526883
527126
527205
527272
527780
527801
527927
527985
528084
528178
528188
528511
528685
528794
528854
528868
528921
529261
529349
529472
529641
529644
529646
529677
529735
529759
529794
529853
530086
530219
530551
530675
530797
530891
530944
531091
531307
531433
531533
531624
531645
531650
531723
531831
531850
531865
531868
531913
531975
532059
532071
532297
532564
532671
532849
532856
533100
533125
533179
533317
533456
533531
533874
533876
533927
534053
534083
534100
534230
534249
534259
534263
534281
534301
534305
534449
534464
534922
534976
535018
535236
535309
535317
535367
535381
535506
535594
535659
535908
536043
536046
536160
536251
536359
536642
536680
536741
536940
536946
536998
537326
537356
537521
537574
537873
537933
537948
537972
538082
538291
538381
538703
538767
538775
538782
538907
538971
538972
539215
539226
539295
539459
539486
539630
539893
539946
540038
540147
540452
540528
540547
540652
540723
540865
541003
541049
541079
541210
541384
541519
541558
541619
541760
541910
541952
542128
542131
542148
542168
542388
542433
542591
542616
542797
542864
542865
543349
543495
543521
543553
543616
543667
543713
543806
543983
544064
544117
544218
544268
544382
544407
544507
544535
544564
544578
544774
544874
544940
544986
545157
545169
545318
545438
545954
546280
546288
546329
546365
546424
546472
546527
546619
546630
547184
547220
547279
547490
547513
547614
547660
547669
547684
547723
547926
548013
548018
548539
548594
548597
548712
548740
548742
548766
548833
548858
548905
548935
549000
549281
549304
549358
549457
549475
549673
549851
549941
550235
550351
550395
550772
550911
551026
551167
551226
551309
551342
551908
551988
551992
552203
552207
552324
552461
552558
552594
552604
552740
552913
552946
553121
553205
553412
553462
553473
553590
553663
553674
553723
553729
553819
553932
554011
554073
554108
554192
554434
554490
554520
554683
554736
554769
554811
555015
555097
555108
555126
555174
555516
555861
556206
556238
556265
556304
556487
556492
556508
556516
556727
556755
557310
557411
557502
557579
557916
557979
557992
558085
558088
558225
558267
558323
558394
558431
558483
558489
558665
558684
558702
558726
558759
558898
559055
559071
559134
559256
559299
559530
559570
559768
559796
559920
559942
559955
559970
560025
560126
560187
560216
560265
560465
560496
560531
560610
560816
560843
560856
561008
561069
561564
561699
561750
561868
561924
561987
562065
562067
562480
562493
562510
562543
562665
562822
562917
562957
562993
563004
563512
563695
563767
563799
563830
563942
564107
564168
564210
564249
564586
564679
564733
564747
564784
564802
564807
564952
565029
565273
565314
565335
565664
565914
565922
566075
566220
566353
566385
566422
566425
566561
566599
566780
566898
566907
566996
567095
567431
567467
567525
567554
567556
568061
568107
568147
568150
568228
568277
568301
568400
568448
568522
568724
568983
568996
569165
569441
569468
569612
569672
569714
569739
569880
569992
570097
570132
570310
570403
570409
570434
570573
570602
570715
571093
571172
571267
571473
571738
571808
571996
572153
572332
572411
572509
572639
572676
572722
572777
572802
573086
573432
573458
573504
573526
573588
573595
573713
573724
573796
573840
573891
573935
574061
574224
574265
574304
574478
574604
574766
575046
575103
575126
575163
575443
575598
575751
575964
576039
576190
576260
576421
576436
576449
576595
576683
576839
576906
576927
577009
577112
577166
577325
577591
577656
577902
577921
578122
578200
578247
578615
578876
578948
578953
578982
579024
579092
579271
579355
579587
579703
579775
579798
579926
580139
580154
580542
580819
580925
581158
581656
581808
581854
582060
582085
582148
582389
582419
582458
582485
582634
582702
582838
583175
583200
583223
583239
583266
583311
583482
583684
583754
583915
584003
584096
584102
584171
584403
584647
584665
584720
584881
584886
585040
585067
585093
585157
585188
585303
585450
585926
586079
586186
586233
586343
586560
586593
586595
586652
586738
586751
586758
586974
587074
587226
587561
587579
587709
587795
587892
587906
587919
587951
587957
587976
588187
588432
588761
588812
588839
588842
588928
589026
589052
589196
589321
589335
589405
589613
589700
589719
589984
590150
590167
590370
590414
590441
590474
590622
590636
590641
590786
590854
591092
591147
591192
591213
591343
591429
591460
591494
591630
591644
591664
591770
592103
592120
592280
592337
592450
592611
592725
592866
592926
592952
592965
593198
593207
593270
593411
593444
593578
593730
593778
594047
594070
594073
594184
594285
594319
594384
594535
594538
594629
594646
594651
594670
594679
594798
594824
595051
595064
595337
595439
595442
595505
595533
595563
595612
595963
595971
595981
596030
596046
596231
596342
596364
596428
596468
596544
596767
597024
597085
597154
597271
597316
597437
597596
597946
597964
598002
598036
598055
598165
598175
598280
598345
598350
598367
598432
598458
598562
598611
598650
598785
598796
598910
599208
599288
599332
599421
599669
599713
600068
600166
600256
600301
600498
600623
600971
600994
601003
601179
601191
601243
601369
601375
601494
601636
601876
602246
602517
602542
602586
602611
602672
602718
602753
602987
603010
603070
603178
603270
603292
603327
603488
603528
603618
603706
603729
603784
603850
603942
603944
603978
604024
604294
604312
604328
604431
604558
604594
604738
604901
605060
605273
605422
605550
605587
605615
605814
605900
605949
606004
606162
606215
606225
606567
606649
606709
606766
606844
606999
607212
607304
607386
607423
607468
607516
607564
607570
607646
607744
607791
607810
607823
607910
607936
608042
608056
608237
608260
608361
608417
608573
608634
608911
609204
609324
609339
609420
609483
609616
609722
609776
609791
609823
610012
610161
610175
610408
610833
610965
611092
611113
611114
611145
611172
611257
611292
611300
611659
611721
611929
612098
612198
612292
612387
612468
612588
612694
612804
612997
613071
613078
613116
613254
613255
613395
613421
613544
613701
613735
614105
614213
614589
614611
614647
614750
614844
615066
615167
615338
615393
615541
615554
615622
615643
615675
615818
615860
616002
616008
616076
616103
616252
616316
616419
616535
616543
616559
616561
616623
616627
616669
616718
616763
616850
616864
616898
616900
616970
617196
617331
617333
617488
617579
617581
617867
618172
618231
618232
618323
618324
618399
618422
618431
618482
618780
618828
618830
618873
618881
618909
619042
619068
619231
619259
619287
619419
619434
619523
619645
619662
619933
619984
620009
620018
620097
620185
620212
620261
620299
620326
620346
620385
620390
620398
620523
620587
620614
620947
620966
620987
621284
621454
621561
621656
621676
621896
621912
621934
622033
622035
622086
622112
622120
622153
622205
622231
622236
622263
622440
622472
622660
622672
622707
622772
622821
623117
623328
623405
623548
623581
623770
623848
623911
623937
623966
624063
624095
624199
624248
624572
624781
624796
624813
624864
624975
624984
625063
625177
625522
625643
625652
625941
626025
626029
626062
626072
626088
626145
626279
626287
626341
626420
626499
626624
626769
627344
627435
627695
627821
627827
628002
628213
628227
628236
628490
628648
628780
628894
628900
628947
629037
629047
629236
629282
629291
629321
629404
629486
629517
629692
630087
630090
630134
630173
630339
630422
630538
630585
630590
630612
630734
630880
630894
630929
630971
630998
631030
631156
631157
631282
631285
631366
631413
631512
631519
631526
631827
631879
631907
632046
632142
632252
632325
632407
632483
632519
632558
632604
632625
632679
632722
632829
633003
633121
633185
633209
633283
633285
633422
633485
633516
633653
633729
633818
633836
634013
634028
634177
634304
634351
634428
634492
634891
634900
634946
635170
635209
635400
635402
635701
635770
636222
636246
636252
636266
636678
636767
636931
636934
637214
637265
637342
637509
637589
637601
637677
637804
638015
638069
638352
638540
638581
638687
638785
638819
638827
638923
638925
638929
638947
638948
639064
639082
639455
639457
639538
639740
639815
639865
639872
639948
640152
640215
640218
640315
640385
640458
640630
640640
640670
641185
641273
641294
641350
641369
641400
641512
641550
641636
641656
641681
641748
641848
641862
642124
642192
642203
642266
642347
642441
642601
642665
642706
642816
642965
642977
643090
643235
643279
643308
643382
643800
643899
644244
644696
644766
644835
644839
644897
644954
645017
645035
645121
645141
645197
645405
645441
645457
645519
645533
645558
645591
645606
645760
645893
645899
645939
645972
646025
646185
646189
646294
646405
646483
646516
646636
646661
646705
646751
646794
646971
646977
647272
647279
647294
647303
647313
647318
647489
647513
647558
647631
647667
647748
647950
648193
648242
648305
648555
648569
648655
648674
648675
648709
648863
648869
648893
648901
648935
648993
649108
649111
649261
649408
649461
649586
649589
649856
649953
649967
650336
650589
650743
650876
650898
651033
651115
651145
651154
651355
651378
651433
651499
651531
651657
651678
651752
651846
651908
651928
651942
651953
652001
652094
652196
652251
652255
652299
652373
652437
652497
652568
652714
652721
652803
652872
652992
653018
653029
653103
653200
653266
653394
653712
653828
654255
654318
654596
654605
654692
654699
654708
655122
655382
655539
655706
656004
656042
656101
656301
656346
656372
656381
656466
656474
656516
656642
656689
656756
656826
656851
657009
657049
657210
657416
657502
657648
657674
657727
657786
657790
657811
658250
658479
658497
658555
658656
658658
659187
659220
659221
659536
659570
659820
659827
659911
660026
660051
660327
660548
660662
660768
660776
660787
660928
660935
661019
661194
661290
661530
661604
661772
661922
661985
662069
662113
662310
662443
662473
662652
663082
663213
663258
663367
663447
663685
663732
664132
664183
664425
664478
664501
664518
664553
664557
664586
664705
664936
664962
665181
665219
665316
665389
665685
665720
665723
665883
665913
665921
666082
666128
666308
666313
666434
666476
666511
666527
666716
666775
666830
666926
667015
667153
667436
667495
667532
667549
667630
667665
667821
667979
668029
668227
668228
668379
668471
668665
668685
668747
669157
669191
669363
669640
669762
669808
669875
669948
670135
670233
670274
670343
670474
670508
670509
670548
670572
671018
671052
671181
671300
671340
671369
671408
671425
671738
672017
672149
672178
672266
672315
672483
672590
672698
672934
672947
673040
673158
673365
673423
673832
673967
673984
674115
674447
674506
674642
674646
674712
675066
675129
675545
675583
675599
675637
675678
675707
675970
676165
676282
676327
676339
676414
676531
676595
677072
677094
677109
677336
677357
677466
677506
677633
677648
677923
677969
678033
678061
678070
678071
678228
678269
678317
678475
678519
678580
678582
678698
678965
679073
679180
679198
679271
679327
679358
679411
679503
679580
679597
679643
679685
679722
679773
679887
680113
680683
680815
681480
681505
681627
681770
681893
681896
681970
682064
682115
682151
682336
682555
682767
682844
683218
683370
683417
683450
683484
683569
683838
683920
683991
684033
684047
684160
684370
684461
684525
684767
684891
684918
685145
685147
685259
685327
685585
685610
685676
685712
685720
685745
685765
685795
685862
685890
685949
685973
686147
686384
686530
686719
686739
686823
686851
687078
687264
687446
687460
687485
687494
687799
688551
688755
688768
689035
689142
689178
689199
689270
689473
689666
689907
689975
689983
690072
690147
690268
690377
690384
690411
690667
690765
690777
690901
690972
691054
691211
691243
691303
691444
691608
691612
691685
691964
692035
692237
692499
692515
692539
692671
692773
692855
693030
693070
693085
693173
693309
693437
693648
693764
693813
693854
693941
694048
694174
694220
694401
694447
694603
694713
694943
695107
695196
695288
695300
695302
695578
695612
695666
695786
695787
695866
696130
696163
696453
696614
696644
696683
696801
696997
697017
697075
697210
697228
697393
697415
697471
697549
697609
697665
697669
697678
697817
697844
697874
697946
698035
698209
698236
698243
698411
698689
698754
698865
698938
699202
699261
699448
699541
699605
699606
699658
699769
700018
700107
700116
700183
700231
700374
700383
700387
700391
700400
700561
700723
700767
701003
701095
701210
701241
701258
701470
701683
701703
701849
702094
702128
702241
702242
702440
702446
702480
702591
702600
702761
702778
703023
703101
703121
703192
703246
703338
703399
703601
703721
703744
703809
703846
703932
703973
704004
704249
704483
704675
704766
704878
704941
705041
705239
705256
705476
705487
705532
705773
706022
706087
706191
706281
706384
706474
706529
706711
706723
706909
706950
707217
707295
707445
707498
707561
707622
707645
707723
707907
708093
708207
708214
708227
708339
708348
708435
708547
708594
708687
708707
708725
708922
709073
709102
709249
709463
709752
709776
709802
710157
710368
710413
710441
710765
710900
710934
710951
710986
711258
711364
711520
711538
711742
711758
711805
711845
711924
712142
712177
712203
712337
712354
712461
712502
712616
712801
712827
712878
712917
712930
713023
713192
713193
713288
713314
713411
713429
713619
713635
713677
713960
713995
714080
714145
714272
714346
714387
714527
714610
714715
714764
714812
714865
714876
714998
715066
715091
715412
715598
715638
715693
715705
716116
716198
716251
716687
716778
717127
717160
717208
717381
717384
717513
717630
717664
717746
717750
717836
717863
718050
718097
718204
718808
718969
719065
719211
719378
719460
719469
719524
719662
719891
720042
720056
720350
720405
720533
720540
720636
720664
720710
720762
720796
720871
721046
721209
721371
721527
721590
721787
721858
722018
722020
722168
722438
722728
722743
722780
722904
722940
722943
723042
723152
723154
723171
723205
723345
723359
723384
723505
723556
723670
723722
723827
723829
723887
723979
724191
724267
724272
724466
724824
724863
724927
725082
725133
725214
725249
725457
725624
725740
725906
725994
726109
726224
726325
726361
726523
726592
726639
726640
726736
726834
726840
727121
727148
727241
727319
727332
727382
727515
727620
727641
727672
727840
727995
728172
728373
728399
728502
728672
728753
728851
728867
728950
728986
729019
729115
729350
729478
729493
729527
729670
729748
729784
729825
729893
729920
729951
730398
730471
730477
730478
730615
730650
730675
730823
730923
731144
731564
731642
731753
731866
732070
732391
732406
732416
732758
732846
732944
733060
733179
733197
733275
733305
733406
733454
733551
733632
733650
733928
734025
734149
734152
734215
734411
734749
734853
734903
735368
735476
735499
735586
735712
735765
735785
735971
735974
735984
736168
736221
736291
736553
736581
736789
736828
737092
737115
737391
737404
737413
737731
737737
737798
737820
737866
738003
738069
738087
738305
738433
738484
738866
739041
739070
739186
739214
739231
739317
739385
739475
739770
739798
739800
739828
739858
739964
740189
740193
740481
740487
740556
740676
740838
740852
741041
741081
741140
741165
741220
741415
741433
741578
741631
741741
741924
741990
742024
742107
742190
742246
742275
742311
742548
742581
742602
742875
742993
743086
743125
743240
743451
743471
743619
743623
743638
743674
743693
743695
744162
744183
744227
744350
744410
744527
744545
744563
744592
744599
744834
744966
745026
745096
745337
745412
745494
745520
745592
745686
745722
745852
745909
746422
746485
746526
746571
746712
746800
747028
747074
747142
747284
747307
747453
747460
747533
747583
747708
747739
747888
748000
748045
748114
748134
748164
748167
748177
748279
748318
748343
748532
748565
748578
748584
748667
748704
748953
748983
749012
749180
749275
749353
749445
749735
749971
749979
750360
750558
750642
750645
750944
750950
751027
751054
751112
751460
751503
751720
751754
752045
752138
752171
752204
752442
752749
752874
752915
752919
752929
752951
752966
753209
753457
753495
753528
753553
753756
753784
753841
753904
753906
754096
754169
754378
754407
754540
754715
754791
754820
754845
754957
755210
755281
755284
755296
755434
755468
755669
755710
755874
756033
756155
756289
756470
756785
756929
757028
757077
757092
757135
757594
757652
757720
757787
757794
757838
758039
758043
758123
758279
758410
758603
758725
758781
758877
758913
759005
759041
759111
759122
759253
759296
759305
759306
759447
759523
759632
759643
759672
759746
759786
759896
759920
759994
760050
760099
760245
760264
760405
760409
761042
761131
761156
761163
761340
761451
761588
761738
761792
761801
761817
761822
761853
761916
761925
762073
762181
762194
762592
762599
762621
762895
762947
763125
763146
763212
763258
763287
763475
763494
763515
763586
763638
763641
763726
763767
764002
764169
764192
764209
764405
764615
764627
764656
764716
764815
764938
764968
764972
764981
765118
765217
765233
765292
765314
765361
765436
765447
765731
766207
766306
766380
766428
766515
766612
766622
766656
766735
766931
767133
767170
767255
767332
767422
767598
767671
767717
767759
767814
767979
768045
768172
768244
768276
768367
768428
768617
768672
768737
768850
768917
769018
769064
769164
769299
769395
769438
769469
769515
769516
769523
769626
769636
769678
769698
769787
769867
770043
770173
770212
770230
770425
770689
770721
770724
770811
770828
770952
771207
771218
771243
771758
771906
771930
772009
772158
772184
772593
772696
772861
772871
772994
773118
773213
773217
773332
773757
773822
773940
773968
774020
774056
774200
774226
774314
774366
774697
774862
774890
774998
775050
775206
775280
775352
775401
775592
775632
775678
775816
775834
776015
776210
776512
776534
776792
776872
776914
777132
777367
777507
777744
777746
778090
778199
778230
778247
778322
778350
778402
778519
778608
778678
778874
778944
778962
779126
779157
779197
779273
779523
779542
779544
779586
779733
779851
779871
779872
779885
779968
780098
780242
780352
780782
780807
780854
781073
781098
781173
781340
781485
781562
781601
781762
781763
781788
781902
782398
782431
782432
782452
782666
782727
782750
782817
782847
783192
783318
783396
783462
783504
783604
783633
783752
783849
783930
784380
784594
784689
784766
784973
785038
785054
785123
785172
785294
785359
785422
785504
785530
785638
785689
785745
785821
785867
785927
785942
786121
786213
786322
786355
786441
786728
786887
786919
787026
787157
787237
787241
787626
787673
787739
787984
788028
788168
788180
788270
788292
788407
788464
788520
788567
788645
788707
788936
789011
789091
789233
789379
789419
789475
789669
790023
790118
790316
790327
790580
790724
790812
790820
791019
791049
791290
791329
791331
791501
791532
791655
791713
791723
791752
791857
791896
792061
792071
792074
792523
792569
792587
792894
792949
792980
793017
793082
793086
793139
793378
793426
793514
793724
793796
793815
793817
793888
793951
794201
794251
794277
794410
794433
794898
794927
795021
795079
795207
795212
795315
795495
795592
795625
795677
795708
795822
796300
796364
796515
796690
796784
796812
796979
797018
797031
797197
797227
797393
797408
797426
797451
797486
797575
797618
797626
797762
797773
797777
797836
797966
798082
798143
798167
798200
798201
798222
798232
798303
798397
798455
798571
798757
798902
798936
799253
799283
799442
799631
799751
799831
799959
799982
799984
800108
800207
800210
800243
800323
800365
800571
800634
800642
800669
800795
800889
800989
801182
801260
801357
801442
801453
801497
801527
801579
801641
801720
801733
801764
801861
801977
802073
802168
802202
802428
802450
802517
802520
802669
802698
802699
802829
802841
803059
803093
803123
803259
803679
803680
803869
803873
803881
803930
804114
804137
804251
804281
804289
804300
804321
804510
804765
804783
804878
805118
805301
805544
805628
805695
805888
805902
805923
805932
805987
806027
806078
806131
806499
806684
806869
807159
807298
807335
807753
807814
807864
808093
808333
808339
808423
808651
808761
808816
808876
808918
808951
809057
809091
809173
809440
809514
809628
809746
809805
809872
809921
810120
810127
810504
810538
810553
810826
810833
810947
811042
811063
811245
811475
811731
811859
811992
812001
812214
812293
812372
812494
812663
812676
812874
813015
813028
813157
813160
813171
813230
813264
813291
813434
813484
813534
813566
813582
813640
814077
814280
814285
814290
814549
814623
814636
814658
814680
814820
814878
815023
815066
815072
815078
815081
815262
815428
815543
815557
815796
815975
816115
816528
816710
816771
816834
816925
816931
817220
817229
817633
817689
817833
817933
817990
818178
818527
818636
818697
818772
818859
818919
818964
819159
819160
819171
819173
819322
819380
819411
819470
819924
819975
819984
820001
820241
820263
820267
820380
820548
820555
820558
820587
820613
820633
820641
820728
820860
820874
820875
821008
821030
821074
821268
821304
821461
821483
821595
821723
821741
821918
821976
822033
822057
822119
822271
822274
822388
822435
822509
822525
822530
822696
822844
822917
822937
823213
823320
823458
823902
823928
823959
824038
824081
824093
824203
824393
824485
824578
824754
824808
825027
825093
825222
825287
825289
825324
825360
825370
825610
825614
825636
825673
825698
825748
825865
826021
826292
826361
826481
826626
826659
826872
826986
827127
827530
827580
827675
827714
827718
827732
827735
827839
827941
828389
828430
828542
828559
828672
828685
828801
828824
829113
829150
829152
829317
829627
829663
829901
830091
830092
830098
830171
830279
830321
830384
830421
830669
830670
830700
830956
830968
830992
831016
831045
831141
831189
831350
831413
831445
831447
831488
831642
831688
831708
832067
832091
832251
832346
832393
832414
832682
832695
832718
832871
832912
832949
832989
833528
833565
833777
833932
833950
834084
834183
834224
834286
834308
834470
834534
834700
834714
834743
834815
834820
834915
835104
835346
835361
835540
835548
836134
836157
836334
836336
836338
836382
836411
836450
836647
836775
836913
836933
837077
837325
837461
837464
837465
837538
837573
837615
837823
837893
837966
838119
838148
838232
838305
838313
838337
838436
838468
839090
839149
839198
839205
839216
839218
839645
839798
839800
839819
839843
839862
840027
840190
840403
840476
840554
840635
840717
840760
840843
840882
840999
841021
841256
841285
841404
841464
841501
841561
841728
841770
841868
842031
842178
842266
842304
842466
842473
842510
842604
842818
842827
843141
843166
843253
843262
843275
843291
843340
843346
843504
843524
843549
843605
843698
843700
843814
844049
844060
844187
844193
844208
844369
844785
844793
844837
844861
844928
844961
845170
845233
845246
845368
845424
845553
845587
845749
845768
845780
845808
845835
845952
846016
846070
846191
846316
846342
846439
846762
846788
846908
846930
847126
847191
847422
847454
847508
847841
847895
848051
848553
848573
848594
848606
848608
848693
848740
848841
848896
848964
848984
849077
849341
849471
849484
849511
849514
849558
849714
849739
849846
849886
850041
850240
850304
850412
850418
850521
850562
850582
850651
850684
850766
850939
850967
850992
851135
851253
851276
851492
851556
851564
851594
851634
851659
851681
851879
851944
851995
852040
852112
852116
852164
852193
852327
852394
852535
852603
852971
853110
853151
853219
853295
853336
853477
853539
853550
853570
853680
853840
853989
854058
854147
854162
854250
854591
854626
854766
854792
855113
855933
855972
856438
856533
856538
856634
856719
856881
856910
856997
857020
857153
857220
857239
857277
857292
857341
857560
857566
857596
857682
857705
857799
857844
857904
857950
858100
858283
858293
858358
858393
858500
858641
858699
858702
858804
858810
858887
859207
859293
859344
859484
859633
859636
859716
859801
859825
859933
859935
859936
860184
860492
860520
860845
861071
861189
861216
861363
861410
861495
861588
861607
861756
861762
861794
861861
862076
862236
862312
862404
862511
862773
862874
862898
862959
863101
863173
863217
863297
863298
863542
863711
863749
863777
863785
863817
863869
863983
864104
864116
864142
864227
864340
864345
864379
864380
864436
864458
864827
864862
865082
865099
865136
865372
865390
865542
865576
865601
865631
865815
865891
866104
866237
866253
866259
866362
866522
866550
866564
866583
866690
866767
866855
866899
866913
867110
867250
867355
867407
867521
867663
867667
867671
867701
867768
867886
867903
867940
867954
867983
868023
868163
868171
868358
868522
868531
868851
868853
868937
868987
869118
869138
869300
869455
870099
870177
870234
870249
870417
870432
870436
870476
870570
870592
870838
871045
871298
871424
871679
871743
871789
871822
871857
871904
871962
872182
872249
872427
872475
872483
872544
872545
872735
872769
872827
872830
872936
873010
873427
873478
873602
873681
873786
873861
874107
874258
874419
874478
874483
874551
874696
874705
874708
874820
874846
874888
874900
875003
875157
875168
875392
875587
875598
875629
875650
875705
875716
875873
876084
876098
876130
876289
876451
876493
876539
876546
876972
877142
877363
877505
877598
877599
877645
877804
877819
877947
877986
878235
878567
878647
878704
878911
878948
879057
879110
879213
879223
879227
879233
879346
879372
879626
879805
879981
879999
880004
880172
880231
880421
880463
880632
880757
880806
880841
880882
880941
881099
881300
881486
881525
881534
881558
881562
881591
881783
882097
882378
882458
882630
882739
882845
882851
883253
883296
883397
883409
883424
883445
883521
883639
883681
883683
883798
883877
884044
884047
884215
884303
884372
884674
884729
884917
884995
885040
885043
885363
885371
885381
885401
885406
885672
885696
885720
885760
886005
886007
886179
886272
886473
886487
886556
886574
886640
886698
886857
886899
886919
886948
887023
887148
887339
887394
887451
887528
887563
887658
887933
887988
888095
888287
888439
888555
888581
888634
888935
889195
889474
889606
889705
889762
889948
889956
890004
890128
890243
890323
890380
890562
890566
890727
890909
891210
891218
891362
891367
891538
891546
891599
891684
891866
891906
892017
892086
892209
892286
892292
892339
892514
892564
892758
892881
892882
893094
893118
893121
893124
893171
893196
893540
893560
893835
893985
894072
894399
894419
894596
894675
894813
894833
894874
895349
895409
895573
895625
895647
895678
895730
895732
895737
895786
895835
895975
896051
896106
896276
896317
896359
896442
896661
896686
896905
897104
897115
897175
897276
897350
897356
897527
897606
897614
897691
897801
898076
898143
898261
898384
898434
898598
898702
898880
898888
898923
899003
899034
899238
899258
899330
899370
899378
899824
899915
900003
900101
900116
900285
900348
900581
900659
900855
900859
900888
900928
900976
901078
901090
901468
901490
901787
901881
901918
901983
902031
902248
902263
902431
902475
902575
902594
902813
902917
903515
903864
903984
904043
904188
904333
904353
904395
904502
904508
904579
904603
904676
904679
905021
905059
905089
905480
905492
905512
905532
905808
905931
905943
905978
905986
906051
906263
906265
906363
906391
906755
906919
907054
907072
907602
907606
907786
907803
907852
907959
907977
908280
908447
908572
908628
908805
908851
908909
908995
909127
909403
909413
909449
909452
909607
909609
909932
909974
910050
910089
910161
910173
910176
910232
910284
910480
910535
910543
910579
910660
911104
911269
911386
911452
911487
911710
911737
911760
911824
911946
912017
912202
912299
912371
912690
912744
912779
912900
912940
912950
912983
913066
913086
913112
913115
913252
913273
913352
913508
913681
913690
913752
913793
913845
913993
914025
914260
914282
914371
914499
914540
914644
914669
914728
914826
914841
915074
915148
915167
915172
915185
915272
915434
915442
915620
915894
915956
916001
916119
916231
916232
916299
916409
916481
916649
916686
916751
916821
916938
916947
917001
917146
917588
917619
917624
917639
917676
917836
918087
918089
918142
918171
918368
918606
918704
918810
918825
918883
918910
918985
919082
919248
919252
919311
919450
919590
919728
919895
919957
919965
920238
920243
920294
920431
920456
920462
920485
920591
920650
920725
920746
920843
920857
920912
920986
921305
921384
921446
921463
921519
921536
921540
921872
922014
922025
922192
922217
922311
922381
922478
922582
922653
922711
922949
923050
923137
923140
923160
923200
923253
923269
923320
923367
923424
923573
923578
923656
923746
923798
923981
923994
924130
924308
924454
924527
924576
924662
924666
924690
924871
924926
925043
925097
925246
925266
925293
925332
925348
925409
925424
925640
925878
925922
925964
926012
926122
926147
926201
926504
926692
926888
927013
927107
927173
927249
927370
927409
927547
927723
927791
927798
927917
928008
928009
928130
928209
928306
928357
928391
928541
928593
928773
928967
929141
929160
929200
929210
929271
929285
929345
929751
929754
929903
929972
930144
930230
930268
930276
930359
930631
930931
930985
931269
931314
931393
931421
931491
931499
931528
931583
932155
932188
932217
932323
932335
932506
932531
932879
933219
933241
933259
933508
933525
933542
933870
933909
934312
934337
934346
934382
934404
934504
934603
934711
934822
934849
935642
935679
935738
935772
935868
936063
936188
936240
936264
936270
936468
936755
936771
936787
936865
936906
936915
936928
937081
937100
937120
937170
937276
937334
937486
937798
937926
937971
937993
938128
938167
938180
938289
938522
938583
939011
939300
939346
939517
939558
939784
939844
940039
940061
940248
940399
940586
940605
940843
940893
941016
941257
941296
941440
941442
941538
941583
941652
941849
941884
941959
941984
942060
942087
942389
942456
942496
942574
942665
942809
942851
942856
943057
943276
943283
943295
943296
943412
943420
943512
943531
943536
943720
943771
943929
944000
944048
944168
944285
944298
944349
944576
944656
944672
944780
944810
944886
944949
945001
945184
945188
945409
945645
945797
945853
946179
946372
946434
946595
946720
946806
946858
946955
946991
947044
947049
947068
947238
947282
947476
947551
947581
947627
947716
947731
947803
947967
948044
948091
948124
948430
948621
948633
948790
948881
949083
949132
949171
949177
949412
949498
949525
949680
949687
949697
949711
949782
949886
949927
949972
950143
950217
950243
950319
950321
950333
950507
950552
950633
950779
950827
950976
951251
951504
951519
951536
951691
951712
951937
951959
951982
952156
952230
952250
952328
952339
952384
952413
952434
952449
952582
952632
952692
952715
952920
953040
953051
953074
953128
953443
953831
953876
953947
953955
954070
954136
954195
954397
954824
954837
954892
955114
955162
955377
955499
955659
955665
955798
955815
955969
956111
956177
956209
956225
956312
956323
956466
956574
956707
956838
956900
957199
957322
957536
957585
957753
957806
957850
957933
957936
958018
958026
958381
958387
958465
958553
958871
958877
958989
959228
959277
959289
959293
959376
959466
959571
959673
959854
959922
960148
960172
960205
960250
960276
960315
960336
960344
960411
960468
960513
960520
960531
960705
960865
960891
960905
961070
961152
961162
961219
961316
961338
961342
961369
961685
961715
961848
961912
961918
961980
961983
962100
962327
962429
962452
962473
962486
962520
962744
962946
963034
963086
963141
963321
963332
963431
963486
963523
963577
963812
964073
964399
964686
964713
965080
965187
965212
965373
965451
965523
965668
965670
965671
965702
965733
965773
965987
965991
966062
966078
966291
966292
966455
966757
966792
966966
966984
967024
967328
967702
967789
967845
968008
968011
968039
968090
968541
968613
968618
968646
968767
968908
969038
969105
969196
969262
969274
969372
969610
969761
969769
969838
970314
970361
970471
970481
970530
970558
970591
970906
971136
971153
971229
971239
971519
971595
971611
971686
971833
971910
971951
972115
972140
972179
972286
972362
972380
972486
972576
972639
972759
972822
972940
972956
972994
973107
973136
973495
973507
973878
973944
974007
974263
974305
974418
974476
974610
974870
975032
975312
975336
975373
975420
975595
975631
975726
975749
975954
976057
976062
976065
976322
976462
976623
976681
976992
977019
977072
977133
977209
977240
977350
977373
977574
977623
977700
977747
977903
977949
978076
978114
978158
978310
978319
978596
978827
978867
978939
979051
979196
979203
979273
979361
979405
979438
979741
979817
979936
980137
980176
980305
980314
980338
980479
980501
980590
980626
980638
980763
980775
981171
981300
981455
981517
981604
981741
981745
982017
982019
982094
982264
982325
982414
982535
982549
982603
982635
982680
982691
982712
982740
982747
982762
982812
983202
983275
983512
983545
983718
983895
983951
984118
984281
984320
984567
984641
984907
984908
984977
984990
985134
985179
985248
985259
985384
985433
985476
985538
985615
985825
985843
985906
985930
986015
986260
986274
986531
986563
986645
986745
986798
986920
986944
986971
987017
987106
987177
987208
987219
987276
987327
987519
987529
987554
987564
987774
987827
988050
988368
988393
988441
988616
988881
988943
989052
989092
989205
989268
989385
989572
989610
989695
989930
990069
990091
990093
990205
990226
990730
990740
990891
991019
991069
991257
991342
991497
991564
991612
991632
991654
991721
992062
992066
992251
992257
992510
992559
992602
992778
992814
992852
992938
992982
992993
993019
993033
993465
993469
993475
993704
993767
993774
993831
994092
994248
994315
994338
994352
994355
994396
994418
994497
994571
994606
994772
995009
995040
995091
995172
995382
995867
995933
996025
996241
996382
996407
996418
996436
996457
996716
997087
997203
997212
997238
997274
997282
997464
997490
997593
997600
997628
997642
997917
997918
998580
998657
998658
998759
998850
998870
998882
999137
999144
999523
999566
999889
999893
999958
