547
640
671
820
841
854
927
928
1061
1151
1302
1340
1548
1554
1626
1748
1858
1862
1972
2018
2062
2122
2253
2351
2360
2375
2406
2525
2809
2872
2909
3098
3141
3142
3426
3449
3471
3564
3647
3983
4085
4436
4524
4622
4843
5029
5050
5341
5470
5811
5812
5932
6212
6474
6504
6515
6687
6707
6893
7017
7018
7089
7229
7262
7387
7624
8279
8312
8316
8324
8644
8723
8739
8823
9005
9120
9781
9936
10115
10135
10193
10198
10557
10729
10730
10815
10859
10988
11066
11163
11281
11496
11517
11553
11696
11733
11861
11878
11879
12145
12250
12255
12565
12776
12821
12887
12957
13020
13205
13279
13412
13576
13582
13636
13667
13718
13770
13843
13851
13966
13984
13990
14084
14447
14456
14485
14658
14669
14685
14773
14882
14988
15119
15145
15177
15304
15525
15722
15930
16092
16161
16263
16273
16401
16424
16574
16721
16736
16805
16901
16969
17090
17328
17451
17458
17787
17940
18016
18037
18057
18088
18158
18305
18547
18673
18748
18812
18946
18971
19335
19344
19376
19423
19443
19464
19493
19534
19537
19545
19629
20309
20431
20583
20709
20723
20764
20922
21216
21326
21411
21624
21706
21756
22006
22316
22329
22450
22461
22545
22875
22927
22987
23043
23063
23074
23242
23246
23277
23461
23512
23549
23785
24036
24065
24066
24238
24674
24749
24753
24913
24954
24988
25095
25385
25435
25509
25515
25639
25821
25875
25958
25973
25981
26012
26023
26221
26227
26311
26505
26543
26622
26672
26818
26935
26953
27126
27186
27336
27448
27500
27625
27688
27695
27699
27771
27850
27968
28012
28185
28737
28932
28978
29153
29340
29436
29681
29698
29789
29824
30140
30299
30446
30541
30716
30792
30877
30948
31046
31089
31365
31713
31753
31873
31975
32347
32484
32485
32493
32543
32558
32633
32669
32704
32731
32753
32830
32863
32866
32878
32904
32994
33025
33140
33174
33204
33280
33323
33429
33461
33890
34080
34179
34288
34419
34431
34514
34536
34540
34577
35434
35472
35748
35925
36273
36573
36593
36644
36698
36868
36958
36975
37160
37203
37277
37542
37547
37624
37633
37889
37956
38005
38017
38038
38079
38129
38215
38257
38338
38348
38368
38413
38546
38560
38671
38722
38737
38811
38927
39033
39248
39486
39510
39650
39822
40042
40058
40121
40145
40291
40318
40592
40610
41209
41434
41494
41497
41550
41559
41621
41624
41648
41650
41790
41792
42009
42205
42270
42286
42566
42582
42587
42592
42631
42657
42675
42759
42957
42991
43027
43094
43133
43144
43210
43266
43296
43350
43389
43518
43525
43708
43773
43788
43880
43931
44042
44159
44185
44198
44312
44372
44746
44810
44897
45009
45158
45198
45243
45573
45697
45748
45750
45779
45924
46194
46378
46435
46472
46519
46618
46654
46692
46708
46734
46759
46802
46820
46965
46996
47229
47251
47261
47595
47629
47771
47833
48016
48119
48124
48243
48288
48324
48396
48688
48753
48778
48781
48830
48881
49016
49139
49311
49363
49523
49547
49577
49583
49693
49771
49778
49840
49930
50055
50174
50185
50356
50549
50572
50589
50600
50656
50820
50892
50957
50993
51167
51206
51317
51377
51381
51506
51623
51634
51651
51839
51998
52290
52297
52374
52476
52672
52726
52774
52833
52874
53003
53093
53095
53161
53283
53535
53675
53678
53730
53868
53964
53987
54133
54161
54167
54176
54215
54230
54231
54277
54434
54485
54491
54497
54539
54579
54587
54700
54727
54776
54855
55060
55530
55567
55590
55794
55809
55918
55977
56025
56101
56220
56269
56291
56357
56461
56473
56609
56610
56708
56728
56796
56934
56959
57003
57109
57417
57426
57544
57654
57663
57669
57690
57737
58090
58234
58348
58505
58526
58827
58888
59019
59092
59296
59346
60694
60705
60794
60827
61001
61209
61475
61547
61607
61784
61896
61924
61933
61969
62301
62490
62503
62562
62828
63077
63191
63274
63393
63445
63590
63678
63717
63877
63918
64086
64108
64414
64462
64595
64608
64632
64920
65027
65161
65248
65339
65354
65371
65484
65508
65533
66036
66070
66109
66215
66231
66603
66636
66719
66805
66847
66853
66854
66864
66892
66897
66955
67129
67161
67190
67270
67473
67498
67610
67683
67734
67745
67843
67858
68202
68253
68304
68422
68424
68519
68521
68622
68820
68822
68933
69053
69065
69075
69076
69097
69105
69249
69291
69425
69435
69556
69596
69606
69642
69830
69850
69922
70048
70241
70328
70332
70333
70496
70595
70655
70881
70897
70946
71209
71283
71322
71337
71358
71395
71599
71604
71619
71980
72335
72376
73058
73179
73213
73344
73370
73393
73425
73905
74009
74188
74322
74424
74478
74633
74638
75001
75035
75105
75181
75288
75407
75481
75495
75531
75750
76011
76042
76047
76327
76379
76466
76474
76488
76513
76687
76787
76816
76859
76868
76904
77091
77308
77439
77449
77525
77703
77763
77769
77803
77830
77904
78070
78369
78411
78413
78551
78662
78923
78998
79049
79060
79098
79190
79243
79351
79470
79610
79823
79897
79990
80039
80382
80463
80571
80766
80862
80864
80879
80998
81279
81366
81404
81572
81713
81819
81925
82081
82084
82170
82270
82288
82306
82507
82619
82621
82654
82814
82958
83013
83432
83451
83458
83627
83629
83633
83681
83779
84082
84271
84529
84545
84634
84639
84684
84826
84851
85092
85103
85116
85128
85208
85466
85587
85644
85645
85652
85705
86044
86120
86229
86299
86600
86607
86655
86710
86747
86894
86917
87028
87029
87186
87448
87460
87464
87740
87910
87940
87959
87974
87981
88105
88106
88147
88152
88170
88230
88331
88516
88664
88759
88762
88779
88856
88863
88892
89081
89133
89221
89364
89368
89423
89471
89534
89554
89573
89621
89650
89768
89794
89868
89907
89963
90048
90058
90099
90163
90244
90310
90348
90442
90469
90481
90516
90519
90665
90676
90749
91188
91320
91430
91452
91471
91503
91591
91668
91752
91798
91868
92097
92241
92361
92479
92499
92526
92533
92581
92584
92619
92765
92868
92875
92917
93001
93014
93035
93148
93271
93272
93467
93473
93641
93713
93770
93807
93809
93815
93829
94160
94237
94241
94277
94429
94637
94766
94838
94952
94992
95040
95116
95302
95426
95546
95623
95701
95765
95888
95917
95952
96226
96622
96917
97050
97058
97189
97213
97557
97748
97780
97854
97870
97902
97936
98563
98581
98631
98667
98904
99121
99196
99414
99454
99581
99614
99741
99783
99786
99792
99823
100023
100170
100189
100299
100651
100962
101065
101241
101318
101407
101505
101509
101565
101580
101662
101669
101874
101909
101934
101983
102064
102092
102144
102178
102210
102308
102358
102451
102567
102652
102657
102668
102779
103111
103414
103415
103498
103519
103588
103669
103670
103829
103909
104024
104075
104090
104265
104284
104412
104422
104599
104608
104708
104780
104814
105018
105295
105525
105552
105568
105816
105869
105892
105932
105970
106119
106225
106261
106278
106282
106316
106671
106757
107018
107019
107084
107185
107213
107348
107411
107588
107676
107681
107913
107969
108072
108074
108278
108341
108372
108394
108467
108578
108668
108894
108926
109159
109226
109265
109356
109404
109430
109484
109543
109716
110421
110753
110760
110786
110864
110987
111063
111264
111323
111386
111436
111481
111512
111584
111643
112178
112242
112256
112571
112648
112742
112866
112918
112943
113177
113288
113305
113308
113355
113408
113409
113435
113534
113767
113813
113872
113921
114159
114417
114625
114759
114794
114886
115022
115056
115211
115245
115376
115633
115647
115846
115853
115864
115938
116160
116198
116234
116275
116331
116435
116583
116584
116665
116672
116710
117052
117079
117132
117141
117145
117188
117376
117398
117443
117505
117524
117727
117809
117814
118079
118308
118521
118647
118665
118794
118804
118858
119132
119143
119465
119633
119689
119774
119851
119856
119916
119925
119932
120047
120356
120367
120412
120452
120499
120610
120830
121072
121158
121390
121472
121491
121571
122019
122074
122180
122492
122780
122819
123036
123122
123204
123249
123306
123413
123632
123645
123724
123741
123749
123905
123970
123988
124017
124100
124160
124164
124179
124213
124250
124293
124488
124709
125042
125045
125112
125159
125367
125455
125502
125517
126025
126050
126157
126225
126324
126390
126679
126709
126738
126740
127068
127092
127157
127177
127304
127308
127310
127457
127458
127529
127557
127594
127653
127868
127885
128142
128164
128334
128416
128502
128788
128876
129135
129265
129631
130005
130227
130465
130602
130676
131006
131064
131258
131344
131727
131983
132045
132240
132479
132528
132554
132605
132691
132754
132961
132970
133078
133128
133280
133286
133433
133509
133694
134003
134189
134218
134387
134451
134576
134662
134862
134953
135343
135392
135480
135519
135769
135794
135810
135861
136029
136092
136209
136281
136354
136491
136619
136849
136910
137100
137177
137232
137240
137272
137308
137378
137582
137641
137677
137694
137727
137943
137996
138027
138088
138307
138316
138365
138464
138543
138551
138619
138630
138761
138920
138951
138970
139034
139339
139572
139709
139917
140068
140363
140418
140681
140692
140872
140921
140930
141051
141234
141238
141295
141403
141875
141941
141966
142101
142132
142265
142347
142406
142678
142942
143056
143153
143179
143678
143750
143842
144412
144518
144683
144746
144773
144820
144880
144993
145026
145041
145092
145237
145314
145455
145530
145541
145596
145681
145702
145825
145826
146351
146384
146408
146588
146690
146751
146809
146835
146854
146946
147030
147036
147214
147590
147630
147709
147760
148066
148369
148413
148450
148697
148766
148845
148964
148995
149106
149273
149302
149401
149606
149800
149910
149971
150030
150118
150192
150341
150423
151173
151187
151362
151695
151848
151890
151902
151964
152056
152169
152213
152235
152398
152857
153114
153134
153217
153370
153473
153540
153547
153714
154379
154415
154522
154547
154671
154706
154781
154840
154842
154888
154927
155007
155027
155043
155045
155455
155477
155558
155559
155572
155593
155671
155897
155945
156142
156157
156339
156342
156413
156485
156569
156618
156657
156832
157185
157209
157553
157856
157876
158015
158025
158149
158240
158294
158715
158809
158811
158854
158890
158951
159352
159474
159477
159575
159604
159945
160095
160129
160355
160529
160904
160916
160980
161107
161272
161358
161396
161427
161452
161457
161474
161713
161732
161848
161981
162142
162211
162384
162401
162621
162650
162741
162761
162811
162864
163123
163132
163229
163253
163372
163543
163584
163650
163698
163702
163800
163838
164140
164142
164158
164283
164626
164779
164854
164866
164876
164904
164912
164917
164920
165076
165088
165100
165241
165264
165489
166091
166178
166196
166347
166448
166472
166522
166530
166556
166773
166959
167062
167177
167208
167246
167293
167346
167510
167751
168007
168155
168376
168394
168406
168526
168529
168544
168723
168724
168864
168872
168907
168987
169156
169408
169428
169463
169605
169766
169794
169930
169964
170071
170120
170198
170681
170736
170908
170970
170975
171024
171271
171501
171559
171574
172053
172268
172316
172368
172420
172548
172647
173189
173211
173552
173683
173731
173796
174070
174149
174164
174274
174421
174550
174590
174703
174754
174811
174866
174926
175142
175350
175370
175536
175635
176044
176064
176126
176144
176317
176379
176450
176704
176726
176824
176898
177057
177058
177334
177609
177633
177799
177813
177897
178100
178529
178628
178687
178742
178893
178941
178967
179040
179090
179143
179274
179627
179650
179679
179710
179873
179955
180145
180385
180407
180465
180478
180542
180626
180679
180790
180906
180963
181104
181312
181500
181656
181804
181914
182062
182112
182294
182399
182510
182590
182765
182805
182822
182992
182998
183026
183084
183466
183608
183845
183882
183960
184021
184079
184104
184374
184423
184460
184502
184556
184627
184704
185000
185046
185111
185451
185495
185582
185664
185684
185722
185794
185798
185921
185963
186003
186088
186147
186183
186300
186394
186531
186568
186606
186718
186823
186890
186967
187161
187186
187292
187359
187428
187640
187778
187962
188043
188055
188091
188175
188180
188191
188393
188574
188690
189173
189222
189316
189410
189515
189542
189669
189688
189717
189755
189791
189792
189807
189998
190220
190295
190296
190324
190567
190573
190680
190689
190878
190937
190962
191328
191527
191568
191635
191661
191716
191748
191813
191819
192063
192070
192203
192216
192260
192315
192448
192471
192486
192525
192667
192772
192859
192965
193209
193247
193466
193498
194057
194105
194340
194457
194521
194547
194648
194707
194714
194794
195070
195077
195110
195142
195212
195217
195383
195416
195479
195552
195914
196268
196382
196431
196487
196608
196686
196703
196757
196784
197023
197084
197269
197339
197371
197510
197644
197685
197800
197840
197921
198242
198271
198292
198302
198472
198541
198651
198748
198772
198882
198937
198999
199023
199034
199090
199167
199301
199498
199513
199738
199754
200032
200161
200185
200192
200263
200363
200473
200502
200703
200753
200906
200936
201077
201108
201191
201208
201282
201291
201333
201384
201429
201484
201552
201598
201627
201631
201820
201855
201928
201958
202260
202328
202392
202404
202440
202533
202632
202778
203129
203143
203314
203515
203562
203732
203761
203945
203993
204236
204312
204339
204403
204458
204702
204748
204825
204827
204848
205088
205192
205389
205690
205790
205958
205996
206088
206310
206355
206420
206549
206646
206667
206689
206891
207140
207317
207321
207416
207668
207845
207871
208291
208324
208426
208445
208452
208499
208567
208584
208763
208830
208935
209022
209087
209218
209290
209338
209642
209750
209927
210250
210286
210358
210386
210394
210428
210742
210798
210876
211184
211240
211337
211355
211546
211638
211719
211836
212050
212069
212087
212122
212441
212670
212862
212898
213281
213288
213317
213432
213454
213520
213539
213632
213695
213748
213849
213967
213995
214173
214338
214545
214554
214584
214688
214831
215094
215158
215165
215225
215297
215436
215483
215544
215915
215922
215949
215973
216356
216366
216458
216561
216619
216625
216728
216880
216999
217013
217081
217203
217260
217406
217521
217530
217586
217655
217667
218036
218153
218175
218305
218341
218433
218436
218484
218535
218963
219045
219062
219117
219221
219240
219293
219321
219475
219494
219907
220170
220470
220692
220849
220946
221263
221280
221473
221709
221742
221778
221817
222199
222283
222305
222341
222514
222542
222629
222699
222867
222997
223046
223082
223098
223218
223336
223363
223980
224021
224103
224178
224370
224384
224474
224582
224609
224686
224737
224920
225016
225111
225234
225280
225349
225516
225591
225621
225642
225734
225832
226108
226287
226463
226675
226716
226762
226996
227034
227108
227192
227263
227668
227709
227769
227875
227958
228026
228041
228228
228421
228520
228591
228949
228998
229012
229088
229342
229449
229608
229663
229689
229695
229698
230008
230228
230253
230288
230317
230323
230350
230390
230413
230456
230533
230892
231048
231119
231127
231171
231263
231287
231369
231382
231550
231712
231753
231808
231956
231990
232041
232374
232384
232429
232686
232808
232819
232825
232865
232942
232954
233101
233111
233132
233135
233284
233356
233437
233615
233627
233694
233766
233934
233992
234003
234014
234049
234083
234087
234213
234267
234335
234369
234388
234465
234469
234480
234501
234678
234687
234731
234766
234915
234972
235001
235049
235429
235925
235938
236252
236449
236450
236452
236561
236637
236854
237007
237105
237134
237276
237590
237741
237949
238033
238226
238322
238489
238536
238781
238808
238866
238890
238904
239027
239054
239241
239377
239381
239382
239666
239737
239768
239776
239791
239848
239894
239908
240093
240101
240202
240657
240704
240778
240817
240963
240989
241028
241068
241139
241655
241667
241789
241883
241907
241926
241976
242029
242155
242203
242343
242717
242819
242862
242900
243114
243133
243176
243225
243414
243439
243504
243545
243562
243741
244074
244257
244301
244401
244487
244633
244641
244681
244722
244917
245043
245057
245065
245114
245115
245247
245294
245522
245618
245664
245726
245743
245883
245946
245999
246349
246743
246864
247242
247251
247315
247370
247547
247579
247773
247851
247898
247928
248087
248105
248114
248173
248333
248549
248574
248624
249176
249285
249359
249408
249493
249707
249876
249898
250111
250192
250225
250231
250239
250296
250378
250383
250560
250702
250830
250859
250869
250964
251116
251138
251160
251250
251401
251662
251712
251721
251723
251759
252166
252309
252327
252334
252547
252694
252873
252929
252989
253036
253277
253453
253635
253675
253749
253875
254009
254052
254132
254386
254605
254709
254827
254849
254884
254913
255097
255207
255363
255497
255527
255601
255753
255798
255887
255941
256324
256811
256822
256842
256921
256976
256986
257143
257238
257288
257302
257474
257499
257693
257695
257709
257896
258075
258143
258182
258271
258487
258492
258581
258779
259058
259159
259304
259592
260030
260278
260312
260354
260385
260391
260489
260506
260639
260960
260975
261059
261064
261135
261260
261315
261384
261793
261794
261886
262015
262241
262497
262843
262845
262871
262903
263048
263092
263139
263150
263273
263655
263721
263863
263988
264064
264103
264147
264292
264399
264415
264599
264772
264838
264919
265018
265057
265156
265161
265255
265564
265618
265729
265926
266010
266168
266184
266220
266319
266388
266477
266509
266602
266635
266840
266842
266897
267240
267564
267736
267806
267892
268193
268295
268495
268783
268837
269123
269181
269347
269439
269591
269619
269698
269811
269909
269920
269953
270482
270544
270595
270951
270976
271081
271115
271118
271219
271225
271234
271267
271386
271438
271445
271467
271543
271553
271643
271848
271901
271973
272490
272520
272634
272772
272851
272893
272924
273117
273270
273317
273451
273498
273503
273508
273711
273723
274004
274303
274308
274342
274363
274660
274716
274737
274755
275500
275536
275543
275576
275596
275713
275760
275765
275862
275970
276092
276168
276572
276576
276631
276964
277347
277355
277537
277592
277641
277666
277797
277824
277865
278168
278249
278450
278584
278772
278900
279004
279005
279018
279047
279088
279132
279245
279337
279492
279710
279823
280080
280259
280487
280584
280850
280858
281093
281100
281233
281260
281261
281386
281408
281573
281611
281668
281740
281747
281870
282411
282446
282495
282729
282781
282859
282860
282991
283137
283250
283321
283385
283462
283878
283969
284087
284100
284124
284170
284184
284280
284315
284416
284598
284667
284751
284843
284882
284975
285029
285105
285398
285714
285807
285991
286099
286235
286294
286346
286371
286554
286555
286648
286655
286665
286783
286873
287082
287092
287101
287170
287429
287471
287521
287591
287715
287781
287791
287832
287846
287953
288061
288108
288322
288570
288669
288715
289026
289068
289074
289094
289104
289109
289146
289622
289711
289724
289893
290240
290279
290282
290504
290528
290530
290557
290559
290608
290707
290727
290880
291155
291263
291264
291266
291632
291739
291911
292184
292715
292753
292786
292806
293243
293277
293313
293325
293529
293533
293660
293703
293892
294109
294231
294286
294394
294469
294471
294513
294852
294866
295031
295048
295133
295142
295222
295269
295283
295420
295472
295678
295681
295749
295846
295963
295971
296021
296096
296097
296161
296210
296333
296692
296885
296993
297035
297310
297353
297422
297720
297732
298107
298162
298171
298255
298264
298326
298443
298516
298684
298782
298904
298977
299006
299539
299567
299684
299756
300008
300103
300106
300107
300348
300601
300669
300769
300814
300815
300821
301260
301569
301904
302097
302114
302119
302148
302277
302414
302424
302449
302590
302609
302612
302669
302704
302765
302883
303048
303051
303102
303141
303226
303303
303611
303677
303724
303741
303774
303962
303967
304084
304444
304572
304591
304706
304719
304817
304920
304958
305099
305113
305145
305184
305213
305214
305265
305309
305348
305356
305370
305379
305479
305544
305558
305669
305756
305774
305937
306041
306139
306886
306899
306977
306983
306987
307049
307054
307396
307554
307607
307821
307879
308012
308096
308153
308175
308213
308227
308426
308616
308881
308909
308914
309131
309237
309384
309900
309909
309946
310036
310041
310122
310213
310483
310682
310984
311109
311176
311246
311329
311361
311403
311595
311693
312188
312449
312502
312522
312529
312673
312715
312776
312852
313043
313187
313252
313457
313613
313636
313657
313766
313822
314009
314056
314254
314731
314733
314910
314947
315077
315080
315148
315166
315176
315212
315246
315249
315402
315411
315502
315506
315710
315811
316185
316300
316493
316542
316615
316718
316795
316801
316802
316813
316949
316987
317160
317193
317276
317432
317464
317505
317568
317646
317707
318011
318075
318091
318174
318221
318245
318306
318349
318571
318800
319127
319142
319243
319256
319389
319532
319922
320040
320487
320599
320774
320807
321002
321043
321118
321142
321233
321458
321581
321832
321842
321930
321935
322000
322144
322277
322394
322397
322623
322633
322696
322734
322753
322857
322896
322981
323123
323133
323137
323302
323534
323581
323628
323637
323835
323940
324079
324128
324193
324241
324253
324560
324919
324943
324982
325020
325129
325267
325347
325481
325558
325566
325658
326142
326470
326820
327212
327611
327748
328075
328092
328529
328586
328913
329377
329845
329947
330009
330186
330279
330287
330379
330482
330502
330521
330606
330613
330633
330639
330655
330676
330844
330887
331011
331153
331236
331263
331542
331637
331645
331801
331898
331935
332276
332358
332397
332421
332477
332602
332679
332771
332864
332881
332901
333200
333592
333710
333742
333768
333880
333883
333961
333985
334109
334136
334282
334416
334426
334440
334562
334652
334700
334748
334848
334918
334977
335095
335106
335122
335138
335172
335226
335351
335535
335581
335633
335689
335764
335776
335778
335802
335888
335941
335957
335977
336048
336087
336107
336339
336599
336651
336704
336950
337104
337247
337270
337465
337557
337662
337947
338080
338327
338358
338409
338426
338490
339092
339131
339134
339181
339191
339281
339799
339835
339874
339940
340214
340221
340412
340490
340638
340727
340738
340745
340792
341017
341232
341315
341353
341441
341546
341550
341595
342132
342345
342526
342532
342542
342638
342675
342740
342948
342970
342984
343344
343356
343399
343436
343685
343858
343884
343894
343903
343996
344069
344413
344510
344624
345034
345083
345331
345334
345502
345503
345619
345620
345678
345815
346079
346172
346223
346259
346326
346612
346885
347086
347122
347137
347213
347320
347492
347521
347530
347539
347558
347676
347965
348003
348014
348067
348179
348220
348410
348470
348496
348731
348741
348942
348991
349105
349107
349202
349203
349399
349430
349457
350369
350482
350561
350865
350878
350937
350962
350995
351058
351114
351500
351628
351810
351819
351820
351847
351888
351971
352261
352280
352299
352395
352403
352478
352518
352544
352552
352635
352804
352829
352941
353006
353136
353389
353416
353469
353529
353554
353641
353670
353742
353917
353989
353990
354049
354080
354124
354250
354365
354385
354410
354469
354519
354521
354602
354660
354739
354760
354772
354777
354821
354892
354904
354979
354990
355163
355270
355306
355675
355679
355731
355757
355767
355872
356077
356187
356442
356629
356669
356682
356789
356831
357114
357183
357208
357505
357709
358077
358172
358533
358567
358720
358803
358810
358981
359027
359134
359182
359201
359212
359285
359649
359652
359682
359729
359776
359956
360100
360543
360732
360964
360994
361375
361403
361426
361491
361688
361820
362009
362068
362160
362333
362355
362474
363133
363394
363753
364135
364514
364581
364593
364597
364739
365042
365044
365075
365132
365208
365352
365400
366003
366054
366064
366191
366514
366578
366698
366763
366843
366875
366887
366888
367418
367608
367784
367807
367838
367869
367985
368027
368032
368125
368149
368177
368412
368527
368588
368604
368618
368721
368971
369142
369171
369184
369344
369355
369437
369450
369498
369705
370020
370043
370243
370676
370822
371021
371077
371099
371157
371189
371344
371394
371464
371499
371599
371644
371776
371792
372075
372232
372275
372280
372340
372713
372763
372765
372842
372851
372987
373098
373169
373236
373434
373473
373510
373601
373629
373653
373813
373821
373825
373866
373937
373938
373952
373963
374017
374061
374168
374375
374501
374626
374684
374878
374932
374979
375074
375111
375190
375287
375561
375635
375665
375677
375719
375814
375953
376034
376167
376169
376307
376547
376605
376678
376869
376914
377043
377193
377218
377441
377550
377655
377900
378025
378121
378276
378583
378656
378819
378828
378896
378936
378997
379046
379088
379379
379467
379491
379529
379785
380013
380183
380185
380310
380419
380477
380674
380699
380767
380817
381041
381386
381567
381577
381613
381633
381700
381716
382070
382335
382341
382439
382465
382783
382789
382817
382820
382837
382923
382964
383079
383300
383671
383750
384001
384029
384105
384135
384374
384584
384921
385021
385097
385217
385303
385536
385618
385651
385726
385737
385749
385751
385803
385911
385934
386002
386075
386126
386158
386226
386342
386574
386580
386720
386782
386784
386936
387059
387162
387300
387319
387397
387772
387868
387943
387983
388123
388149
388233
388339
388433
388500
388543
388563
388615
389040
389091
389321
389364
389386
389462
389580
389601
389878
389885
389909
389921
389959
390109
390194
390219
390379
390380
390389
390403
390491
390550
390554
390574
390721
390822
390826
390894
391045
391065
391151
391264
391389
391458
391488
391492
391498
391508
391633
391699
391786
391936
391945
391972
391981
392065
392167
392214
392285
392492
392532
392565
392782
392797
392813
392971
393040
393094
393541
393594
393802
394084
394219
394327
394332
394495
394603
395027
395207
395208
395227
395234
395342
395378
395429
395431
395469
395780
395794
395808
395844
395864
396121
396149
396261
396285
396688
396875
396886
397099
397116
397120
397177
397249
397467
397470
397566
397666
397717
397841
397898
397904
398196
398227
398455
398647
398670
398701
399085
399124
399135
399143
399201
399292
399442
399465
399512
399638
399690
399780
400019
400027
400050
400192
400195
400269
400356
400705
400763
401045
401078
401286
401340
401561
401899
401977
401990
402060
402224
402390
402430
402431
402878
402880
402932
402952
403003
403020
403348
403382
403499
403544
403706
403713
403927
404050
404344
404415
404437
404615
404894
405196
405340
405591
405752
405814
405845
405923
406225
406269
406486
406522
406645
406663
406751
406778
406945
406996
407018
407260
407271
407457
407731
407793
407868
407953
408054
408102
408176
408423
408647
408660
408705
408719
408788
408891
408966
408987
409265
409346
409520
409526
409584
409586
409692
409755
409905
410040
410047
410098
410117
410202
410251
410367
410441
410534
410659
410702
410778
410829
410855
411228
411289
411305
411310
411521
411625
411740
411774
411977
412093
412148
412229
412232
412419
412422
412429
412434
412620
412635
412638
412718
413008
413054
413232
413391
413396
413458
413523
413674
413717
413757
413775
413799
413804
413830
414250
414287
414568
414613
414620
414635
414644
414781
414984
415273
415489
415499
415507
415591
415715
415783
415917
415989
416122
416196
416326
416341
416370
416796
416911
417003
417151
417205
417273
417550
417587
417648
417768
417836
417924
417933
417968
418016
418205
418249
418259
418599
418603
418699
418873
418878
419077
419291
419546
419568
419633
419678
419701
419861
419869
419976
420064
420102
420518
420535
420646
420655
420681
420974
421105
421363
421570
421738
421898
421908
422011
422047
422186
422233
422245
422260
422296
422335
422416
422552
422715
423009
423125
423253
423269
423300
423507
423553
423821
423846
424243
424364
424834
424849
425010
425050
425096
425149
425257
425272
425326
425327
425541
425719
425787
425795
425839
425977
426051
426266
426381
426386
426638
426659
426700
426955
426997
427104
427113
427134
427213
427311
427526
427563
427601
427621
427639
427718
427909
427910
427933
427937
428056
428112
428198
428212
428250
428354
428356
428419
428435
428507
428539
428664
428842
428844
429058
429114
429333
429612
429702
429740
429743
429747
429898
429970
430028
430060
430130
430134
430341
430396
430444
430448
430562
430774
430971
431237
431277
431409
431498
431560
431840
431852
431984
432027
432081
432195
432235
432540
432654
432844
433037
433224
433328
433441
433692
433715
433737
433744
433811
433877
434002
434123
434148
434330
434415
434423
434543
434583
434645
434755
434773
434877
435029
435030
435253
435331
435449
435485
435559
435841
435866
435900
435972
436090
436332
436491
436540
436610
436670
436773
436788
436998
437042
437144
437297
437528
437613
437724
437747
437871
437873
437941
438029
438073
438203
438238
438419
438437
438514
438582
438596
438629
438764
438778
438916
438943
439074
439132
439454
439522
439641
440202
440208
440284
440342
440356
440411
440416
440423
440543
440733
440859
440944
441032
441071
441249
441290
441555
441574
441625
441652
441704
441790
441791
442186
442351
442422
442529
442547
442573
442626
442688
442847
442921
442982
443140
443289
443375
443462
443705
443828
443848
443905
443920
443955
443962
444015
444016
444121
444194
444208
444360
444522
444765
444781
444942
444991
444998
445198
445346
445430
445514
445533
445990
446113
446123
446253
446296
446318
446447
446477
446496
446538
446686
446726
446792
446924
447003
447024
447051
447191
447449
447525
447528
447580
447703
447791
447830
448087
448172
448422
448637
448672
448745
448779
448879
448891
449123
449301
449490
449505
449506
449515
449565
449610
450067
450097
450133
450293
450316
450451
450673
450773
450800
451006
451024
451314
451539
451628
451686
451696
451708
451744
451805
451824
451889
451956
452021
452081
452144
452205
452221
452312
452353
452387
452504
452593
452701
452721
452755
452853
452920
452988
453117
453162
453232
453329
453334
453455
453477
453505
453563
453620
453775
453816
453914
454202
454213
454492
454525
454592
454830
454836
455057
455080
455144
455239
455362
455399
455482
455519
455588
455638
455684
455982
456222
456251
456321
456390
456424
456430
456507
456552
456860
456930
456943
456975
457119
457188
457198
457480
457531
457692
457890
457891
458055
458263
458385
458638
458801
459049
459071
459092
459112
459113
459119
459257
459398
459411
459440
459729
459861
460014
460094
460101
460140
460241
460246
460261
460379
460408
460440
460572
460637
460639
460916
460971
461010
461036
461149
461174
461238
461355
461357
461388
461617
461644
461652
461694
461721
461755
461792
461841
461854
461908
462084
462187
462192
462215
462287
462590
462593
462700
462944
463175
463284
463304
463346
463464
463561
463641
463924
464112
464335
464599
464624
464710
464733
464832
464864
465127
465365
465521
465532
465559
465566
465596
465611
465616
465631
465636
465649
465680
466056
466127
466186
466211
466717
466719
466887
467051
467213
467215
467244
467250
467307
467426
467507
467646
468208
468334
468429
468633
468738
468808
468809
468833
468870
469080
469223
469334
469416
469542
469586
469634
469723
469831
469879
469953
469992
470022
470036
470105
470484
470563
470624
470661
470753
470791
470886
471065
471094
471112
471244
471298
471337
471462
471631
471705
471778
472035
472075
472160
472301
472515
472559
472685
472718
472827
472864
472894
472965
473024
473052
473446
473563
473616
473762
473763
473912
474175
474202
474268
474323
474480
474617
474883
474992
475017
475097
475119
475503
475696
475798
475808
475949
476136
476239
476393
476488
476533
476583
476598
476677
476690
476756
477098
477272
477277
477337
477367
477491
477625
477897
477938
478147
478243
478332
478421
478440
478583
478584
478647
478684
478779
478906
478910
478973
479046
479110
479232
479238
479322
479441
479493
479495
479620
479644
479729
479742
479906
480058
480140
480317
480356
480381
480513
480528
480576
480594
480720
480768
480840
480916
480972
481030
481085
481210
481219
481246
481273
481334
481396
481532
481589
481780
481801
482010
482191
482299
482339
482380
482528
482550
482606
482607
482838
482858
482953
482956
482976
483177
483383
483587
483593
483713
483754
483760
483772
484343
484406
484537
484560
484588
484724
484748
484889
484988
485074
485098
485184
485214
485217
485289
485319
485346
485398
485563
485578
485650
485858
485921
485929
485930
485984
485994
486055
486147
486248
486387
486634
486709
486920
486976
487160
487165
487315
487375
487412
487447
487455
487477
487535
487612
487724
487726
487733
487887
487960
487963
488049
488100
488346
488366
488425
488605
488632
488657
488802
488978
489027
489048
489127
489150
489295
489425
489497
489501
489669
489753
489788
489793
490045
490092
490157
490223
490225
490259
490299
490420
490674
490700
490910
490922
490925
491000
491093
491100
491167
491565
491566
491703
491727
491786
492042
492163
492203
492683
492717
492907
492968
492979
493039
493123
493326
493421
493489
493505
493910
494603
494778
494805
494847
494958
495062
495098
495150
495362
495400
495486
495543
495625
495702
495707
495756
495789
496094
496274
496400
496469
496639
496730
496778
496843
496979
497017
497116
497468
497610
497791
497814
497822
497913
497981
498119
498362
498495
498546
498650
498678
498793
498872
498948
498992
499013
499081
499161
499247
499249
499290
499401
499612
499638
499673
499699
500036
500307
500347
500487
500599
500654
500655
500702
500820
501439
501531
501633
501641
501660
501668
501714
501780
501955
502147
502205
502215
502430
502439
502551
502935
502993
503072
503085
503125
503346
503366
503486
503521
503563
503747
503748
503799
503859
504084
504169
504188
504275
504301
504454
504461
504560
504667
504674
504698
504728
504798
504871
505043
505299
505353
505430
505607
505620
505692
505794
505857
506004
506123
506287
506304
506410
506456
506493
506668
506823
507069
507118
507354
507473
507483
507602
507657
507798
507885
507907
507965
507995
508097
508233
508273
508321
508350
508370
508387
508403
508494
508547
508572
508583
508693
508855
508946
508974
509022
509553
509580
509640
509812
509832
509882
509915
509970
510129
510254
510309
510382
510393
510783
510819
510853
510894
511020
511361
511459
511466
511622
511659
511893
511944
512061
512220
512347
512365
512643
512708
512807
512925
513057
513223
513234
513493
513531
513583
513719
513785
513830
513833
513841
513847
513848
513957
514057
514249
514288
514298
514393
514556
514572
514811
514937
515060
515090
515185
515193
515219
515978
516168
516212
516320
516353
516529
516558
516929
516972
517041
517438
517640
517728
517838
517993
518023
518090
518135
518180
518208
518335
518436
518447
518507
518631
518987
519371
519394
519534
519611
519711
519900
520006
520064
520071
520132
520137
520371
520496
520523
520608
520681
520738
520759
520763
520771
521071
521520
521659
521786
521902
521960
521976
522108
522183
522199
522322
522343
522465
522492
522503
522696
522718
522753
522774
522858
522867
523035
523056
523130
523220
523375
523448
523603
523869
523933
523967
524091
524177
524231
524283
524310
524659
524669
524679
524728
524778
524907
524999
525005
525281
525283
525449
525628
525695
525774
525815
525828
525873
525961
525994
526065
526074
526260
526270
526357
526742
526840
526862
526914
527036
527095
527113
527315
527471
527482
527486
527542
527543
527594
527965
528109
528147
528165
528296
528306
528387
528406
528431
528435
528484
528502
528679
528931
529243
529392
529448
529470
529618
529626
529821
529852
529951
530095
530124
530131
530196
530274
530477
530842
531017
531206
531299
531439
531464
531502
531522
531541
531642
531691
531788
531822
531902
531999
532069
532127
532329
532436
532437
532931
532952
533150
533197
533523
533639
533751
533826
533942
534408
534510
534624
534827
534865
535327
535414
535450
535530
535679
535686
535790
535830
536002
536047
536086
536284
536321
536357
536408
536457
536493
536978
537358
537569
537742
537861
537895
537909
537917
538015
538016
538041
538153
538156
538198
538221
538395
538414
538508
538532
538656
538754
539090
539097
539312
539331
539341
539441
539540
539558
539589
539632
539638
539746
539822
539848
540114
540158
540257
540355
540391
540416
540418
540689
540704
540866
540890
540960
541076
541093
541181
541316
541644
541686
541955
541970
542032
542034
542191
542194
542560
542874
543039
543085
543137
543167
543172
543194
543362
543502
543505
543609
543678
543724
543803
543890
543900
543986
544034
544098
544231
544360
544459
544491
544605
544841
544845
544853
544967
545012
545023
545106
545143
545235
545715
545855
546028
546129
546189
546310
546508
546552
546659
546678
546812
546826
546893
546904
547046
547198
547304
547339
547504
547593
547594
547687
547696
547733
547834
547862
547888
547920
548025
548046
548103
548190
548196
548268
548372
548492
548649
548655
548723
548754
549001
549051
549122
549220
549373
549391
549622
549669
549963
550010
550031
550035
550118
550263
550277
550288
550293
550385
550562
550569
550779
550878
550901
550915
550923
550934
551015
551031
551105
551255
551269
551337
551370
551406
551546
551567
551682
551732
551744
551822
551928
551998
552046
552159
552173
552274
552330
552499
552537
552606
552943
553146
553254
553479
554424
554635
554642
554751
555132
555149
555163
555178
555210
555211
555304
555342
555647
555685
555949
556092
556306
556309
556456
556479
556521
556538
556581
556736
556771
556823
556887
556916
557285
557357
557424
557441
557461
557670
558063
558200
558312
558332
558450
558455
558649
558668
558781
558801
558901
559001
559016
559341
559395
559599
559690
559716
559759
559846
559992
560047
560060
560162
560295
560389
560411
560457
560601
560634
560729
560741
560756
560796
561076
561151
561189
561191
561247
561282
561297
561385
561594
561926
561936
561969
562052
562377
562437
562574
562750
562864
563063
563341
563591
563674
564034
564254
564472
564527
564858
564898
564920
565284
565403
565420
565565
565608
565699
565730
565755
565809
565901
566070
566169
566296
566304
566409
566492
566609
566651
566718
566822
566906
567026
567352
567509
567564
567698
567785
567908
567968
567982
568088
568402
568405
568577
568584
568797
568857
569001
569175
569271
569305
569435
569461
569762
569836
569862
569884
569938
570094
570137
570213
570255
570363
570485
570512
570617
570666
570726
570808
571059
571350
571430
571461
571598
571629
571749
572368
572451
572457
572581
572773
572827
572920
572947
572959
572978
573003
573044
573080
573266
573269
573309
573621
573864
573881
573884
574195
574202
574242
574273
574474
574615
574755
574840
574843
574914
574990
575131
575199
575216
575347
575406
575416
575425
575473
575560
575655
575696
575764
575928
575936
576036
576045
576520
576542
576645
576669
577011
577128
577233
577307
577390
577443
577461
577764
577806
577831
577857
577890
577975
577981
578003
578093
578185
578485
578493
578522
578525
578641
578745
578825
578843
578987
579121
579508
579681
579746
579752
579768
579864
579867
580014
580214
580394
580459
580722
580765
580810
580880
581022
581054
581057
581378
581629
581640
582005
582008
582027
582040
582049
582129
582140
582199
582219
582276
582352
582582
582692
582879
582892
582919
582951
583022
583166
583232
583534
583568
583582
583881
583882
583920
583946
584112
584342
584604
584682
584692
584734
584943
585030
585132
585471
585529
585666
585705
585814
585949
585983
586014
586017
586071
586089
586163
586185
586302
586320
586330
586353
586354
586523
586539
586549
586599
586669
586670
586754
586765
586952
586981
587300
587438
587540
587545
587596
587749
587788
587817
587899
588004
588040
588051
588177
588318
588404
588494
588550
588560
588568
588653
588952
588979
589045
589137
589169
589287
589319
589373
589624
589778
589903
590031
590068
590333
590358
590435
590520
590582
590632
590716
590777
590800
590956
590962
591059
591236
591271
591283
591295
592050
592114
592327
592378
592417
592537
592699
592731
592867
592936
592945
592947
593032
593159
593190
593355
593375
593447
593662
593803
593916
594000
594215
594237
594324
594326
594422
594607
594632
594660
594840
594862
595010
595198
595235
595253
595264
595380
595388
595791
596070
596180
596492
596518
596619
596973
597115
597121
597148
597307
597315
597380
597557
597823
597942
597972
598387
598393
598416
598472
598508
598560
598791
598818
598933
599072
599230
599240
599272
599384
599521
599552
599577
599987
599999
600034
600111
600135
600211
600553
600573
600590
600614
600738
600773
600796
600819
600865
601019
601102
601201
601260
601508
601528
601809
601839
601888
601890
601927
601933
602205
602257
602280
602316
602407
602411
602458
602483
602506
602619
602654
602744
602794
602861
602946
602955
603048
603067
603114
603162
603168
603171
603249
603251
603413
603431
603540
603544
603833
603853
603991
604122
604206
604254
604272
604404
604502
604907
605072
605179
605357
605467
605480
605502
605511
605704
606167
606252
606311
606590
606606
606648
606651
606669
606741
606864
606953
607202
607328
607368
607425
607490
607609
607860
607963
608117
608313
608322
608327
608439
608591
608706
608836
608868
609221
609229
609260
609292
609299
609340
609443
609461
609470
609533
609602
609732
610013
610027
610166
610300
610352
610436
610631
610751
611080
611153
611196
611224
611285
611301
611331
611436
611505
611629
611699
611703
611757
611958
612018
612073
612513
612529
612853
612882
612934
613168
613371
613543
613671
614043
614094
614227
614233
614267
614346
614466
614605
614659
614767
615399
615646
615662
615824
615909
616028
616116
616182
616325
616333
616377
616388
616395
616488
616549
616573
616771
616778
617019
617533
617537
617667
617735
617978
618056
618091
618258
618339
618478
618578
618601
618768
618985
619012
619135
619169
619366
619393
619642
619855
619982
620031
620035
620231
620277
620673
620697
620806
620854
620889
620998
621374
621589
621649
621852
621962
621996
622010
622012
622275
622303
622346
622380
622393
622423
622515
622527
622575
622741
622802
622882
623058
623234
623322
623638
623702
623946
623973
624055
624157
624204
624210
624354
624370
624454
624488
624659
624766
624991
625055
625131
625251
625308
625394
625496
625562
625641
625687
625742
625927
625943
626074
626296
626297
626307
626390
626397
626492
626745
626757
626781
626833
626998
627023
627169
627179
627187
627248
627538
627550
627653
627767
627928
627934
628016
628126
628155
628228
628363
628400
628437
628439
628520
628578
628618
628637
628642
628840
628920
629021
629190
629239
629549
629597
629931
629982
629993
630097
630353
630483
630808
630879
630975
631054
631058
631093
631442
631498
631594
631604
631614
631633
631671
631737
632059
632103
632237
632274
632382
632391
632465
632518
632544
632614
632723
633157
633375
633470
633547
633555
633568
633906
633922
634098
634133
634142
634199
634230
634275
634339
634462
634468
634552
634607
634681
634843
634916
635151
635295
635356
635377
635510
635603
635863
635880
635899
636037
636407
636475
636535
636729
636743
636773
637149
637220
637260
637279
637543
637945
638028
638120
638191
638240
638270
638380
638385
638393
638412
638570
638591
638604
638719
639044
639049
639058
639220
639483
639600
639890
640032
640034
640076
640094
640404
640465
640506
640507
640554
640692
640715
640751
640767
640827
640833
640867
640923
640936
640956
641087
641140
641215
641647
641711
641887
641910
641967
641984
642112
642225
642329
642459
642519
642555
642766
643246
643253
643351
643386
643397
643501
643529
643640
643783
643866
643960
644068
644084
644122
644202
644258
644289
644351
644368
644407
644589
644707
644901
644910
645109
645311
645320
645336
645420
645428
645489
645531
645753
645888
645968
645976
645996
645998
646010
646011
646082
646330
646556
646879
646918
646991
647066
647178
647282
647369
647377
647386
647492
647517
647733
647850
647952
647959
648062
648137
648323
648367
648510
648643
648938
649042
649055
649093
649149
649191
649318
649391
649443
649499
649633
649938
650228
650258
650396
650426
650443
650659
650874
650972
651249
651283
651472
651579
651759
652110
652353
652525
652545
652676
652684
652724
653119
653198
653378
653451
653533
653613
653671
653794
653802
654111
654138
654231
654240
654284
654627
654670
654679
654748
654843
654848
655105
655246
655357
655380
655397
655514
655545
655598
655711
655719
655891
656081
656160
656175
656244
656745
656930
657017
657187
657212
657362
657403
657517
657661
657683
657757
657874
657916
658001
658143
658212
658326
658368
658430
658444
658468
658557
658689
658705
658716
658752
658773
658839
658907
658942
658947
659034
659043
659285
659384
659432
659675
659733
659867
659897
659906
660057
660155
660198
660201
660415
660467
660659
660660
660667
660701
660713
660735
660736
660917
660960
660993
661084
661101
661160
661199
661213
661272
661275
661320
661431
661645
661768
661870
662003
662082
662154
662185
662537
662547
662723
662765
662782
662828
662837
663167
663174
663185
663246
663526
663601
663653
663800
663907
663983
664104
664222
664284
664315
664433
664505
664589
664606
664699
664942
665046
665275
665365
665401
665588
665620
665866
665899
666025
666033
666049
666067
666139
666257
666282
666377
666467
666587
666673
666808
666810
666879
666884
666904
666985
667163
667236
667318
667469
667563
667564
667663
667874
667943
668042
668245
668315
668359
668394
668475
668513
668539
668759
668889
668954
669013
669059
669234
669260
669263
669355
669428
669518
669638
669697
669789
669796
669930
669977
670001
670002
670328
670429
670479
670549
670844
670932
671088
671098
671520
671719
671784
671806
671822
672405
672510
672574
672681
672741
673008
673051
673266
673288
673371
673477
673628
673644
673705
673796
673862
673923
673930
673991
674074
674117
674344
674418
674429
674632
674789
674842
674870
674941
674989
675423
675740
675753
675903
676154
676303
676322
676346
676468
676477
676487
676575
676650
676705
676771
676822
676981
677221
677387
677570
677822
677972
677977
677992
678072
678101
678178
678455
678705
678906
679000
679101
679168
679176
679194
679296
679362
679574
679608
679611
679634
679659
679669
680000
680039
680101
680122
680249
680465
680582
680614
680759
680801
680835
680923
680970
680984
680986
681027
681050
681211
681296
681450
681654
681669
681677
681767
681849
681935
682094
682320
682489
682573
682603
682615
682684
682745
683023
683028
683037
683107
683262
683351
683411
683555
683670
683687
683745
683843
684082
684176
684210
684271
684363
684650
684706
684819
684929
685066
685140
685302
685558
685563
685592
685723
685734
685907
685972
686233
686323
686626
686709
686715
686738
686740
686867
686888
687110
687175
687226
687233
687265
687278
687355
687490
687523
687568
687577
687688
687768
687826
687841
687858
687979
688061
688182
688224
688403
688457
688758
688834
688859
688943
688957
689013
689102
689247
689289
689342
689469
689633
689739
690061
690092
690299
690425
690437
690485
690608
690632
690716
690950
691046
691094
691138
691391
691513
691632
691717
691806
691834
691944
692049
692178
692194
692246
692416
692430
692670
692710
692714
692755
692848
692895
692981
693148
693175
693281
693399
693403
693410
693421
693453
693707
693743
693794
693861
693862
694012
694057
694178
694259
694300
694301
694384
694493
694541
694569
694599
694706
694750
694785
694868
694934
695119
695222
695758
695958
696014
696038
696048
696206
696481
696519
696679
696741
696791
696833
696927
697048
697375
697409
697487
697573
697628
697666
697675
697875
697986
698013
698109
698154
698396
698433
698645
698745
698792
698898
699107
699439
699450
699480
699527
699535
699550
699677
699768
699804
699845
699892
700025
700071
700075
700143
700312
700321
700325
700515
700566
700662
700677
700684
700711
700734
700807
700856
700941
700955
700982
701045
701054
701086
701109
701175
701372
701434
701568
701710
701760
701835
701932
701947
701985
702063
702181
702214
702224
702263
702277
702292
702335
702541
702548
702644
702861
702902
702920
703008
703010
703129
703675
703772
703850
704023
704100
704144
704315
704364
704692
704723
704740
704887
704985
705011
705029
705361
705445
705468
705656
705739
705768
705865
705935
705993
706012
706192
706219
706239
706351
706385
706460
706648
706664
706933
707099
707119
707189
707229
707267
707321
707536
707659
707729
707878
707915
708094
708095
708235
708451
708586
708730
708797
709008
709082
709242
709244
709376
709452
709531
709709
709760
709883
710025
710099
710150
710306
710381
710454
710461
710498
710598
710738
710742
710776
710929
710935
711148
711209
711335
711367
711447
711554
711617
711648
711764
711799
712112
712174
712378
712399
712420
712552
712559
712771
712783
713000
713067
713360
713901
714024
714107
714171
714288
714416
714466
714468
714588
715255
715288
715317
715910
716058
716079
716137
716257
716374
716417
716543
716569
716592
716765
717143
717288
717291
717424
717432
717680
717681
717693
717807
717891
717958
718126
718189
718607
718622
718656
718988
719038
719043
719070
719130
719209
719260
719288
719343
719358
719363
719554
719651
719687
720301
720458
720922
721000
721451
721494
721699
721768
721959
721975
722099
722104
722532
722696
722947
723203
723309
723313
723401
723573
723618
723629
723823
724016
724117
724123
724330
724487
724542
724620
724652
724949
725060
725166
725385
725491
725954
726030
726287
726315
726332
726418
726661
726680
726684
726719
726805
726816
726889
726891
726982
727115
727263
727392
727457
727521
727561
727622
727686
727789
727878
727964
727968
728015
728081
728103
728127
728181
728186
728271
728364
728559
728645
728764
728837
728920
729057
729084
729170
729204
729248
729690
729737
730238
730305
730333
730374
730416
730423
730543
730707
730745
730793
731137
731411
731413
731519
731541
731572
731594
731736
731748
731940
731945
732054
732255
732348
732373
732427
732742
732958
733007
733089
733385
733489
733622
733746
733762
733819
734032
734236
734315
734327
734351
734393
734439
734474
734499
734580
734629
734641
734792
734799
734817
734845
734959
735292
735362
735371
735461
735549
735628
735769
735872
736061
736299
736489
736494
736639
736648
736652
736832
736922
736937
737059
737257
737284
737569
737921
738090
738127
738128
738387
738451
738488
738494
738772
738774
738818
738914
739061
739160
739619
739687
739755
739913
740035
740051
740277
740339
740566
740781
740843
740917
741246
741445
741473
741479
741490
741575
741603
741911
742029
742077
742248
742348
742368
742405
742622
742662
742746
742786
742815
742959
742990
743156
743162
743277
743325
743358
743379
743594
743595
743682
743689
743730
743909
743940
743942
743971
744009
744339
744342
744511
744580
744807
744815
744879
745032
745174
745181
745359
745362
745372
745451
745560
745644
745767
745827
745930
746004
746048
746083
746101
746118
746149
746197
746260
746362
747022
747073
747303
747729
747937
748143
748435
748521
748723
748952
749000
749183
749221
749447
749512
749725
749822
749832
749892
750033
750089
750117
750158
750185
750196
750278
750369
750381
750388
750504
750681
750723
750778
750827
750862
751002
751068
751237
751331
751361
751475
751667
751704
751757
751955
751967
752004
752071
752201
752320
752364
753074
753109
753205
753320
753522
753885
754031
754053
754237
754344
754526
754651
754667
754747
754893
754998
755123
755239
755798
755902
756098
756293
756366
756391
756415
756440
756454
756517
756564
756603
756742
756766
756970
757124
757138
757249
757413
757545
757797
757917
757993
758044
758144
758629
758836
758873
758939
759270
759346
759354
759492
759656
759674
759784
759788
760178
760200
760255
760293
760299
760591
760682
760705
760834
760892
760983
761014
761080
761240
761265
761392
761492
761513
761714
761919
762008
762074
762077
762160
762454
762464
762551
762553
762611
762698
763167
763174
763516
763530
763545
763667
763781
763797
764309
764568
764585
764740
764742
764847
764861
764946
765000
765161
765413
765489
765520
765548
765654
765828
765880
765886
766182
766208
766280
766398
766545
766861
766907
766950
766964
766988
767168
767172
767180
767189
767259
767391
767766
767916
767953
768035
768140
768339
768347
768422
768427
768465
768537
768626
768670
768701
768723
768742
768893
769006
769058
769133
769440
769482
769608
769670
769825
770093
770170
770239
770483
770584
770662
771006
771013
771079
771100
771275
771346
771507
771533
771632
771644
771886
771898
771936
772044
772105
772249
772335
772422
772668
772711
772727
772807
772818
772910
772919
773108
773164
773276
773392
773417
773503
773515
773650
773810
773869
774202
774319
774325
774555
774636
774656
775045
775128
775142
775414
775453
775986
776157
776275
776331
776429
776523
776582
776640
776745
776976
777040
777081
777104
777118
777146
777156
777276
777484
777661
777745
777778
777794
777845
778059
778468
778469
778746
778959
778973
779119
779147
779164
779244
779256
779408
779518
779525
779644
779683
779942
780178
780197
780283
780635
780663
780686
780717
780768
780963
780988
781054
781115
781145
781181
781347
781367
781406
781705
781729
781738
781742
782042
782058
782379
782394
782705
782785
782888
782968
783160
783268
783280
783386
783399
783508
783517
783708
783725
783988
784075
784141
784221
784300
784424
784465
784570
784673
784730
784869
784900
785051
785061
785270
785293
785322
785373
785580
785585
785611
785671
785781
785854
785876
785888
786184
786201
786289
786294
786403
786474
786524
786580
786770
786794
786843
786922
787095
787104
787107
787214
787250
787321
787359
787461
787491
787534
787553
787604
787713
787735
787823
787861
787927
787941
788016
788115
788129
788205
788483
788555
788617
788644
788858
788869
788997
789025
789032
789079
789134
789304
789779
789830
790026
790291
790380
790387
790631
790721
790873
791160
791373
791401
791500
791574
791594
791607
791768
791984
792016
792057
792267
792434
792708
792873
792922
792924
793047
793196
793240
793251
793305
793363
793445
793586
793651
793674
793760
794157
794160
794254
794422
794821
794874
795146
795193
795211
795312
795327
795377
795915
795964
796073
796088
796478
796497
796832
796850
796908
797155
797358
797400
797420
797455
797505
797562
797737
797828
798083
798157
798283
798433
798460
798529
798540
798647
798670
798727
798729
798807
799208
799265
799288
799340
799432
799441
799508
799761
799773
799960
800058
800183
800186
800250
800331
800393
800431
800457
800485
800528
800717
800753
800815
800866
800878
801384
801611
801657
801736
801824
801852
801924
802096
802166
802267
802472
802637
802674
802746
802839
802911
803031
803114
803210
803280
803469
803489
803501
803662
803763
803780
803858
803894
803916
803929
803977
804079
804097
804120
804299
804415
804468
804564
804574
804651
805000
805080
805132
805264
805294
805409
805431
805453
805467
805479
805573
805671
805870
805891
806172
806307
806768
806843
806849
806917
807078
807226
807470
807797
807818
807939
808181
808302
808304
808500
808606
808675
808837
808848
808881
808923
808928
809097
809118
809197
809272
809308
809564
809634
809679
809818
809819
809989
810049
810122
810311
810488
810549
810593
810662
810681
810722
810749
810919
811089
811165
811520
811523
811593
811835
812118
812119
812146
812175
812212
812414
812523
812540
812627
812679
812967
812989
813296
813346
813358
813394
813411
813543
813746
813749
813789
813876
814011
814088
814169
814289
814459
814512
814540
814771
814805
814835
815009
815035
815130
815351
815412
815439
815621
815950
816070
816099
816228
816343
816423
816424
816604
816630
816927
817104
817131
817207
817263
817291
817409
817416
817454
817492
817653
817699
817741
817747
817910
817942
817950
817994
818171
818191
818237
818260
818458
818503
818516
818670
818817
818939
819063
819161
819230
819265
819366
819435
819738
819909
819941
819951
820215
820236
820275
820294
820563
820659
820933
821049
821224
821398
821455
821485
821579
821817
821893
821899
821906
822140
822162
822164
822460
822670
822922
822930
822931
823103
823128
823478
823523
824036
824216
824227
824324
824484
824588
824741
824796
824852
825073
825082
825169
825326
825546
825642
825659
825769
825825
825830
825900
825930
826025
826126
826370
826435
826650
826722
826735
826798
826837
826857
827098
827266
827271
827332
827401
827582
827751
827816
827859
827959
827986
828153
828229
828799
828804
828938
829004
829100
829534
829559
829613
829706
829850
830010
830165
830195
830301
830353
830757
830868
831029
831435
831446
831812
831866
831883
831899
831912
832599
832659
832747
832834
832844
832881
832948
832978
833052
833108
833180
833248
833342
833365
833652
833715
833787
833906
834011
834349
834540
834612
834676
834709
834956
835031
835070
835081
835235
835271
835387
835516
835532
835624
835706
835869
835876
836011
836333
836699
836709
836910
836996
837061
837067
837078
837133
837255
837534
837712
837816
837914
837930
837941
837955
838066
838165
838248
838712
838799
838869
838929
838960
839057
839074
839078
839196
839392
839427
839439
839469
839595
839702
839894
840013
840029
840081
840212
840380
840415
840457
840597
840672
840682
840693
840841
840883
840931
840996
841136
841230
841297
841403
841622
841702
841706
841792
841893
841971
842252
842313
842431
842457
842477
842508
842601
842695
842779
842918
843001
843032
843119
843201
843292
843313
843319
843375
843406
843463
843593
843692
843788
843862
843884
843899
843919
843951
843983
844082
844103
844115
844170
844291
844317
844318
844394
844504
844526
844612
844640
844833
845033
845066
845105
845218
845230
845272
845428
845431
845503
845635
845676
845715
845814
845833
845963
846174
846204
846205
846270
846275
846282
846312
846360
846401
846418
846527
846858
846926
847009
847041
847151
847268
847389
847419
847504
847567
847646
847756
847812
847870
847949
848102
848194
848252
848507
848516
848566
848579
848649
848880
849056
849231
849452
849455
849818
849942
850034
850303
850404
850633
850658
851360
851469
851546
851636
851706
851720
851757
851826
851882
851963
852102
852123
852174
852204
852228
852428
852437
852910
852946
853274
853537
853715
853766
853822
853976
854031
854080
854211
854226
854253
854303
854312
854494
854546
854568
854680
854827
854974
855108
855264
855276
855409
855442
855462
855508
855704
855873
855903
855931
856072
856130
856144
856267
856339
856528
856758
856870
856936
856988
856998
857657
857667
857768
857823
858049
858185
858387
858424
858448
858573
858599
858649
858650
858948
858949
858969
859251
859643
859650
859750
859763
859815
859863
859958
860116
860151
860222
860254
860299
860444
860812
861105
861170
861202
861389
861523
861542
861739
861985
862330
862526
862624
862643
862703
862714
862851
862873
862933
862951
862982
863117
863247
863261
863300
863495
863577
863613
863690
863737
863779
863865
863932
863988
864079
864361
864452
864532
864779
864799
864863
864923
865002
865043
865079
865093
865122
865366
865391
865457
865523
865593
865611
865985
866013
866099
866161
866306
866379
866427
866544
866579
866688
866706
866725
866746
866791
866817
866856
867058
867357
867483
867527
867567
867924
868062
868164
868356
868486
868577
868631
868639
868874
868984
869317
869372
869375
869426
869871
869912
869976
870187
870210
870255
870302
870348
870369
870683
870796
870914
870955
871030
871047
871150
871173
871269
871299
871407
871415
871438
871500
871557
871614
871659
871843
872115
872128
872273
872400
872496
872577
872669
872771
872799
872844
872870
872951
872981
873000
873089
873133
873204
873209
873412
873471
873491
873738
873981
873986
874032
874281
874427
874548
874720
874779
874859
875050
875318
875661
875681
875719
875766
875855
875866
875994
876015
876137
876263
876271
876541
876562
876605
876671
876842
876873
876887
876907
876948
877355
877495
877706
877719
877806
877917
877979
878136
878193
878494
878543
878579
878626
878630
878697
878793
878929
879150
879197
879300
879351
879466
879527
879612
879628
879707
879804
880018
880026
880035
880205
880297
880341
880394
880479
880522
880582
880602
880656
880706
880814
880863
880864
880935
881186
881187
881384
881566
881717
881757
881821
881880
881899
882184
882198
882226
882766
882779
882933
882962
883013
883115
883149
883329
883332
883361
883493
883758
884073
884079
884167
884231
884335
884404
884429
884510
884675
884754
884788
885101
885122
885550
885743
885780
885831
885883
886131
886150
886205
886368
886474
886568
886736
886747
886813
886851
887028
887335
887369
887396
887595
887769
887917
887932
888277
888291
888307
888345
888392
888659
888703
888745
888782
888849
888925
888956
889086
889113
889576
889677
889687
889908
889945
890059
890152
890202
890224
890297
890321
890325
890393
890407
890477
890500
890546
890570
890688
890697
890846
890864
890894
890930
891117
891276
891319
891388
891412
891420
891443
891490
891675
891722
891733
891752
891753
891988
892406
892549
892646
892736
892839
892997
893021
893225
893301
893800
893825
893910
893969
894114
894254
894297
894389
894414
894508
894562
894612
894747
894761
894954
895023
895060
895079
895244
895299
895371
895373
895449
895488
895500
895719
895736
895820
896070
896252
896258
896313
896339
896347
896633
896872
896921
896965
897101
897319
897543
897553
897592
897643
897687
897730
897734
897759
897845
898117
898168
898189
898248
898260
898349
898486
898596
898681
898700
898764
899196
899306
899328
899576
899594
899942
900299
900358
900360
900373
900491
900506
900815
901132
901261
901300
901390
901430
901453
901501
901506
901602
901745
901793
901797
901859
901888
902049
902079
902260
902319
902327
902400
902465
902651
902784
902804
902842
903041
903223
903367
903412
903436
903493
903500
903583
903634
903694
903742
903912
903970
904088
904149
904224
904304
904459
904535
904630
904794
904929
905067
905377
905589
905780
905852
906026
906113
906217
906246
906328
906364
906533
906753
906822
906830
906876
906908
907203
907255
907274
907309
907325
907646
907766
907932
908181
908289
908378
908467
908471
908626
908914
908974
909035
909096
909142
909156
909218
909221
909327
909340
909692
909853
909939
909958
910346
910412
910585
910626
910676
910761
910789
910869
910997
911147
911166
911220
911224
911531
911541
911556
911611
911708
911773
911917
911947
911955
912126
912273
912368
912499
912702
912838
912853
912958
913031
913111
913188
913201
913261
914636
914761
914797
914881
915027
915083
915222
915326
915411
915592
915661
915663
915759
915970
916009
916031
916217
916448
916473
916607
916679
916712
916996
917004
917072
917174
917289
917314
917325
917378
917419
917514
917753
918032
918035
918067
918122
918289
918767
918814
918829
918940
918986
919078
919093
919132
919208
919228
919342
919390
919399
919740
919830
919872
920017
920185
920343
920370
920459
920623
920692
920932
921021
921029
921044
921046
921152
921220
921273
921282
921342
921485
921492
921750
921886
921945
922078
922214
922386
922666
923019
923059
923120
923288
923389
923564
923618
923714
923721
923739
923836
923898
923901
924048
924448
924538
924629
924679
924715
924969
925049
925084
925120
925122
925439
925869
926020
926056
926080
926433
926470
926556
926568
926676
926728
926836
927060
927103
927151
927224
927363
927572
927707
927879
927944
927966
928067
928069
928084
928152
928236
928256
928260
928520
928695
928710
928957
928997
929044
929068
929137
929296
929332
929412
929430
929476
929674
929808
930158
930442
930506
930614
930733
930877
930959
931141
931240
931332
931378
931487
931598
931636
931706
931805
932065
932079
932199
932302
932581
932618
932655
932771
932906
932957
933143
933279
933341
933502
933559
933711
933833
933894
934083
934182
934205
934263
934265
934319
934405
934560
934741
934832
934887
935344
935421
935455
935491
935531
935640
935660
935740
935872
935932
936001
936015
936066
936141
936229
936244
936325
936717
936903
937025
937087
937150
937425
937519
937550
937637
937643
937712
937719
938005
938173
938368
938374
938424
938463
938469
938768
938770
938807
938819
938916
938968
939005
939016
939246
939362
939416
939738
939944
939962
940012
940390
940409
940461
940489
940545
940587
940612
940740
940744
940955
940959
941177
941410
941426
941461
941541
941600
942119
942203
942242
942262
942270
942320
942323
942329
942361
942492
942532
942547
942686
942760
942792
942931
943267
943419
943481
943623
943739
943762
943832
943853
944179
944240
944264
944373
944380
944436
944553
944558
944623
944662
944696
945010
945124
945156
945284
945308
945314
945406
945764
945767
945819
945870
946273
946418
946596
946713
946753
946822
946851
946865
946888
946921
946989
946998
947220
947257
947332
947335
947415
947462
947743
947941
948037
948053
948125
948154
948262
948548
948591
948683
948723
948856
948937
948970
949248
949260
949365
949435
949633
949705
949824
949838
949901
949936
950034
950156
950355
950566
950568
950580
950711
950771
951143
951392
951475
951575
951859
952005
952050
952118
952173
952362
952367
952619
952653
952813
952831
952846
952907
952913
953064
953103
953169
953306
953375
953557
953628
953718
953728
953995
954150
954197
954225
954277
954302
954526
954750
954780
954915
954949
954988
955142
955260
955265
955331
955443
955542
955645
955786
956043
956079
956083
956168
956201
956273
956313
956365
956382
956447
956541
956785
956790
956832
956860
956939
957216
957267
957360
957757
957845
957901
957957
957974
957995
958199
958224
958254
958414
958646
958702
958790
959329
959455
959516
959565
959631
959678
959863
959967
959968
959981
959992
960009
960203
960223
960328
960373
960646
960748
960754
960828
960868
961089
961092
961335
961398
961562
961691
961762
961767
961919
961960
961965
962069
962155
962191
962273
962277
962467
962494
962555
962562
962604
962724
962736
962747
962850
962937
962942
963363
963433
963471
963667
963773
963884
963949
964038
964065
964084
964349
964386
964447
964508
964679
964691
964840
964854
965015
965082
965104
965219
965275
965456
965591
965657
965751
965770
965851
965896
965994
966040
966098
966204
966212
966243
966299
966421
966554
966611
966627
966916
966981
967047
967050
967349
967528
967662
967706
967723
967746
967908
967971
968083
968151
968270
968456
968979
969018
969153
969160
969166
969178
969179
969401
969600
969685
969816
969873
969905
969991
970064
970159
970185
970193
970205
970253
970256
970327
970416
970442
970619
970643
971008
971107
971128
971339
971429
971495
971511
971588
971636
971874
971905
972002
972017
972070
972100
972180
972284
972356
972487
972777
972877
973237
973261
973284
973294
973402
973487
973768
973943
974017
974026
974032
974095
974114
974356
974485
974667
974741
974769
975147
975226
975337
975461
975502
975569
975641
975686
975800
975806
975978
976022
976247
976477
976844
977064
977171
977225
977285
977314
977418
977463
977737
977814
978067
978137
978152
978187
978278
978300
978332
978340
978508
978888
978940
979003
979030
979136
979244
979305
979689
979690
979794
979931
980159
980179
980219
980241
980304
980311
980339
980434
980470
980481
980535
980705
980714
980781
980901
980927
981121
981162
981286
981329
981336
981361
981393
981650
981678
981769
982057
982105
982191
982199
982293
982441
982551
982716
982754
982949
983050
983380
983411
983527
983646
983841
983899
983931
984087
984107
984356
984419
984461
984496
984722
984936
984937
985066
985332
985419
985484
985652
985742
985744
985834
985933
985945
985958
986140
986158
986253
986360
986420
986472
986742
986861
986979
987011
987030
987132
987184
987254
987257
987423
987772
987798
987995
988006
988086
988094
988166
988220
988313
988344
988413
988497
988569
988591
988644
988988
989024
989066
989105
989151
989195
989207
989231
989257
989286
989547
989643
989664
989707
989744
989886
989977
990073
990114
990278
990567
990668
990707
990751
990776
990839
990995
991060
991251
991586
991599
991624
991753
991817
991927
991983
992207
992271
992395
992420
992521
992724
992770
992912
992919
993016
993035
993162
993249
993269
993508
993560
993570
993765
994049
994234
994236
994241
994346
994382
994426
994603
994891
994945
995000
995031
995331
995354
995473
995512
995515
995590
995612
995864
995956
995997
996026
996090
996105
996190
996302
996422
996476
996527
996604
996606
996695
996783
996962
997119
997124
997175
997314
997424
997513
997577
997578
997591
997650
997832
997871
997874
997985
998076
998194
998204
998362
998428
998559
998659
998670
998786
998817
999048
999089
999151
999223
999278
999349
999468
999783
999792
999796
999801
