160
278
287
321
332
519
544
649
658
734
919
951
956
1071
1177
1266
1317
1368
1464
1503
1541
1686
1925
2006
2191
2259
2420
2599
2643
2727
2827
2880
3040
3143
3379
3503
3580
3634
3649
3679
3686
3825
4255
4312
4342
4416
4447
4505
4510
4550
4700
4705
4879
4934
4968
5004
5040
5076
5123
5229
5320
5419
5442
5522
5840
5915
6313
6434
6517
6558
6609
6615
6667
7097
7108
7136
7160
7205
7253
7335
7401
7884
8030
8065
8270
8323
8351
8559
8598
8601
8656
8770
8777
8965
9098
9273
9325
9383
9520
9755
9863
9999
10011
10084
10102
10374
10473
10598
10612
10666
11151
11353
11440
11443
11514
11634
11885
11957
11968
12198
12219
12404
12458
12719
12757
12833
12906
13328
13360
13370
13377
13453
13455
13506
13669
13746
13771
13822
13912
13943
14145
14212
14318
14555
14665
14748
14876
14901
14983
14990
15189
15258
15281
15316
15429
15522
15572
15593
15603
15677
15793
15850
15955
16017
16061
16062
16231
16433
16524
16824
16911
17016
17019
17068
17183
17227
17251
17345
17447
17490
17603
17631
17735
17992
18000
18068
18118
18281
18298
18377
18413
18609
18633
18657
18699
18702
18725
18744
18778
18894
18934
19069
19218
19429
19774
19981
20123
20218
20452
20492
20636
20663
20727
20861
20955
20957
21034
21041
21066
21128
21166
21255
21262
21664
21710
21744
21812
21948
22047
22129
22143
22178
22547
22606
22618
23085
23088
23118
23149
23374
23396
23468
23490
23695
23753
23821
23857
23944
23994
24482
24504
24583
24598
24740
24896
25141
25264
25394
25398
25427
25437
25448
25463
25494
25573
25644
25671
25806
25852
25881
25906
26296
26408
26441
26455
26515
26578
26670
26797
26968
27116
27157
27158
27389
27454
27608
27705
27901
27916
27962
28004
28205
28206
28213
28318
28534
28577
28594
28615
28684
29057
29169
29207
29335
29354
29392
29484
29621
29805
29889
30023
30041
30100
30188
30420
30569
30620
30971
31097
31360
31384
31460
31461
31475
31599
31709
31728
31811
31995
32032
32052
32234
32265
32286
32316
32321
32593
32801
32876
32992
33109
33113
33270
33274
33335
33351
33387
33396
33452
33584
33625
33735
34336
34612
34674
34934
35037
35069
35139
35424
35515
35854
35933
35982
36011
36380
36426
36466
36611
36612
36767
36833
37018
37035
37138
37220
37236
37364
37410
37433
37671
37878
37908
38046
38158
38201
38481
38765
38822
38846
38905
39015
39089
39090
39096
39116
39167
39271
39338
39362
39470
39474
39539
39675
39851
39861
40071
40101
40174
40218
40286
40606
40626
40767
40831
40843
40862
40972
41032
41606
41760
41785
41828
42046
42165
42169
42267
42307
42325
42471
42736
42804
42898
42959
43058
43059
43379
43448
43500
43610
43695
43702
43838
43843
43875
43929
44068
44217
44262
44464
44561
44616
44639
44702
44741
44809
44814
44881
45173
45325
45331
45510
45645
45671
45687
45742
46402
46542
46543
46621
46769
46990
47005
47237
47320
47372
47441
47490
47746
48091
48138
48225
48263
48284
48367
48566
48578
48705
48709
48872
48920
49112
49138
49172
49201
49409
49468
49568
49586
49810
49864
50105
50113
50171
50186
50239
50279
50744
50748
50844
50897
51155
51275
51509
51685
51734
51775
51929
52331
52459
52604
52725
52855
52904
53131
53313
53513
53558
53737
53745
53880
53895
53983
53984
54261
54755
54790
54840
55303
55334
55449
55456
55673
55865
55962
56064
56273
56346
56406
56437
56460
56480
56495
56503
56554
56587
56633
56764
56803
57000
57030
57145
57147
57539
57604
57666
57872
58289
58294
58393
58410
58413
58445
58460
58491
58742
58761
58860
58878
59039
59046
59148
59484
59809
59886
59923
59931
59956
60146
60368
60417
60479
61072
61218
61359
61442
61652
61726
61810
61856
61961
61970
62044
62053
62158
62349
62377
62481
62823
62926
62997
63073
63235
63269
63326
63443
63510
63537
63649
63750
63876
63942
64080
64258
64521
64542
64561
64758
64843
64928
65034
65176
65283
65319
65439
65440
65452
65457
65571
65643
65669
65802
65838
66119
66127
66270
66336
66395
66452
66480
66800
66835
67062
67133
67217
67264
67293
67304
67353
67422
67518
67603
67635
67660
67792
67811
67844
68042
68153
68272
68395
68561
68660
68934
68951
69032
69134
69225
69360
69521
69869
69907
70043
70344
70444
70465
70653
70814
70909
71057
71136
71151
71254
71427
71481
71528
71566
71641
71777
71834
71989
72003
72172
72207
72257
72330
72555
72644
72667
73026
73117
73234
73254
73338
73407
73482
73568
73719
73783
73819
73865
74022
74062
74107
74441
74473
74550
74819
75056
75090
75093
75141
75145
75255
75357
75511
75684
75705
75763
75778
75810
75898
76120
76144
76176
76247
76354
76457
76631
76891
76981
77198
77313
77369
77400
77433
77645
77665
77768
77954
78025
78294
78299
78466
78468
78473
78560
78576
78668
78738
78994
79005
79050
79094
79126
79197
79210
79229
79251
79411
79919
80155
80298
80548
80672
80757
80979
81007
81054
81094
81211
81222
81339
81393
81613
81700
81729
81754
81893
81914
81955
82082
82105
82120
82200
82290
82348
82402
82447
82609
82620
82688
82723
82787
82823
82845
82875
82884
82965
83020
83024
83036
83074
83078
83134
83237
83238
83454
83573
83673
83685
83741
83817
83955
83993
84021
84142
84206
84329
84671
84718
84790
84878
85094
85104
85114
85118
85119
85262
85287
85449
85481
85483
85573
85700
85749
85815
85928
86035
86140
86186
86431
86542
86548
86641
86674
86678
86751
87043
87351
87458
87562
87717
87809
87855
87935
88013
88037
88225
88233
88335
88727
88804
88922
89048
89120
89159
89243
89370
89415
89484
89492
89507
89553
89656
89712
89736
89756
89923
89994
90027
90057
90160
90222
90227
90510
90520
90633
90729
90863
90919
90978
90980
91011
91083
91215
91276
91289
91367
91573
91666
91671
91780
91802
92003
92131
92145
92153
92248
92334
92506
92903
92951
92976
93094
93318
93546
93548
93759
93769
93862
94058
94187
94278
94291
94486
94544
94672
94864
95081
95213
95411
95415
95450
95604
95775
95939
96117
96130
96170
96528
96879
96892
97028
97116
97147
97254
97295
97354
97363
97419
97534
97595
97620
97739
97844
97881
97929
97963
98226
98391
98401
98479
98552
98643
98733
98761
98840
99065
99091
99135
99323
99441
99462
99473
99662
99676
99717
99770
99805
99841
99975
100121
100319
100530
100680
100705
100733
101023
101028
101117
101183
101220
101335
101404
101411
101463
101499
101535
101818
101941
101989
102046
102360
102422
102478
102489
102492
102568
102640
102699
102889
103051
103192
103229
103292
103366
103566
103676
103700
103719
103730
103767
103798
103826
103917
104335
104376
104419
104485
104537
104585
104634
104766
104832
104995
105047
105173
105348
105361
105548
105653
106118
106184
106224
106265
106506
106553
106561
106932
107102
107142
107158
107250
107374
107582
107605
107687
107854
108089
108108
108125
108134
108182
108265
108385
108633
108942
109065
109219
109267
109275
109498
109539
109663
109972
110064
110234
110299
110539
110542
110657
111083
111123
111275
111277
111660
111800
111824
111848
111901
111993
111995
112020
112115
112116
112184
112390
112476
112609
112801
112940
113096
113286
113426
113512
113550
113579
113684
113705
113742
113757
113828
113835
113851
113881
113934
114110
114115
114186
114218
114307
114346
114361
114363
114372
114408
114675
114749
114839
115002
115054
115237
115251
115365
115368
115473
115537
115637
115735
115755
115785
116063
116148
116181
116213
116346
116396
116484
116602
116685
116739
116959
117184
117435
117453
117477
117618
117779
117794
117803
117980
118053
118244
118288
118518
118605
118632
118703
118752
118908
119037
119159
119209
119348
119669
119671
119681
119714
119816
119837
119855
119896
120029
120125
120224
120497
120522
120530
120714
120731
121230
121256
121285
121395
121460
121504
121528
121633
121681
121762
121996
122217
122373
122546
122551
122602
122661
122693
122742
122770
122854
123037
123263
123312
123440
123485
123582
123706
123897
123962
124052
124188
124194
124222
124314
124398
124418
124551
124565
124603
124632
124752
124928
125073
125113
125161
125272
125335
125433
125719
125736
125744
125950
126535
126537
126583
126605
126697
126804
126839
126951
127271
127522
127618
127631
127686
128004
128288
128342
128724
128813
128844
128957
128963
129709
129742
129870
130037
130060
130086
130099
130336
130338
130343
130453
130568
130713
130760
130937
131072
131119
131172
131300
131408
131409
131501
131599
131730
131920
131997
132281
132306
132633
132641
132675
132892
133257
133373
133619
133662
133837
133866
134209
134370
134642
134643
134716
134759
134764
134809
134841
134936
135046
135101
135130
135192
135222
135269
135272
135316
135532
135569
135659
135786
135885
135890
135971
136017
136098
136100
136395
136454
136474
136478
136673
136759
136909
136973
136976
137038
137061
137077
137203
137303
137322
137470
137955
138053
138093
138101
138226
138227
138273
138384
138407
138411
138475
138529
138640
138983
139068
139252
139320
139446
139989
140014
140032
140058
140161
140176
140248
140273
140410
140529
140759
140764
140816
140997
141031
141096
141126
141328
141487
141576
141628
141637
141682
141692
141963
142216
142325
142472
142607
142659
142775
142827
142846
142870
142932
142976
143004
143297
143340
143372
143519
143613
143675
143679
143765
143881
143937
144030
144094
144142
144183
144333
144462
144524
144598
144602
144657
144728
144754
144783
144868
144887
145066
145254
145296
145413
145524
145777
145778
145781
145879
146080
146106
146162
146195
146600
146703
146810
146926
146936
146980
147132
147570
147587
147618
147879
147897
147962
148197
148204
148256
148273
148322
148324
148389
148596
148764
148922
148958
149372
149383
149424
149544
149589
149643
149715
149778
149937
150092
150130
150168
150240
150265
150342
150831
150934
150937
150951
151100
151235
151418
151627
151689
151781
151905
151911
152035
152101
152111
152628
152650
152655
152656
152754
152838
152965
152973
153113
153197
153306
153376
153387
153542
153608
153653
153799
153807
153808
153834
153837
154050
154258
154291
154389
154517
154568
154627
154647
154687
154791
154854
154919
154945
154989
154998
155106
155161
155234
155346
155394
155469
155483
155576
155909
155990
156118
156154
156162
156183
156360
156507
156615
156711
156793
156820
157111
157271
157299
157308
157449
157588
157706
157818
157871
158301
158464
158546
158795
159080
159091
159147
159286
159443
159653
159742
159859
160153
160174
160282
160283
160388
160564
160566
160765
160814
160914
160968
161174
161219
161291
161310
161404
161498
161505
161995
162005
162037
162076
162143
162280
162425
162527
162616
162623
162681
162912
162917
162924
163018
163024
163099
163171
163293
163470
163530
163606
163828
163886
163904
163976
164187
164408
164525
164620
164678
164751
165047
165054
165160
165478
165621
165705
165808
165934
165981
166268
166273
166426
166458
166536
166564
166608
166639
166644
166744
166769
167362
167466
167505
167622
167629
167707
167748
167791
167869
167900
167919
167960
168121
168156
168350
168719
168943
168957
168998
169027
169066
169174
169216
169387
169453
169513
169764
169804
169869
170157
170214
170362
170984
171059
171353
171480
171567
171597
172084
172139
172167
172240
172276
172277
172633
172730
172805
172825
172846
172856
172926
172947
172971
172997
173014
173365
173394
173450
173471
173584
173669
173744
173816
173862
173914
174277
174301
174537
174618
174734
174893
174963
175254
175519
175626
175854
175916
176030
176105
176124
176310
176329
176349
176437
176440
176568
176641
176705
176796
176834
176946
176969
177036
177247
177402
177571
177631
177859
177914
178087
178168
178220
178308
178316
178372
178423
178462
178481
178633
178725
178917
178977
179072
179095
179128
179136
179252
179360
179387
179438
179798
179877
179946
180010
180124
180179
180308
180364
180501
180708
180732
180749
180819
181027
181035
181248
181256
181266
181383
181616
181644
181942
181998
182006
182044
182357
182540
182547
182609
182828
182999
183090
183153
183182
183188
183274
183433
183435
183485
183554
183661
183727
183841
183881
183896
183944
184030
184102
184241
184246
184318
184353
184391
184410
184576
184592
184795
184804
184951
184952
185027
185201
185377
185382
185433
185581
185685
185755
185786
185833
186069
186133
186198
186291
186367
186504
186630
186971
187083
187246
187341
187494
187572
187669
187732
187907
188028
188029
188070
188304
188483
188683
188782
188843
189068
189286
189345
189397
189399
189456
189485
189534
189535
189537
189600
189624
189647
189867
189972
190022
190319
190343
190545
190636
190643
190673
190733
190930
191083
191461
191590
191647
191665
191767
191839
191994
192147
192497
192512
192800
192823
192827
192910
192930
193513
193552
193592
193757
193795
193807
194000
194121
194301
194445
194516
194576
194601
194715
194818
195438
195473
195515
195794
195910
196166
196206
196247
196252
196459
196628
196796
196798
196916
197046
197204
197243
197354
197448
197629
197846
198183
198319
198355
198466
198560
198566
198569
198654
199059
199786
200199
200347
200351
200397
200546
200591
200954
200998
201029
201177
201224
201349
201528
201561
201707
201717
201823
201850
202254
202379
202383
202466
202766
202775
203149
203234
203374
203513
203624
203688
203693
203725
203748
203832
203968
204258
204439
204551
204718
204727
204737
204791
204908
205426
205449
205478
205569
205612
205620
205682
205749
205759
205799
205821
205829
205852
205951
206243
206326
206364
206382
206474
206813
206988
207117
207139
207247
207254
207267
207365
207408
207538
207799
208092
208203
208551
208552
209135
209189
209225
209331
209486
209504
209507
209527
209638
209752
209835
209840
209922
210011
210014
210028
210069
210193
210196
210216
210339
210544
210679
210790
210877
210922
211055
211070
211157
211164
211663
211913
212040
212141
212143
212149
212236
212395
212426
212456
212528
212552
212613
212678
212732
212743
213003
213004
213088
213121
213176
213227
213465
213477
213592
213679
213774
214018
214176
214424
214445
214451
214548
214780
215031
215041
215079
215103
215186
215235
215316
215634
215695
215708
215751
215862
215927
216248
216311
216419
216460
216490
216576
216582
216741
216904
217042
217107
217503
217558
217732
217827
217854
217883
218123
218132
218193
218204
218211
218299
218310
218319
219067
219152
219202
219513
219722
219855
219865
219940
220017
220095
220146
220160
220186
220592
220602
220698
220699
220764
220776
220847
220977
220992
221019
221063
221081
221087
221419
221712
221837
221931
221956
222107
222111
222123
222233
222325
222451
222475
222590
222631
222673
222734
223089
223092
223152
223377
223386
223418
223737
223843
223975
224393
224416
224478
224515
224575
224580
224677
224766
224825
224925
225248
225315
225359
225396
225426
225446
225820
225840
225865
225932
225943
226122
226315
226557
226568
226583
226587
226691
226752
226841
227107
227236
227376
227945
228138
228188
228215
228232
228246
228301
228368
228700
228752
228763
228942
229102
229133
229152
229236
229292
229561
229691
229860
229899
229916
230134
230150
230200
230207
230230
230429
230448
230497
230591
230602
230708
230743
230822
230851
230905
230924
230958
230989
231061
231141
231197
231237
231301
231477
231503
231576
231721
231724
231801
232099
232166
232217
232270
232540
232661
232708
232719
232759
232845
232987
233553
233568
233665
233794
233890
233972
234048
234055
234133
234232
234269
234354
234483
234584
234846
234931
235106
235157
235168
235170
235323
235431
235474
235543
235619
235654
235761
235934
236618
236621
236664
237133
237207
237253
237272
237372
237403
237471
237521
237770
237802
237901
238246
238259
238291
238299
238315
238318
238360
238509
238628
238629
238644
238657
238848
238889
239010
239064
239105
239288
239306
239308
239763
239805
240026
240177
240276
240332
240493
240628
240716
240810
241023
241107
241226
241349
241511
241678
241720
241747
241811
241944
241949
241954
241968
241987
242028
242043
242353
242397
242464
242615
242650
242697
242734
242910
242930
243282
243310
243360
243462
243541
243560
243620
243660
243785
243786
244111
244154
244187
244547
244718
244865
244926
244970
244974
245033
245147
245157
245262
245397
245525
245654
245783
246073
246176
246250
246295
246318
246404
246499
246673
246694
246729
246819
247084
247172
247182
247206
247239
247281
247421
247540
247653
247658
247689
247769
247785
247804
247854
247924
247980
248118
248300
248442
248444
248453
248525
248566
248698
248730
248895
248903
248997
249029
249371
249454
249538
249631
249725
249774
249902
250087
250113
250295
250338
250419
250517
250701
250810
250873
250891
251467
251607
251630
251852
252097
252155
252230
252289
252417
252451
252507
252566
252654
253016
253124
253226
253233
253341
253432
253838
253945
254007
254021
254111
254139
254224
254481
254523
254552
254601
254732
254749
254878
255160
255346
255417
255419
255469
255597
255613
255780
255816
256012
256104
256119
256194
256210
256277
256335
256456
256483
256553
256773
256797
256800
256926
256991
257001
257530
257859
257993
258042
258070
258222
258290
258373
258432
258436
258464
258558
258690
258713
258809
258820
258958
259063
259267
259306
259435
259515
259523
259587
259690
259693
259813
259946
260019
260103
260185
260316
260358
260514
260584
260688
260731
260739
260753
261045
261058
261156
261209
261524
261676
261819
261824
261841
262002
262027
262039
262122
262186
262201
262335
262440
262589
262675
262751
262786
262799
262825
262829
262863
262908
262933
263004
263341
263444
263485
263549
263589
263645
263831
263843
263869
263982
264003
264191
264220
264384
264471
264799
264864
265848
266006
266050
266067
266123
266223
266292
266338
266546
266601
266643
266645
266672
266746
267150
267403
267544
267571
268051
268150
268220
268237
268259
268406
268431
268721
268982
269046
269209
269250
269256
269261
269275
269312
269336
269477
269629
269715
269976
269995
270057
270105
270148
270162
270224
270349
270426
270491
270642
270728
270839
271163
271179
271183
271255
271381
271449
271845
271855
271942
271976
272650
272689
272826
273067
273214
273325
273426
273577
273756
273912
274100
274181
274241
274288
274358
274547
274846
274881
275139
275267
275453
275469
275527
275651
275796
275816
276154
276205
276285
276424
276447
276508
276691
276768
276826
276903
276990
277099
277118
277301
277468
277620
277634
277635
277669
277674
277739
277802
277862
277972
277993
278027
278091
278409
278532
278670
278672
278712
278802
278814
278898
278921
278981
279165
279258
279353
279381
279392
279552
279564
279786
280183
280253
280370
280425
280446
280532
280542
280575
280634
280648
280826
280868
280872
280906
281192
281292
281372
281434
281568
281639
281718
281774
281908
281953
281981
282125
282147
282189
282226
282265
282341
282466
282598
282600
282885
282998
283052
283076
283139
283202
283216
283373
283488
283635
283860
283932
283947
283957
284014
284017
284158
284253
284360
284396
284450
284481
284551
284555
284573
284602
284625
284740
284769
284822
284917
285175
285243
285330
285404
285475
285633
285855
285945
285983
286000
286135
286250
286288
286325
286497
286525
286559
286572
286656
286736
286884
286897
286926
286955
286963
287173
287271
287377
287427
287443
287496
287697
287799
287822
287871
287978
288023
288043
288141
288184
288356
288392
288470
288543
289208
289228
289261
289307
289323
289998
290128
290179
290243
290377
290450
290564
290617
290681
290786
291027
291045
291124
291145
291286
291291
291295
291319
291452
291583
291601
291603
291656
291657
291954
292037
292177
292269
292311
292315
292395
292432
292457
292603
292665
292716
292843
292859
293087
293127
293216
293242
293364
293419
293421
293598
293799
293913
294145
294238
294327
294410
294548
294686
294841
294854
294863
294996
295026
295065
295067
295188
295265
295312
295357
295363
295578
295727
295736
295827
295952
296196
296381
296567
296715
296955
296980
296991
297174
297181
297255
297322
297823
297859
297915
298061
298168
298230
298288
298349
298392
298474
298667
298841
298931
298940
299098
299142
299219
299302
299368
299485
299705
299754
299805
300042
300093
300139
300216
300289
300570
300731
300811
300924
300962
301089
301136
301143
301320
301561
301563
301705
302041
302060
302073
302299
302388
302395
302409
302441
302527
302880
303079
303095
303161
303578
303779
303787
303939
304000
304054
304078
304175
304183
304237
304269
304314
304526
304544
304617
304694
304737
304805
304828
304844
304878
304968
305089
305120
305148
305150
305410
305448
305503
305630
305694
305717
305758
305760
305897
305921
306085
306236
306335
306337
306348
306352
306494
306597
306603
306709
306793
306830
307004
307015
307286
307339
307572
307834
307931
307978
308054
308127
308376
308383
308486
308514
308535
308538
308541
308545
308631
308731
308756
308758
308882
309123
309135
309141
309340
309391
309610
309682
309751
309805
309821
309858
310084
310194
310263
310287
310403
310459
310533
310536
310678
310792
310906
311148
311167
311171
311201
311247
311334
311471
311491
311719
311796
311819
311909
312075
312182
312247
312482
312581
312601
312667
312795
312810
312889
312892
313049
313159
313225
313329
313361
313542
313550
313624
313637
313775
313835
313952
313966
314029
314040
314099
314134
314159
314192
314297
314314
314322
314325
314344
314365
314431
314552
314582
314625
314745
314772
314866
314962
314983
315002
315074
315128
315181
315286
315340
315370
315470
315860
315919
315936
315983
316046
316823
316863
317443
317465
317779
317807
317974
318035
318051
318099
318428
318459
318625
318657
319152
319347
319349
319350
319406
319585
319672
319732
319943
320089
320166
320262
320468
320536
320553
320582
320616
320820
320865
320912
321115
321325
321441
321449
321502
321753
321879
322166
322297
322344
322430
322512
322544
322564
322922
322953
323183
323441
323672
323758
323842
323875
324166
324175
324310
324380
324413
324419
324519
324520
324579
324639
324641
324725
324743
324776
324898
324914
325070
325163
325209
325351
325372
325411
325497
325670
325986
326003
326078
326119
326156
326273
326280
326448
326502
326616
326657
326670
326790
326805
326840
326957
327105
327128
327374
327487
327691
327697
328028
328041
328068
328083
328108
328166
328211
328670
328810
328945
329089
329102
329155
329162
329178
329596
329887
329987
330008
330226
330345
330809
330835
330875
331010
331018
331074
331102
331111
331183
331551
331629
332116
332140
332331
332672
332828
332846
332897
333019
333032
333065
333183
333327
333659
333697
333732
333773
333810
333965
334048
334132
334160
334172
334269
334385
334512
334548
334643
334726
334760
334776
334862
334878
334894
335061
335101
335190
335379
335394
335448
335508
335534
335583
335700
335966
336049
336232
336556
336581
336585
336686
336878
336957
336963
337151
337249
337338
337669
337716
337834
337876
337880
337902
337994
338023
338138
338217
338326
338400
338441
338477
338499
338641
338724
338737
338833
338949
339148
339159
339184
339297
339342
339423
339426
339440
339471
339497
339506
339821
339920
339989
340071
340198
340291
340382
340535
340651
340662
340673
340685
340718
340882
340927
340949
340972
341146
341172
341294
341339
341354
341508
341733
341845
341876
341930
342027
342037
342066
342405
342441
342481
342757
342793
343200
343234
343299
343402
343470
343489
343500
343503
343545
343643
343670
343722
343821
343902
343908
343999
344006
344016
344033
344072
344074
344201
344803
344858
344979
345129
345319
345440
345536
345623
345699
345714
345744
345750
345798
345835
345918
346031
346183
346316
346428
346456
346466
346502
346615
346666
346813
346874
347029
347058
347088
347107
347119
347177
347197
347276
347378
347488
347594
347596
347610
347933
347961
348248
348421
348477
348503
348711
348744
348844
348926
348981
349214
349276
349288
349608
349776
349855
349907
349999
350116
350326
350342
350359
350634
350725
350930
351020
351224
351274
351333
351499
351666
351675
351680
351732
351753
351844
351910
351912
351985
352090
352142
352151
352341
352380
352572
352601
352620
352697
352775
352926
352975
353036
353038
353111
353129
353139
353164
353216
353262
353336
353351
353384
353514
353537
353547
353559
353611
353614
353655
353827
353887
353958
353986
354201
354316
354430
354431
354490
354815
354819
354822
354830
354873
354958
354959
355054
355459
355460
355563
355868
355985
356002
356007
356335
356771
356783
356981
357094
357104
357166
357268
357293
357369
357450
357488
357495
357667
357998
358019
358083
358137
358297
358468
358539
358560
358667
358692
358734
358834
358897
359010
359160
360013
360051
360133
360214
360261
360375
360542
360655
360673
360879
360925
361012
361269
361343
361479
361570
361630
361662
361741
361878
361923
361935
362020
362056
362096
362128
362152
362198
362207
362263
362382
362560
362664
362794
362916
362921
363015
363117
363167
363175
363206
363292
363440
363480
363495
363696
363706
363846
363957
363977
364008
364059
364075
364349
364615
364672
364937
364982
365078
365170
365469
365523
365676
365888
366198
366507
366508
366524
366593
367113
367334
367336
367382
367433
367453
367635
367834
367961
367966
368100
368122
368184
368349
368780
368794
369126
369287
369307
369618
369840
369866
369881
369889
369897
370333
370521
370541
370722
370962
371000
371187
371190
371296
371473
371483
371489
371574
371580
371774
371786
371806
371842
371894
372088
372220
372288
372409
372431
372615
372795
372819
372834
372864
372999
373027
373070
373089
373305
373374
373429
373492
373533
373626
373646
373749
373786
373794
373894
373959
374107
374116
374121
374212
374299
374333
374364
374523
374650
374761
374811
374899
374902
374997
375196
375219
375350
375436
375511
375537
375551
375591
375622
375690
375871
375996
376003
376145
376163
376339
376471
376476
376521
376638
376826
376853
376863
376993
377005
377197
377248
377315
377322
377822
377824
377859
377989
378244
378308
378353
378380
378550
378646
378710
379072
379257
379271
379532
379707
379835
380218
380276
380277
380403
380920
381015
381081
381137
381311
381325
381337
381472
381520
381658
381707
381832
381970
382364
382381
382499
382603
382626
382730
382811
382859
382952
383062
383492
383780
383805
383821
383887
383966
384036
384074
384362
384510
384559
384772
385013
385037
385090
385189
385412
385617
385880
385945
386018
386248
386536
386537
386598
386682
386822
387703
387844
387912
388087
388370
388472
388633
388687
388862
388889
388908
389082
389092
389093
389251
389271
389324
389365
389377
389641
389659
389723
389887
390099
390261
390456
390468
390493
390510
390531
390659
390784
390823
390889
390931
390965
391275
391290
391306
391360
391397
391430
391623
391750
392004
392146
392189
392212
392276
392299
392397
392417
392502
392623
392840
392908
393079
393099
393149
393487
393506
393532
393550
393776
393863
393873
393891
393949
393961
394020
394032
394035
394064
394100
394349
394406
394446
394470
394612
394842
394876
395063
395098
395148
395154
395502
395596
395774
395871
396005
396012
396140
396249
396254
396297
396308
396339
396515
396687
396774
396813
396923
396994
397020
397126
397140
397342
397483
397538
397597
397751
397954
398104
398129
398232
398476
398832
398913
399359
399360
399535
399563
399952
400029
400229
400240
400368
400547
400625
400915
400945
400951
401009
401031
401187
401243
401419
401670
401730
402118
402236
402471
402661
402667
402841
402899
402938
403025
403124
403143
403325
403402
403436
403463
403486
403662
404099
404289
404341
404404
404467
404569
404633
404683
404707
404747
404836
404848
404856
404883
404926
404982
405082
405092
405310
405468
405602
405641
405750
405788
405819
405898
405965
406292
406386
406412
406491
406499
406527
406676
406820
406911
406957
407136
407429
407724
407754
407788
407859
407888
408092
408461
408488
408562
408768
408873
408918
408944
409022
409420
409442
409464
409487
409549
409576
409762
409786
409876
409885
410032
410081
410418
410524
410546
410580
410595
410747
410775
411002
411015
411045
411110
411145
411157
411183
411278
411367
411479
411563
411619
411697
411775
411808
411945
412008
412044
412211
412378
412536
412560
412696
412755
412789
412817
413048
413059
413108
413180
413282
413429
413473
413579
413667
413765
413782
413807
414120
414168
414500
414785
414890
414897
414949
415112
415123
415149
415216
415431
415434
415444
415856
415879
415913
415947
415951
416272
416454
416742
416787
417261
417305
417317
417379
417466
417632
417638
417738
418035
418165
418203
418365
418405
418472
418687
418775
418882
418902
418908
418913
418984
419611
419618
419672
419783
419876
419901
420085
420125
420299
420326
420462
420467
420473
420486
420528
420593
420729
420844
421053
421062
421305
421582
421824
421869
422269
422355
422653
422685
422756
422769
422860
422862
422961
423028
423073
423273
423363
423895
424104
424134
424293
424299
424504
424598
424684
424722
424769
424877
424985
425061
425148
425313
425445
425536
425575
425598
425711
425715
425836
426072
426141
426168
426280
426316
426317
426475
426501
426539
426628
426653
426688
426843
426900
427110
427594
427617
427624
427640
428021
428027
428057
428092
428359
428504
428525
428568
428628
428843
429086
429250
429355
429428
429566
429569
429716
429721
429727
429733
429820
429834
429907
430104
430108
430159
430166
430238
430421
430599
430863
431218
431222
431320
431387
431673
431932
432077
432193
432611
432714
432782
432792
432879
432892
433227
433271
433276
433282
433493
433529
433588
433683
433850
433932
433977
434190
434208
434474
434526
434545
434635
434665
434693
434763
434907
434973
435053
435188
435192
435346
435565
435726
435735
435768
435818
435887
435995
436125
436483
436679
436782
437036
437224
437270
437423
437468
437566
437643
437741
438016
438093
438097
438194
438309
438565
438695
438709
438790
438982
438990
439196
439521
439619
439636
439653
439681
439758
440237
440375
440404
440601
440636
440718
440957
440997
441085
441125
441488
441605
441616
441711
442003
442044
442120
442189
442190
442268
442283
442382
442415
442600
442639
442670
442730
442951
442965
443161
443220
443618
443707
443760
443824
443894
443927
444012
444270
444361
444371
444869
445075
445255
445425
445619
445669
445744
445804
445844
445859
445906
446000
446066
446176
446341
446397
446421
446435
446572
446645
446756
446767
446828
447018
447166
447532
447721
447769
447873
448011
448024
448037
448042
448423
448453
448521
448704
448839
448901
449116
449219
449436
449577
449638
449880
449945
450026
450109
450116
450197
450207
450413
450441
450529
450701
450901
451045
451059
451075
451144
451276
451323
451431
451508
451577
451622
451665
451694
451729
451731
451759
451885
451937
452028
452035
452059
452182
452224
452311
452389
452441
452538
452599
452817
452866
452890
453048
453062
453100
453249
453567
453680
453781
453862
453921
453931
453933
454053
454093
454231
454432
454502
454528
454865
455045
455048
455120
455155
455235
455251
455536
455689
455868
455941
456242
456273
456329
456412
456510
456540
456808
457021
457156
457288
457433
457486
457528
457627
457744
457932
457955
457992
458008
458111
458254
458273
458300
458324
458349
458591
458633
458637
458660
458766
458781
458870
458874
459017
459036
459050
459091
459223
459370
459497
459541
459619
459620
459776
459807
459902
459957
460276
460432
460482
460548
460631
460664
460853
460888
460940
461022
461078
461143
461157
461201
461236
461243
461483
461549
461604
461800
461876
461917
462299
462309
462369
462619
462677
462686
462766
462805
462882
462933
463109
463132
463165
463320
463401
463503
463505
463667
463710
463735
463781
463917
464041
464154
464217
464393
464477
464525
464612
465057
465088
465138
465283
465581
465664
465784
465788
465939
465979
466373
466410
466423
466494
466543
466625
466645
466701
466715
466761
466822
467004
467060
467102
467386
467439
467471
467533
467619
467643
467694
467697
467755
467760
467837
468082
468120
468146
468276
468483
468560
468780
468815
468951
469541
469653
469725
469762
469975
470104
470335
470422
470425
470736
470837
471060
471103
471106
471132
471161
471203
471326
471360
471435
471457
471513
471545
471589
471609
471788
472054
472208
472255
472463
472612
472646
473133
473216
473255
473347
473451
473584
473622
473859
473903
474073
474149
474412
474637
474652
474975
474988
475019
475102
475194
475264
475384
475487
475507
475629
475708
475784
475802
475971
475993
476148
476265
476396
476402
476428
476492
476879
476902
477028
477073
477074
477091
477134
477251
477371
477381
477461
477465
477486
477613
477885
477935
478398
478573
478667
478745
478791
478833
478947
478968
479031
479211
479323
479324
479378
479630
479699
479810
479824
479915
479945
480057
480179
480404
480574
480606
480862
480948
481109
481117
481132
481140
481144
481237
481344
481352
481436
481451
481464
481476
481807
481985
481995
482104
482176
482252
482426
482432
482617
482649
482692
482756
482758
482778
482802
482816
482841
482937
483196
483212
483316
483344
483364
483482
483522
483679
483824
483998
484000
484058
484081
484087
484096
484184
484392
484422
484482
484540
484577
484745
484783
484921
484934
484957
484996
485029
485171
485329
485407
485460
485522
485601
485776
485821
485945
485949
486067
486085
486384
486398
486457
486514
486555
486641
486664
486667
486698
486702
486719
486729
486840
486873
486916
487142
487393
487807
487812
487967
488038
488092
488250
488316
488356
488817
488818
488982
489322
489566
489588
489677
489692
489748
489947
489959
490035
490078
490253
490260
490304
490346
490496
490506
490702
490720
490855
490857
491008
491147
491169
491267
491578
491867
491935
492052
492228
492320
492573
492591
492653
492895
492922
492940
493019
493467
493483
493558
493605
493702
493845
493955
494069
494081
494519
494632
494827
494899
495356
495524
495638
495801
495930
495975
496214
496333
496557
496792
496871
496924
497032
497191
497207
497208
497460
497558
497770
497848
497862
497880
497899
498034
498068
498096
498188
498279
498337
498625
498741
498854
498924
499162
499180
499209
499211
499248
499331
499359
499409
499576
499616
499629
499668
500133
500154
500388
500410
500438
500492
500680
500694
500704
500793
500816
500989
501119
501152
501174
501238
501253
501274
501339
501355
501595
501672
501696
501720
501772
501924
502211
502233
502250
502420
502521
502607
502714
502849
502866
502934
503006
503164
503329
503596
503645
503777
503868
504156
504221
504240
504250
504340
504428
504456
504497
504714
504758
504859
504861
504987
505030
505088
505366
505477
505706
505781
505829
505844
506133
506144
506251
506270
506292
506305
506450
506581
506806
506817
506924
507134
507384
507512
507538
507560
507620
507648
507655
507803
507875
508019
508036
508156
508204
508242
508380
508434
508581
508614
508759
508805
508809
508991
509067
509099
509108
509266
509340
509363
509386
509453
509535
509556
509597
509605
509677
510189
510322
510324
510328
510439
510506
510563
510593
510714
510751
510874
510875
510942
510950
511155
511214
511258
511321
511431
511605
511750
512004
512025
512069
512085
512355
512468
512554
512578
512602
512630
513007
513079
513303
513335
513338
513943
514073
514118
514177
514218
514481
514513
514627
514697
514796
514864
514934
514958
515133
515515
515526
515626
515633
515713
515788
516210
516237
516358
516414
516425
516501
516610
516909
516950
516965
517080
517135
517320
517410
517591
517624
517664
517963
518121
518142
518175
518294
518472
518479
518484
518531
518694
518707
518729
518790
518860
519050
519232
519319
519372
519390
519475
519507
519652
519699
519828
519846
520030
520263
520285
520290
520316
520376
520772
520778
520832
520929
521056
521126
521155
521206
521225
521243
521284
521318
521464
521559
521560
521575
521604
521623
521703
522024
522238
522243
522278
522286
522312
522663
522783
522859
523167
523483
523517
523576
523589
523742
523776
523851
523940
524075
524260
524342
524399
524401
524612
524702
524825
525106
525148
525262
525312
525587
525685
525783
525902
525921
526023
526059
526209
526430
526497
526654
527145
527590
527674
527897
528195
528247
528421
528485
528649
528688
528768
528835
528859
528889
528950
529101
529164
529179
529186
529224
529505
529561
529598
529811
529879
529883
530091
530117
530129
530307
530333
530400
530441
530447
530522
530554
530615
530676
530755
530822
531018
531074
531093
531238
531250
531446
531515
531540
531573
531819
531844
531883
532052
532057
532087
532146
532283
532317
532544
532647
532676
532897
532976
533077
533211
533265
533275
533600
533768
533813
533864
533948
533968
534351
534420
534545
534721
534872
534895
534910
534964
535095
535190
535312
535365
535431
535585
535895
536209
536308
536353
536378
536694
536814
536866
536878
537024
537127
537190
537225
537250
537319
537335
537389
537444
537522
537591
537761
537828
537889
537943
538043
538283
538310
538343
538459
538470
538614
538672
538709
538736
538843
538911
538967
539029
539175
539189
539200
539225
539227
539285
539288
539394
539466
539479
539695
539874
539882
539973
540216
540243
540250
540264
540434
540437
540493
540517
540561
540882
540928
541119
541202
541295
541323
541535
541711
541888
541916
542334
542404
542467
542916
542947
542961
543140
543493
543651
543933
543956
544006
544155
544221
544266
544301
544388
544451
544618
544690
544738
544848
544952
544955
545059
545100
545335
545495
545503
545523
545901
545916
546187
546302
546551
546652
546668
546703
546843
546847
546860
547020
547041
547051
547053
547058
547134
547234
547334
547382
547545
547558
547691
547744
547789
547933
547959
548019
548052
548055
548069
548421
548498
548550
548623
548859
548883
548975
548989
549038
549042
549098
549441
549593
549710
549817
549886
549893
549912
550182
550276
550368
550433
550473
550474
550522
550606
550728
550771
550786
550828
550833
551261
551274
551279
551386
551427
551578
551758
551819
551841
551863
551940
551949
551962
552060
552061
552095
552174
552398
552440
552517
552579
552757
552764
552823
552963
552975
553044
553069
553082
553122
553179
553199
553566
553575
553716
553971
554013
554021
554162
554181
554323
554415
554517
554586
554667
554763
555105
555117
555200
555213
555287
555315
555370
555485
555584
555591
555616
555710
555879
556043
556062
556070
556093
556234
556240
556273
556360
556500
556980
556998
557010
557116
557153
557315
557447
557494
557569
557676
557700
557799
557817
557825
557931
558154
558279
558407
558762
559104
559430
559465
559619
559662
559671
559757
559870
560103
560140
560181
560371
560388
560752
560764
560973
561036
561067
561169
561211
561395
561416
561561
561992
562000
562015
562084
562412
562552
562670
562726
562918
563306
563335
563369
563494
563502
563537
563705
563793
563843
564282
564665
564687
564693
564744
564824
564845
564914
565096
565146
565313
565481
565486
565537
565644
565753
565891
566025
566043
566074
566250
566286
566530
566688
566884
567025
567286
567386
567448
567558
567640
567645
567657
567670
567762
567870
567912
567997
568105
568115
568154
568178
568180
568192
568511
568644
568698
568726
568768
569238
569430
569464
569511
569626
569666
569692
569702
569753
569796
569856
570026
570082
570133
570439
570462
570524
570538
570559
570601
570732
570737
570745
570781
570801
571060
571109
571188
571265
571315
571338
571455
571603
571647
571662
571732
571975
572193
572313
572434
572456
572605
572642
572691
572775
573013
573134
573185
573191
573364
573465
573513
573534
573577
573666
573689
573805
574171
574217
574330
574599
574703
574860
574874
574920
574988
575229
575336
575502
575578
575582
575643
575646
575675
575966
575980
576180
576328
576502
576556
576604
576617
576635
576781
576845
576930
577153
577223
577293
577300
577334
577344
577369
577424
577439
577588
577780
577911
578046
578073
578165
578202
578308
578549
578553
578622
578653
578671
578765
578850
578911
579181
579215
579299
579336
579431
579527
579682
579691
579705
579721
580038
580198
580314
580341
580358
580481
580520
580549
580641
580696
580723
581145
581202
581256
581328
581355
581379
581537
581643
581682
581796
581878
582067
582364
582539
582548
582612
582639
582737
582760
582856
582980
582994
583176
583238
583269
583365
583382
583557
583583
584084
584090
584174
584193
584207
584434
584530
584821
584934
584968
585011
585064
585122
585473
585752
585993
586288
586382
586514
586658
586817
586835
586840
586945
587115
587243
587344
587632
587659
587680
587754
587815
587827
587856
587889
588072
588228
588484
588579
588666
588731
588917
589040
589103
589147
589254
589303
589332
589447
589584
589833
589874
589911
590016
590018
590183
590222
590228
590254
590263
590290
590338
590691
591096
591135
591497
591526
591560
591561
591655
591783
591797
591859
591913
592046
592155
592299
592860
592954
592982
593134
593376
593409
593605
593838
593867
593899
593926
594125
594327
594489
594806
594946
595057
595098
595179
595406
595409
595415
595424
595471
595539
595653
595747
595921
596086
596107
596206
596225
596286
596379
596397
596419
596466
596644
596689
596922
596950
596985
597045
597106
597130
597221
597259
597336
597485
597535
597581
597667
597673
597697
597778
597913
598310
598500
598613
598685
598880
598962
598977
599201
599282
599368
599609
599613
599648
599689
599715
599854
599925
600106
600165
600226
600473
600524
600569
600570
600599
600608
600724
600822
600824
600911
601053
601067
601120
601161
601189
601197
601284
601326
601690
601709
601867
602043
602069
602074
602078
602400
602553
602668
602913
602918
603215
603216
603383
603558
603577
603608
603619
603854
603876
603891
604304
604423
604524
604658
604662
604749
604828
604873
605108
605314
605349
605384
605571
605788
605843
605878
606091
606352
606509
606557
606677
606729
606789
607041
607068
607269
607278
607350
607658
607660
607723
607836
607897
607913
608043
608055
608264
608409
608520
608614
608636
608686
608694
608701
608864
608874
608886
609087
609212
609225
609257
609390
609393
609440
609752
609787
609896
610004
610232
610333
610709
610753
610942
611272
611286
611364
611596
611650
611663
611781
612106
612224
612227
612280
612318
612354
612455
612482
612658
612663
612816
612820
612963
612978
613003
613042
613048
613098
613111
613184
613478
613563
613729
613756
613796
613813
613906
613943
614032
614090
614166
614209
614598
614928
614943
615178
615310
615437
615482
615493
615587
615864
616027
616110
616296
616401
616440
616597
616622
616700
616743
616780
617287
617410
617466
617945
618013
618083
618451
618464
618473
618514
619193
619284
619508
619529
619632
619634
619704
619751
619798
619832
620183
620237
620281
620335
620407
620449
620499
620583
620613
620839
620857
620863
620951
620979
621026
621416
621429
621640
621719
621797
621913
621932
622078
622097
622104
622124
622137
622159
622259
622304
622353
622415
622449
623040
623109
623318
623320
623335
623392
623467
623620
623744
623873
623874
623925
624012
624070
624286
624308
624330
624337
624486
624586
624664
624748
624966
625092
625252
625294
625331
625381
625581
625645
626435
626443
626444
626447
626497
626610
626789
626794
627014
627292
627359
627401
627541
627604
627798
627843
627982
628090
628110
628113
628164
628200
628299
628517
628548
628627
629103
629159
629185
629278
629331
629334
629385
629403
629707
629748
629825
629958
630041
630042
630135
630225
630227
630258
630337
630378
630382
630456
630499
630551
630838
630908
630915
631028
631128
631131
631227
631343
631398
631431
631826
631876
632048
632221
632759
632824
633144
633149
633257
633352
633391
633395
633591
633595
633890
634029
634115
634382
634422
634571
634628
634705
634752
634941
635050
635086
635195
635338
635451
635626
635717
636028
636119
636133
636180
636197
636439
636456
636457
636470
636480
636686
636803
636942
636968
637157
637205
637210
637240
637676
637732
637811
637879
637912
637990
638061
638294
638310
638389
638403
638457
638461
638551
638824
638889
638986
638991
639126
639154
639176
639334
639446
639489
639526
639556
639626
639802
639835
639836
640283
640293
640364
640366
640382
640389
640565
640570
640826
640894
640895
640932
640979
641110
641380
641467
641873
642104
642137
642166
642289
642310
642330
642383
642604
642907
643142
643186
643215
643229
643303
643332
643388
643395
643451
643545
643713
643761
643946
644365
644371
644399
644438
644495
644598
644695
644702
644729
644733
644740
644811
644846
645007
645086
645108
645179
645196
645261
645314
645856
646043
646055
646316
646346
646430
646670
646709
646862
646896
646951
647260
647399
647425
647531
647583
647661
647747
647915
648019
648128
648182
648195
648453
648576
648743
648790
648876
648979
649022
649453
649665
649957
649976
650018
650043
650542
650559
650736
650741
650769
650770
650847
650993
651017
651132
651208
651457
651470
651503
651535
651648
651685
651728
652063
652119
652141
652424
652538
652549
652570
652616
653052
653152
653399
653428
653591
653653
653849
653932
654049
654112
654194
654432
654469
654520
654561
654662
654972
655011
655107
655167
655226
655325
655341
655347
655429
655590
655648
655707
655890
655956
655988
656082
656107
656111
656167
656481
656581
656625
656729
657036
657386
657603
657780
657791
657902
657910
658029
658263
658476
658496
658692
658697
658730
658743
658859
658884
658959
658963
659117
659194
659286
659299
659420
659692
659708
659721
659916
659979
660092
660108
660222
660268
660688
660821
660823
660986
661058
661086
661178
661188
661380
661396
661526
661866
662170
662182
662237
662429
662430
662491
662515
662534
662592
662686
662730
662941
662995
663151
663318
663396
663629
663656
663671
663692
663801
663971
664169
664208
664308
664327
664354
664432
664470
664702
664805
664834
664840
664860
664879
664906
664977
665068
665161
665282
665312
665613
665862
665880
666740
666763
666788
666849
666892
666910
666964
667199
667278
667395
667493
667897
667992
668012
668270
668341
668428
668446
668467
668486
668546
668879
668899
668962
669132
669280
669426
669636
669677
669758
669794
670028
670236
670637
670975
671019
671115
671156
671219
671263
671269
671364
671378
671570
671599
671600
672006
672049
672064
672147
672311
672355
672377
672454
672556
673206
673245
673466
673654
673688
673947
673997
674080
674188
674204
674215
674542
674658
674686
674901
674911
675035
675166
675327
675477
675630
675808
675924
675937
675989
676052
676202
676206
676252
676269
676559
676576
676629
676767
676768
676792
676883
676925
676979
677193
677233
677274
677277
677422
677489
677620
677670
677690
677830
677852
677927
677984
678011
678118
678174
678273
678311
678552
678802
678875
679145
679530
679638
679818
679828
680091
680370
680417
680522
680542
680591
680607
680662
680690
680738
680911
681025
681042
681137
681189
681267
681629
681707
681751
681762
681774
681862
681917
681945
682131
682147
682169
682283
682340
682420
682477
682528
682714
682762
682972
682977
682985
682993
683106
683149
683192
683258
683613
683635
683653
683757
683785
683834
683970
683996
684097
684114
684169
684178
684310
684313
684368
684372
684465
684482
684923
684965
685448
685571
685626
685714
685762
685834
685876
685980
686100
686115
686177
686398
686438
686462
686557
686750
686752
686788
686841
686934
686965
686978
687057
687336
687585
687588
687653
687722
687823
687931
687946
688026
688037
688179
688196
688276
688283
688318
688334
688470
688725
688904
688956
688970
689571
689886
689913
689934
690026
690110
690490
690784
690809
690842
690844
690856
691065
691332
691354
691386
691395
691561
691657
691744
691780
691829
691940
692015
692053
692163
692183
692476
692492
692587
692702
692719
692776
693007
693029
693129
693134
693405
693463
693588
693761
693985
694056
694155
694188
694226
694671
694742
694752
694758
694894
695021
695091
695094
695110
695121
695170
695373
695390
695480
695708
695746
695774
695928
695977
696011
696022
696082
696364
696620
696680
696834
696884
696904
696939
696965
697143
697195
697211
697303
697318
697444
697538
697816
697824
697968
698095
698281
698309
698378
698562
698581
698601
698902
698982
699281
699449
699519
699655
700019
700063
700093
700117
700353
700493
700494
700593
700740
700796
700852
700988
701082
701294
701370
701510
701634
702112
702122
702324
702327
702467
702736
702745
702818
702895
702972
703077
703112
703364
703497
703614
703939
704095
704111
704131
704197
704253
704398
704712
704717
704898
704922
704996
705073
705104
705123
705219
705600
705659
705718
705744
705836
705855
705862
705943
706077
706170
706215
706360
706663
706729
706737
706784
706795
706800
706862
706875
706902
707127
707226
707341
707356
707404
707610
707611
707615
708008
708088
708530
708540
708546
708689
708697
708825
708958
709006
709250
709469
709505
709626
709654
709748
709864
710090
710154
710198
710286
710474
710535
710652
710710
710711
710719
710788
711152
711213
711342
711413
711515
711621
711652
711736
711792
711935
712019
712028
712169
712206
712220
712340
712386
712567
712573
712718
712730
712937
712954
712957
713009
713070
713083
713113
713299
713307
713341
713371
713401
713587
713598
713614
713705
713796
713837
713849
713860
713902
713997
714074
714104
714243
714293
714444
714484
714489
714852
714853
714982
715070
715074
715098
715227
715237
715658
715869
716035
716125
716143
716240
716245
716354
716388
716462
716501
716545
716640
716777
716916
717088
717099
717129
717182
717252
717335
717388
717442
717557
717786
717804
717868
718082
718138
718205
718255
718386
718424
718585
718660
718726
718733
718804
718836
718847
718882
719119
719199
719203
719337
719462
719515
719700
719733
720176
720190
720283
720317
720331
720360
720366
720367
720501
720983
721206
721739
721972
722071
722167
722175
722312
722395
722520
722664
722822
722832
722838
722859
723086
723191
723256
723257
723361
723390
723428
723524
723791
723799
723808
723855
723915
723942
723995
724019
724063
724084
724261
724412
724608
725122
725167
725193
725568
725621
725668
725714
725852
725967
726092
726187
726431
726518
726529
726741
726993
727106
727138
727302
727347
727366
727418
727592
727815
727949
727960
728182
728320
728402
728422
728431
728458
728531
728599
728665
728693
728710
728895
728967
729067
729202
729366
729487
729545
729676
729730
729839
730190
730294
730331
730356
730382
730490
730800
730820
731218
731310
731360
731518
731631
731814
731937
732043
732089
732168
732213
732257
732298
732322
732627
732647
732699
732813
732927
732953
733003
733018
733039
733217
733327
733517
733656
733763
733773
733979
734011
734012
734396
734456
734596
734621
734722
734755
734801
734974
735007
735173
735183
735259
735579
735719
735860
735893
736176
736349
736356
736557
736608
736633
736863
736888
737090
737097
737254
737255
737345
737445
737603
737630
737761
737802
737815
737923
738787
738799
739050
739141
739149
739281
739621
739644
739792
739979
740008
740126
740384
740394
740518
740588
740746
740761
740769
740892
740986
741072
741109
741147
741440
741649
741683
741723
741910
742221
742315
742487
742577
742605
742611
742679
742699
742895
742903
742930
743093
743128
743296
743385
743549
743566
743680
743745
743751
743774
743902
743997
744068
744073
744117
744169
744238
744603
745067
745138
745189
745194
745249
745254
745427
745443
745550
745775
745784
746033
746187
746253
746377
746646
746686
746775
746783
746890
747082
747095
747217
747219
747361
747593
747636
747681
747777
747846
747906
748027
748112
748477
748488
748678
748901
748950
748978
748984
749168
749225
749244
749341
749386
749443
749648
749788
750049
750177
750226
750235
750364
750425
750570
750610
750686
750727
751121
751208
751365
751384
751766
751813
751904
751958
752129
752146
752181
752289
752293
752310
752322
752623
752773
753001
753078
753270
753479
753501
753529
753551
753600
753785
753870
754195
754242
754300
754319
754429
754537
754563
754675
754818
755006
755071
755085
755126
755161
755331
755335
755406
755418
755472
755499
755502
755524
755538
755573
755595
755670
755711
755720
755857
756153
756191
756285
756324
756371
756375
756459
756475
756484
756525
756732
756802
757003
757037
757071
757134
757197
757327
757459
757498
757571
757727
757796
758074
758227
758236
758323
758353
758398
758516
758549
758660
758959
758986
759011
759125
759366
759555
759669
759679
759754
759871
759892
759982
760066
760315
760688
760808
760821
761049
761521
761524
761962
762037
762095
762157
762165
762271
762283
762442
762535
762545
762770
762806
762957
763187
763456
763481
763500
763557
763608
763650
763683
763722
763851
763934
763975
764274
764805
765004
765152
765165
765227
765356
765396
765473
765565
765616
765627
765989
766026
766220
766294
766324
766358
766387
766559
766797
766870
766982
767238
767254
767267
767282
767435
767489
767588
767589
767664
767864
768070
768129
768160
768253
768581
768633
768831
769021
769043
769145
769152
769319
769377
769595
769677
769951
769966
770004
770073
770283
770319
770520
770648
770656
770727
770778
770782
770799
770872
770925
770973
771018
771049
771167
771351
771355
771406
771428
771543
772136
772197
772289
772450
772659
772746
772766
773014
773037
773250
773298
773635
773817
773825
774024
774065
774124
774176
774312
774444
775055
775081
775226
775376
775511
775999
776182
776259
776306
776312
776381
776492
776546
776659
776738
776739
776753
776796
776831
776905
776906
776943
777174
777215
777227
777377
777481
777584
777622
777729
777835
778008
778023
778055
778062
778113
778310
778414
778448
778734
778736
778860
779022
779101
779107
779247
779248
779420
779460
779580
779835
779868
779939
779965
779980
780068
780103
780155
780315
780388
780426
780514
780664
780729
780798
780866
780922
780944
781043
781093
781159
781297
781470
781544
781658
781831
782021
782130
782153
782213
782243
782253
782339
782459
782482
782804
782862
783138
783232
783237
783489
783603
783734
783746
783777
783908
784154
784228
784344
784345
784422
784616
784701
784709
784829
785076
785139
785309
785411
785421
785533
785540
785670
785732
785739
785757
785804
785814
785828
785832
785843
785864
786030
786031
786078
786570
786603
786742
786989
787014
787049
787170
787346
787597
787609
787617
787687
787827
788142
788149
788163
788400
788445
788459
788779
789051
789268
789404
789514
789718
789861
789947
790034
790110
790378
790423
790685
790752
790839
790841
791035
791067
791090
791194
791425
791452
791499
791694
791706
791707
791750
791762
791828
791912
791933
791969
792231
792246
792254
792325
792372
792515
792592
792687
792756
792843
793098
793518
793573
793605
793618
793825
793912
794085
794142
794217
794234
794375
794441
794448
794455
794588
794925
795022
795132
795138
795290
795384
795461
795478
795503
795513
795651
795774
795794
795807
796105
796124
796296
796340
796342
796476
796560
796614
796838
796876
796888
796999
797094
797205
797347
797510
797554
797612
797809
797812
798162
798215
798592
798607
798698
798700
798733
798749
798861
798931
799129
799274
799301
799464
799474
799606
799838
799884
800146
800350
800677
800720
800731
800744
800897
800941
801020
801041
801064
801100
801164
801211
801275
801336
801409
801446
801495
801943
801957
801959
802010
802173
802247
802444
802525
802620
802653
802706
802815
802946
802982
803145
803276
803319
803374
803394
803401
803472
803584
803608
803637
803649
803843
803847
803984
804043
804460
804489
804727
804746
804944
805026
805377
805426
805445
805459
805496
805765
806019
806064
806266
806437
806740
806850
806988
807070
807306
807325
807378
807587
807830
807911
808042
808105
808233
808287
808321
808377
808416
808489
808664
808667
808680
808734
808894
809029
809163
809418
809498
809561
809605
809740
809815
809903
810167
810169
810437
810559
810571
810587
810623
810797
811006
811047
811128
811150
811503
811563
811681
812009
812086
812091
812268
812475
812580
812642
812750
812895
812986
813199
813201
813284
813464
813524
813539
813601
813657
813699
813710
813738
813778
813850
814080
814122
814386
814470
814498
814611
814722
814751
814779
814815
814926
814970
815477
815514
815664
815746
815778
815811
815982
816096
816183
816187
816252
816253
816293
816367
816381
816672
816856
816910
817256
817270
817419
817481
817530
817678
817809
817860
817911
817974
818127
818181
818210
818241
818499
818750
818868
818881
819005
819049
819066
819092
819120
819252
819260
819319
819375
819865
820055
820068
820073
820108
820210
820369
820397
820465
820507
820546
820578
820580
820583
820706
820894
820949
820984
821017
821056
821136
821251
821274
821280
821639
821661
821913
822030
822049
822061
822174
822385
822423
822452
822453
822465
822673
822782
823181
823378
823385
823473
823801
823870
823955
824045
824070
824147
824271
824320
824574
824874
825043
825089
825253
825438
825671
825736
825799
825815
825904
825923
825962
826022
826108
826109
826145
826202
826283
826312
826342
826558
826607
826661
826674
826708
826838
826862
827109
827259
827381
827443
827494
827685
827778
827923
828246
828256
828260
828270
828342
828417
828470
828558
828603
828607
828694
828716
829067
829068
829140
829238
829308
829387
829390
829406
829629
829639
829982
830094
830096
830174
830274
830287
830302
830327
830408
830453
830514
830540
830572
830604
830609
830623
830665
831105
831175
831428
831480
831517
831524
831555
831582
831675
831740
831753
832542
832583
832653
832687
832781
832826
832860
832891
832906
832963
833033
833074
833093
833220
833394
833611
833627
834003
834160
834207
834265
834562
834733
834787
834788
834797
834831
835055
835111
835357
835805
835892
835927
836043
836185
836278
836344
836459
836460
836626
836772
836834
836944
837070
837073
837095
837127
837250
837436
837450
837509
837546
837602
837828
837909
838057
838500
838588
838620
838636
838881
838958
839160
839183
839354
839459
839514
839736
839785
839812
839884
839905
839918
840091
840094
840279
840465
840470
840517
840634
840776
840916
840954
840984
840993
841121
841139
841167
841193
841830
841876
841885
842022
842302
842641
842650
842689
842696
842707
842959
843077
843178
843219
843331
843373
843657
843761
843804
844111
844129
844259
844277
844321
844355
844447
844475
844717
844874
844935
844994
845121
845277
845425
845435
845445
845448
845528
845631
845935
845976
846014
846139
846142
846210
846231
846283
846465
846532
846540
846547
846563
846564
846600
846691
846766
846826
846954
846955
847067
847166
847230
847237
847279
847326
847446
847648
847776
848103
848137
848195
848196
848241
848295
848690
848692
848751
849016
849086
849477
849651
849764
849900
849946
849951
850022
850071
850153
850296
850361
850382
850477
850548
850769
850831
850942
851249
851418
851613
851662
851737
851743
851907
851914
851941
852166
852340
852425
852571
852609
852649
852709
852990
853258
853323
853409
853484
853578
853621
853936
853940
854021
854074
854094
854096
854424
854543
854562
854590
854596
854707
854718
855006
855176
855199
855202
855283
855284
855407
855491
855651
855653
855802
855804
856129
856655
856779
856800
857017
857257
857376
857488
857696
857833
858503
858532
858698
858785
859025
859059
859213
859666
859682
859796
859798
859810
859880
859902
859991
860193
860346
860566
860625
860632
860808
860811
860851
860879
860972
861027
861038
861135
861220
861463
861530
861539
861572
861770
861899
861963
862004
862217
862257
862322
862348
862397
862431
862625
862731
862760
862837
862935
862976
862987
863366
863428
863552
863624
863921
863965
864031
864109
864228
864316
864387
864448
864557
864664
864696
864774
865140
865191
865194
865262
865309
865429
865462
865496
865762
865838
865931
865957
866046
866135
866363
866434
866439
866464
866481
866517
866644
866872
867010
867027
867148
867237
867388
867412
867482
867704
868068
868133
868155
868709
868837
868889
869096
869271
869274
869303
869392
869458
869494
869532
869533
869559
869990
870128
870140
870423
870606
870717
870736
870779
870842
870886
870904
870934
870958
871031
871175
871187
871315
871369
871410
871440
871517
871553
871568
871834
871908
872099
872246
872281
872381
872524
872601
872632
872713
872819
872876
872972
873224
873277
873378
873400
873511
873552
873680
873684
873709
873785
873847
873863
873885
873960
874080
874092
874151
874322
874574
874593
874616
874758
875135
875136
875206
875217
875273
875295
875297
875475
875535
875575
875615
875658
875706
875875
875925
875974
876092
876104
876417
876528
876582
876594
876981
876985
877006
877210
877336
877438
877524
877592
877625
877637
877653
877766
877844
877873
877968
878080
878252
878280
878432
878553
878592
878611
878738
878803
878957
879511
879946
880106
880111
880135
880252
880379
880424
880591
880644
880697
880785
880786
881065
881211
881352
881479
881610
881731
881754
881767
881791
881825
882068
882220
882302
882472
882585
882636
882990
883020
883037
883144
883199
883233
883461
883555
883687
883819
883941
884031
884070
884134
884161
884243
884366
884490
884501
884607
884696
884910
884912
884920
884979
885093
885173
885340
885375
885427
885850
885874
886341
886451
886497
886614
886793
886935
886976
887131
887134
887691
887773
887905
888136
888184
888264
888317
888388
888484
888488
888776
888811
888886
888888
888901
888907
888927
888978
889038
889382
889458
889611
889639
889775
889928
890048
890387
890468
890482
890523
890670
890804
890847
890973
890985
891130
891157
891188
891456
891648
891760
891785
891823
891926
891952
892090
892417
892432
892470
892484
892512
892725
892761
893080
893137
893160
893191
893206
893237
893290
893331
893483
893489
893585
893667
893698
893870
893877
893943
894097
894222
894502
894535
894547
894549
894564
894605
894804
894879
894909
894970
895074
895583
895607
895758
895794
895917
895934
896147
896153
896303
896439
896524
896658
896678
896691
896874
896930
896994
897082
897146
897569
897589
897831
897971
897999
898112
898233
898462
898478
898515
898518
898725
898759
898901
898904
898940
899010
899116
899130
899133
899368
899515
899561
899628
899725
899728
899741
900050
900062
900150
900153
900304
900321
900353
900527
900590
900683
900713
900909
900927
901006
901653
901813
902025
902078
902093
902334
902489
902627
902654
902746
902757
903002
903100
903130
903153
903166
903259
903597
903624
903662
903703
903761
903806
903824
903871
904213
904548
904590
904833
904949
905181
905280
905608
905787
905878
905996
906062
906081
906173
906359
906378
906629
906640
906641
906709
906710
906832
907111
907162
907425
907520
907585
907616
907647
907722
907819
907842
907910
907988
908412
908442
908489
908592
908676
908703
908814
908825
908881
908962
909126
909303
909329
909381
909512
909634
909732
910273
910502
910588
910763
911441
911589
911720
911782
911935
911957
911990
912029
912077
912091
912177
912470
912473
912512
912608
912689
912749
912757
912868
913032
913042
913126
913155
913331
913402
913733
913913
913939
914093
914095
914122
914289
914312
914535
914703
914884
914913
915128
915380
915503
915644
915771
915813
916145
916544
916882
916987
917163
917298
917323
917599
917863
917866
917893
917951
917956
918190
918359
918379
918386
918528
918630
918636
918805
918946
919025
919146
919158
919280
919521
919623
919649
919772
919849
920097
920131
920333
920387
920406
920443
920461
920783
920908
921004
921051
921144
921145
921204
921293
921359
921413
921418
921432
921602
921620
921852
922103
922114
922135
922163
922169
922361
922626
922683
922728
922738
922880
922900
922917
922939
923123
923254
923291
923316
923333
923391
923665
923781
923844
923850
924044
924079
924332
924377
924593
924614
924699
924717
924748
924782
924960
924980
925313
925317
925359
925668
925927
926050
926064
926283
926394
926482
926747
926798
926911
926923
926928
927031
927044
927058
927127
927128
927295
927324
927337
927386
927396
927445
927498
927612
927616
927618
927657
927683
927721
927957
927978
927985
928115
928124
928131
928230
928423
928540
928586
928718
928764
928811
928887
929088
929089
929191
929213
929322
929757
929897
929958
930094
930120
930248
930259
930265
930454
930462
930527
930661
930761
930924
931146
931260
931312
931649
931812
931818
931829
931910
931915
932028
932064
932088
932486
932835
932859
933063
933098
933222
933311
933398
933425
933452
933592
933596
933608
933611
933667
933723
933842
934015
934093
934222
934253
934267
934461
934619
934655
934813
935077
935183
935255
935536
935546
935600
935648
935691
936057
936067
936222
936375
936407
936775
937012
937305
937318
937434
937487
937548
937549
937747
937805
937998
938156
938245
938401
938774
938981
939054
939141
939267
939331
939430
939532
939547
939794
940004
940214
940280
940379
940404
940439
940873
940939
941049
941179
941248
941580
941710
941794
941844
941875
942000
942021
942050
942136
942150
942235
942303
942371
942552
942638
942933
943198
943212
943498
943560
943602
943614
943631
943675
943825
943833
943869
943909
944062
944113
944229
944284
944468
944492
944711
944794
944820
944902
944909
945215
945303
945391
945395
945569
945649
945657
945732
945857
945939
945976
946093
946316
946352
946402
946463
946552
946690
947102
947112
947120
947342
947359
947439
947503
947583
947677
947714
947830
947964
948012
948116
948122
948508
948731
948947
948997
949033
949472
949599
949736
949852
949898
950069
950213
950359
950456
950494
950584
950623
950641
950714
950934
950944
951013
951016
951029
951068
951129
951159
951256
951321
951337
951657
951667
951698
951908
951930
951944
951948
951976
952293
952415
952462
952548
952696
952746
952906
953157
953250
953285
953356
953411
953442
953444
953456
953822
954096
954211
954221
954242
954246
954330
954400
954416
954546
954571
954583
954629
954667
955048
955140
955210
955266
955402
955472
955477
955540
955632
955745
955758
955780
955827
955851
956044
956180
956374
956403
956418
956420
956453
956490
956528
956670
956950
957053
957326
957553
957556
957646
957774
958229
958247
958308
958318
958700
958791
958856
958867
958875
959502
959559
959699
959704
959751
959793
959810
959944
959963
960061
960580
960615
960616
960899
961346
961480
961551
961608
961613
961617
961855
962098
962113
962163
962236
962338
962454
962588
962687
962833
963027
963059
963136
963322
963342
963347
963393
963545
963562
963908
963934
963984
964015
964054
964127
964241
964307
964495
964891
964997
965424
965474
965560
965642
965765
965970
966269
966270
966325
966418
966593
966826
966896
967261
967278
967405
967445
967481
967500
967700
967703
967755
967812
968053
968136
968191
968231
968363
968400
968486
968519
968567
968578
968673
968775
968929
969136
969143
969398
969447
969505
969585
969621
969660
969829
969875
969877
969894
970258
970353
970586
970752
970820
970851
971258
971269
971279
971842
971925
971942
971944
972082
972119
972159
972273
972392
972494
972496
972583
972589
972667
972955
972964
973111
973202
973286
973309
973325
973333
973422
973431
973491
973512
973604
973727
973733
973820
973922
973992
974170
974295
974475
974519
974538
974539
974555
974577
974650
974748
974979
974981
975073
975106
975211
975261
975477
975611
975614
975704
975952
976035
976037
976137
976228
976331
976340
976527
976632
976734
976928
976960
977027
977060
977140
977190
977197
977354
977355
977358
977404
977412
977523
977533
977670
977762
977783
977790
978091
978142
978325
978336
978364
978368
978417
978422
978547
978603
978721
978776
979167
979211
979224
979399
979795
980178
980285
980297
980373
980391
980400
980403
980452
980879
981186
981279
981371
981448
981580
981628
981812
981998
982022
982065
982121
982194
982203
982298
982329
982428
982693
982720
983094
983143
983303
983428
983654
983732
983746
983849
984024
984095
984097
984208
984375
984526
984702
984998
985058
985101
985156
985173
985216
985222
985329
985363
985366
985408
985603
985678
985686
985725
985784
985972
985989
986074
986128
986164
986201
986266
986299
986723
986831
986967
986991
987007
987070
987191
987202
987555
987648
987720
987817
987825
987862
987931
988051
988062
988117
988267
988390
988716
988931
988962
989062
989099
989410
989673
989721
989918
990025
990068
990104
990177
990274
990383
990467
990523
990577
990627
990723
990734
990766
991096
991132
991374
991395
991481
991683
991688
991959
991980
992038
992068
992094
992137
992148
992323
992353
992365
992465
992491
992537
992648
992759
992840
993140
993191
993329
993339
993555
993571
993586
993799
993877
993952
994101
994167
994196
994580
994641
994818
994831
994988
995095
995397
995421
995626
995668
995845
996002
996044
996082
996171
996280
996354
996415
996454
996460
996482
996799
997075
997079
997148
997161
997222
997267
997366
997380
997731
997827
997861
997864
997867
997935
997967
997979
998064
998086
998093
998175
998271
998283
998285
998603
998738
998764
998876
999001
999044
999064
999069
999114
999166
999171
999227
999351
999437
999487
999492
999533
999668
999688
999756
999878
999918
