193
343
371
376
380
946
1069
1095
1103
1114
1175
1214
1324
1477
1494
1562
1725
1846
2039
2199
2254
2414
2812
3226
3275
3302
3374
3752
3812
3951
4030
4238
4329
4334
4399
4504
4539
4575
4762
4935
5092
5093
5404
5501
5511
5560
5737
5800
5844
5931
5968
6034
6178
6180
6219
6228
6468
6481
6540
6576
6628
6717
6769
6853
6871
7027
7080
7141
7284
7321
7385
7390
7409
7539
7799
7948
8207
8218
8243
8872
8885
8899
9000
9673
9815
9952
9953
10010
10043
10150
10241
10339
10348
10462
10481
10677
10874
10884
10945
10996
11041
11051
11114
11203
11273
11295
11366
11399
11505
11864
11900
11937
12011
12040
12092
12190
12220
12349
12350
12403
12419
12436
12499
12511
12513
12568
12581
12582
12878
12926
12947
13058
13213
13226
13264
13325
13462
13469
13655
13696
14365
14537
15000
15080
15260
15267
15496
15507
15617
15629
15803
15855
15856
16046
16069
16258
16317
16321
16328
16567
16639
16786
16943
16999
17161
17249
17654
17699
17963
18063
18103
18231
18233
18269
18291
18344
18427
18526
18850
18882
18887
19032
19140
19154
19173
19229
19308
19397
19513
19518
19552
19685
19771
19885
19966
20077
20078
20234
20323
20367
20409
20507
20539
20623
20769
20966
21002
21311
21625
21829
21875
21965
22035
22245
22362
22379
22380
22463
22558
22632
22681
22713
22832
22920
22929
23029
23311
23338
23359
23367
23397
23405
23416
23417
23441
23485
23521
23599
23666
23682
23750
23803
23811
23882
23932
23958
24042
24787
24819
24834
24881
24898
25241
25244
25569
25635
25685
25708
25764
25771
25820
25886
26223
26349
26361
26512
26533
26696
27040
27197
27198
27245
27265
27316
27374
27412
27496
27597
27796
27832
28072
28233
28475
28524
28794
28957
28971
29053
29101
29443
29586
29647
29937
30040
30054
30096
30125
30265
30332
30357
30404
30698
30782
30925
31234
31328
31353
31371
31568
31662
32014
32191
32213
32307
32373
32510
32610
32850
32877
33017
33138
33247
33524
33569
33680
33705
33872
33945
34025
34139
34282
34310
34356
34471
34659
34938
34964
35034
35125
35310
35441
35460
35512
35654
35667
35741
35773
35812
35829
35833
35891
35924
36083
36084
36219
36344
36408
36591
36620
36776
36897
37479
37535
37755
37926
38037
38109
38153
38272
38439
38605
38735
38749
38796
39031
39036
39066
39077
39126
39179
39762
39773
39910
39935
39947
40011
40070
40372
40395
40572
40816
41012
41104
41126
41154
41179
41536
41691
41740
41874
41882
42100
42146
42361
42439
42511
42536
42626
42649
42775
42787
42880
42883
42977
43043
43087
43140
43147
43242
43338
43349
43471
43502
43513
43539
43560
43584
43791
43870
43992
44229
44335
44402
44530
44654
44669
44724
44851
44900
45236
45361
45463
45491
45547
45609
45642
45714
45949
46044
46046
46135
46213
46480
46493
46536
46556
46637
46843
47210
47263
47364
47391
47460
47503
47506
47677
47761
47776
47900
47945
48183
48254
48293
48341
48405
48489
48516
48637
48663
48738
48863
48967
49249
49332
49490
49534
49767
49830
50022
50120
50127
50366
50474
50496
50552
50738
51128
51267
51354
51426
51524
51609
51686
51770
51803
51944
51966
51992
52551
52713
52883
53092
53098
53136
53143
53174
53181
53376
53548
53574
53581
53894
53915
53922
54024
54027
54040
54158
54310
54312
54413
54451
54656
54712
54847
54872
54961
54964
54990
55094
55191
55218
55351
55458
55476
55565
55653
55677
55760
55821
56096
56161
56212
56331
56467
56771
56966
57177
57201
57237
57364
57420
57497
57572
57771
58197
58257
58261
58355
58492
58525
58844
58885
58942
58946
58951
59199
59339
59494
59569
59610
59688
59723
59739
59877
60145
60165
60641
60696
60817
60856
60959
61272
61350
61380
61516
61771
61857
61876
61895
62409
62456
62493
62535
62624
62633
62642
62775
63353
63464
63573
63813
63827
63853
63949
63957
63974
64005
64038
64152
64228
64230
64254
64454
64459
64811
64822
64839
64884
65089
65091
65125
65257
65292
65402
65459
65480
65482
65615
65651
65759
65794
65862
66099
66161
66307
66342
66417
66462
66520
66567
66573
66732
66776
66797
67111
67122
67373
67767
67931
67933
67985
68114
68117
68329
68353
68438
68454
68525
68659
68704
68738
68781
68798
69002
69018
69091
69144
69248
69257
69500
69548
69814
69872
69896
69909
70023
70267
70360
70481
70536
70651
70668
70745
70766
70853
70967
71030
71096
71316
71417
71586
71628
71670
71687
71936
72056
72103
72546
72790
72942
73135
73173
73206
73371
73487
73496
73829
73835
73858
73915
73944
74050
74145
74393
74448
74474
74505
74792
74932
75029
75061
75101
75170
75175
75213
75350
75365
75386
75439
75443
75513
75575
75591
75648
75801
75816
75870
75981
76439
76518
76558
76624
76657
76758
76797
76819
76835
76845
76919
76952
77008
77032
77166
77213
77323
77505
77655
77688
77717
77801
77907
78067
78410
78480
78778
79019
79097
79145
79203
79215
79287
79423
79526
79558
79640
79670
79769
79950
80211
80212
80433
80534
80580
80671
80784
80924
81042
81091
81101
81335
81430
81510
81574
81755
81954
82033
82074
82091
82243
82369
82372
82396
82837
82932
82978
83012
83065
83083
83095
83198
83519
83612
83615
83637
83756
83898
83967
84013
84014
84277
84324
84342
84346
84429
84911
84974
85072
85156
85328
85412
85600
85618
85724
86055
86234
86243
86331
86403
86521
86619
86653
86706
86743
86833
87094
87117
87440
87572
87663
87681
88094
88171
88194
88229
88270
88295
88488
88914
88976
89323
89462
89540
89882
89998
90303
90523
90531
90688
90823
90831
90836
90845
90936
90950
91195
91259
91272
91299
91368
91393
91405
91476
92069
92169
92369
92415
92477
92562
92629
92669
92670
92764
92943
93153
93268
93301
93795
93882
94034
94253
94284
94449
94461
94517
94524
94532
94595
94717
94808
94858
95071
95134
95141
95158
95346
95348
95379
95474
95500
95529
95612
95722
95747
95867
95907
95920
96221
96228
96466
96556
96931
96984
97156
97415
97455
97500
97579
97686
97836
97842
97945
97947
97993
98008
98086
98338
98355
98630
98690
98694
98716
98738
98781
99000
99048
99093
99157
99186
99261
99301
99373
99395
99397
99504
99531
99641
99716
99723
99909
99989
100176
100212
100343
100348
100356
100419
100451
100495
100516
100532
100995
101157
101225
101252
101253
101345
101381
101730
101773
101924
102073
102078
102301
102373
102458
102662
102685
102729
102798
102931
103011
103083
103143
103288
103307
103329
103337
103540
103694
103764
103980
104132
104144
104245
104518
104593
104611
104628
104636
104705
104789
104829
104841
104902
105010
105015
105045
105232
105460
105501
105716
106129
106146
106294
106404
106419
106542
106684
106751
107132
107163
107169
107291
107297
107338
107382
107438
107523
107646
107702
107714
107805
107963
108000
108102
108321
108361
108444
108448
108458
108771
108831
108850
109031
109040
109085
109134
109412
109545
109589
109693
109797
109823
109847
109911
109918
109980
110113
110115
110117
110233
110432
110529
110586
110680
110743
110798
110814
110890
110933
111035
111107
111269
111358
111359
111361
111438
111465
111596
111662
111683
111864
111974
112109
112207
112317
112328
112622
112858
112932
112983
113088
113099
113126
113129
113180
113251
113292
113382
113470
113593
113648
113673
113715
113725
114081
114082
114151
114394
114450
114661
114662
114804
114832
114843
114844
114969
115183
115249
115445
115503
115599
115725
115742
116154
116168
116190
116316
116349
116432
116557
116809
116992
117065
117066
117075
117094
117098
117112
117140
117324
117662
117694
117731
117774
117813
118030
118086
118116
118213
118468
118633
118806
118933
118979
118989
118990
119105
119120
119141
119270
119426
119635
119678
119735
119742
119789
119802
120200
120341
120461
120557
120737
120904
120927
121236
121329
121348
121433
121470
121567
121669
121673
121710
121757
121759
121822
121926
121975
122100
122232
123025
123214
123303
123594
123617
123849
123931
124006
124198
124268
124278
124309
124383
124453
124486
124570
124801
124954
124999
125068
125210
125309
125320
125413
125560
125570
125770
125912
125976
126203
126349
126560
126637
126774
126818
126916
126986
127146
127197
127241
127306
127399
127441
127622
127639
127704
127829
128083
128140
128353
128493
128655
128691
128805
128810
128993
129083
129311
129354
129373
129555
129575
129837
129930
130066
130073
130149
130267
130351
130468
130517
130561
130613
130748
131115
131130
131297
131358
131447
131478
131527
131588
131619
131988
132077
132234
132243
132420
132522
132593
132600
132637
132784
132940
133205
133230
133380
133409
133557
133573
133670
133802
133812
133835
134121
134126
134194
134762
134799
135028
135041
135050
135075
135089
135161
135197
135412
135437
135496
135501
135565
135570
135631
135650
135664
135705
135736
135850
135871
135942
136070
136312
136362
136450
136637
136715
136814
136894
136917
136949
137174
137437
137595
137596
137658
137684
137771
137823
137860
137906
137923
137937
137941
137999
138209
138254
138297
138379
138434
138516
138564
138746
138747
138835
139186
139260
139269
139578
139607
139639
139772
139776
139974
140046
140051
140223
140262
140423
140518
140741
140771
141006
141014
141083
141150
141156
141254
141298
141312
141407
141444
141598
141664
142148
142345
142375
142395
142524
142631
142639
142675
142721
142802
142882
142904
143005
143096
143097
143137
143229
143240
143319
143383
143387
143400
143459
143552
143572
143657
143672
143874
143934
144038
144235
144365
144501
144534
144658
144661
144733
144750
145390
145415
145424
145581
145636
145699
146214
146317
146587
146738
146827
146972
147000
147055
147164
147184
147226
147612
147924
147947
147952
147963
147989
148058
148285
148379
148762
148789
148839
148864
148939
149007
149065
149068
149099
149272
149487
149489
149621
149713
149791
149805
150003
150007
150060
150148
150223
150453
150472
150705
150771
150865
150871
150985
150996
151073
151209
151279
151432
151497
151615
151723
151737
151760
151859
151958
152126
152190
152202
152361
152622
152633
152702
152756
152770
152795
152803
152830
152967
153018
153207
153605
153641
153738
153894
154011
154139
154272
154405
154490
154660
154850
154899
155129
155390
155528
155547
155565
155620
155714
155806
156031
156062
156354
156591
156597
156661
156786
156812
156826
156948
156970
157138
157204
157241
157268
157281
157404
157581
157678
157793
157810
158058
158100
158171
158447
158678
158744
158814
159121
159126
159309
159436
159501
159516
159561
159644
159727
159882
160259
160385
160488
160533
160538
160588
160591
160737
161223
161295
161307
161651
161799
161808
161948
162018
162251
162408
162558
162624
162734
162911
162951
163035
163069
163103
163176
163398
163529
163544
163670
163938
164125
164198
164200
164396
164495
164587
164746
164786
164817
164929
164932
165299
165509
165812
165875
165927
165947
166147
166209
166434
166596
166680
166686
166819
166849
166871
166901
167018
167210
167227
167233
167256
167302
167304
167364
167464
167536
167624
167725
168200
168301
168369
168614
168829
169094
169358
169381
169383
169470
169592
169887
169947
170080
170081
170167
170191
170354
170358
170418
171166
171211
171216
171246
171467
171535
171700
171845
171859
172182
172219
172297
172356
172373
172427
172433
172583
172790
172811
172927
172990
173090
173233
173427
173434
173559
173667
173688
173785
173808
173942
174293
174622
174632
174654
175027
175475
175493
175611
175691
175783
175805
175812
175953
175965
176003
176013
176093
176732
176874
177053
177295
177428
177436
177568
177920
178092
178154
178357
178415
178465
178744
178838
178856
178861
178894
178969
178982
179091
179163
179322
179552
179585
179648
179668
179779
179973
180197
180275
180419
180425
180599
180742
180779
180965
181031
181371
181460
181481
181523
181541
181747
181778
181874
182252
182374
182384
182482
182529
182649
182950
183028
183144
183222
183246
183296
183308
183315
183359
183382
183384
183553
183653
183862
183955
183984
184223
184405
184413
184435
184482
184494
184697
184790
184885
184910
184986
185182
185246
185285
185309
185330
185522
185614
185638
185653
185681
185739
185775
185881
185927
186027
186164
186186
186308
186427
186492
186528
186587
186623
186720
186798
186910
187056
187184
187262
187328
187377
187396
187522
187743
187870
188188
188229
188252
188402
188595
188646
188647
188662
188908
188932
189171
189183
189272
189308
189361
189414
189467
189481
189581
189590
189607
189718
189860
189902
189908
189916
189933
190033
190244
190278
190391
190506
190666
191033
191137
191231
191441
191473
191572
191671
191763
191919
191953
191983
192165
192183
192233
192435
192638
192684
192704
192790
192844
192870
192987
193000
193122
193285
193398
193708
193716
193721
193784
193820
193994
194242
194281
194335
194338
194352
194363
194368
194391
194520
194528
194570
194624
194659
194926
195084
195114
195157
195226
195315
195448
195656
196011
196319
196392
196495
196656
196679
196742
196755
196918
196981
197043
197058
197063
197079
197086
197130
197151
197238
197422
197431
197443
197559
197574
197663
197678
197755
197853
197944
197974
198084
198101
198205
198419
198504
198531
198544
198666
198740
198745
198822
199024
199025
199171
199373
199391
199613
200003
200048
200096
200142
200325
200354
200388
200933
201154
201304
201461
201623
201714
201750
201965
202087
202147
202172
202234
202501
202685
202764
202810
203007
203079
203097
203174
203303
203518
203519
203651
203653
203922
204056
204059
204091
204161
204255
204301
204390
205089
205133
205199
205338
205393
205434
205473
205474
205533
205559
205734
205811
205844
205929
205975
206159
206178
206458
206547
206601
206622
206660
206680
206892
206929
207000
207115
207196
207442
207494
207594
207714
207909
208039
208183
208184
208193
208227
208236
208371
208555
208688
208702
208785
209121
209243
209323
209349
209385
209419
209537
209567
209582
209646
209650
209692
209759
209853
209891
209929
209955
209959
210153
210225
210249
210271
210323
210382
210398
210435
210443
210445
210560
210588
210653
210684
210687
210691
210833
210980
211197
211249
211275
211299
211304
211420
211627
211806
211813
212144
212481
212499
212514
212604
212871
212966
212998
213066
213139
213207
213389
213491
213511
213646
213715
213815
214009
214069
214088
214103
214118
214302
214331
214386
214721
214788
214889
214953
215024
215121
215128
215289
215347
215480
215519
215560
215624
215730
215794
215970
216364
216369
216567
216666
216773
216846
216890
216916
217020
217141
217147
217270
217338
217367
217690
217722
217793
217807
217874
217959
218515
218517
218622
218708
218761
218774
218876
218961
219223
219280
219362
219602
219623
219640
220026
220029
220073
220096
220098
220131
220171
220324
220656
220743
220903
221073
221276
221357
221466
221525
221590
221619
221818
221871
221909
221919
221995
222055
222102
222479
222551
222693
222773
222858
222859
222906
222912
222963
223087
223459
223602
223616
223619
223716
223749
224043
224044
224143
224155
224164
224342
224410
224676
224717
224891
224935
224955
225142
225294
225500
225566
225610
225758
225801
225977
226074
226331
226498
226655
226683
226685
226768
226785
226879
227018
227160
227216
227266
227454
227481
227765
227951
227977
228043
228080
228147
228310
228344
228414
228446
228510
228557
228579
228645
228681
228686
228751
228756
228888
229022
229164
229166
229198
229217
229260
229307
229308
229432
229477
229492
229635
229726
230143
230280
230298
230379
230462
230582
230807
230853
230947
230960
230968
231225
231468
231524
231598
231879
231959
231969
232102
232179
232486
232855
232914
233105
233176
233215
233224
233259
233278
233400
233417
233645
233762
233801
233826
233837
233850
233895
233989
234337
234489
234515
234534
234648
234730
234990
235024
235096
235205
235354
235529
235569
235596
235664
235756
235901
235911
235993
236701
236730
236869
236897
236928
237153
237212
237689
237712
237985
238007
238128
238244
238371
238678
238769
238845
238896
238902
239122
239163
239266
239617
239668
239877
239979
239984
240007
240098
240138
240263
240439
240452
240550
240786
240829
240888
240945
241090
241153
241227
241295
241334
241435
241603
241650
241793
241798
241892
242066
242188
242229
242268
242491
242559
242576
242596
242646
242686
243082
243095
243167
243509
243577
243689
243765
243779
243956
243982
244083
244161
244227
244554
244697
244699
244821
244864
244903
244910
244935
244989
244990
245109
245200
245226
245384
245391
245478
245600
246037
246099
246182
246450
246625
246646
246702
246709
246738
246772
246849
247198
247209
247316
247506
247627
247642
247711
247808
247883
247941
248071
248179
248347
248406
248426
248625
249347
249392
249531
249536
249873
249896
249996
250240
250355
250444
250489
250528
250635
250788
250819
251581
251604
251665
251711
251804
251862
251947
252157
252206
252234
252310
252312
252432
252444
252448
252462
252478
252495
252498
252576
252904
252930
252990
253072
253135
253152
253284
253305
253518
253519
253558
253671
253881
253901
253937
254119
254255
254310
254354
254373
254431
254806
254855
254869
254896
254929
254979
254980
255010
255236
255398
255535
255593
255629
255806
255976
255979
256040
256234
256303
256684
256791
256831
256928
256970
256992
257036
257038
257138
257252
257257
257350
257431
257455
257507
257613
257672
257733
257914
258122
258154
258334
258616
258647
258767
258788
258837
258925
259042
259089
259213
259236
259554
259593
259704
259773
259814
260087
260264
260442
260624
260671
260805
260807
260939
260996
261084
261208
261277
261305
261460
261553
261692
261871
261903
261974
262007
262076
262110
262192
262550
262553
262609
262616
262630
262654
262667
262678
262792
262963
263176
263227
263295
263403
263656
263930
264073
264140
264151
264354
264379
264406
264437
264898
265009
265052
265075
265202
265485
265760
265822
265828
265857
265881
265900
265970
266078
266361
266384
266393
266631
266733
266911
267056
267067
267072
267291
267316
267377
267459
267580
267591
267751
267800
267803
267810
267915
267981
268026
268066
268091
268455
268609
268688
268734
268810
268893
268899
268928
269264
269375
269476
269665
269760
269774
270007
270058
270108
270211
270339
270406
270540
270716
270768
270774
270925
271271
271341
271371
271521
271630
271982
272044
272100
272216
272228
272590
272727
272735
272926
273194
273195
273378
273454
273754
273852
273894
274039
274109
274203
274415
274494
274587
275127
275130
275166
275320
275553
275569
275615
275644
275880
275982
276347
276357
276460
276500
276599
276696
276902
277332
277333
277663
277809
277935
278129
278530
278560
278702
278812
278916
278956
278969
279034
279083
279094
279262
279264
279410
279427
279453
279505
279718
279942
279982
280101
280113
280288
280358
280428
280456
280476
280581
280727
280815
281067
281132
281329
281346
281429
281479
281488
281539
281584
281684
281770
281847
282059
282209
282272
282307
282330
282435
282525
282606
282762
282890
282932
282943
282951
282961
283089
283207
283514
283627
283650
283721
283760
283796
283907
284066
284080
284082
284178
284179
284320
284514
284908
284982
285128
285274
285416
285505
285576
285705
285762
285853
286053
286148
286268
286374
286406
286454
286459
286484
286641
286686
286690
286721
286773
286776
286778
286854
286908
287142
287214
287364
287430
287618
287683
287771
287820
287954
288166
288334
288343
288383
288446
288450
288451
288627
288686
288922
289019
289310
289443
289493
289504
289587
289736
289749
289762
289930
289980
290098
290321
290422
290491
290540
290690
290716
290743
290768
290836
290857
290895
291177
291193
291477
291727
291728
291764
291778
291794
291822
291951
292255
292259
292360
292618
293070
293190
293596
293851
293855
293896
293940
293973
294134
294496
294538
294545
294649
294697
294775
294784
294877
294884
295075
295151
295242
295264
295371
295424
295490
295525
295535
295844
295854
295857
295872
295984
295990
295996
296071
296108
296120
296169
296250
296510
296680
296811
296821
296832
297094
297508
297558
297663
297765
297808
297863
297949
297964
298034
298387
298549
298555
298615
298620
298661
298664
298668
298702
298726
298905
298960
299190
299294
299350
299419
299447
299469
299573
299597
299690
299709
299752
299787
299812
299821
299846
299932
299986
300063
300072
300075
300147
300430
300431
300531
300620
300783
300841
300883
300911
301035
301067
301169
301529
301556
301579
301606
301676
301701
301731
301879
301915
301920
302343
302401
302602
302635
302733
302866
302975
303053
303055
303084
303140
303152
303314
303365
303592
303603
303612
303874
303976
304114
304136
304216
304338
304376
304545
304749
304821
304943
305189
305332
305563
305576
305581
305643
305672
305679
305735
305841
305888
305932
306002
306019
306112
306296
306375
306433
306586
306731
306749
306955
307040
307086
307281
307410
307582
307601
307663
307670
307922
307940
307976
308047
308252
308342
308543
308652
308735
308778
308950
308992
309039
309122
309177
309210
309214
309344
309572
309585
309770
309897
309992
310111
310226
310232
310260
310331
310352
310404
310524
310597
310699
310781
310902
310970
311065
311124
311232
311364
311411
311449
311478
311502
311513
311897
311943
311981
311989
312034
312047
312122
312172
312372
312509
312546
312660
312730
312747
312952
313069
313121
313250
313619
313627
313645
313747
313769
313839
313842
313921
313922
313943
314158
314165
314168
314200
314270
314304
314346
314555
314658
314815
314996
315132
315136
315279
315397
315817
315845
316028
316030
316155
316173
316485
316561
316648
316805
316868
316936
316948
316989
317263
317544
317595
317653
317696
317777
317784
317965
317968
318031
318187
318338
318354
318359
318562
318596
318629
318640
318652
318665
318718
318780
318783
318883
318897
319019
319042
319147
319154
319220
319470
319647
319712
319807
319834
319961
320191
320324
320453
320576
320591
320651
320739
320971
321134
321253
321432
321527
321585
321644
321825
321854
321860
321967
321987
322009
322169
322558
322732
322791
322830
322846
322933
322964
323196
323213
323472
323482
323503
323556
323557
323721
323773
323953
323993
324267
324478
324538
324993
325252
325255
325257
325324
325394
325407
325507
325814
325932
326022
326084
326190
326209
326457
326764
326959
327251
327260
327288
327308
327309
327499
327875
328040
328209
328291
328292
328318
328575
328612
328668
328758
328841
328957
328986
329103
329153
329334
329350
329418
329563
329570
329620
329654
329749
329852
329980
330068
330115
330277
330375
330888
331052
331059
331160
331252
331437
331440
331618
331659
331775
331815
331936
331959
332002
332013
332086
332097
332105
332277
332288
332352
332887
333054
333074
333088
333521
333578
333921
333936
334073
334361
334428
334444
334593
334649
334745
334948
335200
335291
335387
335400
335450
335469
335530
335565
335762
335796
335800
335887
336139
336144
336203
336311
336468
336501
336540
336731
336778
336826
336944
336958
336994
337040
337220
337362
337372
337390
337490
337500
337586
337773
337819
337851
337909
337933
338012
338030
338031
338053
338181
338214
338455
338504
338588
338670
338681
338722
338914
338967
339171
339172
339203
339392
339608
339648
339677
339829
339849
340025
340035
340077
340245
340256
340286
340339
340775
340852
341022
341089
341119
341177
341179
341456
341473
341477
341728
341760
342061
342069
342153
342158
342300
342326
342595
342709
342831
342847
342864
342971
343122
343136
343161
343309
343408
343513
343533
343581
343584
343632
343799
343833
343970
344046
344102
344118
344185
344407
344635
344656
344672
344745
344842
345146
345178
345196
345226
345360
345435
345802
345850
345874
345880
345898
345962
346054
346085
346116
346158
346228
346284
346545
346725
346728
346778
346861
346968
347030
347226
347286
347410
347465
347807
348118
348174
348361
348450
348516
348635
348681
348755
349248
349307
349341
349379
349516
350158
350202
350211
350247
350254
350286
350309
350742
350779
350814
350879
350922
350982
351041
351140
351483
351644
351658
351766
351798
351902
351934
351974
352078
352097
352159
352213
352468
352508
352586
352592
352680
352806
352848
352972
353031
353076
353083
353088
353110
353147
353200
353228
353261
353508
353546
353564
353734
353796
353873
354198
354225
354304
354621
354657
354708
354840
354852
354975
355031
355091
355296
355842
355857
355882
356265
356492
356494
356563
356580
356611
356700
356975
357111
357138
357256
357407
357420
357545
357557
357686
357698
357858
357907
357910
358133
358154
358198
358241
358243
358249
358334
358341
358406
358522
358679
359100
359329
359391
359494
359519
359543
359750
359862
359880
360153
360197
360226
360245
360324
360341
360544
360547
360823
360996
361122
361228
361258
361317
361501
361733
361777
361810
361822
362380
362423
362676
362711
362739
362908
363028
363077
363347
363384
363432
363471
363496
363499
363501
363793
363812
363852
363926
363993
364125
364131
364211
364308
364333
364430
364663
364702
365038
365069
365110
365417
365487
365587
365592
365803
365834
365918
365961
366087
366233
366342
366414
366448
366450
366525
366580
366756
366890
366900
366990
367010
367053
367123
367240
367246
367300
367317
367406
367444
367457
367500
367509
367673
368042
368398
368496
368566
368575
368679
368831
368873
368979
369035
369088
369099
369276
369318
369345
369481
369704
369931
369932
369961
370002
370212
370259
370309
370358
370368
370382
370569
370598
370771
370806
370909
370937
370984
371411
371443
371471
371493
371505
371616
371664
371807
371870
371906
372164
372241
372372
372393
372513
372633
372678
372731
372901
373032
373059
373123
373432
373515
373526
373686
373824
373921
373969
374011
374128
374163
374199
374225
374262
374383
374427
374520
374682
374691
374762
374764
374806
374810
374919
375002
375157
375191
375264
375352
375661
375723
375734
375769
375800
375853
375873
375912
375932
375984
376111
376198
376244
376250
376380
376454
376491
376542
376634
376681
376684
376792
376811
376873
376882
376902
376915
377160
377309
377328
377663
377706
377891
377922
377973
378065
378208
378243
378325
378378
378505
378916
378930
379044
379118
379228
379236
379243
379253
379270
379363
379583
379601
379643
379655
379864
379882
379891
380166
380167
380189
380219
380789
380979
381068
381088
381105
381150
381359
381432
381485
381614
381666
381815
381943
381945
381960
382047
382093
382136
382294
382780
382958
383010
383135
383142
383150
383213
383368
383377
383485
383652
383693
383714
383728
383819
383849
383897
383911
384273
384311
384319
384771
384781
384879
384932
384955
385108
385218
385468
385495
385597
385641
385695
385873
385912
385923
386025
386035
386084
386155
386210
386471
386569
386852
386898
387145
387210
387495
387629
387870
387926
387992
388122
388242
388352
388358
388767
388825
388851
389080
389323
389337
389619
389803
389849
389916
389936
389971
390620
390695
390712
390744
390811
390816
390972
390991
391047
391169
391254
391261
391386
391581
391863
392044
392187
392290
392308
392390
392477
392607
392664
392706
392716
392952
393049
393276
393319
393320
393378
393462
393584
393795
393902
394147
394284
394304
394568
394669
394932
395103
395127
395131
395291
395324
395335
395673
395734
395840
396000
396074
396104
396429
396602
396603
396617
396724
396772
396986
397002
397234
397306
397439
397512
397621
397781
397788
397793
397823
397922
397958
398223
398374
398555
398630
398678
399018
399333
399369
399467
399618
399751
399865
400084
400132
400231
400406
400618
400649
400761
400839
400928
401022
401127
401322
401650
401733
401806
401835
401861
402088
402184
402298
402365
402583
402675
402682
402727
403306
403417
403452
403478
403522
403571
403701
404024
404202
404297
404343
404621
404700
404726
404753
404762
404801
404992
405132
405164
405191
405405
405476
405502
405597
405657
405709
405738
405786
405939
406113
406187
406309
406312
406347
406391
406539
406642
406746
406780
406939
406995
407006
407324
407442
407496
407604
407634
407694
407855
407946
407999
408014
408247
408254
408299
408346
408389
408420
408811
408904
408972
409010
409081
409176
409317
409362
409370
409432
409440
409482
409540
409617
409636
409678
409833
409945
409973
410049
410094
410123
410378
410450
410481
410488
410494
410521
410569
410607
410690
410696
410723
410805
410846
411231
411370
411496
411584
411628
411653
411655
411737
411834
411890
412110
412231
412381
412404
412443
412661
412819
412829
412942
413013
413859
414036
414398
414424
414437
414556
414669
414677
414923
415017
415022
415023
415250
415498
415557
415565
415590
415924
415969
415992
416039
416287
416386
416444
416659
416704
416763
416825
416839
416902
416942
417017
417150
417289
417296
417432
417577
417882
417892
417915
418102
418419
418571
418698
418738
418912
419203
419238
419284
419426
419430
419577
419608
419615
419873
419991
420181
420188
420469
420496
420632
420730
420770
420834
420916
420919
421126
421141
421344
421348
421383
421552
421586
421722
421863
422415
422421
422439
422546
422706
422716
422930
422946
423268
423368
423461
423467
423707
423786
423828
423839
423885
423904
424004
424090
424202
424290
424338
424641
424666
424738
424883
424885
425089
425213
425239
425662
425758
425860
425870
425965
426028
426127
426235
426257
426423
426434
426773
426779
426859
426862
426981
427160
427217
427327
427352
427579
427603
427727
427825
427885
427927
427992
428026
428214
428246
428338
428346
428392
428402
428465
428508
428511
428556
428571
428648
428683
428693
428771
428831
428869
429000
429038
429042
429127
429140
429242
429312
429605
429679
429738
429741
429745
430100
430196
430262
430279
430302
430329
430392
430452
430766
431008
431051
431080
431091
431152
431180
431195
431321
431489
431572
431587
431613
431672
431861
432070
432079
432230
432251
432288
432291
432412
432624
432710
432733
432760
432813
433145
433161
433162
433273
433296
433437
433535
433543
433559
433576
433590
433598
433721
433757
433798
433812
433966
433968
434020
434458
434709
434765
434799
434903
434966
435140
435218
435302
435336
435568
436040
436181
436270
436352
436378
436420
436468
436527
436770
436874
436959
437099
437177
437200
437229
437373
437379
437509
437815
437869
437924
438078
438126
438190
438204
438257
438266
438293
438317
438366
438387
438420
438505
438526
438531
438605
438693
438915
438922
438991
439000
439126
439177
439302
439383
439510
439524
439582
439825
439862
439873
439891
439957
440122
440328
440350
440374
440770
440895
441026
441056
441059
441223
441372
441431
441467
441512
441552
441579
441612
441641
441841
442007
442413
442523
442690
442734
442853
442944
442976
443041
443152
443288
443468
443536
443650
443667
443680
444023
444125
444144
444235
444525
444645
444662
444759
444774
444895
445014
445250
445497
445522
445584
445834
446298
446304
446312
446365
446419
446455
446551
446608
446654
446678
446733
447114
447136
447300
447415
447429
447491
447555
447675
447801
447825
447853
448019
448228
448232
448242
448509
448723
448725
448915
448942
448978
448996
449182
449300
449327
449344
449346
449402
449663
449767
449916
450084
450142
450164
450181
450297
450444
450528
450679
450703
450707
450715
450743
450774
450828
450845
450893
451005
451078
451099
451108
451218
451241
451243
451405
451466
451748
451926
452227
452249
452267
452455
452501
452536
452775
452777
453188
453343
453375
453524
453762
453845
453920
454074
454105
454173
454191
454243
454340
454383
454494
454653
454667
454782
454796
454882
454920
455167
455528
455573
455641
455721
455747
455827
455877
455878
456210
456229
456365
456467
456704
456768
456875
456952
457084
457116
457228
457426
457482
457624
458089
458092
458105
458449
458464
458499
458533
458606
458907
459109
459235
459244
459384
459415
459503
459549
459775
459853
459970
460012
460039
460045
460248
460335
460392
460405
460414
460560
460689
460695
461108
461264
461374
461420
461605
461734
461851
461932
461940
461958
461966
462039
462053
462086
462160
462174
462259
462311
462343
462540
462660
462691
462902
462925
462932
463121
463447
463594
463627
463639
463728
463800
463814
463931
464198
464480
464768
465319
465339
465773
465873
465956
466054
466395
466429
466528
466563
466591
466654
466702
466713
466805
466854
466859
467193
467803
467876
467927
467975
468081
468233
468263
468350
468357
468476
468525
468533
468610
469354
469518
469537
469573
469823
469855
470007
470156
470162
470227
470608
471061
471069
471070
471253
471276
471306
471537
471690
471691
471887
472155
472156
472212
472225
472226
472235
472611
472634
472729
472858
472922
473080
473146
473532
473738
473785
473807
473821
473919
473947
474064
474104
474305
474394
474517
474598
474810
474824
474882
474931
474954
475079
475164
475187
475217
475271
475463
475539
475646
475662
475703
475710
475779
475801
475837
475918
476112
476167
476288
477016
477025
477551
477951
478027
478035
478061
478167
478324
478352
478391
478549
478697
479032
479052
479230
479370
479550
479634
479697
479747
479918
479959
479987
480206
480295
480307
480553
480679
480896
480944
480998
481037
481096
481136
481348
481457
481488
481626
481692
481716
481728
481768
481897
481915
481936
481970
482115
482135
482202
482208
482269
482391
482448
482497
482521
482557
482575
482705
482748
482784
483161
483266
483334
483384
483445
483500
483543
483611
483627
483874
483893
483942
484007
484397
484468
484485
484532
484565
484614
484739
484760
484854
484856
484887
485119
485209
485270
485293
485332
485582
485676
485742
485775
485966
485971
485973
486170
486369
486373
486473
486481
486789
486998
487065
487116
487461
487497
487751
487784
488051
488062
488113
488815
488855
488883
488971
489012
489051
489068
489184
489244
489385
489463
489557
489582
489602
489626
489708
489731
489750
489879
489989
490047
490354
490405
490409
490471
490648
490685
491034
491043
491159
491247
491282
491394
491425
491771
491875
491902
491915
491998
492002
492004
492071
492084
492091
492106
492114
492187
492260
492725
492884
492967
493046
493113
493190
493253
493501
493509
493600
493606
493610
493697
493773
493778
493792
493836
493941
493959
494039
494092
494391
494657
494688
494755
494762
494818
494949
494993
495024
495042
495171
495196
495304
495313
495348
495465
495516
495648
495887
495985
496189
496358
496654
496867
496903
496977
497094
497124
497416
497453
497482
497491
497540
497767
497819
497838
497935
498005
498180
498201
498244
498288
498299
498422
498508
498512
498578
498698
498863
498980
499079
499122
499158
499174
499196
499212
499341
499424
499512
499709
499890
499929
500044
500084
500138
500361
500406
500525
500566
500682
500767
500868
500940
501003
501309
501662
501677
501912
501922
502161
502274
502303
502464
502735
502739
502862
502887
502916
502969
503123
503169
503293
503409
503693
503895
503938
503959
504200
504210
504242
504279
504307
504453
504550
504675
504739
504954
504989
505059
505108
505535
505811
505846
506059
506062
506152
506184
506266
506318
506462
506483
506489
506682
506801
506804
506841
507105
507437
507517
507529
507663
507667
507677
507693
507843
508077
508115
508170
508212
508409
508460
508564
508626
508641
508674
508790
508831
508852
508865
508884
508917
509062
509159
509276
509352
509384
509615
509643
509753
509758
509846
509956
510063
510302
510327
510384
510605
510681
511062
511074
511084
511268
511334
511375
511380
511440
511443
511608
511714
511800
511975
512099
512141
512151
512431
512652
512679
512919
513033
513111
513199
513215
513237
513312
513469
513574
513665
513678
513767
513859
514078
514095
514186
514224
514291
514325
514529
514694
514935
515200
515370
515500
515922
515932
516020
516065
516188
516259
516348
516480
516661
516893
516932
516960
517000
517180
517277
517284
517347
517408
517433
517580
517593
517604
517644
517646
517759
518072
518119
518197
518372
518705
518743
518895
518899
518995
519170
519204
519428
519462
519493
519568
519606
519740
519930
519934
520014
520105
520127
520211
520714
520791
520816
521449
521484
521508
521586
521608
521815
521964
522038
522069
522083
522169
522186
522227
522242
522360
522510
522515
522614
522634
522681
522813
522837
522852
522896
522983
523023
523102
523160
523230
523322
523468
523558
523584
523800
523841
523858
524121
524286
524416
524476
524551
524673
524674
524744
524807
524811
525042
525064
525349
525446
525529
525717
525869
526009
526011
526014
526038
526175
526194
526289
526339
526467
526560
526689
526773
526829
527093
527183
527280
527492
527607
527752
527759
527828
527866
527961
528106
528150
528180
528245
528316
528662
528697
529049
529053
529098
529126
529226
529317
529384
529387
529513
529581
529628
529669
529871
529878
529902
529921
529946
530039
530243
530365
530568
530569
530600
530670
530673
530722
531208
531257
531316
531337
531366
531425
531556
531616
531623
531737
531803
532072
532088
532139
532207
532220
532229
532302
532528
532637
532654
533469
533693
533736
533750
533782
533930
533971
534089
534183
534195
534322
534398
534666
534673
534720
534765
534772
534815
534878
534971
535179
535220
535248
535566
535639
535869
536006
536060
536170
536234
536282
536417
536426
536535
536589
536746
537031
537057
537204
537248
537364
537478
537484
537573
537735
537752
537768
537776
537994
538042
538050
538150
538207
538212
538232
538399
538404
538406
538889
539152
539241
539327
539396
539427
539642
539827
539841
539914
539941
539983
540365
540635
540754
540858
540993
541067
541084
541172
541410
541672
541846
541933
541947
541973
542019
542046
542151
542398
542407
542486
542551
542582
542657
542798
542898
543083
543190
543344
543538
543554
543570
543638
543665
543750
543768
543775
543835
543841
543929
543966
544198
544249
544421
544524
544540
544658
544702
544777
544993
545045
545301
545353
545412
545790
546069
546268
546291
546295
546381
546481
546529
546583
546613
546693
547175
547196
547270
547449
547468
547606
547883
548098
548119
548239
548346
548407
548457
548611
548791
548813
548838
548930
549114
549230
549504
549561
549582
549880
549960
550028
550149
550218
550253
550255
550354
550484
550815
550916
551001
551083
551119
551168
551280
551474
551522
551550
551689
551726
551727
551760
551859
551864
552071
552270
552307
552454
552530
552654
552737
552995
553021
553054
553106
553144
553319
553444
553464
553484
553503
553718
553736
553778
553970
554103
554152
554263
554409
554411
554532
554599
554613
554775
554793
555062
555384
555571
555630
555707
555940
556056
556277
556403
556414
556461
556474
556499
556594
556602
556928
557178
557336
557340
557714
557821
558202
558213
558242
558298
558534
558638
558767
558825
558836
559077
559094
559155
559376
559386
559453
559457
559591
559607
559659
559771
559821
559843
559935
560009
560041
560043
560395
560503
560618
560655
560662
560841
561212
561305
561494
561546
561716
561791
561825
561881
562157
562320
562523
562536
562713
562719
562900
562927
563106
563155
563187
563358
563474
563505
563582
563593
563712
563807
563812
564042
564259
564332
564429
564562
564836
564838
564882
565011
565155
565200
565251
565326
565337
565384
565503
565538
565555
565680
565728
565797
565836
565966
566026
566095
566104
566149
566222
566327
566467
566478
566529
566612
566633
566774
567263
567315
567353
567786
567826
568245
568282
568334
568443
568542
568672
568681
568872
568920
569019
569023
569058
569295
569298
569343
569386
569495
569504
569551
569621
569650
569805
569901
569927
570033
570068
570117
570297
570377
570474
570585
570746
570805
570899
570952
571082
571181
571229
571334
571394
571492
571636
571710
571830
572108
572135
572150
572166
572289
572345
572388
572391
572547
572575
572598
572757
572823
573174
573184
573288
573325
573411
573420
573421
573698
573806
573808
573885
573984
573991
574139
574262
574292
574328
574356
574711
574734
574821
574865
574887
575008
575183
575455
575698
575741
575865
575866
575871
575874
575905
575935
575997
576025
576060
576194
576411
576435
576599
576620
576674
576727
576810
576878
576945
577028
577087
577092
577192
577315
577448
577540
577566
577684
577699
577855
577958
577961
578083
578191
578276
578392
578419
578444
578576
578717
578721
578773
578863
578881
578957
579072
579224
579493
579514
579519
579553
579554
579718
579816
579859
580032
580150
580220
580262
580340
580387
580518
580932
581189
581198
581421
581565
581625
581762
581995
582316
582341
582349
582363
582393
582518
582616
582684
582795
583061
583172
583189
583207
583467
583499
583632
583776
583900
583926
584088
584131
584161
584165
584178
584186
584304
584389
584778
584976
585107
585295
585359
585392
585430
585482
585732
585772
585775
586032
586187
586208
586216
586230
586245
586363
587036
587346
587381
587418
587536
587574
587911
588118
588355
588414
588492
588577
588649
588689
588729
588773
588798
588831
588934
589449
589728
589831
590261
590388
590470
590499
590569
590666
590737
590748
590892
591087
591089
591163
591210
591298
591335
591439
591447
591487
591583
591637
591725
591750
591834
592118
592137
592367
592485
592560
592590
592700
592913
592990
593026
593062
593241
593514
593599
593683
593771
593840
593855
593864
593993
594243
594253
594492
594578
594580
594657
594659
594713
594805
594883
594936
594992
595047
595082
595149
595213
595352
595353
595437
595488
595508
595582
595625
595832
595880
595918
595934
596012
596014
596165
596565
596657
596776
596779
597001
597167
597319
597368
597442
597450
597709
597715
597727
598192
598202
598205
598565
598657
598718
598745
598939
598991
599175
599207
599321
599515
599601
599611
599737
599796
599807
599879
600397
600442
600775
600792
601023
601041
601367
601407
601537
601687
601693
601769
601907
601928
601997
602060
602114
602185
602192
602271
602334
602416
602450
602576
602658
602734
602742
602783
603054
603139
603246
603247
603303
603318
603364
603423
603425
603435
603476
603487
603660
603767
603918
603952
603953
604017
604020
604168
604196
604287
604322
604355
604413
604491
604724
604789
604814
605040
605111
605117
605247
605325
605562
605586
605588
605844
605957
605965
605974
606123
606153
606288
606604
606678
606750
606855
607021
607024
607033
607191
607324
607383
607640
607645
607809
607906
607964
608098
608125
608203
608348
608359
608445
608693
608719
608733
608793
608867
608876
608928
608964
609049
609083
609191
609199
609373
609400
609549
609589
609717
609965
610047
610063
610252
610487
610496
610666
610883
610994
611183
611188
611227
611400
611426
611488
611587
611609
611808
612071
612072
612199
612205
612264
612364
612398
612508
612510
612551
612567
612599
612606
612627
612645
612649
612678
612914
612931
612989
613055
613102
613235
613250
613376
613673
613734
614059
614070
614110
614219
614381
614446
614484
614564
614710
614729
614971
615193
615267
615476
615496
615508
615517
615547
615672
615718
615754
615962
615972
616070
616111
616178
616285
616344
616435
616478
616586
616667
616733
616779
616785
616878
616911
617022
617128
617186
617355
617587
617716
617737
617785
617823
617875
617903
617925
617958
618050
618151
618441
618552
618563
618610
618688
618701
618770
618952
619056
619110
619132
619170
619183
619576
619606
619631
619708
619721
619990
620015
620161
620347
620406
620479
620495
620708
620766
620787
620862
620969
621068
621075
621103
621167
621274
621402
621547
621617
621694
621698
621978
622389
622405
622508
622528
622543
622641
622654
622704
622717
622923
623069
623125
623133
623165
623298
623337
623387
623496
623513
623600
623673
624242
624778
624856
624924
624937
625047
625195
625277
625297
625393
625570
625589
625788
625880
626365
626442
626667
626690
626993
627099
627138
627149
627175
627399
627496
627543
627559
627586
627588
627715
627752
627794
627802
628180
628186
628226
628256
628360
628464
628472
628495
628682
628694
628831
628882
629246
629442
629497
629602
629832
629841
629896
630016
630072
630140
630315
630509
630593
630856
631144
631189
631517
631522
631536
631571
631590
631727
631898
632189
632203
632250
632430
632501
632553
632569
632581
632663
632695
632963
632979
633074
633188
633215
633226
633263
633273
633542
633600
633676
633858
634044
634223
634257
634282
634413
634439
634490
634548
634658
634697
634791
634906
635094
635102
635125
635218
635328
635652
635700
635759
635766
635785
635924
636145
636329
636348
636526
636685
636788
636798
636910
636955
636962
636989
636992
637074
637606
637636
637705
637823
637910
637917
637996
638035
638109
638195
638198
638221
638408
638481
638573
638611
638973
638983
639086
639258
639351
639373
639423
639428
639431
639432
639519
639728
639748
639797
639887
639944
639974
640159
640173
640254
640287
640469
640479
640481
640540
640578
640706
640837
640877
640939
640965
641065
641068
641250
641269
641272
641306
641341
641364
641431
641579
641794
642067
642382
642454
642736
642990
643013
643494
643650
643764
643884
643895
644205
644297
644320
644388
644517
644559
644586
644610
644632
644654
644665
644753
644773
644887
644895
644938
645040
645071
645158
645170
645258
645797
645809
645832
646015
646058
646079
646104
646123
646216
646353
646355
646404
646476
646782
646909
646929
646984
647054
647078
647238
647363
647602
647636
647724
647977
648041
648097
648164
648189
648273
648362
648437
648444
648710
648764
648974
649077
649087
649208
649245
649550
649570
649687
649706
649799
649810
649882
649987
650000
650036
650042
650053
650203
650397
650448
650521
650611
650865
650891
650907
650909
651057
651420
651593
651632
652114
652138
652425
652484
652486
652604
652789
652813
652823
652966
652990
653071
653116
653303
653330
653368
653509
653765
653818
653856
653921
654088
654120
654131
654132
654206
654655
654788
654840
655079
655145
655301
655492
655518
655533
655734
655785
655877
655973
656034
656099
656102
656116
656124
656415
656470
656816
656822
656931
656992
657006
657137
657336
657340
657487
657647
657673
657758
657798
657801
657884
657895
657965
658080
658101
658161
658206
658241
658477
658508
658655
658679
658754
658836
659186
659199
659386
659425
659474
659671
659902
659960
659961
660058
660164
660165
660283
660329
660350
660377
660385
660600
660724
660920
661054
661277
661352
661591
661619
661710
661711
661779
661832
661905
661974
662024
662035
662049
662104
662172
662391
662496
662590
662599
662682
662694
662762
662911
663081
663192
663381
663554
663716
663765
664064
664080
664122
664355
664517
664874
664881
664911
664978
665022
665082
665228
665253
665461
665545
665657
665681
665758
666098
666116
666227
666260
666287
666349
666416
666526
666553
666676
666787
667028
667125
667226
667294
667302
667381
667423
667451
667588
667609
667786
667796
667811
668090
668274
668291
668349
668433
668453
668776
668784
669022
669028
669178
669272
669278
669296
669727
670493
670495
670653
670677
670736
670976
671192
671270
671375
671461
671474
671534
671607
671713
671892
671899
672041
672060
672088
672097
672167
672200
672269
672340
672470
672523
672608
672874
672928
672985
673069
673198
673363
673635
673713
673737
673811
673816
674140
674159
674262
674280
674380
674410
675123
675128
675154
675735
675736
675839
675881
675886
676009
676039
676119
676340
676358
676443
676530
676532
676654
676867
676887
677010
677130
677207
677258
677490
677496
677627
677659
677738
677796
677889
678022
678055
678083
678298
678474
678553
678748
678774
678899
679025
679230
679278
679307
679343
679441
679788
679834
679858
679948
679967
680244
680358
680364
680374
680478
680619
680635
680699
680744
680745
680824
680999
681153
681246
681299
681321
681411
681504
681570
681580
681613
681650
681703
681787
681810
681922
682096
682159
682268
682431
682644
682835
683208
683223
683239
683243
683266
683280
683318
683355
683361
683518
683576
683734
683898
684096
684190
684344
684685
684833
685017
685151
685255
685265
685433
685462
685527
685546
685584
685661
685686
685746
685821
686034
686129
686132
686152
686252
686496
686567
686682
686797
686801
686921
686942
686944
687053
687076
687157
687311
687628
688003
688152
688171
688189
688333
688550
688554
688662
688709
688791
688962
689210
689255
689420
689461
689470
689652
689658
689764
689866
689953
689984
690153
690207
690418
690439
690672
690708
690755
690926
690956
691179
691198
691246
691357
691379
691385
691412
691483
691539
691654
691693
691831
691962
692059
692109
692379
692458
692481
692810
692947
693033
693035
693123
693439
693469
693572
693579
693595
693645
693668
693732
693784
693788
693790
693902
694029
694214
694223
694239
694382
694434
694444
694450
694648
694775
694953
695020
695079
695229
695269
695317
695384
695386
695664
695676
695778
695846
696077
696097
696185
696451
696542
696684
696771
696775
696840
696872
697131
697301
697479
697545
697798
697889
698053
698076
698167
698170
698357
698435
698522
698550
698668
698692
699068
699133
699287
699297
699298
699472
699675
699837
699965
700001
700053
700066
700074
700079
700092
700248
700453
700535
700550
700571
700657
700672
700678
700981
701242
701641
701717
701728
701739
701789
701865
701974
701988
702046
702339
702419
702468
702475
702599
702795
702828
702837
702876
702933
702967
703060
703171
703221
703237
703282
703309
703626
703657
703771
703800
703835
703858
703877
703900
703918
704082
704104
704304
704334
704477
704494
704545
704884
704918
705045
705121
705122
705128
705212
705331
705366
705435
705457
705559
705562
705837
705861
705863
705870
705909
705995
706073
706147
706312
706437
706469
706502
706625
706761
706785
706793
706930
707471
707531
707558
707719
707745
707856
707940
707995
708007
708111
708193
708247
708349
708373
708467
708518
708585
708599
708609
708856
709087
709208
709406
709503
709578
709861
710138
710166
710218
710501
710507
710818
710860
711102
711579
711597
711923
711957
712234
712305
712310
712443
712561
712613
712708
712796
712899
712947
713010
713304
713337
713398
713427
713485
713643
713797
713835
713874
713953
714044
714159
714402
714574
714617
714645
714695
714755
714891
714932
714991
715521
715529
715537
715885
716027
716081
716090
716187
716221
716327
716353
716515
716608
716644
716683
716772
716783
716789
716826
716828
716841
716909
717113
717337
717367
717471
717608
717794
717866
717919
717924
718061
718230
718514
718771
718810
718818
718870
719076
719114
719248
719328
719710
720010
720033
720074
720194
720225
720256
720333
720490
720496
720575
720588
720640
720740
720779
720938
720966
721180
721361
721389
721434
721480
721533
721723
721775
721897
722010
722088
722089
722122
722390
722420
722471
722503
722536
722605
722649
722804
722911
723063
723207
723273
723279
723379
723679
723709
723871
723926
723969
723986
723988
724029
724051
724164
724279
724297
724377
724391
724569
724662
724784
724829
724991
725109
725186
725368
725619
725647
725891
726152
726231
726275
726748
727048
727566
727754
727883
727908
728013
728046
728077
728236
728545
728717
728777
728877
729014
729033
729429
729453
729575
729606
729703
729907
729979
729983
730119
730229
730320
730393
730397
730448
730522
730542
730575
730583
730637
730740
730892
730906
730935
730974
731125
731220
731343
731556
731678
731743
731818
731819
732004
732063
732081
732190
732379
732538
732561
732797
732822
732924
733033
733084
733295
733418
733422
733512
733572
733618
733668
733722
733760
734138
734210
734303
734441
734447
734448
734449
734450
734463
734617
734624
734636
734839
734927
735062
735246
735609
735650
735766
735782
735906
736042
736148
736307
736334
736680
736695
736707
736925
737265
737281
737387
737480
737563
737635
737870
737911
737939
737959
737960
738036
738246
738279
738308
738402
738428
738627
738632
738805
738821
739015
739077
739087
739113
739172
739203
739236
739260
739287
739327
739369
739421
739521
739593
739661
739683
739752
739856
740282
740407
740546
740615
740776
740888
741002
741169
741196
741199
741202
741249
741450
741509
741533
741565
741596
741633
741648
741862
741938
741966
742230
742264
742286
742344
742450
742522
742657
742712
742872
742943
743046
743151
743152
743194
743208
743282
743401
743548
743601
743882
744122
744154
744340
744701
744740
744742
744973
744982
745021
745145
745210
745438
745674
745738
745739
745761
745798
746050
746063
746103
746144
746182
746191
746346
746440
746557
746687
746709
746837
747279
747289
747294
747334
747419
747426
747531
747675
747789
747795
747812
747960
748049
748328
748457
748640
748753
748811
748820
748916
749023
749165
749187
749200
749338
749420
749455
749549
749577
749667
749692
749727
749866
749873
750086
750180
750201
750247
750328
750378
750511
750596
750665
750837
750851
750923
750938
750945
751004
751225
751346
751464
751488
751663
751797
751901
751908
751927
752210
752239
752417
752565
752661
752683
752713
752849
752913
752945
752992
753108
753143
753160
753168
753387
753544
753645
753706
753738
753805
753813
753950
754091
754375
754518
754592
754616
754683
754732
754849
754974
755199
755274
755300
755303
755355
755430
755565
755572
755742
755789
755983
756219
756402
756411
756489
756648
756678
756709
756910
757025
757201
757328
757343
757403
757466
757649
757651
757767
757781
757819
757946
757994
758207
758330
758341
758591
758637
758646
758785
759030
759156
759196
759204
759380
759399
759560
759593
759691
759949
760153
760203
760381
760400
760412
760448
760610
760715
760803
760897
760963
761012
761018
761184
761221
761509
761641
761695
761745
761757
761830
761949
762057
762082
762209
762222
762225
762347
762422
762636
762922
763017
763054
763137
763205
763295
763391
763522
763630
763649
763883
763900
764060
764105
764151
764185
764282
764299
764301
764401
764428
764446
764596
764835
765163
765294
765332
765352
765474
765582
765718
765747
766027
766091
766309
766356
766532
766578
766671
766785
766816
766858
767037
767061
767063
767184
767362
767517
767558
767724
767757
767973
768246
768269
768381
768679
768700
768820
768900
768928
769031
769130
769168
769265
769294
769362
769452
769548
769627
769694
770117
770246
770338
770369
770392
770482
770611
770631
770661
770670
770749
770847
770951
770993
771007
771032
771069
771216
771402
771404
771492
772042
772062
772338
772372
772411
772520
772698
773244
773346
773478
773550
773608
773660
773675
773848
773925
773963
774187
774328
774396
774397
774449
774481
774513
774695
774976
774993
775449
775456
775501
775688
775852
776211
776295
776318
776490
776729
776767
776865
777090
777101
777250
777251
777343
777366
777478
777637
777787
777964
778088
778109
778127
778150
778203
778259
778355
778429
778520
778600
778681
778785
778882
779132
779255
779307
779350
779386
779389
779486
780008
780538
780792
780931
781151
781198
781339
781344
781392
781507
781523
781549
781617
781667
781848
781864
782109
782171
782244
782355
782374
782544
782565
782660
782671
782693
783091
783564
783578
783719
783796
783853
783858
784119
784199
784287
784739
785137
785156
785190
785213
785226
785234
785237
785328
785368
785505
785612
785631
785646
785650
785715
785777
786112
786197
786399
786644
786652
786873
786905
786929
786943
787061
787143
787219
787269
787317
787394
787600
787602
787661
787786
787961
788130
788208
788313
788334
788348
788511
788595
788599
788636
788697
789041
789156
789167
789192
789326
789673
789753
789781
789789
789935
790001
790062
790086
790258
790286
790352
790354
790360
790447
791040
791202
791307
791346
791347
791442
791449
791488
791492
791644
791701
791777
792045
792177
792265
792395
792404
792461
792474
792598
792698
792702
792787
792995
793109
793159
793176
793179
793281
793379
793427
793603
793694
793780
793886
793893
794049
794111
794162
794321
794508
794511
794569
794679
794724
794869
794932
795019
795072
795336
795375
795570
795582
795701
795869
795943
795977
796021
796121
796211
796251
796338
796410
796446
796474
796565
796607
796682
796815
796867
797121
797138
797175
797192
797322
797445
797466
797624
797655
797891
798049
798071
798090
798110
798147
798187
798214
798390
798428
798766
798815
798845
798862
798928
799019
799035
799082
799209
799292
799565
799652
799727
799788
799797
799948
799995
800034
800111
800313
800338
800517
800623
800712
800882
801002
801019
801025
801031
801267
801366
801705
801956
802019
802022
802071
802249
802265
802435
802627
802635
802977
803051
803080
803092
803105
803278
803730
803890
803943
803949
804047
804162
804305
804346
804388
804486
804540
804596
804601
804715
804743
804779
805342
805442
805589
805647
805690
805736
805807
805826
805866
805938
805977
806106
806150
806231
806270
806303
806313
806383
806401
806773
806912
807090
807155
807219
807334
807644
807654
807889
807927
808030
808040
808270
808574
808575
808581
808612
808622
808880
808952
809149
809155
809165
809238
809282
809299
809397
809478
809530
809689
809772
809775
809860
809862
810092
810179
810256
810353
810369
810427
810863
810949
810955
811094
811222
811491
811506
811784
811842
812308
812315
812380
812480
812625
812626
813304
813396
813448
813631
813724
813819
813900
813906
813958
814283
814293
814301
814566
814569
814691
814701
815071
815121
815301
815429
815500
815659
815725
815755
815869
816139
816184
816239
816397
816399
816470
816942
816990
817135
817216
817491
817526
817596
817642
817769
817812
817894
817997
818055
818137
818182
818232
818269
818418
818465
818573
818628
819078
819264
819267
819487
819495
819514
819670
819978
819999
820211
820226
820382
820455
820463
820526
820569
820610
820723
820810
820916
821045
821222
821271
821607
821907
821911
821957
821962
821984
822113
822152
822154
822208
822296
822362
822711
822747
822763
822788
822927
822972
823209
823255
823580
823651
823685
823812
823847
823947
824020
824120
824475
824570
824617
824618
824633
824638
824671
824770
824783
824784
824787
824805
825161
825228
825231
825417
825529
825537
825565
825675
825685
825873
825890
825991
826015
826177
826219
826365
826426
826737
826796
826917
826934
827064
827212
827534
827818
827840
827899
827974
828028
828040
828088
828106
828115
828207
828245
828252
828343
828412
828425
828445
828570
828584
828601
828609
828640
828720
828820
828842
828862
829009
829083
829261
829311
829318
829469
829548
829571
829835
830286
830305
830409
830524
830602
830751
830876
830889
830937
830949
831022
831051
831319
831414
831590
831618
831660
831716
831757
832165
832228
832362
832564
832607
832704
832828
832831
832928
832933
832993
833002
833235
833260
833278
833303
833454
833707
834122
834128
834212
834465
834466
834556
834611
834638
834805
834841
834883
834893
835005
835049
835101
835234
835238
835276
835277
835319
835537
835638
835701
835877
835941
836025
836098
836179
836204
836335
836363
836385
836422
836503
836587
836617
836679
836875
836887
837013
837049
837094
837149
837400
837438
837491
837526
837892
837928
838083
838100
838120
838167
838202
838234
838276
838374
838504
838622
838761
838904
839031
839089
839271
839311
839327
839357
839376
839414
839456
839547
839661
839718
839743
839996
840065
840226
840258
840276
840328
840336
840387
840419
840428
840443
840453
840513
840794
840817
840832
840872
840979
841014
841082
841145
841361
841435
841749
841931
842094
842301
842444
842505
842519
842578
842723
842729
842777
842846
842957
843027
843068
843186
843285
843304
843317
843351
843389
843572
843674
843718
843732
843781
843876
843972
844086
844192
844352
844487
844514
844521
844555
844575
844609
844712
844765
844767
844796
844926
844972
845138
845180
845222
845223
845301
845367
845494
845638
845675
845680
845706
845826
845900
845929
846037
846056
846285
846372
846415
846432
846771
846781
846825
846897
846907
846938
847025
847114
847168
847186
847195
847216
847366
847431
847463
847673
847784
848062
848213
848251
848301
848430
848478
848603
848682
848698
848756
848814
848858
849019
849050
849058
849461
849677
849778
849876
849982
850017
850231
850327
850481
850624
850641
850715
850793
850797
850895
850899
850947
851034
851162
851254
851273
851467
851499
851525
851617
851619
852048
852177
852194
852224
852273
852277
852349
852408
852550
852719
852723
852786
852795
852875
852896
852972
852993
852995
853253
853318
854242
854490
854496
854694
854737
854892
856069
856095
856120
856160
856467
856579
856643
856666
856744
856966
856979
857021
857023
857155
857202
857494
857535
857675
857821
857912
858134
858168
858545
858623
858663
858832
859259
859356
859603
859711
859869
860016
860030
860196
860198
860200
860348
860398
860487
860867
860997
861009
861085
861106
861218
861314
861357
861477
861615
861682
861729
861799
861891
861913
862034
862088
862207
862259
862370
862601
862739
862778
862797
862809
863002
863059
863086
863485
863653
863677
863836
864195
864304
864366
864537
864550
864575
864583
864608
864609
864650
864735
864849
865154
865225
865271
865285
865663
865689
865797
866115
866133
866342
866443
866474
866727
866985
867035
867312
867470
867547
867551
867694
867719
867770
867797
867822
868119
868342
868371
868485
868930
868966
869006
869175
869203
869263
869281
869304
869385
869398
869480
869500
869759
869875
869994
870532
870540
870595
870660
870672
870684
870686
870866
870885
871065
871370
871561
871579
871582
871661
871675
871758
871816
871873
871879
872089
872132
872406
872548
872584
872759
872838
872856
872978
873038
873527
873532
873595
873702
873753
873802
873860
873934
874082
874187
874243
874254
874700
874911
874926
874954
875108
875110
875143
875173
875335
875358
875363
875516
875521
875538
875550
875603
875612
875664
875720
875727
875847
875870
875910
876034
876135
876160
876306
876315
876388
876450
876456
876464
876509
876579
876723
876862
876871
876978
877226
877366
877434
877483
877805
878328
878370
878415
878437
878478
878511
878538
878574
878620
878727
878759
878826
878832
879093
879176
879204
879316
879326
879378
879598
879606
879764
879848
879867
880278
880300
880324
880391
880545
880808
880881
880938
880986
881116
881269
881337
881419
881564
881640
881702
881709
881753
881963
882044
882078
882119
882144
882171
882218
882305
882477
882591
882715
882772
882793
882943
883078
883286
883484
883665
884141
884476
884662
884693
884894
885077
885087
885169
885417
885617
885632
885679
885722
885876
885951
885974
886052
886483
886515
886522
886527
886544
886617
886741
886777
886821
886878
887027
887087
887112
887130
887321
887459
887529
887602
887612
887626
887639
887649
887671
887680
887878
887919
888004
888080
888081
888172
888210
888282
888328
888329
888354
888502
888551
888679
888878
889045
889082
889455
889475
889570
889807
889837
889914
889925
889938
890025
890036
890055
890078
890373
890525
890586
890704
890784
890797
890917
890996
891165
891236
891315
891371
891569
891643
891783
891879
891993
892033
892072
892175
892227
892239
892349
892502
892880
892945
893257
893280
893392
893604
893675
893683
893783
893876
893904
893944
893954
894070
894180
894208
894295
894537
894583
894624
894681
894741
894870
894883
894938
894997
895003
895209
895226
895249
895331
895376
895408
895522
895659
895805
895867
895885
896056
896354
896405
896420
896424
896450
896510
896534
896535
896674
896760
896821
896935
897244
897267
897317
897352
897534
897549
897615
897634
897637
897713
897768
897868
897954
898183
898200
898292
898330
898399
898570
898653
898870
898914
898966
899444
899497
899562
899580
899708
899782
899958
900293
900466
900469
900609
900737
900854
900929
901125
901133
901307
901331
901528
901671
901796
901811
901884
901961
902068
902161
902570
902584
902705
902713
903026
903167
903195
903472
903720
903821
903870
904159
904297
904366
904440
904624
904640
904747
904811
904959
904977
905064
905111
905218
905269
905370
905496
905501
905547
905644
905737
905858
905892
906027
906100
906139
906292
906331
906476
906491
906715
906747
906772
906910
907117
907173
907244
907362
907388
907472
907569
907576
907611
907720
907728
907872
907938
907960
907987
908177
908242
908396
908588
908633
908750
908961
909044
909089
909163
909217
909399
909437
909510
909565
909617
909823
909845
909931
910064
910218
910244
910444
910486
910518
910625
910849
910883
910890
911185
911394
911520
911522
911578
911593
911629
911642
911663
911950
911961
912366
912549
912565
912653
912709
912732
912845
913027
913065
913158
913291
913338
913813
914173
914226
914321
914335
914392
914566
914569
914579
914633
914682
914788
914892
915069
915227
915284
915350
915438
915615
915685
915762
915832
915888
915961
916060
916093
916259
916350
916673
916735
916771
916828
916936
917092
917278
917404
917550
917567
917707
917790
917792
917954
918084
918186
918193
918325
918409
918645
918668
918681
919044
919312
919370
919417
919532
919562
919750
919803
919897
919915
919985
920130
920234
920292
920566
920681
920694
920745
920751
920832
920963
921014
921227
921328
921417
921754
921942
921960
921994
922019
922039
922047
922077
922411
922555
922597
922766
922773
922968
923187
923294
923310
923322
923482
923528
923600
923829
923894
923996
924015
924153
924168
924273
924342
924405
924422
924520
924563
924606
924638
924895
924916
925024
925135
925198
925340
925389
925426
925551
925593
925641
925703
925825
925912
926148
926197
926242
926307
926376
926402
926420
926441
926566
926658
926741
926811
926867
926993
927235
927435
927452
927459
927865
928170
928197
928367
928639
928640
928755
928794
929003
929020
929070
929109
929115
929212
929258
929472
929558
929620
929627
929675
929694
929818
929855
929869
930107
930148
930266
930349
930387
930498
930627
930753
930937
931020
931036
931140
931356
931396
931412
931546
931619
931688
931788
932050
932166
932266
932326
932405
932477
932592
932609
932620
932649
932858
932875
933166
933360
933368
933454
933475
933494
933543
933549
933656
933793
933878
933911
933913
934208
934226
934273
934351
934357
934432
934471
934712
934751
934907
934974
934997
935012
935031
935143
935179
935211
935502
935523
935713
935841
935889
935908
935952
936191
936295
936379
936516
936652
936661
936672
936691
937048
937064
937285
937350
937369
937411
937415
937464
937578
937601
937785
937928
937935
938006
938011
938089
938179
938235
938466
938516
938682
938719
938779
938811
939023
939047
939110
939190
939365
939396
939586
939722
939868
939884
940068
940101
940282
940348
940414
940421
940494
940797
941021
941097
941206
941333
941432
941556
941587
941764
941897
941991
942012
942018
942128
942181
942305
942327
942368
942468
942497
942577
942635
942898
942936
942937
942965
942968
942980
943077
943256
943290
943409
943457
943463
943473
943517
943538
943625
943888
943915
943935
943939
944042
944431
944469
944485
944490
944525
944598
944627
944637
944789
944828
944831
944860
944904
945183
945222
945233
945243
945282
945292
945404
945623
945707
945777
945897
946095
946126
946295
946358
946383
946474
946527
946541
946542
946559
946587
946632
946662
946872
946915
947105
947196
947433
947545
947697
947788
947886
947897
948067
948196
948355
948874
948888
948985
949010
949029
949043
949211
949451
949477
949557
949598
949634
949636
949651
949779
949946
949950
950215
950216
950269
950271
950601
950912
950928
950954
951134
951149
951582
951623
951764
951775
951784
951996
952015
952162
952606
952671
952768
952991
953033
953164
953241
953295
953380
953413
953517
953523
953633
953814
953871
954231
954591
954654
954704
954781
955054
955230
955372
955381
955870
956006
956042
956103
956175
956396
956448
956504
956523
956640
956712
956736
956931
957075
957078
957231
957332
957487
957601
957617
957821
957859
957916
958025
958072
958105
958129
958189
958280
958331
958482
958593
958681
958748
958827
958997
959099
959197
959352
959386
959503
959563
959577
959740
960028
960059
960207
960386
960427
960499
960506
960511
960519
960559
960725
960740
960904
961320
961448
961468
961504
961530
961549
961627
961658
961717
961771
961931
961989
962056
962353
962396
962659
962708
962786
962866
962948
963017
963048
963053
963246
963409
963600
963609
963641
963865
963988
964004
964204
964206
964297
964308
964374
964680
964878
964930
965007
965090
965331
965372
965397
965398
965502
965565
965620
965735
965756
965818
965905
966147
966241
966274
966369
966449
966484
966707
966856
966927
966975
967184
967233
967310
967330
967334
967374
967510
967514
967608
967711
968070
968121
968154
968249
968256
968265
968359
968535
968551
968784
968856
968913
969063
969095
969348
969390
969472
969540
969641
969750
969869
969902
970086
970282
970319
970394
970465
970541
970699
970862
970988
971117
971134
971135
971162
971336
971409
971594
971814
972005
972057
972212
972279
972399
972614
972657
972681
972783
972816
972864
972865
973050
973267
973338
973367
973684
973726
973740
973785
974064
974367
974394
974802
974815
975020
975092
975101
975339
975484
975544
975943
976064
976097
976152
976229
976395
976550
976590
976835
976909
977048
977483
977542
977608
977635
977668
977675
977726
977765
977994
978020
978179
978235
978259
978273
978314
978442
978446
978556
978913
978936
979129
979383
979734
979966
980098
980160
980256
980413
980656
980675
980720
980737
980766
980770
980828
980840
980868
981056
981151
981312
981332
981400
981732
981811
981856
981945
982141
982181
982253
982255
982312
982385
982457
982614
982615
982655
982707
982853
983132
983299
983402
983437
983478
983640
983658
983882
983909
983958
984012
984062
984217
984598
984600
984642
984739
984868
984874
984994
985016
985059
985158
985261
985612
985647
985707
985792
985982
985992
986167
986421
986467
986524
986659
986767
986957
987075
987240
987348
987393
987462
987472
987543
987549
987613
987747
987809
988073
988101
988124
988259
988298
988392
988506
988615
988649
988732
988987
989081
989117
989227
989278
989390
989432
989571
989704
989756
989847
990044
990264
990301
990309
990428
990431
990537
990729
990805
990829
990993
991064
991427
991605
991837
991962
992037
992141
992155
992199
992261
992325
992339
992340
992391
992408
992511
992722
992892
993087
993159
993379
993537
993623
993627
993709
993773
993967
994054
994632
994634
994657
994728
994741
994778
994807
994847
994918
995073
995082
995195
995298
995336
995380
995401
995422
995438
995458
995603
995774
995804
995847
995959
996102
996166
996371
996653
996682
996746
996807
996867
996875
996917
996971
996980
997021
997053
997101
997139
997177
997342
997386
997412
997419
997420
997431
997439
997579
998075
998265
998454
998459
998741
998910
999029
999031
999142
999147
999470
999634
999643
999665
999955
999993
