5
198
309
412
425
460
481
514
522
615
689
826
988
998
1014
1178
1271
1381
1658
1669
1964
2048
2218
2301
2389
2503
2610
2651
2700
2757
2769
2781
2843
2846
2869
3024
3065
3088
3166
3400
3414
3474
3483
3493
3506
3510
3643
3691
3694
3896
3986
4004
4049
4170
4226
4228
4311
4321
4369
4394
4698
4827
4972
5130
5180
5388
5484
5540
5678
5781
5916
5997
6173
6284
6425
6486
6846
6889
6957
7298
7351
7367
7400
7510
7534
7700
7750
7853
7927
7947
8085
8118
8162
8185
8236
8450
8472
8476
8493
8564
8819
8858
8871
9041
9042
9043
9133
9256
9330
9425
9552
9653
9693
9805
9890
9945
9997
10059
10077
10097
10101
10292
10334
10578
10585
10616
10968
10995
11088
11438
11557
11644
11747
11784
11793
11837
11987
12097
12166
12200
12369
12624
12636
12641
12686
12783
12850
12919
13026
13045
13167
13181
13368
13510
13853
13914
14291
14606
14618
14631
14644
14768
14800
14815
15186
15297
15352
15417
15440
15506
15674
15761
15792
15896
15899
15983
16137
16272
16277
16355
16407
16466
16735
16846
16859
17333
17365
17445
17505
17525
17658
17668
17921
17933
18076
18185
18236
18443
18503
18642
18665
18710
18790
18808
18941
19119
19127
19151
19585
19728
19834
20005
20148
20395
20462
20573
20730
21046
21061
21111
21570
21727
21775
21779
21816
21850
21926
21937
21941
21986
21990
22146
22165
22220
22261
22354
22374
22408
22443
22683
22698
22820
22883
22905
22937
22943
23278
23439
23555
23692
23772
23840
23846
23901
24024
24039
24319
24404
24423
24611
24891
24946
24964
25083
25165
25168
25208
25378
25460
25648
25799
25860
25888
25908
25945
25982
26006
26045
26268
26272
26321
26434
26559
26606
26610
26659
26729
26814
26829
26987
27021
27172
27305
27330
27369
27371
27887
28242
28354
28366
28432
28490
28540
28730
28806
28830
29005
29006
29040
29245
29285
29305
29492
29511
29535
29548
29618
29716
29736
29742
29752
29770
30101
30155
30201
30363
30373
30482
30555
30557
30751
30773
30818
30999
31107
31151
31338
31352
31716
31880
31898
31954
31956
32567
32677
32710
32721
32880
33104
33105
33159
33236
33290
33355
33422
33469
33600
33715
34060
34096
34191
34350
34618
34628
34702
34748
34823
34870
34963
35067
35121
35136
35159
35187
35378
35598
35766
35927
36057
36086
36108
36192
36244
36263
36418
36578
36582
37123
37125
37150
37197
37234
37274
37350
37374
37534
37543
37545
37569
38001
38094
38141
38191
38192
38242
38324
38444
38501
38763
38831
39135
39259
39261
39326
39344
39531
39572
39652
39820
39880
39955
39957
39971
40075
40097
40299
40345
40783
40784
40805
40869
40956
41528
41546
41660
41764
41783
41992
42062
42402
42438
42516
42606
42654
42840
42911
42914
43012
43064
43075
43215
43263
43268
43557
43611
43777
43901
43915
43923
44102
44166
44177
44186
44277
44384
44457
44458
44503
44511
44546
44718
44743
45110
45202
45244
45513
45659
45786
45891
45962
46018
46099
46109
46125
46300
46440
46518
46581
46594
46747
46753
46818
46902
47018
47149
47218
47296
47411
47476
47524
47532
47549
47553
47642
47944
47972
48042
48222
48325
48359
48794
48924
49059
49082
49216
49406
49601
49881
49952
50408
50445
50762
50891
50984
50991
51088
51212
51230
51254
51278
51443
51444
51674
51740
51874
51893
51927
52004
52149
52176
52263
52340
52414
52446
52455
52501
52539
52591
52609
52696
52711
52830
53056
53118
53281
53370
53613
53716
54055
54282
54303
54400
54444
54536
54586
54664
54799
54956
55015
55120
55267
55310
55326
55392
55414
55469
55748
55788
56073
56299
56372
56373
56487
56524
56629
56637
56640
56667
56740
56744
56833
56881
56894
56951
56980
57114
57302
57358
57387
57528
57532
57643
57867
58058
58265
58399
58435
58714
58785
58851
58890
58897
58910
58976
59075
59131
59154
59367
59473
59490
59611
59677
59724
59839
59976
59997
60001
60008
60103
60147
60232
60279
60633
60799
60876
60877
60915
60952
61032
61093
61146
61375
61455
61588
61737
61791
61986
62029
62233
62609
62643
62905
62911
62994
63003
63084
63144
63152
63512
63780
63821
63999
64070
64269
64277
64453
64471
64730
64801
64946
65033
65307
65449
65454
65514
65749
66062
66144
66148
66158
66398
66476
66552
66576
66581
66691
66753
66859
66932
67035
67083
67165
67193
67345
67391
67721
67746
67846
67872
68004
68009
68159
68345
68466
68689
68697
68952
68975
69020
69034
69179
69353
69411
69468
69526
69768
69855
69930
69940
70005
70066
70298
70460
70534
70837
70918
70961
71066
71145
71180
71212
71220
71760
71901
72012
72036
72098
72131
72133
72164
72222
72272
72287
72387
72474
72636
72761
72890
72891
72899
73060
73131
73205
73276
73435
73436
73576
73668
73686
73762
73812
73848
73946
74076
74198
74315
74385
74465
74544
74582
74654
74663
74889
75032
75322
75342
75432
75599
75616
75630
75784
75892
75947
76378
76414
76621
76666
76837
76944
77034
77127
77348
77350
77391
77632
77680
77753
77779
78000
78005
78216
78389
78417
78464
78654
78676
78690
78813
78822
78840
79120
79235
79332
79349
79402
79406
79458
79539
79596
79621
79787
79925
80118
80143
80232
80330
80338
80680
80712
80732
80895
80965
81058
81297
81400
81658
81679
81722
81807
82097
82148
82189
82194
82282
82291
82354
82373
82549
82576
82588
82657
82714
82817
82954
83014
83045
83093
83233
83485
83508
83683
83844
83870
84098
84337
84378
84422
84489
84580
84714
84855
84917
85123
85246
85529
85551
85615
85720
85897
85919
85925
85943
86010
86073
86093
86163
86481
86649
86697
86782
86860
86905
87039
87288
87442
87471
87510
87625
87646
87746
87758
87943
87966
87968
88069
88093
88098
88120
88121
88184
88200
88257
88626
88659
88690
88709
88720
88777
88918
89169
89334
89387
89412
89521
89524
89575
89639
89812
89936
90104
90123
90259
90313
90815
90858
90870
91004
91015
91222
91480
91523
91549
91718
91800
92081
92257
92277
92414
92609
92661
92797
92822
92912
92990
93010
93199
93224
93243
93252
93267
93342
93469
93514
93789
93802
93822
93837
93890
93955
93964
93981
94110
94204
94378
94427
94431
94451
94458
94551
94574
94630
94666
94710
94758
94790
94944
95130
95153
95439
95548
95575
95591
95662
95753
96148
96153
96391
96404
96419
96554
96643
96713
96859
96932
96988
97325
97510
97524
97539
97645
97652
97823
97914
97946
98084
98158
98297
98419
98491
98510
98517
98627
98711
98810
98842
98898
98936
98952
98953
99226
99377
99609
99714
99819
99829
99835
99997
100301
100401
100500
100502
100573
100583
100632
101210
101317
101378
101550
101559
101566
101687
101796
101921
101974
102020
102036
102359
102553
102823
102974
103224
103319
103818
103883
104086
104316
104506
104536
104652
104755
104809
104825
104869
104873
104953
104961
104978
105042
105384
105495
105676
105929
106039
106052
106102
106160
106208
106372
106439
106560
106618
106788
106826
106850
106962
107044
107375
107641
107710
107991
108014
108048
108079
108317
108426
108532
108577
108612
108730
108793
108924
109054
109191
109320
109367
109432
109478
109502
109581
109591
109730
109752
109895
110027
110076
110294
110448
110478
110481
110600
110716
110780
110968
111055
111235
111316
111406
111647
111661
111709
111722
111746
111813
112068
112228
112322
112338
112447
112534
112573
112705
112708
112755
112868
113552
113691
113910
113970
114031
114046
114083
114168
114226
114272
114281
114472
114566
114765
114847
114962
115000
115025
115174
115201
115295
115510
115541
115655
115697
115820
115880
116009
116086
116152
116164
116414
116600
116620
116636
116764
116840
116904
116971
117020
117042
117087
117180
117375
117411
117577
117656
117684
117714
117740
117771
117962
118001
118112
118246
118347
118364
118462
118539
118699
118805
118897
118906
119033
119103
119139
119362
119406
119433
119518
119533
119701
119908
119922
119962
120407
120421
120439
120620
120870
120876
120919
120944
121027
121152
121181
121263
121396
121439
121462
121497
121561
121584
121597
121763
121896
121916
122134
122256
122335
122558
122746
122845
122864
122944
123043
123096
123164
123200
123218
123362
123438
123557
123573
123694
123695
123777
123860
124131
124290
124347
124349
124552
124923
124924
124967
125094
125149
125184
125477
125521
125572
125664
125766
125830
125971
125974
126043
126066
126119
126220
126283
126409
126451
126484
126572
126612
126663
126795
126900
127042
127419
127440
127498
127588
127626
127774
127939
128029
128177
128462
128472
128483
128653
128786
128807
128905
128908
128928
128936
128965
128980
129096
129227
129261
129345
129370
129375
129435
129493
129504
129522
129580
129921
129938
129973
130031
130127
130211
130241
130254
130303
130316
130398
130771
130806
130877
130919
131002
131126
131193
131284
131286
131404
131458
131493
131632
131693
131723
131724
131734
131881
132038
132066
132432
132516
132543
132563
132775
132926
133098
133256
133366
133525
133614
133792
133806
134006
134020
134107
134301
134427
134444
134526
134661
134745
134880
135178
135249
135265
135277
135283
135579
135584
135822
136031
136096
136140
136143
136162
136271
136351
136746
136760
136832
136868
136879
136895
136982
137001
137265
137295
137299
137406
137488
137511
137518
137610
137621
137666
137946
137982
138084
138123
138299
138438
138678
138762
138990
139008
139030
139094
139149
139228
139318
139330
139332
139573
139649
139860
139944
139976
140052
140180
140222
140232
140241
140268
140385
140430
140444
140554
140610
140612
140647
140854
140939
141033
141195
141296
141530
141599
141618
141965
141976
142304
142374
142490
142519
142634
142856
142950
143151
143380
143582
143637
144032
144083
144125
144202
144219
144250
144318
144343
144379
144424
144492
144619
144894
144910
144958
145009
145061
145160
145406
145536
145547
145744
145895
145998
146323
146355
146962
147183
147275
147324
147575
147638
147768
147793
147892
147908
148093
148149
148361
148516
148554
148612
148641
148738
148768
148811
148818
148942
149196
149238
149285
149353
149398
149405
149572
149624
149714
149737
149818
149958
149995
150008
150033
150052
150125
150277
150370
150420
150497
150604
150680
150697
150862
151039
151402
151462
151494
151649
151675
151744
151748
151752
151787
151960
152014
152040
152221
152226
152326
152336
152797
152878
152886
152933
152940
153074
153141
153162
153277
153479
153515
153528
153592
153623
153752
153854
153864
154093
154233
154276
154315
154449
154634
154799
154997
155070
155184
155185
155315
155332
155408
155410
155450
155591
155740
155882
155888
155929
156274
156289
156295
156362
156451
156506
156567
157005
157015
157063
157172
157205
157316
157335
157513
157597
157686
157702
157719
157952
158293
158349
158355
158356
158569
158607
158709
158718
158816
158960
159034
159181
159563
159626
159631
159668
159685
159748
159755
159785
160010
160017
160020
160202
160241
160530
160592
160720
160793
160888
160983
161268
161445
161510
161535
161660
161676
161810
162177
162188
162226
162304
162551
162618
162705
162831
163015
163072
163443
163583
163624
163756
163839
164024
164084
164100
164161
164337
164515
164749
164814
164830
164937
164978
165022
165243
165461
165522
165696
165800
165804
165834
165869
166135
166169
166235
166260
166269
166287
166298
166378
166417
166505
166558
166586
166853
167055
167138
167148
167230
167281
167339
167404
167454
167475
167495
167501
167700
167804
167904
167959
167982
168137
168157
168166
168182
168252
168329
168398
168416
168436
168909
168933
168995
169013
169179
169192
169460
169556
169561
169594
169739
169828
169911
170041
170172
170280
170332
170345
170461
170555
171273
171342
171377
172031
172213
172361
172517
172553
172701
172760
172859
172980
173151
173415
173603
173672
173866
173875
174023
174214
174344
174738
174838
175001
175006
175186
175227
175265
175455
175459
175471
175482
175539
175578
175859
175886
176051
176098
176129
176219
176342
176417
176480
176537
176561
176571
176689
176737
176950
177047
177216
177267
177327
177406
177420
177656
177739
177747
177757
178052
178307
178325
178332
178366
178437
178559
178594
178609
178694
178727
178813
178973
179456
179457
179468
179701
179735
179952
180031
180056
180163
180196
180225
180267
180305
180359
180375
180405
180471
180527
180641
180697
180748
180941
181203
181280
181327
181334
181439
181495
181565
181621
181738
181946
181975
182051
182189
182208
182376
182488
182500
183001
183006
183136
183259
183294
183340
183441
183552
183601
183632
183744
184084
184218
184260
184326
184393
184543
184591
184732
184849
184911
184921
184953
185085
185112
185316
185332
185523
185570
185789
185818
185970
186315
186494
186501
186526
186560
186591
186712
186780
187084
187123
187315
187406
187616
187672
187802
187818
187822
187909
187929
187934
188148
188158
188161
188204
188262
188298
188309
188527
188760
188849
189057
189309
189329
189503
189730
189751
189821
189854
190026
190083
190272
190323
190375
190384
190397
190703
190720
190769
190786
190799
190867
190893
190951
191021
191232
191408
191498
191530
191615
191628
191945
191962
191997
192076
192173
192247
192250
192307
192468
192485
192539
192853
192900
192985
193054
193153
193183
193315
193343
193374
193528
193531
193536
193559
193608
193642
193650
193758
193851
193921
194080
194247
194298
194310
194744
194854
194983
195075
195310
195326
195477
195538
195625
195793
195822
195954
196058
196107
196108
196295
196491
196641
196766
196833
196964
197010
197118
197144
197168
197414
197533
197558
197718
197798
197958
197960
198250
198614
198676
198729
198873
199027
199060
199073
199294
199504
199564
199713
199736
199745
199760
199891
199894
199901
200015
200115
200207
200317
200329
200341
200517
200647
200680
200790
200925
201062
201103
201111
201178
201261
201332
201605
201652
201742
201751
201766
201789
201835
201902
202118
202126
202213
202382
202397
202411
202455
202703
202768
202858
202910
203206
203368
203420
203440
203450
203503
203803
204027
204104
204185
204204
204216
204292
204426
204511
204523
204546
204579
204978
205075
205162
205163
205210
205228
205523
205550
205596
205670
205880
205923
206057
206588
206598
206657
206756
206799
206839
206931
207123
207204
207216
207227
207301
207409
207492
207582
207628
207965
208023
208235
208269
208404
208435
208634
208790
209057
209098
209160
209228
209313
209467
209598
209603
209714
209736
209872
209882
210155
210274
210392
210567
210616
210621
210883
210892
210919
210932
211147
211205
211328
211339
211608
211609
211640
211712
211772
211931
211963
211996
212055
212181
212284
212334
212442
212474
212598
212655
212664
212738
212965
213233
213243
213441
213470
213494
213572
213580
213671
213953
213969
214029
214066
214261
214323
214363
214511
214705
214746
214766
214782
214866
214989
215173
215179
215198
215224
215364
215660
215671
215879
215939
216010
216146
216301
216541
216775
216942
216980
217044
217048
217244
217305
217423
217497
217570
217576
217616
217627
217750
217792
217842
217861
217873
217953
217968
218088
218106
218128
218192
218324
218388
218406
218424
218463
218662
218710
218726
218812
218845
219231
219252
219598
219665
219699
219715
219909
220027
220048
220089
220258
220274
220460
220505
220595
220633
220648
220666
220677
220727
220876
220966
221005
221011
221351
221562
221702
221714
221741
221814
221907
221930
221975
222008
222307
222358
222445
222519
222715
222753
222763
222966
222971
223233
223307
223331
223546
223650
223671
223919
223931
223998
224097
224191
224231
224271
224400
224517
224533
224663
225134
225417
225530
225603
225846
225917
225933
226042
226062
226187
226240
226298
226366
226403
226466
226628
226908
226973
227182
227205
227284
227469
227515
227542
227818
227985
228120
228156
228309
228592
228671
228829
228967
229191
229490
229508
229720
229757
229793
229852
230075
230087
230113
230195
230244
230281
230332
230485
230566
230791
230919
231029
231072
231085
231111
231167
231267
231284
231299
231427
231551
231636
231802
231971
232004
232045
232085
232120
232149
232213
232221
232320
232603
232628
232670
232734
232764
232803
232828
233234
233312
233493
233723
233751
233793
233840
233880
233888
234001
234104
234176
234401
234409
234412
234528
234658
234824
234858
234959
235073
235099
235163
235203
235253
235272
235476
235507
235516
235678
235777
235791
236055
236089
236112
236167
236251
236428
236453
236565
236757
236803
236889
237176
237466
237601
237669
237928
238018
238134
238152
238421
238575
238681
238843
238847
238858
238905
238909
239002
239074
239187
239223
239472
239477
239539
239570
239585
239681
240119
240292
240349
240376
240438
240555
240665
240728
240860
241164
241182
241223
241346
241543
241851
241916
242128
242236
242475
242538
242617
242640
242703
242914
242936
242966
242972
243051
243084
243117
243434
243442
243488
243602
243634
243647
243696
243750
243848
243855
243897
243904
243905
243927
243929
244193
244213
244282
244346
244424
244485
244693
244707
244715
244779
244878
244890
245108
245320
245396
245442
245594
245633
245665
245876
246197
246272
246294
246532
246570
246653
246679
246681
246910
247040
247175
247561
247726
248018
248243
248342
248417
248512
248513
248672
248679
248848
248964
249050
249103
249132
249193
249225
249284
249492
249621
249632
249665
249779
249810
249827
249954
249970
250114
250376
250457
250465
250526
250552
250620
250685
250728
250787
250995
251092
251168
251272
251514
251997
252092
252113
252160
252258
252433
252441
252458
252489
252545
252563
252650
252670
252689
252741
252812
252913
252963
253189
253279
253435
253522
253621
253811
253839
253919
253924
253955
253990
254020
254264
254528
254702
254728
254756
254867
254915
254921
255171
255202
255218
255333
255449
255771
256080
256440
256501
256503
256571
256706
256824
256961
257083
257281
257525
257528
257645
257648
257736
258032
258093
258094
258149
258230
258543
258561
258617
258663
258800
258901
258983
259022
259041
259137
259270
259299
259439
259474
259520
259577
259657
259711
259764
259829
259919
259935
260159
260238
260362
260661
260682
260706
260746
260854
260901
261087
261141
261154
261196
261382
261412
261521
261805
261860
261965
262000
262040
262148
262185
262621
262762
262772
262821
262952
263006
263050
263165
263353
263409
263478
263612
263937
264136
264257
264328
264479
264631
264647
264923
264982
265021
265054
265415
265423
265580
265695
265763
265802
265874
265915
265959
266079
266095
266157
266194
266453
266462
267311
267504
267561
267578
267592
267682
267860
268052
268053
268079
268096
268197
268223
268254
268273
268365
268375
268483
268489
268613
268660
268690
268761
268773
268864
268867
268953
269058
269077
269182
269218
269354
269387
269449
269503
269601
269609
269633
269699
269789
269978
270193
270227
270270
270562
270574
270594
270678
270807
270965
271033
271050
271153
271190
271283
271321
271391
271492
271504
271548
271578
271599
271700
271775
271785
271811
271834
271867
271891
271961
272306
272431
272442
272716
272762
272847
272987
273068
273121
273144
273530
273685
273707
273749
273972
274257
274278
274289
274328
274390
274576
274645
274749
274839
274937
274964
274994
275106
275131
275287
275370
275378
275561
275794
275932
276088
276171
276180
276191
276241
276331
276497
276760
276991
277282
277790
277947
277948
277961
278295
278314
278440
278637
278708
279066
279084
279231
279298
279382
279458
279527
279535
279596
279632
279694
280014
280040
280054
280088
280103
280120
280254
280466
280657
280664
280715
280896
280953
280982
281247
281272
281496
281663
281778
281887
282003
282159
282776
282779
282813
282839
282842
282878
282921
283247
283509
283511
283523
283589
283859
283920
283966
283976
283988
284157
284167
284387
284508
284652
284792
284899
284935
284987
285205
285301
285491
285498
285648
286020
286090
286287
286306
286365
286415
286436
286566
286805
286806
286899
286996
287196
287454
287700
288006
288024
288613
288720
288724
288938
289145
289157
289178
289250
289333
289384
289671
289815
289981
290186
290258
290277
290373
290452
290483
291059
291119
291158
291211
291224
291252
291298
291370
291372
291387
291446
291575
291769
291841
291928
292066
292145
292176
292214
292316
292571
292642
292723
292742
292849
292921
292978
293095
293307
293387
293573
293815
293817
293880
293942
293995
294045
294169
294188
294373
294452
294461
294815
295315
295365
295444
295477
295636
295746
295793
295849
295866
295964
295974
296025
296076
296362
296451
296597
296778
296790
296913
296936
297246
297509
297576
297789
297821
297830
297913
298483
298484
298599
298654
298679
298695
299029
299040
299067
299207
299244
299328
299408
299477
299566
299647
299658
299852
299935
300168
300186
300296
300427
300571
300654
300824
300947
300961
300978
301076
301111
301189
301402
301577
301647
301759
301838
301863
302053
302183
302224
302332
302487
302513
302515
302595
302667
302776
302854
302911
303077
303124
303147
303182
303204
303288
303364
303440
303458
303514
303588
303641
304015
304067
304093
304249
304425
304490
304521
304588
304709
304742
304783
305071
305086
305401
305463
305497
305675
305772
305805
305860
306106
306115
306536
306538
306657
306760
307150
307166
307342
307373
307495
307546
307570
307720
307816
307827
307889
307995
308009
308264
308351
308393
308406
308551
308785
308814
308922
309401
309451
309707
309714
309875
310127
310188
310340
310351
310470
310519
310550
310771
310975
311012
311047
311078
311641
311734
311741
311968
312048
312053
312055
312070
312118
312120
312138
312153
312988
312992
313044
313086
313162
313171
313326
313444
313494
313703
313883
313987
314174
314219
314220
314243
314258
314276
314469
314714
315254
315359
315388
315675
315753
315812
315837
315902
315987
316020
316214
316310
316322
316352
316455
316502
316534
316724
316984
317280
317307
317364
317390
317466
317526
317750
317780
317783
317911
318054
318124
318311
318452
318494
318664
318741
318745
318776
318901
318921
319069
319173
319217
319284
319738
319820
319832
319863
320057
320370
320391
320495
320608
320906
321462
321576
321687
321777
322034
322071
322152
322243
322402
322551
322802
322866
322949
322971
322993
323018
323156
323181
323219
323250
323287
323387
323734
323739
324055
324084
324127
324409
324418
324424
324492
324552
324807
324908
325047
325161
325210
325438
325504
325583
325771
325834
325880
325936
325942
325974
326002
326302
326306
326333
326593
326630
326701
326795
326856
326876
327049
327151
327196
327336
327393
327395
327439
327500
327521
327544
327569
327578
327808
328011
328031
328065
328314
328381
328450
328457
328772
328954
329161
329698
329835
329918
330064
330144
330201
330388
330430
330447
330452
330484
330494
330846
331049
331099
331249
331302
331360
331379
331409
331470
331683
331782
331885
331991
332043
332229
332347
332415
332418
332580
332583
332616
332650
332652
332750
332793
332933
332989
333108
333113
333139
333212
333238
333273
333496
333514
333799
333859
333952
334004
334036
334041
334066
334068
334191
334195
334243
334300
334380
334475
334510
334660
334772
334916
334956
334960
335041
335140
335330
335518
335525
335591
335694
335744
335763
335845
335870
336071
336226
336322
336329
336455
336462
336652
336718
336803
336977
337044
337087
337381
337413
337429
337635
337721
337855
338007
338174
338272
338274
338353
338453
338483
338514
338944
338977
339048
339136
339214
339293
339441
339485
339499
339517
339605
339792
339837
339872
339912
340051
340115
340263
340277
340362
340388
340465
340504
340521
340529
340763
341056
341103
341427
341433
341460
341475
341644
341668
341827
341839
341873
341931
342108
342135
342277
342285
342576
342583
342824
342869
342886
342968
342973
342979
343028
343143
343173
343279
343328
343454
343548
343574
343655
343700
343766
343820
343893
344025
344048
344160
344463
344757
344773
344893
344909
345009
345133
345168
345552
345555
345610
345747
345895
345900
345938
346094
346328
346416
346475
346511
346581
346684
347155
347515
347660
347701
348037
348076
348292
348448
348459
348525
348728
348797
348815
348827
348893
349012
349099
349100
349201
349253
349395
349454
349660
349913
349930
350043
350109
350124
350142
350229
350244
350245
350406
350549
350571
350595
350648
350712
350965
351355
351591
351677
351745
351771
351858
351865
351875
351979
352021
352102
352145
352384
352460
352585
352616
352619
352675
352812
352814
352938
352946
353192
353202
353223
353517
353685
353928
353980
354053
354083
354084
354159
354200
354272
354404
354417
354510
354653
354890
354921
354964
354965
354997
355435
355590
355752
355861
355865
355874
355960
356001
356354
356361
356364
356466
356708
356838
356944
357279
357402
357471
357522
357741
357761
358004
358194
358311
358371
358378
358494
358584
358620
358673
358813
359030
359059
359215
359435
359558
359638
359791
360117
360125
360159
360275
360465
360575
361197
361246
361263
361296
361310
361577
361653
361773
361803
361905
362093
362137
362167
362329
362441
362537
362580
362597
362632
362825
362874
362932
363019
363039
363383
363539
363679
363722
363941
364010
364014
364015
364039
364116
364263
364293
364474
364677
364801
364897
365114
365194
365443
365549
365577
365616
365622
365630
365632
365710
366285
366299
366528
366547
366619
366656
366680
367077
367152
367173
367247
367451
367455
367643
367666
367701
367837
367951
367956
368156
368204
368233
368337
368374
368402
368477
368561
368683
368835
368944
369317
369405
369875
369946
370018
370028
370097
370385
370417
370550
370848
371160
371196
371224
371263
371311
371318
371449
371643
371652
371851
372265
372419
372507
372767
372887
373181
373310
373431
373467
373522
373608
373636
373756
373782
373788
373819
373852
374097
374237
374306
374770
374802
374864
375174
375177
375410
375419
375519
375670
375788
375840
375843
375943
376075
376263
376286
376314
376363
376465
376511
376533
376603
376804
376833
377033
377044
377047
377089
377091
377139
377190
377297
377326
377457
377614
377723
377734
377738
377781
377808
378140
378156
378207
378239
378264
378614
378637
378704
378812
379045
379190
379439
379443
379573
379585
379591
379617
379675
379768
379927
380039
380092
380316
380413
380471
380523
380574
380711
380727
380803
380814
380826
381100
381166
381214
381871
381906
382001
382038
382196
382213
382351
382394
382521
382724
382741
382827
382879
383041
383302
383323
383327
383387
383606
383809
383889
383986
383991
384002
384011
384163
384217
384259
384342
384455
384547
384622
384666
384722
384822
384828
384886
385103
385245
385260
385369
385534
385573
385662
385717
385777
385822
385900
385905
386053
386073
386186
386288
386340
386386
386413
386502
386526
386630
386701
386751
386799
386862
387223
387273
387292
387395
387756
388166
388313
388465
388503
388505
388559
388571
388618
388757
388792
389287
389362
389430
389447
389517
389828
389935
390032
390425
390566
390866
391026
391051
391056
391178
391509
391589
391636
391697
391717
391827
392357
392509
392553
392853
392917
393301
393303
393372
393446
393484
393552
393698
393740
393842
393947
393983
393990
394013
394166
394251
394254
394263
394469
394737
395121
395159
395448
395543
395565
395660
395815
396113
396189
396303
396318
396348
396403
396487
396864
397100
397180
397375
397394
397413
397424
397475
397509
397526
397552
397561
397584
397615
397661
397739
397873
397915
398084
398092
398294
398334
398408
398410
398478
398576
398632
398674
398742
399100
399191
399263
399412
399433
399488
399530
399779
399804
399906
400005
400184
400255
400338
400475
400751
400774
400910
400921
401171
401224
401236
401338
401471
401483
401605
401718
401911
401923
402016
402246
402249
402399
402451
402489
402804
402998
403059
403097
403161
403445
403602
403636
403658
403664
403909
404006
404023
404066
404250
404280
404482
404593
404601
404858
405064
405156
405327
405366
405388
405395
405447
405480
405656
405725
405790
405911
406013
406070
406076
406146
406163
406198
406227
406401
406405
406554
406861
407128
407150
407164
407878
407970
408004
408121
408264
408434
408512
408618
409030
409150
409153
409367
409397
409618
409651
409803
409826
409969
410473
410606
410624
410678
410684
410706
410845
410848
410945
411031
411207
411234
411329
411558
411605
411706
411791
411805
411939
411966
411988
412073
412083
412127
412184
412451
412479
412553
412814
412998
413023
413126
413433
413448
413452
413531
413604
413663
413761
413844
413896
414050
414266
414513
414587
414650
414828
414857
414905
414909
415179
415188
415407
415440
415456
415545
415595
415631
415709
415789
415795
416047
416082
416249
416380
416404
416573
416606
416640
416673
416756
416893
417111
417163
417211
417373
417438
417505
417528
417691
417745
417792
417847
418004
418009
418068
418258
418406
418438
418581
418612
419011
419231
419233
419322
419481
419498
419613
419639
419685
419725
419782
419788
419931
419954
419968
419980
420037
420133
420148
420562
420636
420687
420731
420946
421027
421281
422049
422105
422161
422268
422484
422570
422576
422962
423036
423053
423357
423518
423723
423746
423754
423952
423988
424001
424142
424235
424285
424320
424330
424340
424412
424480
424618
424777
424893
424926
424941
425004
425082
425207
425337
425390
425449
425672
425752
425771
425926
426013
426042
426064
426264
426374
426499
426561
426636
426736
426767
426830
426873
426898
427201
427314
427511
428303
428544
428565
428631
428668
429012
429109
429157
429204
429351
429415
429433
429634
429698
429699
429792
429953
430003
430124
430212
430375
430462
430503
430585
430593
430634
430670
430752
431228
431295
431372
431377
431395
431476
431687
431728
432140
432367
432408
432526
432670
432835
432877
432919
432995
433027
433055
433071
433395
433520
433641
433754
433870
433936
433960
434165
434350
434366
434408
434649
434758
434807
435190
435231
435340
435357
435598
435614
435616
435729
435801
435845
435876
436233
436305
436359
436601
436739
436768
437003
437087
437340
437412
437639
437649
437672
437925
437977
438071
438215
438216
438340
438393
438405
438464
438562
438618
438977
439039
439065
439468
439480
439623
439823
439937
440065
440172
440182
440542
440589
440696
440874
440965
441041
441132
441283
441399
441627
441766
441806
441834
442043
442074
442115
442164
442330
442453
442486
442494
442495
442589
442728
442810
442820
442901
442927
442953
442995
443982
444003
444030
444036
444110
444185
444257
444291
444384
444434
444443
444521
444524
444623
444628
444687
444776
445291
445352
445423
445593
445720
445841
446064
446112
446116
446196
446342
446373
446413
446426
446474
446568
446577
446617
446624
446692
446827
446844
447015
447059
447151
447381
447690
447713
447817
447898
448010
448138
448186
448218
448411
448490
448585
448677
448738
448773
449007
449264
449677
449681
449709
449740
449747
449941
449976
449998
450013
450060
450150
450390
450467
450516
450635
450686
450691
450749
450791
450849
451097
451121
451189
451242
451352
451361
451369
451391
451455
451610
451641
451722
452066
452148
452497
452640
452768
453000
453061
453071
453129
453150
453270
453313
453358
453425
453430
453698
453708
453786
453835
453864
453881
454160
454315
454389
454468
454481
454482
454499
454538
454831
454884
455076
455101
455141
455413
455420
455475
455599
455738
456020
456179
456232
456236
456676
456744
456871
456923
456969
457152
457159
457169
457395
457665
457917
458073
458283
458302
458614
458679
458789
458798
458986
459068
459082
459103
459145
459263
459318
459348
459404
459423
459805
459808
459859
459911
460043
460107
460252
460445
460516
460632
460730
460799
461008
461032
461100
461431
461461
461503
461663
461742
461775
461784
461788
461806
461816
461997
462003
462049
462178
462207
462225
462240
462345
462388
462587
462592
462618
462658
462665
462712
462839
462846
463052
463203
463219
463582
463634
463640
463750
463762
463802
463927
463943
463973
464059
464089
464152
464195
464241
464258
464269
464362
464465
464497
464512
464695
464696
464739
464774
464778
464843
464965
465036
465489
465509
465646
465672
465802
465841
465885
465982
466105
466136
466138
466259
466446
466587
466693
466950
467006
467029
467144
467296
467338
467399
467402
467543
467670
467754
467757
467775
467854
467862
467957
467981
468062
468078
468085
468107
468298
468322
468498
468829
469085
469143
469198
469314
469378
469420
469481
469619
469956
470144
470249
470355
470385
470399
470437
470757
470768
470800
471039
471044
471458
471538
471548
471587
471694
471851
471920
472346
472482
472910
472936
473098
473142
473183
473212
473432
473473
473510
473576
473599
473615
473682
473688
473760
473926
473931
473968
473985
474019
474121
474241
474250
474266
474500
474607
474695
474838
474884
474936
474986
475058
475115
475200
475294
475532
475715
475827
475864
475925
476003
476050
476100
476159
476366
476582
476719
476847
477067
477169
477254
477300
477557
478122
478260
478407
478482
478669
479030
479051
479068
479283
479329
479436
479512
479589
479591
479908
479926
479994
480091
480113
480146
480223
480335
480438
480540
480617
480705
480794
480980
481004
481126
481203
481414
481440
481459
481637
481701
481787
482241
482532
482590
482660
482670
482819
482949
483270
483392
483427
483724
483806
483879
483895
484094
484237
484252
484326
484735
484736
484959
484967
485131
485198
485470
485504
485597
485646
485793
486001
486004
486084
486159
486310
486385
486506
486581
486583
486743
486836
486944
487022
487095
487259
487307
487341
487411
487639
487655
487676
487874
487876
488509
488665
488693
488989
489117
489141
489158
489318
489326
489397
489435
489556
489709
489735
489780
489920
489981
490064
490343
490379
490417
490425
490454
490533
490539
490625
490932
490962
491035
491262
491316
491428
491605
491817
491830
491923
491963
492069
492119
492214
492254
492281
492338
492419
492478
492674
492677
492969
493111
493132
493317
493638
493657
493721
493751
493867
493991
494097
494186
494294
494441
494501
494561
494582
494751
494770
494962
494977
495046
495075
495166
495370
495408
495532
495558
495692
495700
495783
495924
496059
496122
496378
496429
496507
496513
496617
496652
496741
496847
496959
496972
497014
497204
497258
497379
497536
497587
497664
497774
498166
498210
498468
498484
498504
498520
498523
498551
498757
498764
499043
499132
499170
499333
499460
499502
499519
499540
499541
499603
499658
499670
499727
499747
499912
499922
499930
499995
500230
500288
500342
500433
500440
500471
500484
500613
500784
500830
501161
501472
501625
501824
501852
501892
502316
502667
502773
502960
503165
503203
503307
503579
503606
503683
503760
503798
503815
503914
503936
503999
504004
504010
504158
504214
504290
504421
504579
504727
504752
504764
504880
504961
505000
505180
505454
505457
505616
505721
505760
505792
506163
506486
506695
506894
507046
507079
507088
507127
507193
507202
507286
507444
507459
507527
507599
507721
507735
507760
507854
507908
507946
508216
508344
508378
508439
508485
508669
508744
508871
508956
509111
509158
509293
509379
509419
509524
509593
509630
509694
509709
509877
510128
510136
510137
510154
510268
510514
510615
510727
510750
511047
511300
511521
511588
511601
511753
511911
512207
512364
512393
512520
512535
512556
512646
512865
512978
512982
513074
513117
513163
513247
513455
513741
513863
513899
514193
514319
514719
515007
515081
515101
515149
515212
515325
515430
515513
515560
515580
515601
515680
515711
515751
515777
516048
516109
516111
516311
516381
516416
516510
516591
516877
516977
517119
517242
517329
517514
517627
517704
517783
517899
517969
518022
518167
518368
518389
518611
518628
518630
518656
518713
518937
518974
519084
519179
519440
519474
519583
519762
519897
519941
519946
520101
520171
520206
520335
520544
520553
520815
520866
520895
521070
521122
521162
521233
521250
521288
521334
521374
522173
522299
522478
522541
522635
522652
522917
522995
523229
523254
523332
523405
523409
523498
523534
523697
523701
524135
524438
524471
524474
524519
525001
525002
525050
525131
525147
525154
525239
525287
525513
525589
525593
525668
525679
525795
526256
526393
526439
526498
526612
526647
526747
526768
526775
526927
527022
527079
527123
527171
527182
527254
527285
527679
527778
527814
528052
528061
528381
528400
528452
528495
528515
528583
528634
528713
528719
528721
528938
529020
529045
529168
529196
529231
529351
529582
529584
529740
529766
529935
529986
530075
530103
530134
530272
530295
530304
530409
530486
530584
530653
530665
530826
530835
530848
530856
530904
530939
530979
530983
531079
531327
531416
531491
531492
531532
531722
531754
531870
531886
532113
532230
532340
532423
532570
532685
532879
533262
533507
533606
533662
533822
533924
534095
534167
534216
534299
534308
534345
534467
534677
534710
534986
535027
535427
535441
535516
535601
535641
535715
535720
535761
535769
535854
535929
535944
535984
536045
536242
536391
536485
536572
536628
536688
536701
536880
536896
537033
537141
537332
537544
537640
537819
538060
538191
538312
538553
538653
538704
538708
538725
538814
539127
539162
539251
539417
539705
539765
539843
539859
539864
539895
539924
539994
540010
540205
540260
540283
540326
540526
540535
540541
540894
540918
541174
541185
541277
541371
541431
541459
541489
541542
541605
541615
541696
541817
541836
541915
542093
542102
542262
542268
542369
542559
542970
543353
543535
543556
543557
543762
543940
544009
544073
544075
544110
544379
544718
544789
544815
544863
544977
545161
545178
545253
545289
545389
545509
545516
545534
545552
545747
545937
546039
546115
546190
546263
546437
546442
546495
546616
546743
547207
547228
547361
547458
547515
547712
547748
547820
547846
547867
547885
547991
548004
548014
548326
548546
548678
548820
548824
548918
549067
549089
549101
549451
549644
549654
549762
549763
549765
549830
550375
550444
550531
550548
550559
550841
551019
551194
551205
551209
551212
551323
551435
551718
551812
551914
551938
552210
552246
552257
552356
552368
552495
552520
552687
552813
552874
552993
553072
553255
553326
553661
553664
553666
553707
553733
553775
553956
554083
554147
554272
554372
554384
554483
554546
554580
554694
554714
554886
554887
554943
554999
555038
555045
555088
555089
555236
555297
555426
555471
555618
555688
555690
555717
555810
555868
555877
556103
556195
556219
556331
556391
556418
556444
556455
556657
556865
556899
557037
557202
557222
557302
557351
557469
557546
557671
557690
557743
557861
558001
558103
558273
558437
558475
558743
558774
558802
558808
558948
558981
558993
559009
559050
559063
559088
559143
559423
559447
559571
559670
559721
559774
559906
560120
560165
560238
560462
560517
560553
560835
560998
561163
561317
561325
561410
561487
561501
561517
561650
561906
562025
562150
562511
562601
562708
562899
562952
563006
563028
563041
563235
563274
563424
563558
563587
563756
563951
564290
564355
564414
564442
564503
564660
564768
564820
564888
564895
564963
565027
565033
565222
565228
565472
565490
565558
565661
565785
565998
566187
566399
566490
566669
566672
566889
567164
567208
567317
567337
567342
567489
567524
567531
567726
567771
567794
567909
567911
567954
568214
568281
568287
568429
568539
568573
568786
568860
569031
569103
569117
569267
569500
569548
569596
569699
569705
570018
570228
570279
570431
570458
570473
570543
570955
571087
571159
571222
571696
571728
571740
571806
571825
571831
571856
572036
572048
572152
572214
572223
572229
572318
572369
572404
572546
572780
572791
572942
572991
573150
573529
573537
573652
573663
573686
573732
573820
574002
574136
574426
574481
574933
574948
575048
575070
575157
575176
575178
575184
575197
575260
575499
575836
575896
575984
576062
576131
576281
576325
576431
576612
576798
576824
576833
576916
576923
576934
576965
577095
577103
577113
577176
577213
577220
577306
577332
577380
577459
577580
577614
577969
577998
578012
578110
578116
578262
578265
578330
578363
578364
578600
578621
578629
578633
578726
578780
578892
578994
579021
579036
579132
579230
579308
579464
579476
579548
579778
579845
579965
579999
580018
580043
580256
580306
580445
580463
580484
580532
580630
580636
580928
580952
581127
581338
581349
581410
581490
581515
581516
581646
581695
581753
581755
581781
581783
582047
582092
582100
582119
582454
582509
582916
582972
583008
583117
583602
583710
583903
583987
584291
584492
584686
585082
585177
585199
585286
585312
585408
585501
585702
585818
585869
586073
586173
586252
586328
586590
586666
586723
586745
586960
586963
587077
587308
587440
587453
587493
587510
587530
587713
588014
588055
588059
588109
588337
588520
588532
588540
588756
588890
589285
589323
589466
589554
589699
589886
589963
590000
590085
590103
590180
590187
590288
590486
590525
590637
590991
591046
591073
591077
591215
591258
591441
591567
592068
592085
592232
592442
592507
592668
592750
592753
592806
592976
593050
593095
593150
593226
593314
593343
593404
593529
593538
593718
593968
594094
594108
594182
594299
594404
594418
594559
594663
594691
594767
594783
594791
594875
594912
595014
595036
595073
595104
595249
595303
595596
595629
595740
595773
596058
596061
596155
596222
596260
596282
596343
596427
596598
596675
596716
597072
597270
597349
597369
597506
597523
597758
597836
597840
598045
598104
598127
598130
598174
598274
598440
598533
598689
599014
599081
599280
599353
599433
599535
599560
599740
599777
599860
599996
600055
600242
600431
600477
600494
600603
600902
600960
600974
601241
601291
601333
601453
601463
601484
601503
601549
601599
601913
601969
602196
602270
602367
602405
602406
602439
602455
602550
602878
603052
603062
603074
603127
603130
603157
603163
603301
603390
603739
603814
603972
604021
604271
604335
604366
604414
604518
604537
604611
604701
604806
604928
604959
605215
605275
605305
605375
605403
605408
605420
605469
605809
605901
605906
605988
606017
606032
606076
606156
606236
606287
606307
606479
606520
606769
606859
607076
607150
607159
607218
607389
607526
607547
607559
607576
607633
607634
607706
607805
607850
607891
608209
608510
608559
608666
608786
608929
608950
609021
609150
609163
609179
609312
609449
609463
609633
609848
610171
610186
610277
610339
610349
610430
610573
610584
610596
610697
610895
611191
611198
611360
611368
611374
611432
611478
611544
611642
611732
611751
611967
612010
612217
612267
612279
612296
612333
612379
612391
612423
612661
612880
613087
613107
613161
613345
613460
613571
613637
613808
613988
614024
614265
614319
614355
614766
614858
615102
615363
615450
615712
615914
616149
616227
616264
616403
616411
616480
616525
616542
616869
616887
617105
617213
617257
617270
617363
617403
617415
617508
617516
617743
617979
618005
618014
618106
618278
618288
618405
618854
618882
618883
618940
619027
619113
619126
619180
619216
619223
619345
619490
619761
619793
619812
619999
620164
620219
620532
620704
620850
621064
621071
621277
621296
621311
621572
621668
621760
621826
621863
621895
621917
621918
621925
622114
622226
622340
622356
622539
622685
622798
622920
622966
622967
623008
623053
623227
623244
623319
623561
623645
623682
623692
623805
623854
623890
623980
624010
624058
624128
624137
624144
624173
624180
624228
624569
624736
624789
624797
624867
624878
624888
625053
625198
625314
625332
625340
625364
625431
625483
625647
625673
625734
625789
626041
626238
626248
626269
626328
626333
626356
626495
626630
626693
626713
626772
626796
627040
627139
627255
627523
627751
627891
627939
627954
628060
628114
628232
628319
628660
628704
629006
629302
629306
629357
629394
629635
629649
629740
629808
629947
630153
630215
630259
630488
630515
630543
630572
630595
630733
630816
630927
631050
631247
631377
631380
631479
631612
631642
631687
631833
632160
632185
632381
632386
632508
632515
632642
632665
632773
632805
632815
632917
632975
633034
633108
633110
633115
633135
633191
633243
633440
633476
633513
633747
633787
633806
633816
633925
634081
634095
634347
634353
634371
634637
634649
634696
635123
635130
635221
635243
635387
635713
635768
635803
635810
635841
636025
636070
636182
636210
636232
636244
636433
636481
636486
636522
636555
636564
636771
636848
636862
637123
637246
637727
637740
637767
637928
637961
638031
638063
638126
638133
638176
638228
638354
638361
638402
638528
638529
638593
638729
638756
638799
638868
639036
639188
639192
639272
639285
639330
639343
639400
639462
639492
639501
639589
639666
639669
639962
639990
640022
640523
640612
640641
640777
640834
640858
640908
641097
641099
641141
641205
641258
641423
641478
641720
641722
641936
641969
642003
642073
642103
642160
642200
642284
642554
642585
642617
642659
643045
643148
643335
643558
643871
644213
644348
644474
644535
644611
644625
644680
644731
644849
644866
644972
645043
645362
645470
645493
645508
645528
645549
645578
645597
645814
646087
646253
646272
646323
646388
646512
646678
646755
646795
646934
647049
647123
647181
647227
647308
647310
647678
647761
647813
647844
648020
648069
648513
648570
648780
648805
648945
649102
649146
649241
649344
649380
649543
649691
649764
649832
649981
650037
650172
650178
650187
650452
650707
650811
650868
651070
651239
651311
651369
651471
651771
652022
652049
652083
652295
652391
652450
652642
652741
652858
653070
653180
653221
653239
653740
653785
653831
653905
654101
654122
654214
654473
654475
654716
654902
654921
655003
655125
655163
655355
655381
655436
655585
655592
655698
655847
655930
656027
656264
656282
656316
656369
656397
656425
656578
656804
656855
656861
656873
657063
657099
657132
657134
657339
657459
657493
657587
657772
657779
657838
657966
658018
658222
658290
658345
658373
658386
658518
658695
658720
658726
658781
658810
658887
659322
659325
659503
659514
659558
659562
659594
659747
659751
659773
659794
660005
660048
660152
660161
660187
660337
660438
660455
660461
660547
660579
660587
660708
661005
661029
661064
661068
661087
661162
661209
661216
661238
661463
661465
661506
661509
661598
661634
661709
661798
661967
661996
662050
662112
662153
662168
662252
662275
662322
662526
662541
662698
662702
662752
662781
662845
662874
662954
663067
663180
663412
663584
663593
663822
664243
664269
664362
664397
664531
664533
664647
664650
664692
664767
664841
664870
664982
665240
665262
665324
665665
666169
666254
666564
666661
667212
667408
667454
667527
667598
667682
667801
667837
667861
668118
668237
668267
668449
668729
668783
668884
669105
669182
669244
669599
669626
669642
669644
669667
669703
669802
669811
670325
670345
670373
670392
670661
670703
670740
670827
671031
671085
671127
671379
671440
671863
671873
671896
671912
672159
672255
672289
672369
672387
672479
672517
672604
672632
672796
672937
672974
673033
673295
673487
673747
673939
673995
674046
674251
674306
674452
674793
674824
675045
675339
675376
675417
675699
675875
675884
676162
676204
676224
676274
676298
676395
676465
676804
676816
676918
676967
677086
677092
677174
677424
677439
677448
677546
677741
677761
677938
678337
678528
678598
678599
678620
678628
678692
678708
678898
678911
678957
678967
678997
679005
679076
679091
679131
679201
679202
679217
679231
679336
679353
679379
679410
679509
679629
679648
679666
679864
679986
680023
680154
680162
680340
680384
680406
680438
680458
680533
680551
680605
680652
680720
680885
680960
681076
681587
681616
681663
681764
681827
681886
681971
682066
682199
682226
682255
682486
682540
682947
683164
683181
683249
683331
683600
683715
683719
683861
683897
683955
683984
683989
683998
684005
684081
684129
684155
684244
684266
684402
684818
684860
684900
684988
685023
685047
685138
685229
685262
685270
685388
685425
685429
685487
685511
685544
685749
685780
685781
685852
686159
686436
686446
686484
686508
686528
686551
686617
686652
686743
686833
686924
687122
687191
687462
687478
687502
687692
687723
687881
688002
688175
688482
688567
688819
688825
688867
688926
688948
688951
688963
689237
689425
689426
689611
689660
689736
689822
689830
689871
689939
689994
690020
690073
690358
690561
690694
690745
690915
690960
691020
691040
691162
691401
691426
691466
691635
691659
691696
691762
691770
691799
691835
691887
691920
692147
692479
692526
692636
692918
692997
693025
693170
693184
693197
693280
693523
693634
693643
693677
693805
693886
693913
693939
694066
694211
694264
694273
694528
694607
694614
694628
694660
694667
694744
694826
694851
694860
694970
695025
695148
695154
695175
695253
695254
695531
695559
695737
695795
695982
695984
696271
696291
696346
696449
696455
696561
696605
697012
697167
697353
697401
697548
697839
697856
697926
697995
698133
698400
698458
698465
698636
698680
698810
698827
698840
698868
698960
699109
699383
699396
699508
699691
699824
699846
699883
699901
700046
700157
700199
700432
700527
700533
700610
700652
700705
700746
701208
701428
701458
701480
701592
701661
701764
701866
702024
702039
702216
702272
702310
703153
703332
703592
703606
703627
703631
703831
704135
704204
704505
704564
704678
704899
704998
705205
705293
705510
705628
705707
705790
705801
705996
706130
706341
706404
706448
706493
706667
706725
706742
706794
706887
707074
707283
707481
707495
707678
707695
707941
707949
707954
707975
708010
708052
708203
708229
708253
708333
708526
708674
708703
708748
708768
709003
709019
709047
709124
709134
709195
709212
709267
709425
709461
709484
709487
709545
709582
709730
709759
709768
710135
710375
710540
710549
710568
710642
711021
711129
711255
711266
711272
711292
711314
711324
711622
711781
711952
712040
712241
712418
712549
712554
712612
712740
713062
713126
713130
713155
713226
713272
713302
713391
713445
713669
713823
713852
713888
713935
713961
714129
714279
714326
714389
714469
714491
714631
714880
714985
715065
715151
715364
715369
715459
715632
715639
715989
715997
716056
716145
716163
716274
716288
716593
716626
716641
716648
716654
716678
716705
716806
716949
717154
717215
717250
717430
717510
717870
717894
717933
717948
718053
718146
718161
718169
718177
718206
718262
718285
718312
718332
718421
718583
718610
718678
718889
718964
719041
719095
719165
719312
719413
719484
719523
719619
719717
719757
719829
719860
719888
720070
720093
720134
720184
720230
720614
720747
721187
721336
721348
721415
721432
721445
721605
721664
721885
722051
722085
722140
722410
722458
722517
722863
722889
723006
723072
723132
723146
723278
723303
723366
723461
723522
723612
723651
723750
723818
723889
723919
724028
724049
724100
724767
724783
725262
725322
725393
725412
725493
725530
725841
725903
725995
726008
726120
726471
726693
727013
727081
727261
727402
727411
727493
727528
727547
727618
727642
727691
727961
728079
728199
728228
728264
728267
728397
728736
728806
728823
728892
728893
728968
729085
729259
729330
729696
729977
730032
730256
730310
730312
730330
730392
730446
730453
730480
730860
730912
731015
731084
731098
731257
731288
731389
731517
731539
731692
731780
731796
731882
732263
732345
732526
732553
732716
732721
732774
732804
732818
732861
733012
733030
733173
733253
733471
733620
733718
733883
733961
733980
734002
734053
734202
734297
734349
734386
734465
734470
734612
734725
734830
735083
735342
735385
735386
735469
735570
735581
735829
735871
736055
736347
736359
736437
736704
736745
736798
736844
736883
736961
736998
737085
737123
737350
737499
737581
737590
737643
737752
737782
737819
737946
738131
738162
738341
738404
738486
738524
738555
738629
738658
738829
738873
738994
739063
739119
739181
739225
739300
739315
740121
740422
740541
740550
740603
740743
740797
740896
741102
741146
741189
741193
741475
741521
741546
741653
741794
742140
742179
742372
742387
742391
742481
742485
742527
742568
742598
742749
742881
743003
743090
743118
743189
743211
743230
743239
743415
743569
743603
743704
743789
743800
743822
744086
744113
744281
744303
744402
744455
744482
744668
744847
744858
744910
745217
745318
745441
745537
745551
745679
745793
745870
746036
746076
746082
746167
746249
746262
746304
746567
746633
746644
746732
746873
746923
746982
747106
747120
747476
747514
747635
747684
747930
748036
748059
748260
748275
748374
748570
748594
748629
748687
749056
749059
749163
749210
749463
749578
749612
749769
749773
749860
749956
750006
750126
750258
750284
750480
750640
750999
751279
751325
751451
751473
751588
751687
751870
751983
752148
752285
752484
752581
752737
752775
752786
752837
752850
753032
753096
753099
753181
753280
753287
753329
753371
753477
753480
753535
753662
753888
754298
754436
754443
754459
754554
754686
754737
754773
754812
754856
754878
754938
755128
755189
755667
755718
755743
755820
756005
756030
756236
756673
756694
756745
756835
756852
756870
757073
757179
757230
757235
757266
757325
757829
758047
758355
758612
758740
758809
758868
758897
758930
759018
759101
759103
759181
759235
759393
759506
759514
759516
759587
759638
759898
759971
760005
760346
760679
760712
760773
760976
761004
761082
761128
761317
761325
761585
761662
761879
761920
761961
762128
762207
762405
762417
762430
762465
762609
762629
762832
763089
763279
763286
763559
763644
763779
763961
764062
764135
764144
764159
764176
764325
764387
764462
764483
764729
764958
765148
765174
765324
765379
765433
765484
765506
765636
765726
765785
765823
766046
766136
766227
766336
766404
766575
766686
766703
766708
766759
766878
766954
766989
767152
767157
767247
767274
767298
767374
767484
767545
767552
767557
767633
767658
767661
767763
767865
767868
767944
767992
768127
768193
768226
768314
768354
768514
768562
768630
768760
769051
769057
769430
769660
769858
769920
770019
770213
770216
770241
770287
770411
770447
770555
770594
770776
770977
771350
771431
771574
771696
771755
771832
771995
772023
772045
772125
772202
772402
772415
772513
772641
772846
772879
773162
773279
773447
773761
773939
774256
774316
774457
774509
774526
774537
774609
774683
774887
774962
774966
774986
775182
775185
775201
775287
775448
775464
775752
775829
775921
776106
776350
776357
776397
776462
776475
776537
776545
776578
776579
776597
776611
776643
776678
776840
776857
776894
777034
777099
777259
777355
777369
777378
777503
777585
777604
777697
777792
777816
777989
778162
778534
778544
778587
778674
778723
778805
778835
778857
779083
779313
779637
779663
779817
779926
780151
780199
780281
780297
780382
780397
780541
780771
780849
781105
781248
781276
781435
781823
781826
781897
781959
782052
782063
782091
782155
782167
782451
782600
782772
783238
783398
783447
783510
783632
783663
783835
783931
783958
784197
784347
784522
784573
784772
784818
784874
785068
785173
785500
785550
785636
785665
785922
785961
786251
786293
786390
786512
786571
786618
786703
786816
786832
787086
787129
787445
787537
787964
787977
788010
788105
788251
788253
788345
788355
788373
788411
788435
788442
788616
788620
788656
788918
788991
789120
789132
789184
789247
789409
789415
789591
789604
789619
789699
789939
790197
790221
790321
790469
790633
790719
790901
790976
791075
791187
791273
791439
791475
791635
791650
791758
791791
791826
791883
791886
791950
792032
792100
792344
792464
792610
792713
792841
792990
792991
793043
793088
793135
793175
793441
793498
793659
793690
794131
794365
794646
794680
794920
794968
794987
795143
795171
795185
795247
795339
795386
795535
795696
795831
795894
796112
796240
796362
796862
796931
796959
797069
797252
797463
797763
797791
797899
798234
798265
798301
798344
798375
798488
798612
798804
798852
798857
798922
799079
799192
799205
799369
799629
799759
799879
799896
799976
800152
800173
800193
800361
800397
800423
800507
800658
800769
800808
800994
801059
801133
801216
801385
801420
801536
801594
801774
802107
802125
802258
802330
802514
802580
802633
802918
803018
803098
803107
803150
803328
803548
803599
803603
803837
803970
803972
804017
804168
804214
804344
804426
804461
804469
804693
804696
804863
804894
805332
805563
805617
805741
805754
805761
805772
805804
805818
805839
805889
805969
806132
806189
806371
806402
806410
806534
806537
806656
806872
806894
806973
807053
807122
807143
807148
807214
807563
807629
807682
807736
807743
807836
807875
807905
807923
808005
808298
808421
808461
808708
808981
809009
809084
809226
809433
809502
809590
809673
809824
810029
810275
810304
810314
810432
810533
810825
810964
811098
811174
811192
811244
811425
811560
811669
811678
811797
811802
811829
811856
811890
811960
811987
812074
812296
812500
812723
812789
812823
812829
813349
813620
813723
813782
813824
813917
814001
814059
814431
814592
814595
814720
814961
815038
815175
815188
815384
815454
815511
815521
815580
815737
815742
815886
815899
815940
816018
816072
816094
816255
816278
816347
816412
816521
816585
816647
817002
817044
817099
817171
817294
817310
817374
817451
817493
817540
817626
817648
817677
817719
817972
818026
818081
818341
818479
818594
818928
818957
819294
819414
819575
819672
819705
819761
819765
819817
819857
819920
819949
820121
820167
820285
820311
820438
820512
820559
820572
820825
820843
820851
820907
821208
821296
821346
821380
821489
821585
821671
821777
821837
821988
822005
822023
822042
822064
822133
822142
822341
822432
822467
822626
822655
822735
822779
822907
822962
822997
823001
823007
823097
823226
823253
823448
823527
823650
823659
823701
823748
824094
824121
824280
824352
824500
824613
824628
824673
825126
825321
825488
825695
825731
825840
825966
826019
826081
826099
826171
826174
826281
826356
826399
826444
826522
826567
826571
826767
826880
827024
827037
827112
827195
827277
827306
827335
827383
827522
827817
827822
827841
827926
828038
828098
828151
828164
828326
828357
828661
828768
828902
828959
829056
829136
829175
829309
829328
829423
829525
829573
830216
830388
830456
830477
830499
830657
830673
830714
830768
830984
831077
831276
831361
831374
831409
831421
831457
831527
831615
831664
831915
832150
832161
832166
832169
832314
832501
832578
832937
833092
833507
833630
833674
833752
833876
833946
834111
834287
834608
834648
834808
834927
834979
835040
835236
835267
835373
835397
835539
835552
835572
835723
835728
835917
835943
835994
836302
836464
836559
836687
836731
836785
836794
836836
836955
837032
837312
837592
837678
837784
837789
837908
837936
838074
838142
838354
838420
838450
838455
838476
838642
838652
838862
838970
839026
839191
839419
839420
839436
839503
839530
839548
839682
839796
839867
839916
840006
840117
840249
840323
840688
840846
840995
841335
841446
841469
841527
841643
841659
841718
841934
842060
842083
842085
842098
842103
842113
842158
842227
842309
842513
842663
842785
842851
842886
842927
842942
842995
843153
843391
843578
843809
843963
844058
844100
844117
844390
844455
844458
844465
844500
844576
844686
844853
844858
845346
845354
845362
845532
845562
845774
845913
845949
846052
846130
846256
846298
846327
846739
846770
846813
846879
846882
846975
847086
847370
847401
847407
847409
847416
847437
847866
847889
848036
848152
848243
848297
848305
848316
848368
848456
848584
848633
848651
848705
848979
849001
849018
849028
849039
849218
849255
849300
849399
849481
849499
849519
849606
849649
849709
849765
849843
849933
850127
850195
850322
850398
850399
850494
850636
850760
850859
850933
851064
851113
851312
851319
851368
851442
851454
851501
851791
851802
851854
851983
852085
852129
852169
852197
852206
852301
852316
852650
852777
853017
853048
853074
853153
853204
853246
853261
853267
853398
853576
853706
853796
854007
854167
854411
854515
854556
854611
854667
854807
854855
855123
855253
855340
855354
855395
855500
855660
855770
855806
855948
856022
856032
856058
856139
856183
856250
856276
856348
856463
856595
856668
856759
856814
856850
857115
857137
857146
857203
857429
857431
857471
857756
857875
858042
858407
858539
858610
858631
858732
858833
858851
858978
859081
859096
859163
859330
859466
859475
859595
859719
859823
859892
860050
860148
860194
860442
860639
860729
861450
861482
861508
861513
861580
861621
861656
861764
861816
861828
861838
862313
862316
862365
862581
862632
862661
862669
862793
862814
862860
862862
863199
863263
863272
863292
863295
863555
863558
863599
863769
863784
863786
863974
864148
864180
864225
864606
864619
864917
864994
865004
865045
865434
865509
865618
865655
865893
866068
866156
866396
866742
866758
867111
867179
867221
867280
867286
867318
867868
867965
868066
868084
868121
868175
868193
868971
868991
869092
869597
869633
869803
870067
870086
870230
870291
870307
870373
870396
870478
870514
870521
870536
870605
870630
870778
870835
871000
871367
871470
871487
871496
871583
871592
871656
871680
871687
871933
872038
872681
872773
872809
873182
873250
873270
873398
873509
873539
873571
873627
873763
873830
874013
874263
874408
874455
874618
874701
874791
874863
875070
875254
875268
875278
875387
875630
875690
875769
875845
876013
876106
876497
876558
876608
876771
876932
876990
877019
877085
877149
877217
877446
877459
877508
877514
877543
877611
877735
877815
877855
877876
877929
878029
878321
878573
878581
878694
878752
878773
878955
879027
879104
879167
879205
879312
879338
879487
879571
879711
879788
879816
880122
880286
880393
880720
880744
880869
880940
880982
881025
881127
881153
881232
881284
881517
881563
881644
882031
882038
882091
882330
882452
882503
882526
882886
882985
883072
883134
883449
883487
883638
883668
883688
883759
883773
883861
883887
883948
884008
884143
884375
884390
884608
884687
884719
884806
884886
884902
884933
884999
885008
885028
885331
885334
885355
885519
885616
885690
885925
885947
885992
886035
886285
886566
886633
886759
886941
886990
887111
887319
887452
887533
887952
888001
888075
888085
888229
888562
888786
888857
888938
889142
889213
889418
889517
889671
889684
889699
889717
889985
890148
890195
890376
890381
890475
890545
890734
890757
891326
891423
892029
892073
892149
892290
892340
892458
892476
892491
892634
892820
892879
893052
893185
893271
893526
893544
893631
893681
893723
893861
894035
894207
894224
894333
894398
894436
894513
894524
894639
894652
894655
894696
894709
894929
895034
895064
895156
895370
895540
895660
895875
895897
896072
896125
896395
896402
896423
896560
896815
896895
896949
897212
897314
897386
897636
897670
897926
897990
898097
898104
898375
898388
898499
898671
898693
898757
898780
898827
898850
898922
898995
899178
899274
899290
899321
899356
899362
899499
899558
899573
899601
899698
899946
900161
900177
900220
900290
900424
900427
900531
900678
901076
901174
901226
901392
901459
901547
901596
901628
901674
901784
901903
901909
901990
902225
902261
902290
902294
902433
902458
902535
902657
902974
903020
903083
903179
903390
903428
903642
903719
903783
903826
903833
903875
904355
904392
904397
904523
904529
904841
904952
904954
905008
905016
905061
905139
905263
905279
905391
905504
905713
905813
905831
905961
905982
906050
906338
906572
906724
906824
907115
907171
907207
907418
907440
907474
907543
907650
907671
907908
907949
908092
908206
908269
908362
908381
908441
908591
908630
908732
908794
908873
909045
909111
909152
909257
909357
909506
909520
909540
909700
909704
909833
909884
909894
909951
909985
910048
910095
910132
910155
910194
910195
910196
910345
910517
910837
910917
910968
911122
911155
911255
911400
911503
911633
911661
911808
911882
912079
912143
912170
912175
912258
912469
912479
912599
912840
912909
913075
913118
913196
913226
913428
913437
913951
913952
914014
914217
914221
914281
914436
914437
914575
914742
914774
914790
914974
914988
914991
915015
915173
915195
915228
915576
915688
915700
916101
916129
916298
916335
916470
916598
916615
916648
916897
917027
917054
917260
917357
917403
917411
917421
917485
917490
917530
917585
917590
917711
917841
918037
918038
918269
918281
918376
918548
918677
918746
918761
918842
918888
919031
919194
919253
919387
919392
919408
919439
919443
919564
919579
919635
919684
919979
920045
920153
920162
920257
920300
920327
920602
920726
920796
920878
920897
920990
921048
921050
921072
921122
921235
921239
921336
921396
921436
921477
921509
921605
921627
921652
921704
921807
921822
921873
921915
922038
922102
922154
922183
922265
922458
922549
922684
922742
922804
922815
922822
922836
923073
923241
923283
923417
923688
923698
923728
923865
923960
923978
924005
924066
924093
924107
924144
924222
924303
924365
924746
924773
924793
925145
925150
925210
925239
925274
925541
925606
925683
925684
925706
925750
925758
925944
925954
926019
926204
926365
926398
926491
926616
926789
927038
927181
927375
927551
927722
927938
928110
928216
928220
928363
928599
928641
928791
928838
928987
929031
929061
929171
929294
929352
929458
929480
929492
929604
929691
929737
929815
929951
930101
930258
930632
930719
930724
930855
930857
930966
931011
931031
931102
931213
931297
931466
931547
931600
931632
931874
931880
931901
931992
932228
932318
932330
932341
932352
932355
932357
932511
932523
932574
932689
932781
932792
932880
932911
933178
933289
933354
933387
933509
933536
933538
933539
933572
933648
933738
933794
933832
933967
933983
934006
934159
934190
934212
934247
934297
934464
934674
934749
935072
935084
935233
935304
935382
935450
935488
936109
936248
936400
936413
936492
936555
936654
936856
936982
937055
937200
938143
938392
938417
938519
938678
938703
938730
938864
938925
939182
939299
939495
939533
939563
939766
939947
940009
940177
940275
940329
940367
940595
940699
940718
940802
940887
940914
941120
941216
941238
941250
941468
941472
941517
941617
941715
941950
942070
942092
942210
942212
942369
942644
942671
942707
942834
942940
942972
943117
943376
943591
943790
944033
944290
944541
944625
944630
944642
944880
944884
944916
944927
944961
945138
945142
945535
945605
945611
945851
946006
946160
946246
946260
946276
946300
946403
946411
946465
946575
946585
946597
946630
946703
946721
946747
946890
946898
946942
947280
947523
947540
947555
947691
947705
947806
948088
948223
948258
948273
948471
948478
948481
948541
948807
948876
948926
948944
949145
949158
949204
949318
949319
949333
949366
949393
949559
949579
949595
949723
949728
949787
949809
950003
950226
950409
950462
950512
950574
950636
950664
950683
950823
950824
950867
950981
951261
951286
951350
951381
951386
951396
951415
951741
951753
951760
951936
951974
952003
952075
952147
952163
952241
952437
952611
952612
952971
953089
953115
953337
953339
953430
953488
953494
953713
953974
953978
953985
954142
954617
954773
954901
955008
955105
955127
955291
955330
955358
955403
955574
955581
955707
955838
955979
956310
956432
956433
956540
956573
956613
956769
956811
956956
957163
957209
957313
957456
957461
957636
957685
957734
957771
957810
957986
958023
958051
958068
958102
958137
958178
958275
958352
958372
958389
958641
958662
958893
958920
958987
958996
959037
959123
959136
959279
959432
959439
959486
959527
959539
959585
959675
959680
959709
959865
959920
960251
960389
960396
960625
960638
960721
960836
960949
961013
961031
961062
961167
961206
961682
961735
961984
961993
962295
962320
962506
962571
962628
962709
962742
962910
962939
963029
963079
963104
963263
963371
963494
963614
963838
963938
964045
964133
964167
964182
964551
964747
964819
964883
964939
965005
965013
965059
965167
965191
965296
965462
965509
965550
965574
965594
965634
965812
966029
966090
966362
966367
966395
966397
966598
967009
967017
967042
967103
967205
967267
967294
967464
967501
967564
967692
967767
967945
967949
968027
968179
968226
968376
968485
968635
968648
968796
968815
969210
969249
969391
969745
969841
970005
970102
970180
970232
970316
970402
970448
970502
970503
970516
970570
970796
970831
970995
971188
971204
971323
971651
971744
971819
971826
971832
971850
972000
972077
972272
972434
972523
972557
972656
972690
972716
972778
972807
973134
973259
973274
973292
973359
973375
973467
973559
973769
973790
973873
973889
973909
973934
974173
974236
974264
974406
974482
974670
974743
974932
974951
975068
975097
975215
975301
975489
975497
975583
975630
975771
975808
975882
976053
976124
976213
976264
976280
976382
976402
976538
976585
976673
976786
976966
977052
977100
977101
977261
977456
977509
977839
977872
977946
977964
978138
978246
978284
978349
978550
978572
978686
978797
979075
979209
979389
979407
979418
979495
979500
979522
979601
979617
980044
980082
980131
980342
980498
980516
980623
980657
980695
980703
980777
980791
980928
981103
981117
981155
981217
981237
981270
981358
981442
981483
981499
981525
981555
981581
981647
981788
982053
982068
982123
982148
982360
982585
982670
982681
982892
983201
983353
983362
983433
983531
983557
983626
983674
983701
983799
984076
984096
984200
984224
984314
984321
984435
984693
984802
984856
984889
984898
985014
985028
985168
985169
985195
985215
985313
985355
985487
985523
985554
985628
985700
985864
985926
985969
986018
986090
986157
986177
986210
986214
986384
986522
986738
987001
987020
987087
987122
987178
987214
987359
987360
987386
987398
987476
987550
987766
987854
987864
987955
988017
988018
988057
988138
988396
988458
988683
988727
988741
988807
988944
989098
989172
989634
989812
989993
990071
990299
990547
990664
990675
990745
990808
990890
990998
991148
991155
991177
991243
991248
991274
991390
991466
991555
991594
991705
991754
991774
991808
991842
991999
992004
992071
992116
992177
992192
992293
992379
992505
992661
992689
992777
992813
993013
993119
993199
993334
993338
993423
993871
993973
994061
994213
994219
994228
994284
994312
994375
994536
994624
994655
994680
995048
995075
995187
995218
995296
995495
995659
995687
995697
995758
995785
995799
995899
995995
996055
996086
996141
996215
996253
996311
996369
996405
996439
996489
996771
996834
996852
996974
997057
997418
997448
997454
997508
997530
997656
997880
997896
997932
998152
998164
998184
998530
998655
998732
998772
999037
999237
999260
999293
999310
999389
999431
999439
999690
999722
999873
999896
