59
653
742
1007
1020
1468
1524
1539
1680
2015
2109
2111
2169
2197
2324
2473
2523
2536
2551
2577
2682
2876
3011
3108
3145
3337
3473
3603
3617
3682
3912
3914
3950
3968
4000
4201
4296
4349
4354
4482
4570
4722
4759
4766
4805
5150
5181
5193
5209
5332
5336
5427
5512
5589
5697
5707
5877
5980
6004
6068
6118
6263
6292
6363
6459
6594
6683
6714
6734
6894
6997
7016
7042
7078
7267
7281
7330
7650
7657
7785
7836
7879
8484
8540
8567
8580
8642
9114
9122
9192
9253
9379
9460
9538
9607
9649
9686
9771
9917
9954
10126
10219
10371
10446
10486
10541
10591
10596
10650
10918
11166
11256
11381
11409
11420
11742
11776
11817
11903
11988
11992
12043
12253
12385
12441
12484
12521
12619
12754
12773
12807
12842
12881
12990
12996
13184
13214
13260
13273
13292
13505
13575
13907
14049
14215
14219
14311
14525
14584
14757
14799
14912
15121
15152
15489
15547
15582
15627
16004
16205
16210
16324
16389
16429
16564
16592
16705
16755
16799
16906
17054
17131
17191
17299
17308
17337
17348
17546
17566
17568
17609
17621
17629
17641
17986
18132
18194
18201
18339
18444
18593
18648
18652
18672
18709
18899
18922
18960
18969
19022
19116
19164
19187
19249
19306
19338
19622
19640
19887
20017
20036
20099
20183
20300
20347
20359
20407
20446
20903
20959
20972
21063
21117
21313
21728
22012
22027
22247
22288
22624
22680
23012
23080
23101
23130
23167
23414
23634
23955
24090
24167
24244
24263
24345
24403
24417
24604
24630
24660
24699
24814
24873
24884
24972
24992
25131
25215
25292
25414
25418
25564
25613
25744
25770
25989
26086
26222
26238
26299
26613
26677
26719
26781
27022
27088
27164
27362
27403
27450
27504
27529
27601
27711
27715
27775
27852
27882
28136
28197
28331
28359
28506
28810
28893
28961
29046
29061
29175
29223
29450
29629
29704
29787
29883
29946
29993
30024
30057
30066
30180
30190
30399
30413
30660
30662
30681
30738
30744
30943
30954
31045
31049
31194
31457
31477
31583
31675
31711
31760
31772
31863
31929
31945
32051
32181
32233
32271
32595
32659
32690
32725
32774
32883
32884
33016
33024
33181
33202
33595
33841
33860
34112
34145
34192
34259
34284
34311
34378
34403
34476
34523
34703
34736
35128
35171
35314
35391
35503
35511
35585
35592
35611
35718
36027
36043
36103
36149
36203
36241
36252
36424
36465
36479
36498
36519
36559
36565
36818
36954
37005
37081
37458
37490
37550
37673
37839
37948
37974
38072
38090
38171
38188
38379
38384
38496
38524
38573
38586
38687
38696
38771
39013
39152
39203
39333
39359
39422
39466
39468
39504
39614
39806
39903
39934
39953
40149
40322
40486
40546
40786
40979
41009
41022
41029
41169
41170
41340
41352
41408
41904
41908
42167
42191
42213
42302
42454
42625
42918
42937
42938
43139
43280
43415
43457
43548
43552
43736
43747
43863
43868
43871
43885
43911
43967
44000
44431
44613
44716
44744
44905
45033
45056
45192
45266
45268
45273
45307
45702
45747
45781
45828
46212
46214
46271
46416
46450
46482
46532
46736
46861
46964
47035
47129
47165
47176
47246
47271
47278
47399
47470
47519
47613
47741
47780
48221
48300
48345
48607
48698
48767
48911
49185
49293
49443
49779
49848
49941
49994
50076
50266
50404
50478
50544
50885
50917
51205
51241
51418
51678
51894
52072
52248
52348
52383
52385
52400
52509
52540
52560
52895
52976
53099
53186
53311
53343
53482
53514
53536
53663
53834
54113
54192
54329
54331
54430
54481
54630
54651
54702
54743
54768
54896
54910
54933
54955
55125
55319
55941
56028
56180
56202
56312
56380
56540
56867
56874
56887
57004
57039
57157
57236
57632
57672
57754
57882
58150
58195
58510
58540
58686
58731
58755
58864
58972
59109
59130
59173
59214
59418
59665
59784
59922
59990
59992
60003
60053
60646
60797
60859
60864
60895
61024
61055
61104
61143
61182
61400
61467
61528
61536
61581
61724
61975
62007
62062
62316
62324
62343
62387
62407
62420
62510
62528
62637
62849
63119
63200
63223
63247
63249
63371
63383
63615
63637
63703
63707
63970
64176
64253
64377
64711
65146
65175
65280
65340
65462
65467
65519
65640
65703
65850
65852
65904
66108
66184
66219
66236
66251
66281
66364
66490
66609
66654
66808
66834
67006
67127
67213
67350
67565
67657
67700
67720
67775
67796
67826
67994
68026
68057
68133
68136
68271
68359
68491
68493
68630
68654
68732
68966
69039
69078
69121
69307
69326
69365
69440
69502
69640
69682
69696
69716
69720
69845
70046
70312
70368
70413
70480
70501
70639
70683
70777
71077
71281
71307
71439
71445
71580
71655
71897
71908
72051
72250
72358
72653
72827
72900
73102
73114
73373
73557
74023
74137
74180
74431
74554
74569
74726
74759
74902
75049
75100
75176
75285
75321
75422
75645
75651
75670
75673
75692
75830
75884
76016
76155
76161
76273
76385
76388
76402
76406
76734
76794
76820
76866
76947
77137
77259
77314
77351
77549
77616
77657
77722
77893
77965
78078
78193
78253
78504
78597
78658
79056
79086
79420
79658
79857
79890
79934
79992
80041
80098
80119
80288
80308
80325
80469
80649
80811
80853
80878
80944
81016
81043
81264
81397
81490
81568
81637
81783
81838
81983
82175
82192
82242
82433
82533
82778
82812
82824
82851
82857
82956
83031
83054
83213
83307
83623
83625
83628
83748
83876
83886
83936
83963
84053
84054
84085
84248
84298
84300
84331
84491
84550
84637
84643
84693
85030
85108
85117
85133
85190
85279
85677
85896
86045
86105
86135
86185
86210
86279
86429
86485
86491
86535
86797
86837
86853
86892
86919
86992
87055
87157
87179
87209
87274
87472
87554
87643
87748
87814
87882
88032
88622
88723
88801
88817
88819
88859
88862
88866
88882
88938
88997
89008
89046
89067
89111
89124
89208
89210
89222
89271
89408
89532
89569
89672
89874
89913
89996
90122
90139
90279
90385
90467
90472
90536
90537
90648
90701
90849
90925
90935
90939
91017
91087
91144
91345
91363
91435
91529
91595
91662
91834
91837
91935
91967
92019
92061
92124
92163
92170
92438
92556
92567
92675
92692
92782
92862
93317
93400
93659
93889
94005
94010
94045
94055
94382
94619
94632
94883
95002
95085
95099
95119
95147
95300
95449
95652
95667
95680
95711
95887
95891
96043
96273
96338
96502
96582
96641
96748
97010
97035
97258
97682
97802
97977
97996
97998
98020
98132
98164
98339
98360
98427
98482
98512
98577
98682
98732
98981
99056
99254
99425
99426
99750
99782
99806
99859
99983
100127
100187
100400
100737
100770
100841
100842
100871
100890
100960
101026
101083
101150
101387
101456
101469
101647
101717
101786
101966
102253
102398
102509
102559
102569
102683
102749
102754
102803
102822
102869
102926
102951
102962
103019
103035
103037
103392
103460
104029
104106
104189
104221
104424
104757
104851
105076
105131
105187
105328
105377
105418
105431
105442
105762
105913
105956
106186
106267
106337
106727
106808
106828
106870
106906
106965
107004
107181
107231
107267
107361
107362
107466
107481
107504
107518
107701
107719
107762
107807
107996
108356
108357
108497
108534
108696
108740
108776
108876
108920
109076
109295
109410
109590
109644
109677
109683
109855
109981
110025
110142
110146
110342
110506
110598
110655
110856
111041
111069
111124
111136
111225
111244
111507
111510
111600
111602
111918
112204
112346
112363
112612
112633
112681
112732
112916
112920
113048
113055
113064
113255
113383
113541
113633
113733
113789
113801
114136
114332
114388
114470
114497
114560
114606
114657
114817
114822
115090
115112
115318
115337
115491
115507
115543
115545
115605
115699
115861
115872
115941
116066
116248
116406
116497
116524
116666
116674
116837
116937
116996
117047
117073
117147
117447
117708
117848
118080
118320
118373
118403
118544
118656
118757
118762
118980
119172
119295
119432
119596
119612
119616
119700
119771
120095
120173
120302
120766
120867
120892
120899
121077
121159
121224
121271
121276
121318
121474
121480
121563
121601
121619
121621
121625
121642
121783
122085
122260
122423
122562
122952
123010
123170
123221
123316
123332
123544
123644
123646
123702
123785
123984
124162
124456
124480
124524
124586
124630
124989
125099
125231
125351
125484
125590
125622
125797
125805
126044
126122
126284
126432
126441
126499
126634
126680
126761
126785
126845
126990
127008
127172
127345
127863
127923
128002
128014
128074
128176
128294
128321
128408
128664
128707
128729
128939
129137
129414
129433
129553
129571
129572
129599
129604
129667
129738
129896
129914
129964
130040
130202
130280
130376
130382
130454
130470
130476
130501
130513
130604
130637
130642
130781
131049
131093
131257
131376
131686
131718
131841
131854
131855
132015
132049
132209
132348
132435
132589
132663
132714
132756
132808
132817
133084
133196
133225
133388
133417
133605
133964
134089
134243
134260
134323
134334
134335
134395
134456
134548
134572
134593
134707
134765
134844
134860
134872
134915
135020
135056
135077
135080
135128
135143
135363
135417
135422
135439
135530
135666
135917
136030
136032
136122
136321
136500
136561
136602
136700
136937
137123
137125
137438
137457
137458
137544
137586
137691
137912
137938
137985
137987
138080
138244
138343
138355
138409
138444
138459
138632
139044
139095
139180
139221
139364
139461
139497
139615
139687
139734
139808
139828
139879
140041
140071
140193
140352
140365
140501
140622
140802
141060
141283
141321
141479
141579
141660
141760
141768
141831
141866
141991
142425
142476
142551
142577
142644
142657
142702
142754
142818
143094
143236
143261
143361
143424
143559
143767
143882
143976
144060
144274
144385
144408
144466
144565
144810
144815
144847
144857
144937
144966
145055
145142
145236
145313
145620
145668
146083
146157
146165
146313
146381
146452
146463
146496
146525
146714
146801
146821
146859
146863
146885
147040
147115
147143
147875
147960
148215
148230
148294
148320
148743
148772
148795
149098
149254
149329
149331
149537
149571
149719
149722
149866
149934
149942
150046
150051
150123
150146
150175
150250
150379
150516
150539
150682
150733
150854
150890
150963
150972
151347
151405
151439
151523
151634
151899
151992
152216
152284
152431
152485
152520
152588
152606
152787
152811
152890
153105
153153
153257
153365
153449
153467
153722
153761
153927
154013
154083
154109
154130
154145
154645
154731
154970
154983
155023
155142
155210
155264
155367
155476
155602
155610
155768
155771
155961
156027
156035
156250
156365
156394
156561
156609
156682
156776
156895
156915
156977
157056
157061
157067
157147
157150
157202
157227
157455
157539
157565
157910
158047
158163
158305
158403
158418
158511
158634
158830
158979
159120
159142
159209
159211
159311
159313
159341
159580
159767
159950
160142
160286
160329
160412
160560
160594
160629
160697
160790
160864
160900
161050
161091
161161
161205
161278
161302
161351
161471
161928
162081
162101
162145
162187
162260
162263
162279
162328
162370
162523
162560
162591
162743
162778
162799
162905
163022
163090
163127
163244
163337
163693
163834
163852
163871
163873
163909
164232
164286
164500
164505
164564
164670
164748
164913
164970
165140
165318
165413
165486
165506
165511
165568
165693
165742
165862
165880
165929
166002
166031
166048
166054
166267
166390
166537
166634
166681
166725
166755
166784
166912
166933
166934
167214
167577
167697
167739
167764
167767
167790
167795
167965
168049
168430
168459
168508
168610
168709
168837
168966
169051
169087
169106
169112
169154
169164
169241
169267
169392
169541
169552
169557
169659
169693
169827
170013
170269
170331
170501
170594
170795
170799
170810
170855
170962
171109
171219
171441
171531
171626
172006
172096
172157
172190
172210
172372
172417
172419
172469
172555
172843
173204
173522
173727
173903
173912
174217
174248
174460
174469
174510
174538
174542
174962
174976
175087
175111
175224
175234
175319
175394
175422
175544
175596
175740
175780
175789
175809
176155
176262
176483
176739
177040
177059
177122
177193
177353
177392
177447
177554
177781
177835
177842
177854
177980
178034
178199
178211
178213
178239
178278
178404
178530
178637
178723
178851
178901
178980
179193
179211
179245
179270
179285
179475
179770
179941
180046
180167
180279
180585
180592
180604
180613
180648
181051
181168
181170
181415
181471
181710
181882
181947
181956
182203
182305
182466
182525
182555
182624
182854
182869
182895
182917
183112
183126
183194
183287
183337
183515
183659
183680
183771
184063
184133
184158
184205
184214
184432
184736
184749
184767
184840
184855
184991
184992
185008
185040
185178
185215
185255
185270
185480
185563
185643
185769
185803
185842
185902
185951
185990
186012
186108
186197
186261
186318
186517
186570
186869
186909
187063
187236
187368
187575
187665
187707
187783
187852
187862
187883
187957
188159
188233
188264
188302
188384
188578
188615
188640
188749
188828
188993
189013
189127
189324
189380
189527
189538
189552
189685
189708
189775
190008
190205
190620
190632
190691
190820
190942
190970
191063
191068
191107
191168
191183
191214
191366
191599
191653
191738
191745
191757
191866
191942
192012
192062
192126
192193
192222
192230
192393
192465
192484
192531
192536
192597
192600
192734
192755
192806
192851
192871
192940
193687
193930
194029
194132
194267
194349
194351
194932
194993
195053
195156
195201
195335
195368
195497
195506
195540
195546
195631
195779
195842
195890
195904
195959
195996
196057
196090
196198
196209
196242
196300
196341
196361
196437
196511
196854
196954
196989
197169
197626
197805
198085
198103
198110
198127
198187
198259
198336
198588
199045
199225
199231
199242
199274
199314
199343
199349
199402
199537
199641
199794
199842
199876
200033
200050
200081
200302
200618
200623
200735
201039
201056
201362
201381
201523
201577
201771
201838
201865
202265
202267
202286
202425
202429
202817
203140
203147
203285
203490
203492
203569
203777
203908
204149
204227
204554
204578
204657
204668
205044
205050
205327
205391
205447
205498
205769
205797
205909
205933
205985
206014
206225
206311
206321
206325
206387
206410
206414
206417
206448
206602
206620
206681
206764
206769
206801
206828
206845
206882
207078
207102
207107
207168
207195
207285
207333
207634
207716
207754
207855
208300
208506
208549
208722
208768
208860
208916
208991
209000
209097
209214
209321
209410
209500
209690
209767
209806
209817
209825
209892
209906
209952
210110
210120
210324
210479
210552
210582
210590
210700
210750
210958
210990
211130
211229
211271
211348
211450
211616
211723
211909
211994
212179
212257
212380
212461
212578
212628
212762
212765
212813
212839
212860
212938
212980
213010
213126
213175
213192
213258
213286
213758
213821
213876
213906
213922
214015
214099
214145
214167
214180
214246
214348
214570
214872
214880
214997
215008
215022
215066
215085
215156
215190
215311
215635
215663
215712
215720
215779
215811
215865
215959
216049
216183
216238
216336
216480
216533
216667
216723
216774
217032
217153
217205
217232
217304
217353
217363
217492
217671
217787
218107
218109
218111
218190
218243
218364
218367
218564
218578
218777
218838
218877
218967
219011
219047
219165
219201
219222
219318
219596
219632
219732
219748
219782
219824
219851
219926
220054
220201
220259
220285
220400
220428
220549
220557
220558
220723
220741
220786
220870
220879
220969
221046
221051
221129
221216
221312
221408
221620
221841
221880
221927
221943
222032
222071
222161
222198
222282
222301
222435
222452
222552
222648
222756
222822
222893
222923
223169
223325
223333
223364
223382
223515
223576
223588
223601
223718
223723
223759
223839
224030
224116
224120
224193
224267
224313
224323
224693
224829
225029
225042
225069
225103
225140
225246
225352
225425
225503
225518
225661
225743
225749
225771
225811
225983
226431
226690
226738
226966
226974
227010
227022
227052
227209
227282
227311
227411
227464
227507
227508
227511
227521
227610
227666
227707
227711
227828
227886
227909
228022
228037
228302
228505
228631
228696
228774
228912
228963
229322
229700
229732
229846
229868
229939
230080
230104
230249
230285
230294
230410
230449
230493
230629
230645
230657
230735
230744
230926
230965
230987
230990
230991
231002
231056
231069
231129
231161
231281
231419
231485
231677
231751
231762
231821
231860
231921
231984
232256
232323
232326
232353
232401
232526
232743
232837
232839
232859
232932
232959
232963
233186
233218
233410
233414
233505
233545
233674
233907
233951
234099
234114
234461
234510
234721
235139
235367
235500
235570
235594
235927
236021
236179
236204
236272
236500
236542
236611
236646
236649
236685
236836
236894
237012
237107
237164
237247
237310
237535
237623
237727
237896
238022
238661
238748
238819
239020
239374
239386
239589
239629
239661
239742
239842
239855
239865
239867
239896
239933
240131
240221
240309
240590
240672
240853
241000
241031
241044
241081
241091
241411
241842
241848
241908
242113
242605
242672
242679
242701
242847
242908
242964
243010
243187
243312
243383
243461
243568
243676
243761
243773
243939
244042
244117
244139
244170
244283
244421
244519
244522
244735
244827
244854
244928
244994
245368
245449
245463
245681
245821
245898
245967
246096
246116
246195
246324
246348
246537
246578
246721
246894
246909
246965
246995
247057
247196
247213
247357
247486
247659
247908
248180
248265
248629
248765
248872
248949
248974
249080
249082
249140
249191
249240
249330
249368
249546
249568
249767
249814
249877
249941
250055
250131
250140
250171
250250
250470
250631
250712
250741
250961
250998
251276
251349
251694
251720
251911
252215
252256
252269
252335
252491
252524
252634
252697
252759
252871
252911
253510
253551
253643
253774
253784
253833
253941
253982
254017
254068
254117
254240
254499
254542
254671
254712
254745
254774
254843
254917
254955
254962
255080
255164
255303
255308
255343
255401
255604
255627
255758
255854
255863
256024
256089
256142
256276
256315
256435
256512
256640
256892
256895
256962
257079
257215
257554
257653
257708
257771
257882
258031
258049
258055
258128
258224
258307
258327
258477
258504
258549
258596
258719
258782
258838
258941
258972
259049
259093
259097
259139
259221
259264
259332
259416
259607
259714
259855
259942
260046
260057
260150
260256
260372
260388
260561
260723
260817
261055
261230
261282
261283
261301
261445
261555
261580
261702
261849
261959
261972
262104
262108
262316
262503
262510
262806
262808
262987
263024
263035
263053
263064
263149
263226
263310
263491
263541
263758
263821
263878
263925
263948
263963
264248
264283
264448
264868
264926
264962
264973
265373
265489
265537
265669
265690
265798
265902
266012
266431
266609
266658
266758
266861
266923
267003
267050
267186
267208
267266
267279
267307
267338
267476
267512
267588
267819
267832
267841
268141
268285
268292
268354
268507
268509
268647
268703
268753
268842
268859
269036
269053
269132
269188
269193
269421
269521
269683
269882
270038
270047
270214
270272
270632
270702
270829
270831
270904
270960
271425
271459
271471
271590
271705
271753
271974
272040
272108
272111
272528
272559
272636
272828
273032
273038
273135
273202
273263
273330
273407
273415
273504
273520
273537
273571
273579
273612
273637
273700
273967
273976
274029
274059
274081
274123
274148
274170
274197
274210
274424
274481
274539
274540
274763
274910
275109
275310
275511
275675
275764
275849
275868
275974
276070
276074
276204
276263
276426
276534
276595
276652
276735
276749
276789
276848
276958
277029
277057
277442
277696
277752
277860
277955
278001
278110
278177
278234
278239
278287
278347
278454
278497
278511
278698
278791
278876
278923
279107
279108
279215
279243
279254
279301
279350
280105
280126
280142
280248
280293
280470
280482
280540
280548
280670
280703
280741
280926
280983
281094
281107
281315
281359
281383
281433
281437
281459
281481
281683
281858
281875
281885
282013
282021
282039
282297
282298
282370
282509
282704
282705
282731
282819
282827
282916
282941
283031
283193
283226
283501
283503
283513
283529
283583
283608
283682
284323
284641
284658
284701
284863
284871
284889
284897
285265
285309
285344
285480
285654
285688
285924
286079
286139
286289
286327
286425
286638
286645
286900
287093
287279
287369
287498
287566
287680
287760
287868
288154
288325
288329
288452
288562
288787
288799
289169
289321
289431
289565
289827
289831
289853
290013
290035
290062
290513
290615
290650
290696
290780
291090
291096
291110
291245
291256
291280
291345
291397
291466
291483
291626
291636
291694
291696
291883
291947
292051
292142
292218
292223
292313
292346
292370
292787
292847
292904
292976
293450
293512
293565
293935
293971
294016
294061
294138
294181
294359
294438
294451
294659
294680
294770
294792
294822
294954
294969
295070
295095
295330
295392
295534
295539
295562
295654
295704
295873
295988
296228
296332
296623
296677
296927
296986
297106
297150
297308
297580
297768
297829
297834
298076
298257
298316
298358
298359
298364
298378
298421
298568
298598
298700
298765
298790
298868
298949
298990
299120
299186
299204
299215
299351
299381
299476
299537
299628
299689
299947
299989
299995
300015
300069
300349
300391
300606
300945
300948
301004
301051
301130
301267
301615
301635
301750
301752
301777
301822
301998
302341
302351
302471
302505
302507
302664
302747
302815
303122
303221
303270
303331
303401
303498
303583
303665
303911
304146
304423
304533
304862
304965
304975
305155
305242
305253
305267
305292
305311
305499
305509
305642
305831
305884
306018
306209
306222
306302
306428
306484
306539
306744
306786
306815
306909
306940
306958
307078
307173
307412
307522
307560
307792
307829
307837
307962
308003
308071
308100
308167
308222
308396
308425
308659
308667
308826
308940
309050
309176
309194
309208
309221
309233
309512
309567
309591
309703
309906
309940
309956
310159
310172
310405
310604
310666
310679
310896
310974
311000
311210
311218
311266
311349
311568
311646
311793
311851
311992
312186
312353
312479
312494
312937
312986
313167
313203
313290
313377
313436
313438
313451
313548
313557
313616
313713
313798
313918
313946
313991
314027
314190
314317
314534
314593
314619
314799
314829
314928
314994
315004
315143
315303
315374
315379
315401
315480
315636
316005
316058
316117
316222
316323
316393
316448
316750
316928
317114
317189
317291
317441
317467
317471
317509
317530
317569
317587
317735
317746
318109
318110
318156
318202
318289
318330
318363
318483
318552
318624
318630
318642
318662
318710
318772
318854
318891
319001
319046
319248
319252
319298
319326
319487
319569
319667
319678
319706
319708
319845
319953
319988
320149
320254
320267
320556
320734
320990
321070
321109
321199
321382
321388
321477
321575
321902
321972
321985
322155
322202
322293
322301
322384
322423
322502
322978
322998
323204
323279
323374
323424
323710
323793
323825
324076
324225
324329
324401
324482
324550
324747
324752
324963
325113
325358
325385
325415
325501
325602
325747
325865
326112
326118
326230
326246
326292
326553
326703
326714
326791
326807
326930
327113
327157
327352
327408
327452
327484
327590
327784
327812
327947
328212
328420
328425
328479
328537
328630
328992
329021
329039
329050
329071
329148
329158
329185
329273
329293
329383
329386
329408
329573
329683
329725
329857
330289
330320
330501
330605
330719
330873
330893
331046
331209
331214
331221
331388
331720
331740
331819
332118
332196
332340
332341
332376
332381
332654
332713
332845
332889
332920
332951
332977
333122
333396
333509
333681
333811
333845
333962
333981
334092
334096
334128
334222
334318
334370
334388
334429
334472
334607
334724
334841
335137
335248
335287
335520
335537
335596
335655
335783
335827
336001
336199
336202
336221
336366
336672
336714
336899
337074
337077
337209
337316
337509
337649
337828
338011
338033
338085
338270
338512
338555
338717
338821
338823
338847
338865
338896
338921
339255
339329
339361
339382
339419
340056
340224
340293
340311
340347
340493
340554
340717
340843
340863
341279
341322
341332
341438
341470
341574
341621
341864
341944
342089
342209
342251
342396
342518
342541
342651
342691
342718
342838
342884
342954
343196
343321
343579
343639
343683
343883
343963
344286
344319
344353
344587
344610
344707
344786
344850
345062
345073
345148
345167
345418
345443
345624
345805
345973
346000
346307
346385
346461
346526
346559
346568
346680
346989
347042
347147
347150
347159
347178
347216
347310
347856
347875
347891
348006
348059
348163
348176
348300
348398
348479
348580
348698
348702
348730
348906
348963
348984
349222
349274
349301
349378
349433
349565
349822
349853
349867
349881
349929
350317
350523
350528
350568
350584
350694
350747
350824
350847
350907
350966
351198
351280
351462
351869
352007
352167
352283
352326
352537
352571
352678
352846
352850
352883
352915
352974
353007
353386
353563
353659
353720
353770
353832
354055
354177
354254
354285
354444
354504
354566
354611
354640
354801
354887
354900
355062
355086
355199
355230
355259
355308
355394
355488
355620
355711
355930
355967
356105
356322
356399
356410
356433
356460
356677
356753
356849
356939
356961
357064
357131
357181
357378
357510
357655
357676
357773
357870
357933
358088
358166
358352
358453
358569
358576
358583
358608
358674
358792
358871
359107
359324
359372
359375
359648
359990
360024
360057
360065
360072
360140
360330
360430
360747
360787
361026
361094
361293
361399
361438
361454
361498
361509
361629
361904
362016
362218
362448
362493
362598
362735
362746
362768
362822
363128
363483
363521
363766
363986
364165
364206
364217
364219
364298
364373
364489
364642
364815
364906
365094
365098
365273
365516
365535
365801
365844
365856
365865
365964
366033
366120
366154
366554
366595
366729
366746
366788
366977
366980
367072
367099
367118
367260
367272
367412
367735
367738
367753
368056
368268
368340
368381
368384
368607
368890
369072
369164
369239
369291
369396
369416
369449
369543
369938
369953
370098
370207
370509
370533
370652
370705
370728
370804
370849
370864
370902
371085
371143
371241
371357
371370
371381
371554
371569
371576
371724
371957
372028
372070
372118
372135
372246
372262
372377
372466
372547
372638
372700
372740
373018
373125
373212
373214
373259
373271
373288
373574
373715
373735
373751
373754
373956
374144
374227
374320
374417
374421
374446
374587
374756
374875
374999
375044
375208
375272
375344
375426
375440
375521
375578
375603
375725
375766
375812
375837
376124
376143
376240
376275
376467
376536
376543
376554
376561
376594
376639
376689
376764
377200
377538
377610
377618
377669
377825
377842
377851
377854
377952
377959
378081
378181
378299
378304
378351
378352
378356
378459
378492
378497
378526
378651
378881
378904
379179
379216
379399
379483
379576
379951
380005
380020
380150
380161
380168
380255
380370
380439
380440
380511
380532
380545
380632
380653
380662
380666
380673
380712
380887
380927
381087
381189
381235
381302
381564
381634
381670
381685
381806
381838
381929
382033
382122
382458
382575
382597
382676
382842
382908
383000
383280
383400
383481
383486
383644
383654
383690
383906
384043
384201
384230
384246
384272
384310
384546
384720
384798
384814
384922
384926
385060
385159
385235
385248
385280
385402
385625
385710
385863
386080
386103
386172
386417
386687
386979
387138
387157
387233
387466
387537
387541
387559
387637
387722
387784
387876
388096
388128
388197
388407
388448
388504
388665
388786
389016
389145
389273
389409
389562
389657
389891
389911
389967
390159
390171
390649
390687
390702
390741
390819
390853
390941
391413
391664
391772
391781
391921
392059
392174
392271
392349
392380
392432
392433
392464
392633
392663
392727
392967
393056
393187
393250
393292
393310
393545
393655
393656
393732
393940
393948
393969
394021
394071
394113
394207
394364
394494
394572
394712
394899
395129
395171
395256
395530
395632
395735
395766
395900
396115
396320
396402
396455
396592
396710
396755
396785
396811
396895
397294
397353
397494
397497
397511
397579
397879
397963
397977
397980
398043
398093
398167
398295
398384
398440
398579
398623
398725
398739
398788
398818
398874
398937
398947
399101
399146
399187
399265
399511
399544
399562
399590
399594
399676
399696
399734
399913
399940
400156
400285
400316
400320
400327
400339
400542
400608
400674
400700
400824
400840
400853
400973
401067
401337
401359
401416
401677
401708
401736
401762
402045
402311
402375
402425
402488
402639
402670
402802
403171
403213
403247
403253
403337
403411
403425
403484
403487
403540
403609
403739
403939
403951
403953
404052
404087
404399
404447
404478
404531
404598
404731
404767
405161
405290
405293
405457
405542
405659
405888
405921
406138
406429
406521
406779
406896
407122
407845
408049
408210
408407
408451
408519
408520
408685
408804
408868
409083
409130
409466
409477
409556
409597
409602
409684
409753
409760
409771
409862
409884
409911
410035
410210
410278
410338
410358
410399
410424
410466
410485
410523
410648
411085
411105
411240
411253
411300
411397
411846
411902
411993
412054
412170
412197
412207
412466
412488
412579
412583
412679
412757
412758
412770
412843
413219
413470
413483
413576
413677
413893
414059
414157
414159
414274
414592
414642
414643
414712
414888
415006
415026
415035
415048
415131
415292
415331
415548
415639
415770
415865
415985
415991
416286
416342
416432
416671
416776
416790
416804
417007
417037
417096
417243
417290
417525
417644
417690
417701
417718
417877
417903
418007
418057
418064
418215
418315
418330
418400
418431
418638
418709
418743
418805
418811
419060
419062
419245
419393
419400
419403
419491
419809
419956
420157
420185
420191
420241
420505
420595
420611
420649
421039
421163
421180
421244
421385
421424
421475
421662
421734
421836
421902
421975
422154
422196
422254
422527
422588
422747
423027
423071
423077
423118
423168
423232
423260
423279
423290
423579
423628
423853
423914
424154
424427
424452
424879
424888
424932
425098
425162
426230
426268
426408
426446
426649
426695
426783
426789
426934
427210
427243
427331
427560
427730
427954
428059
428141
428282
428620
428746
428760
428850
428960
429023
429091
429118
429201
429295
429305
429388
429802
430105
430121
430176
430350
430665
430667
430887
431093
431141
431159
431247
431283
431818
431948
432401
432749
432833
432911
433079
433086
433109
433143
433177
433212
433235
433240
433490
433563
433801
433804
433911
434004
434030
434050
434051
434087
434115
434202
434305
434406
434493
434770
434827
434832
435051
435119
435177
435193
435318
435388
435492
435748
435782
435798
435883
435948
435974
436087
436252
436413
436439
436517
436643
436733
436840
436854
436923
437120
437201
437206
437222
437231
437487
437490
437600
437611
437759
437867
437870
437882
438077
438088
438158
438271
438313
438494
438651
438686
438745
438794
438871
439048
439193
439427
439633
439662
439975
440045
440100
440130
440169
440248
440435
440575
440633
440665
440746
440939
440947
441091
441198
441237
441345
441374
441419
441421
441448
441449
441530
441547
441658
441737
441785
441855
442081
442108
442129
442195
442419
442681
442723
442750
442781
442890
442985
443103
443113
443166
443200
443203
443256
443336
443458
443466
443648
443689
443694
443761
443821
443902
444104
444277
444433
444474
444614
444721
444791
444859
444992
445019
445119
445219
445467
445517
445783
445927
445987
446001
446014
446058
446082
446143
446295
446349
446408
446546
446555
446643
446707
446755
446809
446921
447231
447324
447328
447399
447482
447681
447696
447746
447755
448109
448209
448224
448243
448260
448268
448549
448674
448717
448781
448980
449122
449527
449569
449588
449819
449857
449881
449934
449991
449993
450149
450167
450380
450586
450974
451143
451151
451297
451654
451773
452180
452320
452356
452706
452720
453002
453174
453224
453245
453253
453271
453272
453285
453399
453513
453531
453663
453726
453744
453815
453838
454229
454321
454555
454862
455117
455389
455481
455525
455622
455648
455674
455837
455853
456022
456112
456217
456258
456460
456504
456546
456601
456603
456655
456668
456830
456970
456987
457038
457068
457235
457267
457306
457591
457619
457727
457950
458130
458176
458186
458398
458430
458558
458565
458661
458677
458772
458964
459162
459180
459405
459409
459451
459485
459613
459639
459677
459782
459797
459850
460236
460608
460796
460927
461031
461083
461288
461468
461657
461724
461890
461950
462282
462335
462419
462520
462538
462838
462853
462855
462922
463063
463116
463126
463258
463469
463479
463620
464157
464234
464246
464261
464275
464314
464387
464434
464529
464537
464559
464575
464655
464788
464895
465014
465041
465067
465070
465211
465505
465588
465734
465771
466050
466317
466338
466347
466353
466356
466612
466677
466712
466808
466976
467152
467232
467293
467491
467565
467762
467991
468034
468270
468323
468402
468412
468631
468706
468717
468792
468929
469196
469411
469539
469621
469627
469705
469877
470056
470196
470363
470427
470439
470570
470599
470649
470868
470928
470987
471026
471084
471109
471165
471223
471390
471703
471829
471878
471984
471989
472174
472433
472502
472572
472605
472714
472821
472975
473034
473091
473192
473247
473421
473499
473513
473561
473567
473906
474185
474381
474424
474739
474898
475034
475215
475221
475314
475317
475453
475490
475608
476040
476114
476507
477063
477140
477213
477235
477274
477639
477666
477862
477933
477952
478025
478044
478082
478189
478199
478306
478394
478455
478718
478753
478780
478790
478811
478830
478903
478916
478999
479184
479189
479296
479320
479405
479458
479498
479522
479613
479834
479922
480041
480157
480158
480284
480292
480318
480328
480348
480435
480801
480802
480855
480904
480914
481022
481038
481104
481209
481333
481454
481467
481539
481605
481619
481707
481933
481987
482027
482072
482209
482222
482260
482482
482571
482574
482583
482698
482823
482872
482892
483051
483079
483102
483221
483240
483503
483507
483559
483641
483728
483771
483958
484211
484539
484589
484622
484654
484763
484901
485012
485040
485057
485085
485092
485128
485160
485181
485213
485473
485494
485573
485835
485873
486131
486152
486202
486272
486275
486315
486329
486545
486568
486759
486830
486867
486877
487040
487072
487232
487364
487368
487406
487467
487595
487643
487650
487658
487729
487942
488013
488345
488364
488375
488379
488584
488591
488698
488784
488873
488884
488895
489013
489052
489162
489256
489269
489336
489814
489967
489984
489987
489993
490013
490025
490365
490426
490456
490462
490538
490542
490561
490856
490933
491281
491481
491601
491640
491642
491702
491887
491955
491980
492201
492353
492357
492369
492400
492563
492598
492651
492723
492991
493047
493048
493180
493209
493217
493381
493760
493933
493980
494067
494094
494270
494301
494465
494555
494768
494824
494832
494863
494879
495021
495032
495087
495266
495276
495440
495509
495604
495644
495690
496101
496240
496254
496299
496385
496509
496553
496637
496703
496717
496757
496761
496963
497157
497190
497199
497265
497310
497447
498297
498521
498526
498616
498887
498923
498963
499114
499242
499503
499883
500039
500341
500498
500550
500893
501525
501554
501569
501650
501653
501791
501794
501907
502066
502104
502169
502308
502380
502481
502743
502763
502803
502931
502982
503005
503146
503170
503439
503500
503514
503552
503603
503614
503742
503880
504263
504400
504542
504741
504742
504841
505150
505192
505307
505468
505580
505737
505926
506012
506037
506041
506072
506119
506140
506332
506790
506952
506968
507225
507364
507413
507553
507575
507606
507727
507978
507990
508061
508089
508100
508114
508213
508295
508734
508794
508819
508996
509076
509101
509133
509251
509468
509536
509653
509723
509857
509900
510035
510259
510362
510420
510432
510505
510525
510585
510587
510594
510773
510936
511135
511381
511503
511554
511774
511794
511818
511854
511857
511872
511941
512095
512266
512335
512353
512626
512637
512778
512839
512854
512855
512952
513067
513154
513235
513302
513428
513671
513857
514339
514406
514486
514687
514749
514804
514911
514917
514942
514972
515192
515254
515304
515622
515652
515696
515723
515851
515886
515945
516006
516017
516067
516206
516220
516247
516340
516687
516822
516974
517090
517175
517256
517274
517339
517380
517498
517503
517581
517680
517729
517903
517991
518041
518053
518081
518085
518303
518461
518613
518676
518689
518733
518912
518929
518975
519127
519325
519376
519395
519418
519710
519818
519826
519841
520032
520280
520352
520530
521117
521239
521337
521825
522218
522233
522255
522357
522439
522490
522603
522638
522705
522731
522760
522910
523164
523182
523352
523397
523507
523745
523830
523948
523954
523960
524088
524188
524495
524623
524733
524886
524906
525145
525168
525170
525256
525324
525348
525368
525434
525444
525571
525656
525731
525734
525821
525933
525988
526033
526061
526101
526117
526139
526280
526300
526402
526406
526441
526475
526492
526667
526752
526859
526885
526891
527150
527172
527230
527266
527312
527415
527465
527700
527748
527822
527881
527885
527990
528001
528102
528123
528202
528231
528398
528791
528800
529013
529046
529252
529370
529635
529903
529914
529987
530128
530329
530414
530479
530485
530509
530645
530817
530868
530949
531151
531230
531234
531326
531577
532045
532292
532318
532412
532680
532727
532756
532764
532874
532882
533078
533095
533235
533304
533395
533520
533684
533700
533725
533835
534055
534096
534164
534241
534273
534522
534581
534837
535012
535033
535460
535539
535555
535630
535736
535971
536059
536116
536190
536291
536418
536478
536515
536554
536591
536644
536846
536860
536926
536942
537134
537232
537234
537414
537431
537534
537540
537546
537568
537575
537662
537689
537704
537759
537956
538151
538317
538710
538771
538865
538866
538888
538899
538953
538980
538989
538993
539353
539478
539710
539760
540085
540258
540679
540823
540860
540921
541061
541272
541401
541436
541681
541782
541837
541891
541902
542002
542005
542145
542180
542298
542300
542317
542318
542338
542409
542423
542496
542845
542967
542986
543157
543576
543614
543685
543787
543953
543982
544378
544387
544450
544512
544632
544643
544662
544668
544729
544875
545073
545130
545406
545452
545569
545695
545740
546084
546274
546339
546368
546514
546637
546736
546738
546753
546806
547021
547146
547195
547320
547359
547364
547650
547658
547913
548053
548199
548281
548363
548508
548513
548609
548640
549065
549104
549156
549213
549218
549255
549262
549267
549357
549396
549447
549453
549490
549557
549666
549781
549937
549955
550051
550057
550101
550104
550425
550510
550554
550600
550733
551034
551136
551318
551340
551569
551576
551814
552023
552032
552057
552199
552378
552451
552481
552803
552805
552919
552949
553033
553059
553079
553094
553301
553372
553457
553681
553910
553930
554080
554086
554208
554251
554389
554419
554501
554544
554551
554704
554923
555063
555096
555130
555189
555215
555310
555321
555399
555675
555746
555832
555936
555989
556002
556014
556291
556319
556572
556573
556603
556904
556906
557041
557055
557110
557342
557418
557489
557592
557863
557972
557976
558030
558057
558106
558137
558310
558331
558454
558503
558522
558530
558642
558823
559074
559075
559138
559178
559207
559279
559350
559375
559455
559625
559946
560014
560069
560198
560279
560420
560536
560555
560562
560589
560710
560783
560925
561023
561083
561147
561220
561399
561470
561510
561552
561739
561779
561801
561848
561994
562114
562212
562221
562264
562297
562299
562587
562689
562738
562811
562862
562919
563327
563433
563497
563518
563519
563621
563660
563670
563690
563846
563981
564008
564102
564106
564166
564419
564510
564593
564651
564678
564738
564865
564910
564918
564950
565225
565245
565390
565493
565611
565640
565697
565752
565834
565967
566175
566180
566186
566435
566487
566575
566581
566601
566610
566692
566741
566812
566945
567001
567056
567214
567313
567673
567733
567767
567802
567813
567820
567829
567945
568044
568353
568360
568423
568485
568518
568519
568613
568622
568630
569217
569256
569339
569388
569413
569451
569476
569509
569540
569573
569743
569820
570098
570149
570210
570253
570316
570317
570734
570775
570988
571009
571041
571124
571199
571247
571392
571664
571672
571752
571898
571989
572103
572144
572337
572419
572573
572594
572618
572648
572739
572785
572838
573132
573299
573367
573389
573424
573552
573559
574004
574016
574085
574096
574121
574439
574735
574762
574807
574815
574863
574897
574989
575099
575254
575381
575448
575456
575469
575535
575574
575592
575668
575700
575809
575958
575982
576157
576176
576608
576710
577018
577058
577183
577385
577389
577405
577491
577526
577952
578047
578209
578292
578542
578566
578643
578659
578776
579035
579038
579090
579255
579275
579509
579656
579724
579739
579774
579823
579832
579955
580059
580295
580586
580652
580689
580711
580796
580942
581103
581105
581225
581313
581386
581412
581444
581561
581617
581740
581898
582114
582190
582325
582326
582507
582543
582545
582608
582656
582712
582822
582825
582909
582957
582991
583069
583099
583191
583455
583542
583556
583574
583717
583793
583896
583899
583930
583942
584009
584097
584142
584188
584259
584315
584383
584406
584415
584498
584576
584632
584639
584919
585028
585297
585931
585959
586103
586221
586246
586305
586604
586686
586925
587023
587055
587426
587475
587586
587684
587851
587853
587964
587996
588392
588443
588519
588701
588735
588775
588797
588830
589168
589264
589368
589606
589619
589655
589709
589901
589941
589962
590037
590053
590285
590406
590444
590564
590580
590718
590861
591103
591208
591275
591636
591854
592010
592073
592087
592241
592329
592395
592397
592621
592807
592814
592950
593077
593133
593242
593273
593379
593637
593747
593883
593898
593981
594249
594300
594334
594393
594419
594524
594648
594717
594842
594980
595079
595157
595222
595267
595298
595383
595422
595575
595636
595647
595715
595725
595788
595806
595809
595883
595897
596074
596084
596093
596140
596174
596190
596330
596380
596485
596726
596777
596966
596976
597249
597256
597365
597542
597561
597726
598022
598187
598520
598665
598733
598780
598936
598984
599019
599030
599083
599440
599902
599952
599973
599992
600025
600071
600275
600481
600486
600539
600798
601060
601138
601253
601471
601543
601546
601619
601654
601899
602032
602063
602176
602221
602476
602687
602713
602820
602826
602830
602912
602920
602953
603001
603111
603116
603133
603258
603333
603342
603359
603456
603679
603807
603899
604003
604018
604019
604048
604232
604251
604308
604390
604469
604574
604579
604689
604831
604889
604938
604983
605048
605367
605388
605505
605522
605556
605685
605848
605850
605858
606024
606043
606052
606394
606513
606561
606686
606759
607147
607313
607436
607532
607745
607758
607780
607784
607802
607953
608111
608244
608281
608305
608469
608489
608543
608698
608699
608927
608932
608942
609095
609119
609362
609406
609544
609597
609611
609651
609757
609780
609788
609807
610145
610254
610275
610340
610622
610754
610764
610770
611021
611282
611320
611356
611371
611445
611594
611635
611715
611762
611796
611899
611990
612249
612263
612433
612459
612796
612809
612818
612873
612888
612936
613028
613664
613727
613975
614126
614140
614218
614357
614474
614553
614667
614774
614817
614855
614868
614880
615037
615093
615139
615144
615173
615262
615290
615354
615469
615563
615977
616021
616207
616327
616376
616436
616757
616773
616835
617160
617470
617651
617661
617758
617893
618086
618098
618293
618446
618449
618500
618506
618836
618983
619008
619243
619404
619444
619446
619485
619676
619697
619899
619963
620036
620057
620094
620101
620211
620232
620401
620517
620534
620659
620707
620928
620997
621184
621369
621472
621536
621658
621697
621740
621911
621969
622068
622247
622291
622327
622378
622699
622763
622767
622818
622824
622877
622878
622907
622922
622946
622996
622998
623056
623147
623289
623331
623773
623939
623987
624094
624185
624237
624260
624343
624358
624448
624472
624504
624671
624749
624870
625118
625174
625219
625288
625368
625378
625435
625577
625594
625744
625760
625779
625784
625931
625936
626068
626149
626152
626222
626399
626423
626469
626572
626689
626743
626779
626945
626955
627063
627095
627127
627432
627506
627537
627728
627731
627739
627741
627806
627871
628029
628399
628546
628673
628710
628734
628749
628802
628852
628859
628967
629025
629040
629204
629219
629375
629384
629743
629793
629900
629925
630213
630920
631000
631135
631348
631390
631503
631570
631598
631681
631686
631820
631909
631989
632152
632181
632194
632324
632482
632530
632944
632999
633131
633554
633570
633587
633674
633898
633967
633975
634008
634022
634076
634157
634207
634384
634408
634518
634666
635026
635079
635100
635281
635488
635491
635503
635526
635534
635572
635599
635948
635952
635962
636014
636206
636309
636356
636387
636464
636473
636561
636578
636611
636700
636787
636926
637160
637280
637352
637424
637437
637575
637846
637914
638006
638102
638245
638387
638428
638431
638595
638786
638813
638849
638856
638962
639104
639122
639149
639197
639275
639309
639491
639611
639655
639821
639880
639949
639956
640039
640290
640391
640486
640728
640843
640989
641044
641060
641102
641167
641468
641577
641696
641702
641909
641972
642088
642116
642161
642359
642542
642561
642681
642772
642806
642857
642872
642903
643061
643267
643756
643901
644139
644179
644210
644256
644265
644315
644451
644511
644931
644951
645044
645339
645352
645370
645693
645805
646034
646040
646068
646070
646171
646667
646741
646897
647031
647055
647163
647199
647472
647680
647887
648246
648269
648340
648356
648397
648400
648552
648645
648740
648783
648827
648858
648899
649027
649121
649224
649258
649440
649626
649632
649658
649713
650064
650105
650506
650674
650691
651011
651284
651296
651478
651576
651600
651630
651943
651956
652059
652156
652221
652291
652298
652307
652355
652366
652535
652650
652658
652718
652725
652743
652806
652809
652840
653006
653114
653289
653367
653460
653523
653545
653551
653612
653699
653706
653760
653862
653952
653974
654014
654136
654264
654329
654401
654418
654425
654578
654810
655047
655056
655116
655551
655552
655574
655940
656001
656090
656183
656268
656430
656533
656590
656653
656922
656955
656986
657293
657323
657407
657595
657626
657631
657636
657713
657740
657848
657854
657995
658026
658039
658060
658129
658176
658217
658567
658599
658732
658820
658855
658939
659090
659174
659338
659383
659402
659464
659468
659602
659628
659648
659684
659700
660060
660068
660239
660284
660481
660539
660777
660803
660881
660996
661296
661383
661482
661673
661764
661860
661924
661946
662013
662150
662189
662218
662288
662298
662484
662665
662733
663097
663114
663275
663339
663387
663663
663679
663881
663886
664037
664329
664330
664376
664502
664508
664611
664713
664854
664886
665079
665154
665199
665224
665265
665425
665485
665521
665595
665750
665886
665935
665988
666211
666444
666627
666780
666782
666862
666998
667030
667171
667177
667556
667799
668033
668155
668356
668537
668716
669185
669190
669305
669349
669408
669471
669501
669606
669694
669895
669938
670147
670223
670244
670312
670314
670333
670419
670531
670578
670630
670643
670738
670791
670883
671065
671130
671202
671368
671400
671783
671839
671854
672081
672152
672171
672201
672224
672260
672348
672497
672538
672567
672653
672700
672720
672728
673000
673047
673130
673135
673188
673427
673794
674244
674366
674371
674467
674717
674843
674848
674903
674984
675199
675292
675353
675412
675548
675587
675654
675693
675751
676030
676066
676263
676510
676715
676928
676930
676934
676947
676970
677311
677335
677400
677699
677784
677826
677951
678119
678156
678179
678214
678514
678515
678695
678713
678825
678861
678970
679209
679295
679449
679569
679647
679770
679882
679898
680250
680365
680382
680425
680439
680452
680482
680487
680492
680510
680686
680700
680782
680898
681115
681133
681146
681156
681224
681236
681487
681571
681634
681749
681869
682072
682092
682295
682353
682361
682530
682591
682631
682637
682778
682795
682840
683001
683008
683039
683070
683114
683425
683524
683712
683739
683783
683806
683905
683947
684002
684137
684275
684318
684384
684486
684506
684507
684649
684670
684775
684888
685093
685331
685455
685564
685747
686320
686331
686338
686541
686570
686572
686584
686625
686697
686807
686817
686891
687005
687199
687258
687320
687544
687651
687736
687807
687808
687842
687890
687913
687990
688010
688069
688355
688444
688642
688674
688850
689025
689088
689196
689475
689693
689919
690133
690682
690771
690840
690858
690879
690890
690898
691034
691262
691271
691311
691425
691507
691625
691893
691912
691952
692019
692126
692173
692188
692305
692466
692472
692497
692528
692541
692570
692610
692674
692910
692929
692979
693255
693298
693452
693462
693551
693584
693672
693675
693819
693820
693967
694169
694172
694289
694335
694352
694391
694501
694799
694865
695088
695136
695331
695444
695597
695688
695732
695745
695777
695877
695930
695936
696102
696189
696279
696298
696404
696558
696678
696714
696728
696925
697133
697244
697428
697498
697528
697533
697909
697959
697993
698016
698071
698146
698158
698239
698240
698387
698415
698580
698698
698804
698966
699074
699087
699147
699211
699253
699269
699282
699342
699357
699481
699544
699560
699586
699752
699803
699954
700073
700097
700173
700211
700310
700314
700378
700407
700655
700929
700961
701207
701285
701297
701381
701387
701610
701621
701722
701786
701796
701852
701859
701966
702334
702512
702546
702565
702821
702854
702952
702996
703158
703168
703256
703371
703429
703461
703504
703681
704015
704036
704154
704175
704336
704352
704539
704866
704892
705020
705023
705052
705110
705319
705692
705762
705857
705927
705929
706011
706017
706045
706057
706081
706250
706365
706636
706871
707073
707111
707144
707272
707388
708186
708198
708260
708274
708295
708334
708434
708485
708493
708498
708525
709238
709399
709417
709439
709574
709822
709958
710045
710067
710242
710494
710500
710621
710795
710812
710820
710830
710832
710939
711028
711069
711088
711138
711295
711450
711536
711548
711601
711852
711872
711902
711916
711942
712021
712130
712306
712383
712396
712546
712874
713203
713294
713359
713386
713746
713949
713985
714068
714088
714113
714246
714333
714419
714496
714639
714706
714821
714867
714941
715004
715039
715057
715176
715191
715311
715329
715484
715489
715674
715696
715872
716001
716011
716031
716061
716108
716117
716247
716338
716406
716476
716720
716818
716867
717115
717295
717308
717372
717379
717873
717905
717965
718192
718356
718485
718625
718767
719186
719273
719282
719565
719579
719636
719743
719820
719842
719910
719972
719998
720005
720280
720384
720769
721079
721137
721189
721220
721224
721246
721265
721332
721349
721356
721595
721669
721680
721705
721709
721714
721819
721895
722129
722206
722362
722557
722612
722617
722626
722727
722843
722986
723000
723024
723058
723112
723176
723251
723268
723403
723445
723552
723713
723786
723874
723960
724007
724008
724065
724177
724378
724417
724972
725067
725294
725455
725463
725831
725835
725935
725986
726081
726086
726102
726127
726289
726324
726390
726395
726520
726542
726636
726844
726905
726916
726987
726998
727075
727333
727378
727424
727543
727572
727885
727909
727958
727969
728135
728160
728252
728353
728482
728522
728630
728641
728704
728707
728869
729011
729102
729146
729161
729294
729413
729419
729433
729725
729833
729847
729959
729986
730000
730041
730084
730095
730184
730243
730285
730298
730301
730509
730524
730616
730703
730760
730789
730833
730878
730914
730960
731160
731211
731293
731333
731358
731390
731420
731488
731536
731550
731578
731612
731828
731880
731947
732038
732117
732211
732268
732412
732586
732640
732687
732857
732894
732981
732984
733019
733065
733140
733168
733169
733228
733282
733290
733582
733686
733769
734180
734234
734244
734482
734659
735063
735089
735193
735208
735237
735299
735513
735779
735801
735919
736081
736220
736355
736421
736424
736473
736509
736525
736577
736869
736976
736988
737071
737142
737314
737322
737365
737376
737497
737604
737629
737661
737740
738293
738301
738445
738557
738802
738959
739009
739037
739081
739153
739463
739466
739557
739582
739679
739736
739764
739829
739991
740025
740156
740161
740227
740298
740362
740375
740447
740545
740572
740579
740600
740627
740725
740729
740793
740897
741051
741183
741236
741309
741347
741474
741700
741708
741805
741897
741898
742110
742484
742862
742906
743280
743285
743343
743437
743527
743542
743611
743616
743671
743713
743723
743778
743890
743900
744033
744038
744064
744069
744110
744219
744384
744454
744473
744479
744628
744637
744796
744802
744924
745081
745146
745220
745261
745439
745533
745561
745729
745764
745781
746145
746177
746189
746239
746608
746692
746969
747027
747077
747292
747528
747772
747813
747828
747879
747887
747932
747935
748106
748110
748262
748356
748445
748607
748641
748774
748835
748883
748967
749073
749188
749376
749466
749522
749530
749583
749728
749914
749974
750065
750078
750274
750304
750318
750393
750433
750434
750653
750654
750695
750717
750744
750782
750894
750982
751088
751161
751168
751209
751376
751500
751684
751795
751902
751980
752014
752635
752714
752844
752879
752880
753056
753069
753132
753147
753252
753297
753444
753518
753656
753752
753798
753929
754023
754092
754104
754126
754152
754160
754226
754364
754371
754398
754536
754568
754697
754707
754713
754726
754744
754833
754991
755094
755129
755175
755359
755377
755391
755484
755490
755495
755625
755746
755935
755986
756227
756474
756576
756702
756836
756982
757546
757564
757784
757786
757801
757930
757997
758022
758075
758104
758126
758162
758229
758291
758327
758400
758487
758502
758647
758943
759123
759409
759576
759761
760023
760034
760076
760350
760384
760397
760481
760503
760524
760660
761083
761098
761139
761145
761334
761515
761531
761603
761617
761660
761667
761876
761926
762293
762298
762309
762511
762572
762575
762657
762706
762724
762795
762886
762985
763115
763158
763498
763537
763568
764000
764231
764245
764261
764303
764366
764383
764447
764475
764488
764527
764613
764788
764842
764858
764889
764910
764957
765168
765187
765214
765279
765327
765354
765494
765732
765794
765875
766588
766699
766790
766899
767001
767135
767137
767258
767275
767310
767328
767337
767344
767525
767602
767624
767706
767710
767721
767788
767792
767822
767933
768044
768114
768182
768211
768223
768224
768348
768386
768490
768519
768555
768587
768808
769007
769035
769176
769221
769462
769493
769536
769542
769642
769654
769853
769904
769945
769996
770010
770027
770244
770398
770399
770818
770878
770881
770901
771102
771107
771140
771246
771256
771313
771671
771791
771856
771981
772098
772137
772166
772344
772377
772502
772515
772531
772624
772747
773239
773267
773396
773424
773466
773598
773880
774221
774263
774306
774326
774381
774409
774410
774464
774540
774879
775010
775053
775265
775444
775450
775524
775536
775841
775893
775915
775972
776139
776237
776309
776376
776404
776501
776843
777148
777277
777350
777474
777855
778076
778092
778133
778201
778315
778344
778492
778616
778673
778818
779065
779071
779276
779442
779548
779604
779626
779777
779823
779847
779852
780052
780149
780172
780196
780345
780385
780492
780506
780535
780690
780704
780711
780712
780811
780823
780856
781133
781371
781391
781524
781748
781799
782050
782164
782288
782477
782690
782739
782892
782946
783179
783276
783288
783350
783410
783453
783521
783523
783608
783618
783827
784006
784056
784220
784343
784365
784513
784702
784757
784798
785066
785087
785171
785203
785224
785364
785375
785446
785460
785461
785494
785619
785625
785683
785795
785847
786128
786324
786327
786384
786435
786484
786513
786528
786533
786559
786596
786600
786614
787001
787357
787439
787623
787630
787764
787769
787913
788196
788339
788381
788430
788452
788472
788529
788604
788663
788738
788870
788888
788977
789100
789158
789324
789351
789374
789473
789533
789577
789613
789649
789689
789734
789854
789895
789984
790205
790219
790467
790570
790621
790673
790689
790729
790735
790741
790754
790777
790788
791086
791164
791299
791496
791789
791963
791970
792077
792272
792401
792409
792600
792700
792825
793042
793055
793120
793156
793200
793311
793369
793390
793454
793568
793738
793798
793810
793841
793858
793872
793918
794119
794120
794293
794575
794748
794761
794776
794861
794938
795083
795236
795237
795445
795449
795477
795491
795872
795958
796081
796122
796140
796239
796248
796577
796694
796704
796797
796946
797054
797148
797277
797307
797345
797444
797504
797524
797540
797783
797937
797995
798075
798518
798648
798832
798846
798871
799005
799136
799199
799406
799588
799653
800087
800115
800229
800247
800310
800359
800373
800435
800450
800503
800505
800659
800756
800858
800949
801544
801661
801748
801802
801894
802020
802108
802184
802332
802464
802553
802589
802610
802611
802680
802692
802919
802956
802979
803060
803103
803152
803181
803223
803334
803396
803398
803485
803524
803617
803626
803922
803942
804206
804211
804263
804298
804347
804522
804606
804628
804656
804676
804748
804757
804838
804961
805102
805236
805285
805328
805333
805362
805480
805693
805784
805797
805820
805926
806041
806080
806113
806292
806301
806364
806603
806654
806670
806678
806714
807037
807080
807152
807501
807538
807761
807784
808004
808032
808143
808156
808228
808234
808289
808419
808435
808751
809186
809340
809384
809408
809512
809542
809670
809723
809784
809854
809917
810177
810301
810456
810604
810847
810877
811173
811405
811532
811586
811680
811697
811719
811728
811732
812018
812019
812131
812364
812568
812872
812914
813045
813058
813065
813274
813325
813374
813415
813483
813671
813804
813833
813946
814021
814028
814045
814104
814297
814421
814466
814476
814486
814517
814584
814715
814786
814796
815000
815103
815140
815168
815327
815404
815468
815627
815732
815754
815897
816002
816052
816097
816339
816505
816615
816812
816876
816893
817148
817158
817287
817394
817684
817711
817749
817784
817787
817887
817936
817947
818118
818200
818384
818429
818484
818617
818749
818940
819277
819339
819340
819533
819558
819604
819787
819850
819967
820065
820303
820418
820460
820794
820921
821052
821396
821593
821868
821896
821928
821968
822122
822131
822228
822601
822712
822824
822998
822999
823064
823141
823245
823366
823496
823563
823592
823595
823730
823758
823863
823875
824095
824110
824130
824159
824195
824462
824518
824721
824921
824952
825132
825224
825250
825259
825345
825593
825612
825666
825784
825821
826034
826069
826290
826466
826470
826570
826673
826736
826808
826827
826891
826894
827101
827439
827455
827656
827766
827786
827812
827829
827917
827983
828047
828201
828283
828303
828315
828452
828498
828534
828625
828688
828698
828766
829095
829189
829342
829369
829421
829512
829574
829733
829823
829894
829969
830198
830202
830395
830558
830722
830742
830752
830841
830947
831154
831193
831220
831366
831379
831417
831501
831810
831842
831845
831988
832024
832337
832458
832506
832799
833023
833294
833322
833340
833376
833470
833473
833592
833835
834232
834298
834369
834679
834775
834948
834970
835385
835398
835583
835588
835648
835787
835888
836024
836348
836356
836555
836700
837194
837299
837441
837506
837562
837608
837613
837640
837809
837883
837889
837910
837947
837948
837962
838040
838054
838097
838105
838411
838454
838585
838687
838762
838770
838784
839168
839451
839597
839598
839626
839838
839895
839997
840135
840366
840368
840382
840412
840479
840520
840581
840613
840828
840831
840881
841257
841292
841389
841398
841578
841624
841755
841854
841897
841917
842029
842418
842499
842506
842728
842736
842863
842899
842916
843041
843054
843093
843190
843261
843270
843510
843557
843766
843785
843890
843977
844017
844198
844211
844298
844312
844451
844544
844623
844641
844651
844721
844974
844990
845081
845366
845427
845443
845796
845993
846329
846503
846754
846851
846894
846925
846937
846953
847228
847334
847354
847399
847490
847720
847729
847814
848092
848236
848385
848412
848501
848518
848519
848537
848753
849118
849162
849216
849392
849423
849464
849587
849633
849777
849855
850194
850200
850208
850834
850846
850953
851074
851176
851203
851288
851289
851337
851374
851391
851460
851532
851544
851561
851635
851772
851869
851871
851960
851992
852033
852041
852152
852373
852488
852780
852794
852823
852888
852981
853037
853129
853270
853294
853490
853538
853611
853648
853769
853814
853819
853943
854020
854028
854128
854148
854149
854181
854272
854283
854352
854390
854695
854873
854934
855152
855185
855231
855236
855363
855406
855510
855549
855779
856029
856107
856179
856186
856306
856322
856398
856455
856502
856513
856547
856581
856713
856783
856791
856984
857042
857165
857180
857274
857338
857366
857380
857491
857636
857916
858508
858615
858622
858675
858802
858975
859482
859558
859610
859628
859709
859839
859909
859923
860256
860300
860385
860435
860484
860664
860743
860894
860918
860967
860977
861067
861163
861304
861306
861331
861422
861499
861674
861733
861747
862096
862188
862493
862591
862593
862619
862626
862698
862848
862896
862899
863008
863028
863129
863233
863308
863318
863469
863592
863635
863696
863800
863864
864286
864353
864480
864533
864593
864623
864677
864685
864739
864771
864801
864921
864981
865037
865139
865165
865171
865203
865257
865926
865977
866134
866314
866326
866435
866743
866783
866835
866867
866871
866965
867076
867093
867202
867288
867334
867485
867647
867745
867927
868083
868135
868216
868268
868509
868547
868570
868788
868848
868943
869152
869192
869278
869422
869486
869704
869726
869773
869785
869808
869838
869894
869950
870203
870248
870260
870343
870574
870608
870627
870794
870964
870971
871112
871120
871209
871240
871452
871509
871530
871720
871764
871888
871916
872080
872151
872362
872482
872667
872808
873135
873162
873367
873394
873551
873658
873667
873692
873923
873972
874251
874280
874296
874337
874390
874502
874506
874821
874885
874906
875196
875398
875400
875406
875517
875634
875827
876017
876247
876287
876331
876637
876730
876840
876900
876905
877067
877174
877195
877259
877331
877531
877539
877720
877771
877813
877828
877897
878051
878171
878202
878205
878345
878407
878411
878508
878521
878723
878864
878884
878913
878938
878964
879105
879123
879154
879184
879202
879236
879358
879368
879405
879443
879460
879650
879676
879922
880003
880119
880137
880149
880221
880548
880608
880664
880699
880873
880989
880999
881062
881196
881260
881480
881572
881806
881849
881910
882149
882207
882316
882339
882596
882716
882821
882875
882973
883006
883175
883321
883403
883508
883538
883651
883654
883886
883965
884276
884353
884361
884378
884554
884565
884583
884587
884593
884721
884882
884922
885033
885045
885174
885418
885437
885774
885884
885943
886028
886036
886290
886314
886606
886881
887058
887137
887305
887318
887355
887428
887741
887863
888038
888251
888503
888630
888790
888962
889072
889085
889127
889186
889399
889448
889451
889459
889616
889715
889962
890030
890044
890185
890221
890284
890678
890831
890854
890881
891141
891230
891299
891346
891837
891961
892126
892258
892284
892314
892422
892607
892670
892817
892971
893019
893166
893474
893515
893605
893817
893999
894123
894303
894305
894366
894394
894400
894506
894566
894611
894710
894729
894737
894817
895117
895168
895242
895251
895298
895348
895447
895450
895484
895498
895515
895524
895623
895873
895943
896287
896449
896511
896710
896727
896927
896973
897028
897339
897452
897639
897825
897828
898052
898089
898272
898321
898431
898477
898551
898576
898717
898747
898843
898864
899050
899155
899252
899334
899406
899408
899549
899747
899916
900043
900073
900110
900147
900249
900803
900824
900923
901232
901481
901586
901703
901749
901769
901823
901852
901945
901997
902066
902128
902175
902216
902228
902238
902337
902732
902739
903009
903346
903426
903482
903614
903792
904075
904271
904358
904374
904538
904636
904920
905020
905206
905211
905220
905257
905271
905433
905495
905633
905715
905782
905796
905997
906170
906176
906376
906581
906711
906816
906867
906873
906987
907121
907423
907443
907562
907672
907708
907719
907738
907810
907931
907979
908148
908202
908341
908353
908625
908652
908653
908798
908850
909043
909101
909102
909133
909155
909216
909335
909345
909406
909601
909618
909631
909676
909755
909957
909999
910006
910131
910158
910166
910188
910216
910247
910336
910573
910605
910686
910897
911000
911249
911303
911332
911376
911504
911797
911848
911921
912045
912149
912150
912183
912196
912272
912386
912443
912631
912644
912705
912990
913021
913175
913181
913236
913238
913328
913466
913527
913893
914082
914094
914220
914273
914316
914431
914433
914553
914767
914843
914854
915075
915146
915265
915285
915628
915749
915846
916104
916105
916138
916313
916397
916776
916783
916803
917123
917189
917379
917497
917536
917845
917872
917878
918314
918427
918663
918734
918839
918867
918981
919003
919104
919205
919317
919504
919537
919553
919572
919791
920007
920187
920567
920719
920837
920854
920879
921109
921146
921207
921211
921253
921297
921562
921569
921784
921827
922005
922113
922149
922200
922259
922263
922430
922536
922554
922677
922794
922924
923111
923386
923404
923571
923590
923725
923738
923796
923860
923906
924018
924154
924544
924616
924696
924881
924983
925201
925460
925649
925702
925806
925807
925936
926072
926323
926350
926612
926642
926671
926699
926895
926930
927027
927041
927105
927137
927172
927175
927312
927546
927682
927747
927818
927839
927960
927997
928226
928300
928444
928533
928553
928679
928788
928845
928881
928914
929277
929284
929410
929609
929688
929745
929847
929929
930027
930164
930185
930277
930284
930301
930487
930489
930510
930552
930633
930727
931014
931026
931060
931116
931137
931202
931310
931340
931415
931532
931718
931741
931804
931814
931822
931986
932002
932004
932011
932026
932061
932125
932284
932399
932681
932839
932864
932919
932927
933005
933050
933055
933062
933104
933282
933431
933469
933548
933651
934021
934067
934077
934143
934158
934314
934582
934625
934871
934977
934987
935007
935025
935244
935257
935277
935314
935381
935415
935417
935484
935633
935664
935802
935911
935968
936230
936285
936316
936414
936668
936859
937091
937166
937226
937316
937358
937389
937594
938151
938204
938326
938328
938340
938455
938569
938582
939277
939545
939702
939727
939956
940036
940103
940238
940285
940286
940427
940611
941220
941293
941342
941422
941484
941508
941611
941669
941835
941869
941872
941973
942259
942264
942271
942365
942379
942448
942455
942540
943069
943121
943156
943259
943438
943445
943475
943566
943804
943850
943882
943889
944017
944044
944219
944477
944891
945009
945141
945190
945278
945427
945465
945495
945873
945917
945940
946098
946125
946339
946506
946684
946724
946759
946796
946842
946912
946999
947164
947418
947574
947735
947737
947754
947858
947910
948050
948414
948464
948534
948563
948631
948662
949016
949189
949238
949317
949351
949353
949357
949369
949448
949501
949541
949737
949756
949807
949913
950375
950555
950559
950803
950860
950888
951003
951034
951162
951246
951303
951309
951314
951407
951512
951524
951565
951641
951692
951706
951837
951906
951938
952098
952150
952184
952307
952336
952461
952719
952784
952829
952836
952923
952942
952968
953153
953199
953525
953555
953992
954062
954124
954174
954244
954279
954282
954366
954380
954407
954655
954762
954900
954931
955130
955155
955176
955264
955360
955482
955526
955584
955646
955753
956030
956084
956233
956393
956515
956591
956849
956850
956935
956951
957030
957073
957165
957210
957258
957434
957566
957772
957812
957947
957965
957966
957968
958047
958177
958183
958332
958410
958546
958659
958693
958858
958964
959045
959270
959302
959460
959638
959686
959945
960127
960266
960557
960581
960599
960792
960964
960983
960987
961188
961387
961541
961724
961847
961956
962414
962508
962622
962810
962860
962949
962955
963134
963173
963423
963640
963668
963670
963854
963901
963914
964049
964131
964281
964346
964444
964527
964577
964601
964602
964620
964673
964897
964906
965025
965294
965350
965457
965660
965696
965835
965901
965932
965954
966268
966273
966509
966708
966754
966914
967006
967215
967222
967245
967342
967348
967427
967468
967600
967677
967704
967747
967772
967834
967855
967994
968082
968102
968124
968164
968274
968500
968543
968555
968607
968731
968750
968817
968826
968859
968920
968934
969084
969096
969100
969130
969234
969388
969414
969501
969515
969622
969798
969881
969882
969982
970055
970170
970377
970420
970479
970536
970895
970910
970971
971055
971094
971096
971208
971388
971532
971549
971593
971696
971719
971742
971943
972079
972221
972247
972320
972417
972536
972605
972941
972967
973030
973322
973340
973439
973445
973792
974033
974145
974158
974375
974477
974830
974940
974964
974980
975127
975236
975279
975303
975326
975375
975534
975612
975688
975724
975731
975735
975766
975963
976033
976257
976284
976338
976602
976775
976782
976898
977045
977082
977247
977290
977300
977334
977363
977405
977484
977624
977928
977935
977952
977966
977986
978015
978265
978267
978323
978389
978462
978571
978850
978938
978988
979019
979068
979092
979101
979251
979364
979465
979492
979846
980045
980146
980427
980552
980614
980637
980739
980792
980922
981051
981159
981243
981256
981430
981435
981709
982116
982333
982504
982608
982647
982675
982921
982961
983071
983100
983150
983285
983335
983393
983467
983473
983684
983789
983855
983979
984120
984179
984376
984578
984620
984675
984800
984824
984954
985067
985358
985577
985645
985884
986011
986085
986169
986178
986261
986398
986746
986805
986836
986848
986862
986919
987209
987246
987361
987362
987452
987478
987578
987730
987985
988066
988102
988210
988213
988241
988250
988467
988566
988583
988585
988630
988663
988725
988754
988873
989190
989281
989309
989356
989678
989689
989710
989732
989747
989862
989896
990006
990313
990545
990614
990990
991082
991175
991224
991260
991379
991528
991567
991679
991795
991841
991901
991910
992190
992286
992344
992423
992497
992659
992795
992809
992928
992954
992989
993034
993305
993318
993327
993459
993591
993770
993783
994001
994247
994373
994521
994661
994697
994825
994826
995026
995092
995135
995160
995274
995278
995337
995373
995535
995619
995623
995782
996022
996206
996235
996438
996676
996683
997004
997070
997225
997285
997293
997818
997847
997853
997856
997868
997969
998042
998060
998096
998333
998354
998439
998638
998695
998835
998992
999243
999264
999276
999289
999411
999579
999625
999915
999971
