36
40
84
212
268
449
515
672
844
858
873
1045
1056
1057
1310
1397
1467
1536
1537
1689
1692
1736
1929
2005
2084
2132
2220
2241
2262
2298
2321
2855
3012
3063
3085
3194
3211
3381
3468
3586
3701
3722
3772
3858
3895
3919
3970
4013
4036
4060
4092
4235
4395
4531
4590
4615
4658
4814
5136
5152
5184
5311
5329
5445
5453
5591
5655
6040
6233
6402
6448
6482
6578
6580
6641
6678
6740
6745
6817
6965
7032
7178
7225
7239
7366
7373
7398
7421
7543
7755
7797
7833
7873
8062
8151
8208
8405
8455
8511
8873
8898
8939
8946
9104
9257
9413
9610
9963
9979
10051
10123
10317
10330
10364
10544
10587
10728
10764
10784
10830
10832
11131
11355
11504
11636
11654
11720
11845
12014
12167
12215
12479
12748
12834
12888
12915
13019
13080
13351
13431
13548
13673
13752
13855
14405
14419
14543
14575
14657
14779
14832
14903
15108
15697
15724
15727
15732
15754
15756
15759
16059
16187
16240
16319
16471
16590
16595
16690
16743
16762
17024
17097
17293
17321
17386
17403
17460
17463
17480
17494
17555
17563
17708
17819
17909
17988
18161
18318
18346
18401
18494
18671
18752
18784
18889
19021
19083
19088
19123
19281
19320
19351
19390
19425
19445
19553
19662
19705
19863
19955
20330
20378
20402
20637
20685
20753
20777
20806
20843
21069
21180
21241
21352
21362
21475
21521
21538
21611
21747
21983
22003
22181
22186
22208
22253
22270
22378
22480
22605
22656
22995
23044
23266
23273
23436
23518
23542
23651
23779
24158
24188
24470
24559
24861
25092
25138
25487
25702
25895
25991
25995
26084
26248
26344
26551
26568
26721
26734
26808
26821
26871
26974
26983
27033
27046
27348
27368
27513
27638
27664
28235
28414
28535
28635
28692
28798
28845
28880
28894
29000
29009
29105
29330
29405
29520
29588
29644
29849
29911
30047
30118
30219
30272
30274
30311
30338
30461
30526
30616
30784
30867
30944
31165
31380
31487
31620
31764
31990
32080
32081
32163
32206
32228
32287
32288
32421
32481
32530
32754
32783
32810
32916
32937
32981
33070
33175
33180
33187
33209
33220
33276
33282
33321
33472
33553
33596
33599
33691
33699
33716
33720
33781
33983
34114
34273
34353
34369
34390
34494
34508
34546
34555
34591
34624
34696
34698
34719
34725
34830
35042
35276
35302
35437
35451
35491
35568
35572
35690
35728
35736
36131
36167
36235
36356
36385
36495
36564
36705
36742
36859
36917
37078
37306
37424
37597
37771
37921
37940
38172
38247
38347
38423
38575
38680
38695
38726
38837
38877
39150
39343
39533
39765
39843
39917
39930
39998
40037
40045
40136
40281
40339
40688
40763
41206
41210
41231
41277
41288
42086
42183
42232
42316
42396
42730
42753
43072
43125
43309
43314
43374
43378
43423
43746
43907
44067
44146
44397
44513
44609
44691
44693
45157
45315
45450
45496
45542
45582
45836
45988
46017
46036
46131
46149
46170
46330
46520
46580
46658
47066
47085
47086
47162
47747
47799
49090
49189
49206
49254
49364
49644
49664
49696
49709
49733
49735
49790
50132
50219
50262
50339
50412
50429
50472
50574
50587
50872
51113
51151
51228
51231
51356
51384
51430
51476
51589
51799
51851
51964
52115
52143
52239
52284
52502
52605
52775
53037
53051
53179
53187
53278
53436
53506
53516
53680
53686
53714
53779
53854
54369
54504
54643
54820
54868
54882
54894
54926
55000
55276
55285
55430
55548
55615
55640
55684
55730
55747
55818
55858
55980
56067
56155
56327
56419
56477
56674
56949
57077
57089
57101
57164
57266
57278
57448
57557
57565
57587
57727
57793
57818
57846
57973
57982
58051
58069
58189
58202
58344
58350
58423
58459
58562
58574
58596
58670
58970
59007
59061
59228
59262
59488
59554
59615
59773
59828
59960
60002
60043
60048
60087
60114
60278
60614
60720
60807
60947
61050
61137
61198
61205
61232
61296
61371
61414
61495
61501
61550
61554
61677
61705
61707
61755
61922
61938
61947
61997
62296
62360
62379
62417
62422
62453
62675
62809
62845
62885
62950
62963
62981
63220
63261
63275
63474
63477
63632
63714
63772
63889
63935
64009
64148
64239
64386
64633
64641
64671
64750
64931
64951
65006
65018
65191
65268
65326
65369
65401
65656
65728
65754
65845
66087
66178
66205
66444
66590
66673
66704
66777
66827
66842
66878
67267
67296
67378
67440
67455
67694
67956
68105
68282
68364
68380
68413
68575
68605
68839
68878
68882
68896
68995
69384
69831
70163
70212
70293
70483
70512
70574
70846
70868
70888
70959
71061
71083
71101
71310
71325
71454
71473
71482
71608
71651
71730
71863
71900
71914
72194
72255
72321
72407
72417
72545
72585
72674
72738
72763
72767
72893
72987
73009
73245
73618
73649
73899
73991
74290
74337
74404
74659
74834
74875
74960
75024
75219
75300
75319
75360
75478
75517
75614
75617
75771
75859
75871
75931
76087
76153
76177
76241
76272
76276
76367
76400
76496
76726
76928
77074
77239
77267
77299
77477
77491
77583
77791
77793
77802
77829
77984
78207
78210
78337
78425
78624
78688
78705
78741
78794
78853
79150
79228
79625
79751
79794
79805
80040
80145
80399
80515
80529
80547
80772
80920
81010
81214
81230
81269
81359
81407
81531
81924
82575
82910
82979
83090
83188
83190
83283
83311
83463
83577
83639
83848
83904
84138
84215
84227
84417
84420
84511
84556
84581
84593
84625
84709
84723
84740
84832
84850
84902
85012
85068
85171
85265
85554
85639
85670
85699
85702
85754
85765
85807
85879
86123
86158
86174
86246
86390
86472
86509
86532
86632
86715
86755
86867
86954
86978
86981
87199
87339
87372
87378
87400
87451
87479
87519
87678
87975
88029
88061
88070
88231
88500
88579
89020
89102
89125
89611
89745
89760
89889
90041
90206
90278
90419
90628
90655
90679
90804
90846
90900
91105
91143
91162
91338
91420
91422
91578
91686
92123
92174
92226
92227
92404
92444
92446
92494
92512
92718
92855
92930
93108
93172
93844
94047
94051
94069
94087
94112
94114
94376
94489
94530
94625
94639
95163
95819
95842
95990
96095
96127
96176
96252
96287
96576
96623
96638
96991
97076
97078
97227
97284
97358
97610
97668
97871
98191
98245
98408
98528
98604
98708
98778
98918
98965
99049
99071
99155
99156
99193
99256
99491
99632
99689
99826
99869
99943
99953
100103
100115
100344
100352
100545
100692
100829
101053
101213
101243
101596
101625
101654
101691
101763
101775
101777
102001
102254
102366
102475
102491
102558
102610
102655
102808
102927
103080
103170
103702
103945
103996
104003
104019
104217
104455
104565
104572
104646
104677
104748
104781
104806
104883
104911
105039
105074
105157
105197
105198
105304
105320
105441
105579
105916
106020
106122
106363
106417
106539
106581
106666
106681
106741
106747
106858
107199
107306
107456
107491
107528
107677
107700
107749
107839
107920
107942
107944
108083
108094
108190
108228
108262
108288
108346
108964
109070
109144
109561
109922
110119
110192
110511
110570
110665
110715
110796
111108
111135
111271
111357
111368
111506
111751
111826
111866
111980
112014
112031
112200
112313
112392
112507
112670
112690
112768
112990
113034
113042
113260
113276
113318
113413
113447
113466
113576
113653
113683
113739
113745
113816
113981
113983
113996
114029
114123
114371
114424
114509
114571
114621
114697
114785
114814
114833
114977
115253
115305
115486
115578
115653
115667
115827
115834
115838
115867
115977
116112
116122
116153
116280
116322
116334
116391
116491
116571
116650
116693
117004
117201
117267
117342
117347
117570
117778
117897
117914
117963
117979
117984
118013
118035
118085
118159
118318
118353
118379
118658
118786
118816
119173
119271
119317
119324
119335
119402
119511
119811
119992
120136
120163
120204
120241
120291
120310
120545
120581
120671
120864
120910
120916
121060
121163
121195
121208
121214
121227
121338
121360
121473
121495
121640
121648
121670
121740
121851
121871
121904
122322
122331
122356
122357
122359
122372
122375
122403
122767
122924
123101
123179
123206
123219
123231
123234
123285
123317
123336
123445
123649
123821
123825
123827
123845
123901
124057
124111
124127
124172
124227
124307
124385
124460
124530
125017
125059
125066
125420
125430
125557
125589
125643
125667
126080
126170
126183
126423
126653
126754
126835
126838
126861
126875
126899
126926
127053
127071
127129
127249
127426
127459
127508
127600
127657
127690
127839
127900
127922
127950
127967
127983
128226
128406
128427
128525
128605
128622
128681
128934
128981
129950
129999
130071
130091
130118
130459
130474
130508
130584
130897
130945
130973
131182
131231
131233
131412
131481
131518
131535
131882
131951
131966
132035
132124
132318
132362
132546
132704
132782
132810
132847
132930
133109
133274
133375
133395
133853
133874
133924
133954
134039
134058
134084
134138
134164
134271
134285
134289
134405
134482
134535
134694
134751
134816
134997
135015
135035
135263
135333
135396
135476
135704
135983
136313
136439
136677
136713
136724
136847
137089
137126
137187
137368
137553
137606
137847
137964
138190
138195
138211
138281
138402
139182
139304
139331
139551
139760
139762
139800
139802
139940
139951
140121
140158
140166
140237
140252
140470
140638
140848
140967
140988
141032
141127
141258
141341
141416
141638
141778
141861
142243
142338
142341
142384
142390
142523
142592
142791
142803
142804
142834
142852
142974
143017
143212
143254
143283
143449
143566
143622
143634
143804
143854
143898
143969
144137
144596
144603
144715
144819
144915
144973
145018
145020
145024
145052
145103
145107
145176
145363
145558
145598
145599
145647
145765
145767
145806
145811
145932
146054
146467
146618
146634
146771
146797
146830
146875
146876
146897
146942
147021
147375
147449
147591
148018
148050
148182
148581
148721
148844
148878
148890
148948
148963
148985
149162
149167
149297
149378
149385
149500
149615
149762
149814
149989
150143
150170
150271
150656
150694
150725
150728
150811
150848
150872
150892
150997
151003
151020
151065
151200
151218
151306
151328
151403
151459
151481
151488
151594
151620
151688
151780
151928
151974
152244
152377
152418
152505
152728
152837
152881
152964
153056
153115
153156
153287
153300
153710
154057
154222
154253
154417
154509
154545
154635
155024
155063
155078
155314
155437
155554
155598
155700
155956
156174
156238
156297
156392
156421
156463
156483
156527
156549
156594
156788
156885
157234
157300
157396
157655
157824
158051
158122
158162
158284
158667
158679
158711
158815
158932
159012
159057
159330
159400
159514
159618
159674
159716
159723
159724
159938
160058
160091
160116
160372
160481
160525
160576
160909
160932
160992
161004
161031
161063
161120
161202
161225
161309
161375
161405
161506
161522
161586
161590
161813
162283
162289
162319
162349
162386
162639
162669
162822
162885
162994
163533
163581
163695
163767
163787
163866
163868
163972
164049
164134
164229
164326
164331
164373
164394
164487
164520
164521
164729
164936
165072
165135
165194
165263
165508
165550
165835
166001
166241
166362
166382
166475
166501
166508
166574
166718
166743
166753
166836
166875
166925
167053
167084
167112
167203
167253
167435
167686
167695
167703
167819
167838
167910
168161
168165
168188
168267
168324
168388
168427
168469
168564
168643
168739
168839
169095
169162
169396
169443
169716
169904
169938
170039
170090
170245
170289
170347
170869
171003
171041
171112
171327
171579
171786
171949
171987
172022
172066
172090
172132
172171
172465
172494
172557
172593
172614
172749
172775
172812
172920
173064
173177
173510
173619
173805
173948
173990
174018
174116
174127
174280
174308
174352
174518
174601
174609
174619
174644
174750
174799
174954
174988
175003
175069
175072
175126
175129
175312
175330
175356
175378
175529
175577
175731
175975
176300
176337
176424
176713
176831
176858
176891
177130
177251
177305
177409
177494
177522
177634
177658
177742
177749
177874
177891
177916
177961
178021
178203
178221
178363
178454
178459
178704
178860
179039
179077
179080
179106
179121
179230
179440
179728
179861
179885
179889
180004
180019
180040
180070
180169
180330
180569
180724
180844
180894
180938
181020
181062
181377
181387
181388
181510
181773
181876
182083
182107
182366
182509
182571
182613
182914
183078
183154
183190
183248
183333
183489
183669
183712
183737
184034
184096
184221
184255
184290
184354
184364
184418
184817
184916
184973
185151
185247
185370
185572
185580
185657
185661
185667
185731
185812
185907
186066
186119
186215
186230
186428
186462
186475
186479
186512
186567
186644
186835
187077
187117
187218
187475
187690
187933
188077
188361
188365
188725
188936
188997
189089
189090
189541
189900
189989
190009
190111
190115
190235
190341
190404
190440
190509
190710
190815
190835
191110
191163
191236
191400
191684
191701
192263
192301
192377
192478
192507
192509
192578
192595
192783
192795
192881
193165
193245
193280
193329
193382
193593
193639
193668
193788
194047
194112
194123
194153
194353
194639
194666
194683
194763
194786
194817
194847
194861
194901
194950
194967
195016
195068
195133
195144
195626
195646
195653
195698
195831
196227
196384
196731
196852
196913
196917
196975
196986
197036
197114
197160
197260
197301
197530
197541
197677
197688
197704
197728
197868
197908
198033
198069
198124
198159
198334
198411
198454
198561
198575
198837
198863
199011
199125
199419
199475
199549
199644
199659
199765
199848
200018
200085
200191
200193
200195
200299
200700
200740
200786
201032
201162
201548
201586
201594
201797
201875
202184
202410
202442
202446
202739
202878
202879
202913
203080
203095
203242
203257
203465
203541
203795
203818
203882
204082
204466
204491
204640
204824
204900
204907
204912
204986
205030
205181
205420
205421
205462
205650
205656
205729
205732
205867
205954
206059
206096
206139
206240
206562
206736
206743
206771
206857
206984
207073
207076
207224
207406
207544
207616
208037
208054
208087
208290
208319
208492
208523
208564
208618
208662
208780
208946
209270
209279
209310
209658
209803
209909
210154
210270
210281
210285
210557
210745
210887
210941
211017
211050
211057
211114
211151
211209
211533
211592
211929
212001
212079
212109
212133
212332
212484
212526
212595
212699
212747
212789
212893
212927
213024
213072
213102
213279
213318
213354
213373
213417
213492
213563
213684
213842
214211
214273
214397
214418
214474
214770
214799
215023
215211
215228
215329
215490
216034
216121
216181
216288
216415
216658
216681
216700
217018
217361
217434
217544
217662
217675
217709
217814
217851
217901
217962
217984
218095
218121
218164
218248
218280
218368
218371
218379
218414
218428
218452
218623
218646
218652
218802
218913
218927
218995
219111
219128
219160
219304
219327
219738
219759
219894
220046
220059
220134
220247
220261
220458
220486
220521
220563
220640
220682
220735
221026
221096
221442
221487
221516
221618
221786
221819
221957
222019
222056
222063
222222
222386
222565
222588
222685
222726
222754
222795
222844
222856
223006
223035
223247
223640
223777
223781
223944
223995
224092
224146
224192
224206
224294
224315
224453
224514
224906
224982
225048
225277
225394
225419
225498
225499
225538
225687
225707
225719
225836
225856
225955
226078
226106
226351
226429
226564
226571
226692
226715
226930
226993
227048
227152
227157
227163
227167
227186
227250
227359
227399
227545
227644
227680
227724
227848
228078
228096
228382
228442
228474
228569
228658
228749
228788
228800
228915
229004
229042
229167
229418
229525
229639
229681
229847
229905
230059
230065
230085
230088
230177
230300
230348
230382
230467
230484
230594
230609
230633
230694
230850
230950
231013
231070
231073
231155
231183
231192
231432
231458
231742
231845
231846
231871
232100
232193
232257
232341
232571
232675
232753
232924
232998
233249
233290
233432
233575
233651
233868
233885
233902
233965
233991
234203
234218
234274
234320
234345
234352
234418
234423
234691
234831
234857
234895
235217
235312
235444
235696
235753
235789
235795
235956
236001
236081
236234
236260
236390
236477
236627
236723
236774
236887
236946
236957
237004
237115
237183
237219
237661
238057
238178
238295
238382
238418
238461
238573
238642
238807
238818
238833
238936
239037
239083
239242
239324
239375
239497
239499
239578
239595
239833
239891
239932
239997
240056
240073
240085
240242
240331
240534
240547
240662
240758
240804
240948
241026
241120
241189
241191
241233
241251
241276
241280
241298
241701
241841
241864
241965
242017
242082
242086
242137
242235
242430
242470
242472
242757
242805
242816
242869
242928
242939
242992
243168
243372
243486
243532
243592
243767
243813
243835
243981
244058
244086
244252
244305
244308
244341
244429
244438
244721
245038
245268
245295
245408
245423
245692
245736
245751
245889
246098
246196
246378
246420
246544
246614
246619
246632
246674
246713
246851
247043
247085
247111
247304
247395
247566
247811
247852
247899
247927
247998
248215
248223
248289
248325
248431
248474
248586
248660
248725
248726
248736
248790
248804
248899
248917
248971
249329
249528
249585
249757
249819
250202
250215
250451
250581
250687
250737
250794
250809
251009
251147
251228
251368
251419
251477
251576
251589
251594
251701
251747
251806
251933
251952
252054
252187
252300
252333
252508
252537
252543
252728
253287
253466
253594
253685
253690
253962
254031
254051
254123
254184
254187
254220
254349
254459
254574
254831
254937
254996
255017
255088
255103
255185
255255
255585
255667
255739
255974
256261
256285
256353
256492
256543
256588
256687
256689
256805
256882
256993
257032
257120
257161
257268
257286
257473
257500
257571
257577
257584
257753
257890
258010
258110
258225
258234
258257
258263
258281
258638
258643
258804
258927
259421
259597
259646
259708
259712
259994
260016
260158
260245
260347
260496
260549
260614
260993
261017
261286
261329
261347
261408
261567
261703
261839
261888
262017
262099
262846
262891
262955
263042
263071
263105
263242
263255
263293
263321
263346
263361
263362
263420
263581
263620
263867
263941
264130
264263
264279
264600
264687
264924
264939
264996
265108
265126
265384
265435
265459
265709
265839
265892
265910
266266
266424
266579
266691
266729
266748
266852
266890
266927
267110
267160
267236
267273
267363
267724
267855
268005
268030
268050
268057
268129
268186
268208
268257
268311
268323
268347
268493
268622
268709
268806
268813
268852
268880
268887
268900
268952
269068
269199
269219
269418
269426
269531
269587
269598
269620
269644
269747
269765
269842
270137
270380
270565
270597
270790
270887
270955
270978
271285
271290
271353
271392
271397
271450
271478
271505
271564
271575
271662
271749
271851
271885
272072
272138
272139
272384
272454
272534
272577
272614
272778
272873
272930
273118
273308
273315
273364
273393
273473
273515
273643
273662
273698
273815
273835
274142
274204
274216
274270
274315
274423
274541
274625
274654
274663
274862
274889
275304
275332
275401
275608
275700
275784
276037
276290
276360
276362
276540
276613
276642
276667
276689
276706
276933
277009
277114
277320
277323
277431
277486
277553
278043
278044
278085
278198
278214
278270
278279
278397
278402
278431
278607
278626
278662
278787
278877
278989
279300
279388
279416
279531
279616
279707
279714
279812
280264
280321
280501
280506
280521
280571
280615
280651
280687
280721
280739
280886
280957
281079
281246
281460
281606
282055
282139
282296
282360
282581
282610
282626
282655
282668
282730
282889
283095
283224
283372
283651
283791
283849
283889
283890
284059
284165
284234
284313
284394
284591
284735
284921
284922
285069
285080
285123
285158
285167
285225
285302
285304
285366
285445
285467
285556
285579
285591
285627
285673
285758
285824
286055
286344
286479
286482
286529
286540
286747
286836
286877
286911
286984
287021
287062
287087
287336
287341
287598
287619
287767
287872
287982
288019
288097
288152
288238
288339
288895
288930
288961
288987
289193
289199
289303
289467
289646
290057
290071
290445
290517
290629
290709
290832
291013
291315
291361
291530
291605
291699
291919
291969
292193
292198
292276
292317
292344
292580
292641
292685
292799
292945
292999
293039
293132
293134
293270
293281
293314
293373
293436
293516
293559
293711
293879
293994
294054
294217
294316
294344
294547
294726
294832
294882
294893
295134
295170
295199
295611
295839
296380
296478
296568
296738
296789
296908
296970
296983
297046
297271
297496
297629
297633
297642
298020
298153
298384
298409
298431
298448
298522
298670
298779
298830
299262
299273
299304
299334
299449
299535
299636
300083
300188
300492
300704
300733
300790
300819
301156
301195
301196
301278
301301
301303
301512
301720
301929
302448
302477
302504
302537
302741
302780
303287
303423
303444
303992
304321
304361
304362
304499
304740
304756
304914
305045
305360
305384
305413
305516
305555
305618
305622
305650
305683
305827
305839
306011
306160
306232
306287
306544
306711
306766
306771
307012
307033
307478
307602
307735
307810
307925
307951
307979
308068
308126
308236
308308
308590
308613
308630
308642
308681
309047
309312
309333
309510
309635
310146
310192
310219
310299
310448
310476
310487
310553
310557
310692
310976
311143
311420
311565
311879
312011
312067
312105
312323
312480
312630
312662
312681
312739
312796
313006
313074
313253
313309
313334
313399
313454
313594
313700
313771
313810
313823
314039
314291
314397
314433
314503
314627
314800
315408
315488
315541
315681
315734
315825
316215
316232
316263
316351
316417
316428
316482
316595
316596
316659
316663
316743
316997
317127
317378
317565
317640
317762
317935
318044
318219
318235
318279
318539
318582
318615
318705
318899
318909
319027
319105
319116
319207
319322
319833
319858
319875
319911
319930
319933
320045
320049
320058
320197
320268
320311
320361
320380
320463
320665
320715
320813
321037
321104
321136
321219
321378
321565
321605
321662
321679
321685
321694
321730
321785
321867
322069
322135
322222
322320
322335
322492
322513
322518
322528
322610
323030
323200
323330
323366
323461
323584
323590
323610
323655
323781
323912
324203
324428
324507
324549
324593
324663
324865
324904
324938
324966
325022
325160
325276
325422
325433
325470
325596
325625
325719
325726
325739
325766
325799
325916
325928
326055
326106
326252
326348
326396
326404
326445
326781
326904
327094
327118
327132
327197
327261
327316
327359
327379
327411
327426
327572
327687
327734
327742
327813
327877
328279
328362
328434
328481
328494
328516
328544
328680
328717
328723
328730
328764
329008
329144
329244
329280
329284
329438
329519
329657
329713
329953
330019
330261
330347
330662
330803
330854
331187
331192
331309
331473
331533
331580
331696
331790
332401
332482
332620
332753
332792
332875
332980
333045
333051
333097
333333
333342
333402
333441
333639
333782
333868
334076
334485
334616
334659
334764
334945
335068
335285
335366
335639
335850
335856
335900
335922
336085
336124
336197
336210
336304
336349
336811
336828
336845
336948
336968
337363
337367
337589
337971
337972
338041
338050
338310
338580
338716
338750
338765
338842
338862
338882
338917
338942
338992
339039
339300
339380
339669
339746
339763
339836
339881
339961
339964
339970
340022
340237
340338
340368
340476
340549
340657
340771
340812
340821
340924
340986
341098
341127
341178
341298
341331
341364
341874
341941
342170
342197
342223
342410
342456
342609
342646
342727
342733
342747
342750
343002
343142
343193
343297
343526
343601
343662
343746
343891
344044
344365
344701
344932
344955
344995
345030
345092
345127
345523
345604
345646
345730
345870
345923
346028
346155
346178
346317
346337
346704
346753
346762
346783
346792
346889
347034
347376
347407
347456
347606
347725
347744
347841
347956
347981
347991
348038
348047
348170
348228
348230
348451
348452
348508
348667
348746
348988
349057
349234
349513
349624
349849
350053
350234
350243
350267
350649
350925
351249
351305
351307
351412
351438
351495
351647
351950
351978
352082
352178
352183
352371
352439
352467
352475
352549
352677
352823
352876
353001
353406
353423
353539
353759
353988
354005
354130
354561
354724
354733
354770
354896
355043
355222
355234
355307
355599
355760
355829
355926
356112
356146
356169
356223
356450
356621
356625
356791
356918
356926
357010
357021
357055
357133
357259
357310
357376
357470
357636
357922
358163
358187
358232
358380
358388
358410
358496
358645
358687
358688
358909
358962
359029
359058
359142
359217
359234
359320
359700
359779
359810
359841
359979
360063
360106
360124
360148
360218
360248
360509
360528
360573
360637
360647
360665
360810
360827
360836
360850
361107
361243
361470
361889
361946
362113
362229
362237
362258
362278
362331
362383
362422
362566
362766
362964
363321
363336
363356
363373
363387
363429
363474
363775
363854
363963
363990
364022
364026
364129
364248
364557
364695
364902
365014
365091
365173
365219
365338
365397
365477
365512
365646
365712
366031
366046
366071
366108
366115
366151
366196
366288
366522
366607
366635
366798
366801
366849
366995
367146
367586
367610
367677
367769
367785
367819
367880
367889
368129
368137
368190
368224
368250
368457
368507
368718
368754
368936
369240
369264
369438
369564
369853
369950
370183
370217
370256
370267
370732
370948
371110
371168
371359
371447
371602
371990
372065
372191
372200
372382
372451
372480
372482
372495
372526
372639
372644
372827
372923
372960
373031
373051
373117
373186
373272
373787
374080
374284
374305
374312
374385
374407
374484
374485
374595
374603
374734
374750
374753
374755
374808
374827
374868
374975
375279
375315
375332
375358
375513
375674
375773
375781
375833
375861
375894
375911
376109
376151
376239
376369
376667
376965
377135
377153
377167
377290
377310
377863
377866
378061
378169
378172
378202
378294
378434
378567
378587
378741
378804
378888
378905
378950
379020
379102
379260
379344
379390
379551
379588
379634
379813
379854
379954
380204
380424
380530
380581
380643
380825
380890
380933
381003
381054
381055
381178
381250
381392
381400
381407
381617
381667
381687
381758
382149
382311
382531
382623
382678
382679
382743
382888
382920
383356
383592
383666
383688
383877
383937
384013
384285
384312
384537
384792
384836
384961
385035
385071
385080
385160
385204
385326
385380
385425
385549
385869
385894
386113
386204
386455
386516
386520
386573
386615
386646
386843
386896
386925
387005
387090
387108
387122
387178
387235
387375
387552
387579
387632
387836
387884
387897
388036
388139
388569
388576
388646
388763
388833
388863
388874
388884
389055
389073
389181
389405
389493
389583
389611
389684
389950
390212
390225
390231
390352
390715
391119
391141
391242
391288
391416
391489
391517
391524
391572
391614
391751
391760
391804
391890
391939
392051
392078
392277
392410
392670
392709
392751
392875
392883
393134
393146
393238
393341
393399
393452
393528
393749
393938
393950
394107
394356
394404
394507
394532
394659
394668
394683
394692
394719
395024
395119
395246
395551
395909
396410
396482
396490
396491
396788
396955
396989
397130
397173
397178
397213
397322
397610
397806
397839
397864
397946
398041
398061
398078
398317
398370
398398
398437
398514
398567
398658
398740
398830
398844
398855
398977
399102
399428
399827
399935
399957
399969
400205
400232
400531
400612
400630
400890
400941
400946
400979
401107
401234
401256
401333
401364
401385
401538
401724
401796
402004
402064
402097
402117
402200
402590
402635
402700
402792
402795
402810
402886
402922
402955
403040
403163
403271
403407
403520
403529
403616
403729
403753
403982
404071
404259
404418
404562
404785
405016
405148
405210
405469
405524
405644
405651
405652
405688
406278
406496
406681
406876
406953
407133
407195
407576
407586
407650
407718
407743
408044
408053
408060
408091
408235
408340
408421
408495
408513
408517
408561
408835
409068
409113
409235
409249
409305
409626
409783
409787
409812
410078
410083
410477
410860
410883
410992
411000
411001
411030
411100
411118
411487
411607
411636
411858
411860
411986
412011
412387
412499
412797
413020
413343
413440
413477
413773
413823
414012
414049
414053
414281
414446
414486
414493
414528
414707
414770
414903
415039
415137
415164
415257
415298
415304
415401
415477
415542
415578
415645
415908
415974
416056
416129
416612
416773
416813
416954
417000
417054
417272
417352
417385
417618
417663
417681
418190
418216
418274
418410
418521
418541
418548
418600
418804
418886
418896
418901
418919
418937
419109
419326
419732
419752
419942
420024
420066
420088
420124
420253
420288
420291
420323
420360
420472
421149
421198
421271
421468
421501
421607
421680
421832
421897
421910
422017
422123
422301
422353
422407
422446
422491
422507
422826
422833
422872
422896
422958
423152
423171
423411
423419
423422
423637
423651
423682
423761
423767
424446
424683
424760
424833
424839
424906
424913
424931
425007
425014
425361
425384
425511
425576
425767
425798
425909
425934
425993
426131
426224
426274
426436
426518
426599
426670
426919
426924
427004
427022
427093
427169
427182
427469
427542
427596
427689
427867
428022
428287
428360
428401
428477
428484
428532
428652
428724
428777
428792
428886
429016
429119
429151
429186
429221
429256
429344
429447
429568
429817
429842
429855
429967
429982
430175
430454
430549
430566
430579
430596
430649
430827
430859
430902
430969
431026
431036
431157
431166
431546
431562
431573
431604
431634
431666
431681
431798
431961
431977
431996
432501
432585
432590
432785
433255
433264
433281
433290
433310
433323
433433
433964
433978
434021
434068
434092
434150
434163
434478
434666
434694
434750
434766
434791
435007
435074
435176
435200
435206
435411
435635
435810
435934
436069
436148
436204
436231
436292
436366
436382
436653
436683
436808
436997
437060
437304
437562
437883
438012
438175
438260
438281
438321
438414
438623
438866
438894
438941
439150
439180
439343
439462
439473
439511
439516
439575
439684
439812
439833
439942
440127
440232
440259
440371
440380
440458
440487
440536
440929
441092
441195
441278
441332
441364
441534
441575
441620
441706
441788
441789
441853
442259
442345
442355
442402
442527
442831
443039
443097
443168
443248
443381
443469
443507
443532
443820
443850
443907
443929
443935
443949
444134
444140
444238
444302
444337
444456
444472
444479
444484
444534
444805
444826
444886
444984
445132
445253
445331
445558
445587
445639
445718
445750
445958
445977
446011
446034
446120
446204
446219
446254
446261
446379
446433
447089
447121
447207
447217
447279
447285
447382
447485
447519
447609
447784
447982
448022
448038
448210
448219
448239
448244
448405
448415
448432
448531
448552
448661
448693
448805
448821
448848
448905
449113
449318
449350
449463
449589
449605
449698
449826
449897
450048
450279
450387
450452
450754
450999
451134
451193
451514
451636
451857
452014
452094
452107
452124
452242
452405
452489
452566
452602
452614
452705
452736
452882
452885
452900
452911
453036
453049
453056
453228
453301
453820
454106
454125
454129
454268
454586
454597
454609
454959
455105
455130
455154
455244
455303
455351
455398
455417
455646
455653
455812
455875
456011
456066
456337
456382
456527
456538
456597
456632
456644
456674
456753
456893
456989
457106
457250
457378
457379
457746
457827
457864
457875
458108
458124
458156
458167
458220
458239
458250
458262
458446
458635
458807
458967
459013
459143
459163
459170
459254
459255
459602
459628
459638
459709
459746
459749
459788
459999
460212
460254
460270
460564
460630
460665
460922
460936
460988
461336
461384
461392
461487
461509
461547
461690
462040
462072
462088
462121
462147
462231
462241
462265
462336
462614
462663
462763
462860
462996
463270
463282
463327
463435
463524
463542
463571
463747
463771
463991
464008
464117
464128
464147
464315
464421
464543
464654
464713
464809
464840
464863
464940
465182
465312
465313
465347
465361
465368
465453
465526
465600
465671
465678
465800
465996
466218
466471
466548
466633
466699
466834
466857
467005
467117
467143
467179
467474
467488
467536
467625
467729
467739
467822
467841
467845
468173
468237
468250
468542
468591
468600
468695
468788
468935
468948
468966
469050
469061
469114
469433
469494
469691
469932
470012
470020
470063
470099
470140
470219
470521
470598
470895
471189
471243
471320
471419
471432
471442
471481
471593
472028
472083
472127
472195
472238
472242
472734
472960
473173
473197
473220
473654
473802
474113
474182
474298
474393
474405
474520
474752
474774
474793
474972
475010
475029
475083
475150
475315
475351
475522
475642
475767
475824
475947
476069
476209
476241
476261
476384
476771
476775
476949
476973
477078
477094
477196
477216
477355
477386
477706
477769
477785
477936
478029
478157
478371
478400
478477
478563
478598
478990
479122
479133
479187
479246
479259
479297
479544
479631
479835
479952
479970
480018
480044
480530
480747
480938
480962
480986
481211
481228
481254
481277
481315
481367
481422
481432
481501
481681
481690
481824
481905
482036
482086
482215
482511
482518
482630
482651
482713
482861
483023
483165
483201
483282
483339
483405
483603
483666
483677
483710
483733
483747
483847
483901
483906
483949
483950
484047
484092
484101
484186
484244
484606
484657
484723
484803
484805
485065
485129
485216
485699
485771
485788
486191
486295
486313
486436
486483
486567
486675
486838
486956
486958
487094
487260
487478
487563
487594
487608
487665
487742
487831
487867
487875
487936
487992
488042
488186
488191
488280
488388
488420
488465
488488
488597
488669
488712
488730
488850
488960
489006
489082
489204
489294
489316
489673
489713
489761
489778
489834
490123
490201
490278
490372
490418
490619
490624
490819
491001
491104
491105
491158
491183
491197
491258
491324
491348
491434
491479
491807
492001
492030
492047
492050
492184
492236
492375
492605
492687
492748
492757
492778
492935
493165
493177
493226
493428
493430
493443
493768
493784
493791
493899
493974
494007
494134
494143
494221
494266
494285
494287
494372
494414
494464
494774
494841
494910
495122
495211
495268
495367
495385
495449
495503
496087
496537
496587
496627
496664
496866
497019
497053
497237
497245
497405
497434
497572
497884
497891
497939
497980
498100
498145
498160
498214
498270
498367
498499
498603
498645
498945
499023
499074
499135
499188
499276
499278
499329
499335
499351
499493
499545
499557
499614
499762
499818
499857
499957
500097
500152
500178
500223
500368
500404
500570
500592
500739
501323
501330
501442
501704
501737
501771
501874
501908
501917
501971
502379
502459
502525
502585
502677
502820
502839
502954
503025
503080
503282
503418
503426
503496
503667
503724
503788
503831
504014
504118
504311
504350
504375
504389
504403
504725
504802
504834
504983
505137
505369
505408
505479
505555
505561
505698
505722
505891
506117
506360
506420
506527
506531
506628
506655
506694
506781
506844
506926
506944
506945
506993
507112
507181
507262
507295
507315
507402
507477
507494
507498
507583
507613
507672
507722
507840
507850
507909
508052
508103
508234
508374
508437
508441
508538
508552
508580
508595
508617
508625
508704
508715
508746
508895
509015
509214
509238
509300
509311
509394
509414
509458
509578
509579
509587
509853
509870
509879
510001
510168
510169
510256
510320
510725
511036
511113
511181
511185
511227
511243
511314
511531
511664
511779
511829
511840
511889
511900
512011
512328
512480
512515
512559
512621
512847
513288
513407
513952
514059
514276
514368
514380
514397
514718
514766
514838
514886
514997
515036
515072
515084
515163
515166
515233
515238
515355
515368
515499
515569
516264
516344
516589
516692
516704
516868
516935
516988
516997
517268
517317
517360
517414
517531
517657
518030
518071
518079
518137
518138
518152
518183
518209
518269
518451
518480
518549
518730
518815
519037
519150
519351
519410
519502
519667
519862
519872
520151
520267
520293
520318
520341
520343
520883
520892
521157
521281
521306
521438
521516
521721
521725
521748
521946
522261
522308
522456
522499
522568
522599
522645
522725
522775
522788
522875
522918
522976
523007
523084
523154
523181
523319
523325
523369
523679
523928
524168
524372
524380
524389
524484
524538
524579
524809
524813
525068
525191
525235
525289
525493
525495
525554
525565
526006
526048
526106
526116
526173
526177
526322
526407
526450
526451
526534
526757
526884
526974
527136
527162
527202
527214
527390
527458
527493
527545
527552
527593
527648
527660
527844
527857
527955
527970
528183
528257
528338
528443
528483
528497
528622
528627
528720
529315
529463
529465
529517
529653
529779
529859
529949
530143
530194
530211
530385
530397
530619
530690
530694
530925
531024
531233
531514
531609
531694
531960
531970
532320
532371
532389
532398
532461
532471
532559
532730
532759
532785
532921
532980
533083
533128
533237
533296
533314
533379
533491
533516
533543
533545
533669
533688
533758
533785
533786
533787
533857
534287
534328
534473
534540
535146
535203
535295
535363
535432
535589
535609
535705
535717
535859
536360
536390
536465
536541
536676
536755
536791
536881
536970
537201
537240
537282
537410
537472
537523
537697
537850
537953
538085
538112
538133
538188
538322
538349
538384
538581
538633
538711
538721
538757
538815
538829
538895
538999
539018
539198
539203
539344
539512
539537
539651
539703
539780
539784
539815
539834
539888
539939
539964
539971
540068
540091
540131
540486
540589
540599
540609
540614
540659
540728
540820
540987
541051
541063
541112
541117
541212
541434
541491
541589
541960
542108
542183
542478
542654
542659
542721
543009
543026
543049
543131
543176
543231
543302
543443
543584
543613
543683
543801
543860
544022
544051
544057
544229
544239
544309
544335
544409
544563
544657
544842
545041
545093
545175
545226
545294
545308
545402
545610
545691
545732
545734
545808
545816
545906
545940
546088
546216
546227
546305
546369
546497
546504
546521
546596
546680
546835
546923
546995
546997
547022
547106
547333
547347
547412
547445
547498
547612
547756
547899
547947
547975
548022
548073
548169
548173
548260
548308
548341
548369
548385
548393
548599
548691
548729
548743
549298
549315
549328
549335
549590
549620
549840
550073
550081
550389
550588
550611
550871
550946
550981
551285
551493
551585
551637
551931
552006
552054
552121
552152
552244
552299
552431
552484
552595
552620
552817
552941
552968
553077
553161
553220
553229
553271
553287
553352
553365
553392
553396
553455
553665
553704
553752
553769
553887
553912
553920
553985
553992
554027
554066
554220
554247
554259
554349
554548
554658
554665
554836
555162
555204
555292
555562
555614
555629
555751
555778
555872
555950
556054
556144
556185
556324
556422
556480
556739
556958
557094
557097
557363
557446
557460
557515
557586
557665
557935
557940
557964
558161
558195
558294
558389
558467
558537
558605
558645
558672
558681
558731
558923
558974
559132
559181
559316
559522
559842
559869
559885
559896
560005
560316
560344
560370
560384
560397
560557
560576
560651
560815
561093
561249
561280
561287
561302
561350
561539
561570
561641
561651
561669
561710
561717
561828
561946
561949
561963
562129
562278
562333
562356
562609
562764
562834
562861
562950
563011
563290
563438
563480
563732
563737
563742
563855
563989
564060
564066
564243
564300
564388
564400
564508
564550
564642
564832
565070
565194
565239
565263
565315
565355
565361
565386
565554
565601
565607
565795
565837
565849
565918
566047
566110
566231
566528
566544
566722
566727
566777
567009
567160
567288
567307
567430
567438
567494
567519
567540
567594
567882
567957
567962
568067
568071
568187
568219
568289
568574
568602
568620
568660
568737
568747
568957
568970
569051
569171
569178
569188
569382
569387
569459
569541
569807
569815
569847
569886
570163
570747
570878
570948
571002
571034
571310
571325
571469
571607
571641
571785
571787
572011
572371
572415
572485
573081
573099
573189
573208
573331
573393
573395
573427
573475
573528
573638
573734
573900
573972
574119
574216
574223
574307
574360
574409
574436
574565
574638
574697
574736
574780
575140
575160
575242
575500
575549
575677
575684
575773
575801
575820
575859
575877
576087
576169
576362
576366
576455
576570
576628
576715
576768
576773
576786
576821
576842
576974
577466
577597
577608
577776
577942
578272
578301
578424
578603
578658
578664
578714
578845
578935
579216
579305
579370
579396
579406
579502
579523
579550
579675
579722
579824
579828
579847
579881
579920
580136
580205
580339
580404
580524
580671
580690
580759
581110
581222
581224
581230
581344
581401
581415
581538
581544
581572
581591
581758
581795
581946
582026
582231
582614
582755
582931
583187
583460
583601
583622
583682
583728
583782
583785
583839
583875
583894
584034
584040
584179
584269
584312
584642
584835
584858
584994
585065
585105
585116
585159
585179
585222
585324
585552
585764
585774
585882
585937
586026
586039
586041
586218
586231
586322
586327
586386
586448
586485
586488
586497
586695
586876
586893
586964
587185
587203
587231
587448
587492
587528
587576
587800
587822
587883
588020
588075
588167
588200
588298
588381
588534
588615
588661
588855
588969
589036
589512
589594
589608
589695
589920
589964
590047
590096
590662
590674
590703
590704
590852
591231
591392
591662
591731
591827
592058
592080
592202
592279
592286
592317
592414
592704
592785
592872
592937
593359
593456
593465
593713
593781
593943
594201
594402
594631
594669
594856
594994
595065
595281
595286
595300
595335
595531
595726
595745
595795
596037
596318
596341
596367
596562
596659
596692
596720
596898
596916
596932
596945
596978
597036
597252
597339
597358
597384
597473
597482
597489
597508
597534
597786
597795
597887
598118
598168
598347
598424
598459
598501
598531
598585
598872
599140
599169
599224
599259
599298
599422
599473
599517
599633
599974
600006
600012
600195
600415
600562
600694
600698
600908
600973
600978
601022
601086
601214
601461
601556
601822
601880
602119
602215
602223
602410
602470
602748
602855
602875
602926
602964
603026
603043
603307
603443
603489
603700
603713
603747
603896
603913
603932
603938
604049
604095
604298
604400
604481
604576
604623
604906
604999
605107
605239
605248
605254
605292
605429
605534
605703
605722
605756
605785
606070
606173
606192
606202
606340
606370
606388
606504
606579
606607
606740
606995
607017
607018
607157
607176
607307
607429
607572
607574
607654
607681
607738
607777
607991
608036
608039
608078
608392
608413
608715
608758
608878
609430
609542
609577
609591
609626
609727
609755
609892
610452
610535
610537
610578
610613
610644
610717
610748
610854
610863
610936
611095
611276
611449
611461
611556
611579
611748
611812
611824
612223
612266
612335
612506
612543
612746
612806
612913
612918
613090
613112
613242
613257
613333
613382
613398
613406
613433
613491
613561
613736
613797
613859
613951
613989
614007
614231
614246
614723
614731
614776
614897
614967
615122
615317
615360
615510
615519
615537
615542
615620
615685
615839
615855
615905
615978
616000
616026
616106
616286
616370
616405
616446
616466
616477
616489
616567
616761
616819
616945
617020
617293
617529
617597
617673
617813
618039
618061
618161
618197
618419
618421
618551
618630
618752
619262
619324
619402
619447
619550
619787
619792
619831
619845
619922
619938
619959
619961
620177
620248
620290
620466
620472
620543
620568
620679
620682
620917
621143
621191
621275
621520
621789
621964
621991
622095
622198
622284
622435
622461
622462
622800
622823
622850
622851
623363
623442
623585
623884
623983
624039
624084
624130
624131
624410
624494
624645
624898
624919
624933
624985
625002
625166
625196
625358
625408
625429
625455
625457
625467
625604
625989
626142
626159
626288
626308
626594
626703
626720
626912
627028
627104
627205
627318
627813
627856
627857
627905
627975
627990
628250
628382
628535
628547
628849
628999
629210
629227
629237
629406
629542
629556
629572
629609
629671
629702
629736
629767
629916
629921
630162
630179
630524
630577
630820
630829
631016
631078
631268
631381
631409
631547
631595
631596
631639
631801
632021
632031
632035
632039
632238
632299
632370
632582
632639
632768
632812
632843
632894
633200
633427
633461
633609
633640
633762
633874
633958
633965
634031
634310
634362
634365
634394
634399
634644
634687
634716
634743
634758
634764
634837
634863
635005
635010
635120
635409
635442
635481
635519
635683
636059
636150
636259
636272
636299
636389
636467
636468
636575
636673
636731
636819
636845
636867
636927
637122
637271
637485
637620
637639
637686
637773
637783
637937
638164
638277
638295
638334
638337
638599
638619
638784
638846
638916
639013
639079
639477
639528
639624
639647
639673
639879
639931
640046
640103
640122
640310
640574
640716
640892
640990
641001
641008
641133
641198
641266
641373
641398
641459
641544
641569
641778
641818
641905
641927
642039
642123
642186
642226
642373
642720
642951
643240
643312
643482
643614
643647
643649
643704
643722
643891
643914
643933
643939
643972
643974
643989
644083
644539
644677
644747
644754
644779
645056
645107
645112
645187
645212
645235
645431
645527
645818
645849
645865
645872
646107
646214
646332
646359
646766
646846
646940
646946
647110
647125
647136
647250
647361
647717
647897
647941
648036
648040
648260
648306
648401
648420
648450
648498
648557
648749
648870
648907
648968
649091
649225
649252
649374
649379
649448
649485
649747
649917
649926
650090
650101
650149
650179
650234
650316
650328
650331
650359
650414
650450
650745
650763
650863
651121
651174
651682
651704
651916
651926
651946
652025
652033
652187
652200
652207
652552
652558
652633
652706
652829
652938
653028
653514
653605
653652
653721
654037
654068
654087
654395
654490
654684
654690
654817
654920
654956
654966
655030
655112
655285
655433
655600
655615
655739
655911
656128
656166
656177
656206
656645
656676
656684
656702
656732
656806
656893
656944
657166
657266
657356
657363
657397
657423
657432
657488
657534
657719
657812
657829
657832
658051
658294
658619
658637
658777
658786
658787
658891
658896
658966
659223
659443
659556
659762
659887
659980
660049
660078
660079
660235
660253
660286
660298
660314
660523
660599
660759
660874
660907
661144
661235
661294
661529
661631
661817
661981
662005
662091
662105
662171
662209
662328
662382
662467
662708
662801
662903
663026
663093
663203
663314
663363
663674
663695
663818
663850
663870
663875
663910
664069
664089
664184
664234
664332
664420
664590
664627
664642
665050
665073
665341
665415
665428
665463
665494
665522
665540
665561
665903
665912
665920
665976
666010
666019
666407
666469
666488
666643
667012
667577
667600
667839
667961
668137
668273
668317
668351
668411
668480
668532
668596
668640
668673
668782
668827
668870
668906
668980
668995
669024
669090
669151
669152
669169
669274
669414
669506
669622
669893
669973
669984
669989
670160
670196
670286
670413
670855
670870
671002
671048
671057
671093
671140
671454
671519
671711
671827
671872
672116
672136
672156
672420
672432
672495
672550
672562
672743
672957
673025
673312
673318
673414
673449
673494
673566
673622
673643
673861
673901
674181
674256
674275
674508
674519
674591
674596
674601
674797
674813
674825
674923
674988
675110
675164
675178
675194
675352
675517
675542
675558
675596
675742
675771
675800
675862
675864
675936
675941
676203
676209
676300
677098
677178
677185
677250
677288
677292
677410
677510
677775
677918
677919
678103
678383
678872
678896
679026
679089
679126
679136
679247
679394
679429
679674
679805
679847
680016
680275
680351
680447
680625
680649
680725
680959
681040
681099
681151
681242
681350
681358
681428
681478
681585
681851
681938
681974
682097
682116
682363
682461
682467
682522
682586
682675
682992
683156
683374
683577
683636
683874
683986
684059
684389
684559
684562
684586
684744
684755
684761
684784
685207
685287
685389
685393
685700
685741
685933
685940
686083
686240
686289
686373
686450
686465
686720
686802
686839
686935
686970
687066
687171
687488
687627
687811
687910
687940
687941
687961
687985
688286
688471
688598
688632
688710
688744
688805
688870
688983
689014
689048
689232
689261
689380
689423
689459
689543
689647
689702
689728
689943
690093
690100
690158
690348
690647
690666
690679
690695
690710
690912
690949
691025
691277
691327
691342
691458
691482
691504
691527
691602
691661
691679
691749
692138
692211
692269
692325
692438
692573
692946
693064
693139
693198
693269
693530
693920
693932
694042
694191
694232
694240
694393
694641
694676
694729
694916
694942
694949
695137
695212
695240
695394
695537
695541
695545
695711
695790
695906
695997
696242
696334
696370
696488
696489
696526
696527
696588
696599
696657
696744
696760
696942
696982
697104
697116
697284
697364
697399
697446
697547
697600
697608
697715
697730
697996
698073
698217
698229
698235
698261
698406
698585
698800
699110
699114
699139
699167
699182
699413
699567
699593
699745
699826
699866
699876
700162
700240
700366
700497
700613
700754
700864
700895
700993
701025
701250
701257
701276
701330
701547
701665
701787
701829
701844
701846
702014
702321
702511
702556
702704
702789
702848
702901
702989
703029
703045
703056
703080
703130
703275
703490
703739
704118
704174
704222
704295
704329
704356
704377
704535
704693
704856
704875
704920
705154
705183
705197
705234
705527
705618
706063
706064
706204
706298
706315
706405
706443
706452
706472
706521
706640
706674
706676
706677
706696
706714
706804
706843
706870
707024
707062
707084
707142
707165
707236
707512
707600
707666
707761
707779
707920
708255
708330
708347
708360
708437
708628
708658
708823
709098
709146
709380
709538
709616
709659
709663
709733
709906
710027
710204
710221
710294
710620
710763
711325
711432
711850
712138
712192
712434
712626
712650
712757
712973
713015
713141
713182
713351
713883
713885
714034
714186
714197
714472
714474
714481
714929
715038
715316
715342
715373
715381
715536
715653
715656
716049
716118
716335
716479
716598
716662
716670
716884
716919
717080
717162
717302
717556
717795
718043
718052
718216
718352
718542
718741
718811
718833
718845
718922
718960
719018
719062
719169
719516
719804
719855
720173
720262
720377
720561
721003
721300
721412
721471
721538
721573
721578
721721
722017
722036
722102
722159
722300
722304
722348
722442
722505
722799
722965
722989
722995
723113
723375
723501
723512
723682
723833
723930
723932
723934
724034
724055
724057
724218
724273
724347
724380
724381
724451
724486
724554
724659
724683
724893
724916
724951
725089
725413
725489
725582
725661
725695
726357
726376
726543
726631
726652
726698
726714
726769
726830
727112
727230
727326
727351
727482
727492
727535
727573
727629
727769
727791
727931
727936
727957
728064
728158
728167
728189
728196
728216
728247
728304
728307
728334
728407
728701
728829
728998
729069
729112
729113
729191
729354
729442
729535
729625
729661
729777
729823
729995
730002
730327
730383
730470
730753
730865
730946
731076
731141
731217
731337
731367
731368
731374
731425
731446
731980
732065
732114
732212
732214
732217
732301
732332
732455
732605
732658
732738
732839
732994
733155
733303
733586
733789
734001
734106
734157
734262
734334
734466
734742
734779
734797
734876
734933
734944
735040
735075
735195
735412
735495
735528
735748
735855
735924
736141
736172
736521
736759
737267
737558
737688
737904
737908
738010
738093
738267
738313
738401
738519
738563
738579
738603
738619
738682
738771
738850
738919
738942
739046
739136
739435
739457
739493
739506
739563
739804
739879
739923
740069
740519
740957
741071
741152
741319
741355
741421
741455
741821
741951
741963
741970
742138
742254
742305
742418
742560
742642
742702
742769
742856
743329
743347
743463
743707
743711
743809
743824
743977
744056
744060
744126
744156
744274
744376
744386
744434
744487
744523
744560
744658
744733
744927
744940
744953
745092
745188
745193
745209
745281
745335
745500
745625
745754
745805
745811
745822
745910
745988
746005
746054
746257
746268
746393
746431
746498
746527
746540
746553
746596
746629
746656
746679
746833
746848
746961
747005
747036
747155
747440
747589
747615
747873
747928
747936
748094
748162
748211
748215
748256
748259
748280
748319
748341
748567
748784
748792
748845
749189
749204
749422
749423
749429
749566
749572
749599
749610
749663
749671
749740
749833
750131
750155
750267
750358
750458
750464
750534
750704
750737
750881
750930
750998
751018
751059
751128
751198
751268
751287
751319
751373
751412
751439
751514
751686
751705
751730
751770
751788
751818
751820
752123
752182
752257
752270
752891
753185
753386
753400
753408
753412
753578
753598
753625
753852
753985
753987
754007
754464
754566
754620
754655
754692
754736
754751
754760
754877
755068
755090
755180
755260
755267
755462
755559
755733
755745
755826
755942
755967
755968
756147
756173
756275
756370
756390
756500
756527
756542
756600
756629
756746
756854
756885
757178
757180
757409
757488
757494
757622
757630
757633
757738
757924
758026
758100
758136
758268
758337
758406
758507
758880
758956
758988
759002
759083
759108
759155
759190
759227
759467
759485
759631
759870
759955
760073
760135
760151
760425
760441
760906
761076
761136
761162
761363
761367
761450
761535
761629
761630
761712
761982
761997
762069
762203
762289
762323
762624
762673
762714
762873
762988
763195
763352
763364
763732
763969
764226
764346
764575
764690
764794
764930
765158
765192
765234
765337
765388
765409
765554
765628
765737
765787
765884
765894
765899
765925
765952
766037
766062
766108
766110
766254
766373
767139
767176
767357
767453
767471
767567
767648
767649
768007
768133
768294
768431
768591
768603
768639
768681
768796
768870
768912
769015
769047
769107
769185
769258
769397
769442
769479
769555
769716
769735
769796
769826
769869
769873
769910
769964
770255
770481
770508
770553
770628
770666
770691
770928
770948
771026
771118
771550
771749
771790
771809
771825
771848
771881
771984
772046
772176
772214
772319
772594
772613
772632
772639
772662
772823
773115
773211
773215
773236
773266
773290
773334
773475
773584
773667
773724
773973
774021
774637
774729
774803
774847
775264
776029
776112
776200
776261
776276
776321
776595
776948
777042
777163
777249
777407
777423
777568
777727
777856
777876
777987
777995
777996
778080
778130
778218
778433
778467
778477
778554
778596
778713
778718
778758
778786
778852
778867
779018
779080
779111
779203
779393
779429
779450
779668
779842
780208
780381
780386
780512
780589
780599
780643
780833
780949
781062
781240
781442
781602
781619
781857
781985
782241
782291
782325
782421
782434
782573
782584
782612
782632
782715
782829
782909
783240
783358
783513
783621
783624
783666
783678
783791
783794
783810
783821
784157
784309
784565
784581
784618
784654
784725
784871
784981
785073
785132
785143
785233
785439
785497
785669
785842
785857
785862
786064
786132
786142
786262
786264
786367
786381
786392
786505
786519
786751
786789
786938
787010
787027
787132
787166
787264
787339
787605
787629
787974
788061
788201
788207
788371
788474
788524
788574
788625
788781
788783
788833
788835
788850
788947
788969
789090
789116
789207
789479
789594
789798
790098
790100
790158
790248
790266
790431
790500
790565
790617
790866
791002
791117
791178
791316
791340
791344
791381
791514
791552
791686
792118
792136
792179
792239
792353
792435
792489
792528
792593
792599
792772
792808
792839
793102
793172
793227
793254
793376
793415
793644
793656
793777
793828
793856
793899
793937
794006
794138
794197
794198
794263
794270
794384
794663
794744
794747
794788
794916
794919
794975
795039
795086
795168
795213
795258
795295
795334
795413
795548
795551
795576
795604
795635
795814
796008
796150
796271
796318
796416
796470
796587
796603
796608
796699
796951
797007
797360
797632
797674
797851
798292
798352
798570
798687
798699
798712
798715
798817
798834
799029
799081
799213
799519
799523
799628
799806
799949
800017
800075
800126
800294
800403
800459
800497
800572
800705
800768
801141
801171
801193
801210
801472
801571
801632
801981
802045
802083
802132
802198
802283
802319
802535
802708
802726
802836
802943
802974
803020
803260
803345
803552
803785
804025
804044
804072
804073
804081
804094
804104
804161
804368
804391
804501
804831
805097
805141
805166
805257
805313
805323
805375
805379
805415
805514
805548
805599
805682
806009
806295
806422
806471
806543
806731
806757
806905
807081
807327
807374
807409
807420
807535
807591
807700
807887
808068
808161
808449
808644
808732
808874
808904
809005
809121
809158
809218
809591
809611
809662
809690
809739
809750
809755
809873
809932
810181
810384
810418
810477
810498
810659
810740
811238
811246
811853
811989
812053
812085
812252
812543
812715
812780
812931
813022
813099
813628
813655
813706
813750
813857
813998
814124
814762
814768
814809
815020
815051
815142
815364
815440
815465
815548
815625
815628
815641
815698
815773
815990
816006
816114
816245
816376
816652
816805
817017
817112
817225
817317
817352
817383
817429
817435
817599
817665
817956
818008
818022
818143
818446
818523
818544
818599
818639
818934
818984
818986
819041
819062
819166
819353
819357
819498
819566
819619
819862
820088
820144
820223
820326
820327
820440
820493
820768
820866
820978
820986
820992
821217
821307
821616
821650
821652
821717
821776
821796
821801
821815
821859
821876
821892
822098
822132
822383
822494
822667
822695
822743
823010
823053
823203
823276
823422
823452
823513
823638
823725
823757
823764
824019
824078
824290
824302
824325
824395
824436
824555
824601
824685
824777
824942
825033
825065
825152
825153
825165
825183
825429
825562
825624
825718
825722
826150
826298
826355
826369
826539
826833
826935
826936
826990
827089
827427
827679
827690
827726
827847
828122
828391
828689
828738
828742
828881
828884
828982
829018
829049
829117
829228
829434
829742
829910
830012
830039
830072
830193
830234
830475
830529
830698
830761
830791
830844
830907
830919
830981
831026
831188
831208
831330
831469
831539
831565
831969
832019
832361
832487
832663
832664
832801
832914
832962
832967
833058
833175
833377
833399
833580
833736
833751
834130
834172
834246
834327
834374
834494
834544
834583
834879
834969
835076
835216
835227
835241
835376
835790
835849
835989
836006
836085
836108
836203
836238
836269
836324
836417
836622
837020
837063
837332
837338
837344
837513
837554
837583
837596
837700
837996
838059
838092
838188
838233
838285
838676
838679
838847
838959
839045
839372
839437
839569
839704
839779
839924
839984
840116
840509
840550
840687
840712
840798
840989
841028
841261
841318
841466
841503
841568
841667
841669
841677
841713
841832
841846
842006
842053
842311
842365
842448
842483
842501
842585
842848
843121
843146
843198
843274
843280
843332
843347
843474
843488
843753
843806
844020
844031
844345
844349
844551
844666
844757
844888
844966
845011
845050
845106
845281
845335
845514
845666
845746
846010
846101
846121
846218
846320
846460
846507
846629
846698
847402
847408
847527
847676
847753
847781
848154
848230
848326
848522
848634
848663
848701
848869
849063
849107
849142
849312
849454
849494
849529
849569
849656
849716
849807
849860
849958
850242
850475
850668
850836
850974
850981
851192
851271
851400
851476
851775
851823
851968
852022
852079
852184
852276
852385
852455
852529
852614
852665
852690
852770
852861
852916
852935
853049
853063
853081
853089
853106
853138
853615
853747
853811
853913
853981
853983
854070
854115
854229
854247
854342
854444
854482
854497
854557
854570
854618
854658
854773
854804
854840
854909
855047
855089
855137
855140
855200
855248
855496
855636
855706
855950
856229
856254
856271
856288
856400
856500
856515
856698
856747
856765
856792
856819
856824
856926
857066
857161
857218
857269
857270
857377
857392
857433
857772
858098
858129
858133
858160
858329
858447
858476
858612
858629
858716
858772
858793
858806
858840
858958
858970
859075
859126
859242
859290
859319
859440
859448
859465
859545
859611
859829
859917
859962
860120
860176
860186
860217
860244
860276
860359
860364
860407
860439
860513
860645
860880
860910
860995
861047
861227
861328
861329
861399
861516
861521
861562
861667
861854
861864
861927
862279
862364
862377
862506
862538
862542
862821
862887
862908
862923
863047
863061
863081
863100
863480
863805
863832
863885
863916
863982
864086
864137
864146
864210
864451
864542
864754
864776
864940
864974
865116
865237
865318
865404
865517
865580
865698
865798
865855
865860
865862
865864
865958
866225
866276
866311
866385
866565
866747
866794
866999
867002
867165
867244
867354
867386
867441
867607
867691
867707
867850
868019
868123
868248
868304
868343
868403
868640
868775
868821
868834
868915
869237
869288
869574
870068
870116
870332
870451
870480
870664
870750
870939
871070
871157
871205
871206
871982
871996
872053
872153
872220
872562
872730
872872
872903
872994
873178
873301
873338
873402
873564
873579
873622
873657
873679
873801
873812
873817
873842
873946
874099
874277
874397
874398
874420
874586
874674
874773
874780
874920
875006
875303
875322
875877
875927
875999
876083
876340
876419
876475
877180
877215
877232
877357
877385
877421
877424
877501
877607
877870
878006
878113
878137
878293
878475
878526
878550
878618
878730
878744
879270
879303
879330
879342
879476
879636
879690
880006
880044
880107
880182
880388
880412
880516
880551
880623
880761
880933
880939
881166
881288
881491
881502
881582
881600
881601
881669
881710
881977
882004
882345
882414
882424
882551
882599
882613
882650
882810
882856
882865
882942
882958
882999
883080
883138
883230
883404
883459
883535
883577
883664
883763
883872
883879
883959
884057
884094
884313
884506
884769
884805
884831
884844
885015
885042
885106
885208
885365
885413
885434
885898
886177
886248
886264
886540
886653
886743
887119
887655
887698
887995
888171
888327
888350
888360
888391
888399
888424
888472
888490
888628
888675
888774
888822
888947
889091
889143
889211
889226
889610
889776
889870
889886
890029
890068
890209
890424
890429
890434
890663
890702
890719
890910
890978
891122
891151
891213
891234
891378
891445
891540
891665
891669
892361
892580
892625
892644
892742
892960
893103
893255
893318
893356
893372
893532
893614
893935
894104
894201
894272
894360
894474
894528
894574
894608
894668
894849
894969
894984
894988
895119
895149
895223
895235
895279
895337
895389
895405
895435
895569
895842
895855
895890
896061
896121
896156
896169
896176
896308
896415
896867
896932
897016
897057
897108
897166
897333
897499
897716
897787
897883
897946
897987
898066
898071
898188
898435
898650
898755
898886
899049
899064
899127
899223
899311
899339
899360
899399
899418
899710
899720
899948
899984
900030
900109
900215
900393
900421
900526
900734
900904
900981
900992
901082
901204
901238
901277
901279
901289
901303
901426
901456
901494
901612
901818
901922
901924
901996
902108
902136
902188
902213
902635
902652
902776
902880
903039
903129
903249
903288
903414
903431
903464
903466
903480
903587
903632
903666
903707
903805
903854
903891
903951
903989
904014
904135
904187
904310
904354
904496
904685
904698
904709
904710
904823
904922
904981
905014
905055
905209
905317
905323
905604
905621
905756
905853
905884
906159
906251
906322
906486
906490
906493
906659
906688
906785
906892
907044
907056
907237
907324
907400
907644
907773
907790
907796
907900
907981
908085
908103
908232
908325
908410
908465
908488
908559
908560
908706
908753
908998
909004
909116
909244
909247
909267
909292
909347
909378
909416
909483
909505
909611
909708
909810
909933
909983
910156
910389
910395
910454
910567
910600
910603
910723
910784
910818
910936
910957
911451
911546
911577
911613
911688
912055
912121
912214
912325
912747
912832
912996
913189
913259
913297
913302
913620
913802
913820
913828
913931
913932
913946
913967
914237
914307
914376
914410
914538
914660
914661
914675
914762
914838
915009
915040
915073
915218
915281
915389
915407
915479
915555
915583
915657
915728
915810
915830
915848
915925
916020
916061
916139
916221
916347
916348
916487
916516
916534
916550
916570
916691
916701
916750
916818
917141
917151
917164
917692
917713
917903
917996
918030
918241
918344
918365
918444
918568
918585
918609
918878
918904
918920
918928
919041
919085
919229
919279
919327
919362
919366
919460
919549
919631
919730
919903
920021
920062
920078
920283
920430
920560
920883
920994
921178
921247
921262
921335
921340
921349
921524
921928
922161
922164
922208
922247
922390
922521
922600
922606
922830
922869
922935
922967
922984
923323
923336
923400
923426
923483
923567
923579
923686
923762
924080
924207
924248
924415
924417
924571
924645
924649
924659
924694
924735
924795
924857
924903
925020
925111
925157
925207
925231
925242
925243
925250
925480
925484
925755
925853
926021
926226
926306
926501
926532
926563
926749
926750
926822
926903
927209
927316
927348
927402
927450
927712
927772
927804
927826
928022
928097
928268
928389
928435
928558
928684
928790
928823
929092
929246
929721
930032
930033
930069
930138
930207
930364
930438
930529
930587
930649
930856
930861
930941
930952
930998
931086
931115
931347
931461
931563
931616
931697
931877
932049
932180
932270
932315
932342
932410
932431
932463
932732
932789
932893
932900
933239
933334
933602
933855
934063
934195
934236
934593
934672
934702
934792
934962
934995
934996
935137
935220
935354
935396
935464
935528
935577
935601
935726
935753
936225
936235
936262
936404
936452
936470
936581
936703
937039
937099
937172
937201
937212
937330
937388
937529
937656
937733
937807
937852
937984
938088
938211
938342
938538
938590
938600
938616
938668
938686
938776
938850
938949
939147
939196
939477
939864
939883
939899
940496
940552
941043
941516
941521
941595
941654
941881
941970
942343
942409
942490
942579
942766
942774
942860
942907
942921
943001
943484
943496
943575
943608
943732
943983
943998
944098
944651
944764
944774
944945
945154
945244
945270
945441
945639
945805
945809
946002
946335
946405
946645
946722
946742
946881
947036
947269
947290
947301
947323
947427
947771
947831
947959
947962
948039
948058
948149
948238
948255
948269
948270
948436
948473
948487
948562
948614
948643
948727
948771
948796
948871
948920
949174
949338
949480
949596
949620
949841
949922
950084
950118
950517
950525
950577
950784
950843
950874
950932
950957
951028
951308
951410
951435
951531
951740
951826
951857
951865
951943
952024
952155
952176
952253
952408
952541
952640
952790
952818
952899
953039
953268
953275
953293
953403
953642
953647
953790
953914
953937
954009
954095
954247
954428
954455
954471
954587
954668
954898
955091
955222
955248
955269
955277
955491
955553
955605
955821
955938
956229
956330
956363
956409
956499
956543
956559
956631
956747
956855
956938
957102
957242
957278
957294
957363
957673
957708
957839
957982
958011
958099
958232
958279
958401
958452
958587
958830
958917
959071
959081
959101
959201
959287
959309
959310
959340
959384
959526
959599
959608
959612
959706
959917
959924
959985
960049
960218
960244
960331
960374
960417
960478
960512
960650
960680
960745
960759
960801
960965
960970
961033
961097
961193
961283
961328
961472
961518
961626
961689
961958
962002
962175
962206
962433
962456
962526
962597
962667
962880
962917
963009
963046
963284
963313
963360
963639
963769
963778
963967
963993
964154
964257
964263
964302
964332
964491
964542
964768
965017
965083
965152
965186
965385
965551
965653
965799
965914
966139
966140
966190
966202
966244
966259
966417
966492
966632
966672
966794
966796
966858
966918
967039
967157
967178
967187
967204
967449
967505
967597
967621
967656
967659
967664
967671
967710
967858
967862
967957
968203
968219
968244
968284
968296
968656
968844
968938
969009
969148
969370
969424
969480
969489
969586
969673
969889
969927
969978
970065
970139
970158
970201
970231
970342
970369
970413
970509
970523
970712
970850
970863
970867
970916
971078
971189
971238
971321
971458
971565
971629
971706
971759
971852
972043
972099
972123
972197
972330
972428
972473
972481
972493
972513
972630
972647
973313
973347
973398
973518
973636
973681
973926
974067
974167
974226
974229
974398
974498
974691
974851
975070
975359
975403
975421
975456
975464
975714
975763
976016
976023
976133
976270
976507
976513
976579
976620
976733
976751
976765
976771
976957
976970
977038
977110
977196
977332
977369
977379
977479
977573
977655
977829
978065
978081
978082
978144
978317
978327
978387
978399
978538
978595
978855
979080
979149
979271
979347
979366
979375
979416
979417
979461
979482
979548
979672
979748
979749
979754
979776
979793
979876
979902
980115
980139
980204
980221
980302
980581
980913
980992
981032
981178
981258
981285
981378
981397
981451
981485
981591
981685
981847
981994
982009
982088
982128
982172
982226
982256
982347
982397
982444
982472
982501
982555
982601
982618
982806
982854
982926
983499
983500
983522
983529
983709
983943
984254
984379
984395
984487
984557
984931
984932
985004
985099
985322
985362
985528
985891
986055
986154
986288
986347
986353
986366
986537
986662
986701
986776
986790
987041
987078
987091
987099
987143
987664
987786
988009
988053
988081
988173
988323
988406
988464
988471
988476
988530
988545
988903
988921
988977
989000
989017
989037
989191
989214
989229
989378
989415
989422
989456
989495
989499
989796
989849
989975
990051
990096
990121
990129
990165
990172
990281
990464
990489
990739
990827
990836
990900
991053
991176
991206
991425
991453
991598
991615
991736
991781
991823
991904
992129
992152
992225
992291
992471
992490
992543
992586
992672
992728
992822
992987
993064
993073
993312
993319
993320
993662
993813
993881
993929
994015
994060
994091
994153
994227
994345
994543
994568
994625
994722
994893
995021
995213
995228
995241
995536
995579
995602
996209
996293
996348
996357
996376
996426
996965
996988
997584
997713
997950
998000
998030
998058
998258
998600
998778
998930
998991
999066
999087
999219
999238
999272
999341
