16
164
253
361
569
576
966
967
1012
1076
1158
1350
1391
1447
1675
1826
1942
1943
1973
1983
2040
2050
2120
2274
2305
2333
2380
2396
2436
2624
2701
2808
2845
2977
3009
3035
3130
3133
3187
3210
3247
3681
3689
3702
3804
3835
3973
4009
4080
4195
4286
4393
4435
4483
4599
4664
4784
4846
4982
5158
5477
5721
5765
5777
6026
6033
6220
6261
6309
6396
6443
6499
6625
6644
6702
6805
6938
7468
7800
7870
7919
8152
8364
8371
8475
8523
8686
8705
8735
8836
8933
9037
9107
9242
9283
9394
9655
9731
9780
10061
10081
10099
10248
10259
10394
10467
10510
10515
10524
10534
10825
10849
10897
10910
11170
11303
11309
11319
11474
11602
11612
11754
11889
11954
12022
12066
12067
12194
12296
12366
12473
12545
12601
12769
12824
12994
13282
13456
13665
13807
13814
13988
14029
14207
14292
14323
14443
14608
14675
14805
14906
14964
15072
15300
15625
15630
15719
15807
15996
16031
16100
16372
16408
16409
16498
16580
16629
16697
16732
16877
16936
16985
17007
17049
17064
17124
17134
17140
17280
17428
17542
17845
17879
17974
17990
18032
18086
18098
18120
18128
18134
18144
18235
18255
18261
18312
18470
18524
18534
18821
18854
19102
19141
19145
19161
19180
19275
19336
19772
19809
19845
19977
20030
20076
20116
20122
20204
20212
20223
20349
20350
20434
20522
20541
20550
20666
20696
21227
21230
21296
21315
21486
21652
21661
21766
21813
21928
21975
22046
22155
22442
22542
23003
23058
23119
23324
23449
23499
23781
23966
24181
24305
24353
24380
24418
24522
24715
24781
24818
24852
24928
25275
25381
25452
25499
25516
25527
25548
25555
25581
25707
25880
26007
26093
26147
26152
26312
26392
26607
26652
26846
27098
27121
27263
27365
27404
27459
27584
27785
27816
27829
27845
28036
28637
28691
28748
28788
28821
28902
29010
29050
29157
29165
29556
29947
30004
30044
30115
30189
30537
30602
30703
30911
30972
31153
31169
31196
31288
31359
31505
31519
31567
32152
32311
32351
32359
32617
32658
32734
32741
32864
32941
32945
32969
32993
33144
33154
33217
33223
33225
33269
33309
33354
33358
33458
33493
33535
33568
33576
33671
33727
33816
33920
33949
34057
34116
34161
34227
34277
34309
34385
34620
34655
34850
34905
34920
34946
35026
35166
35179
35380
35577
35599
35723
35813
35981
36028
36228
36246
36315
36363
36420
36588
36880
36963
37037
37065
37201
37207
37288
37314
37392
37417
37474
37706
37785
37795
37890
37905
37923
38039
38276
38371
38399
38414
38497
38618
38706
38938
39290
39372
39430
39537
39660
39756
39842
39983
40061
40197
40219
40264
40297
40323
40525
40570
40625
40646
40650
40723
40744
40815
40882
40901
40902
41220
41361
41371
41465
41512
41535
41669
41720
41739
41751
41953
42024
42090
42223
42255
42543
42560
42621
42750
42814
42861
42907
42913
42975
42980
42981
43234
43308
43312
43419
43583
43744
43766
44032
44121
44238
44320
44350
44368
44527
44709
44804
44911
44979
45060
45241
45280
45308
45330
45402
45907
46103
46243
46343
46370
46428
46453
46491
46641
46651
46762
46775
46806
46928
47027
47048
47265
47267
47400
47491
47750
47899
48193
48197
48303
48310
48358
48377
48504
48666
48686
48736
48908
49241
49257
49425
49442
49609
49642
49660
49784
49860
49868
49997
50010
50029
50081
50221
50333
50527
50542
50575
50645
50669
50701
50850
50947
51078
51451
51534
51616
51630
51822
52039
52188
52190
52203
52243
52260
52431
52467
52512
52515
52693
52884
52960
53065
53288
53312
53473
53478
53570
53637
53763
53878
53940
53944
54034
54328
54394
54395
54888
55013
55031
55140
55148
55153
55324
55359
55372
55634
55637
55734
56175
56197
56313
56341
56384
56403
56436
56454
56458
56694
56723
56727
56864
57259
57313
57352
57390
57464
57476
57518
57633
57648
57651
57708
57711
57742
57943
57995
58085
58135
58249
58332
58356
58453
58607
58746
58749
58799
58867
58926
59013
59111
59159
59313
59432
59458
59521
59653
59883
59926
60225
60227
60273
60297
60335
60342
60604
60610
61000
61003
61101
61287
61343
61345
61421
61613
61636
61649
61769
61787
61833
61936
61973
62018
62032
62060
62073
62264
62276
62475
62516
62588
62796
62892
62933
62938
62999
63216
63396
63641
63842
63913
63919
63930
64024
64163
64240
64295
64300
64375
64534
64731
64999
65120
65413
65574
65583
65603
65673
65701
65706
65731
65758
65879
65896
66002
66058
66111
66229
67369
67482
67585
67795
67923
68083
68337
68501
68567
68608
68736
68884
68914
69127
69439
69506
69586
69697
69698
69719
70151
70176
70213
70256
70275
70378
70430
70462
70495
70526
70689
70797
70833
70861
70902
71051
71148
71265
71296
71327
71359
71460
71526
71720
71725
71785
72073
72106
72202
72292
72380
72440
72684
72774
72787
72862
73093
73222
73285
73325
73460
73467
73531
73655
73661
73691
73696
73726
73904
74043
74118
74412
74483
74502
74545
74548
74564
74632
74690
74790
74794
74959
74974
74982
74985
75098
75140
75147
75256
75433
75584
75659
75863
75928
75946
76059
76071
76074
76258
76294
76296
76346
76347
76504
76584
76722
76782
76829
76938
77068
77243
77250
77322
77337
77498
77533
77603
77650
77745
77916
77973
78028
78263
78357
78408
78566
78570
78612
78718
78945
78963
79020
79028
79047
79123
79139
79162
79214
79218
79227
79745
79782
79898
80044
80050
80067
80104
80113
80179
80316
80440
80453
80454
80583
80588
80666
80872
80922
80955
81073
81160
81347
81361
81421
81541
81651
81660
81761
81770
81936
82027
82030
82059
82095
82553
82569
82608
82625
82677
82698
82747
82810
82856
83121
83201
83211
83419
83558
83579
83810
83899
84012
84040
84041
84226
84266
84290
84304
84525
84611
84701
84798
84840
84922
85289
85487
85578
85586
85612
86231
86303
86340
86426
86541
86594
86603
86702
86805
87105
87125
87248
87456
87651
87701
87731
87847
87932
87978
88064
88127
88157
88220
88357
88484
88566
88593
88608
88631
88931
89232
89362
89596
89746
89769
89848
89962
89987
89989
90060
90198
90367
90450
90812
90947
91098
91111
91233
91322
91454
91536
91647
92015
92043
92100
92114
92166
92238
92269
92405
92631
92979
93253
93488
93623
93668
93722
93737
93740
93961
94068
94229
94546
94611
94762
94841
94898
94951
94982
95051
95062
95151
95241
95255
95342
95714
95731
95773
96132
96240
96467
96511
96666
96681
96745
96828
96980
97081
97360
97431
97574
97799
97837
98253
98311
98436
98658
98748
98816
98966
98985
99113
99262
99290
99360
99747
99855
99892
99913
99940
100026
100100
100270
100287
100350
100361
100481
100554
100618
100656
100674
100763
100858
101235
101538
101586
102356
102505
102542
102595
102609
102723
102758
102939
102961
102963
103237
103405
103426
103686
103733
104030
104045
104095
104252
104391
104447
104461
104550
104625
104678
104772
104881
105002
105119
105172
105183
105202
105307
105451
105555
105730
105764
105770
105795
105801
105909
106198
106204
106266
106326
106645
106775
106937
106955
106960
107005
107078
107323
107441
107513
107932
107940
108084
108086
108150
108352
108383
108417
108461
108618
108685
108719
108970
108995
109004
109079
109149
109150
109185
109231
109245
109350
109372
109449
109541
109748
109756
109880
109930
109978
109999
110205
110260
110337
110343
110389
110508
110509
110587
110907
111355
111375
111484
111485
111532
111618
111658
111659
111723
112028
112052
112086
112112
112146
112153
112169
112248
112364
112367
112421
112500
112634
112722
112981
113045
113334
113373
113375
113390
113498
113591
113610
113837
113838
113949
114053
114139
114580
114707
114731
114797
115116
115117
115144
115447
115597
115609
115620
115649
115713
115859
116159
116209
116736
117400
117915
118048
118069
118096
118128
118135
118390
118509
118597
118630
118667
118712
119115
119305
119315
119443
119449
119538
119618
119812
119884
119978
120078
120102
120478
120512
120558
120669
120748
120793
120990
121001
121038
121066
121324
121536
121594
121635
121782
121902
122007
122151
122178
122201
122240
122421
122541
122627
122641
122672
122858
122883
122893
123195
123275
123361
123429
123540
123614
123791
124037
124233
124257
124281
124284
124308
124332
124359
124403
124503
124584
124649
124818
124972
124995
125003
125446
125606
125661
125724
126058
126108
126416
126576
126638
126658
126743
126750
126759
126863
126912
126944
126956
127204
127237
127270
127370
127430
127523
127621
127634
127652
127822
127834
128054
128116
128137
128191
128393
128560
128677
128695
128855
128992
129016
129133
129186
129338
129416
129505
129538
129739
129845
129862
129899
129969
129989
130065
130257
130636
130736
130976
131071
131138
131263
131382
131462
131485
131496
131670
131869
131876
132041
132131
132193
132334
132529
132755
133054
133064
133147
133162
133414
133657
133899
133968
133987
134101
134321
134376
134412
134420
134423
134507
134564
134703
134845
134850
134905
134999
135022
135053
135204
135292
135306
135309
135443
135587
135713
135826
135981
136090
136202
136495
136505
136798
136929
137117
137140
137268
137465
137575
137617
137855
138049
138324
138337
138338
138367
138424
138488
138585
138593
138654
138880
138888
139014
139418
139506
139580
139628
139680
139750
139839
139884
140129
140155
140293
140315
140460
140531
140678
140822
141018
141040
141282
141357
141606
141653
141703
142004
142037
142091
142152
142248
142255
142301
142311
142356
142433
142499
142637
142676
142747
142801
142822
142888
143016
143169
143232
143259
143290
143336
143596
143651
143933
143966
143972
144127
144366
144586
144629
144670
145102
145175
145202
145326
145450
145534
145719
145816
145817
145871
145930
145950
145955
146026
146171
146223
146256
146362
146379
146433
146486
146505
146553
146582
146907
146912
147006
147142
147180
147327
147462
147524
147542
147558
147605
147726
147749
147776
147799
147851
147883
147891
147903
148032
148033
148196
148298
148305
148332
148340
148351
148437
148616
148704
148740
148775
148894
148960
149267
149334
149343
149415
149503
149628
149758
149895
150032
150094
150154
150233
150372
150439
150701
150717
150776
150902
150919
151103
151331
151557
151595
151633
151640
151644
151804
151844
151970
152128
152136
152348
152406
152494
152741
152808
152814
152982
152984
153052
153111
153165
153295
153346
153404
153418
153457
153486
153616
153768
153830
153909
154211
154254
154298
154332
154394
154401
154425
154638
154641
154764
154960
155159
155194
155282
155376
155425
155704
155837
155872
155949
155984
156015
156067
156200
156325
156343
156401
156444
156504
156810
156903
156988
157045
157083
157215
157222
157294
157309
157376
157392
157430
157551
157619
157801
158021
158241
158253
158258
158323
158411
158432
158606
158627
158769
159062
159066
159094
159138
159185
159255
159536
159548
159754
159796
159963
159982
160220
160257
160326
160466
160580
160672
160772
160787
160819
160855
160882
160895
160941
161139
161199
161215
161325
161339
161501
161570
161614
161719
162000
162121
162236
162484
162524
162534
162580
162592
162614
162633
162983
163240
163249
163306
163309
163561
163835
164082
164145
164152
164183
164452
164468
164540
164715
164792
164867
164888
165005
165029
165057
165219
165283
165320
165345
165527
165543
165588
165926
166104
166153
166184
166290
166533
166906
167043
167115
167172
167250
167269
167659
167779
167931
167968
167994
168143
168170
168173
168445
168493
168505
168601
168615
168624
168710
169045
169048
169181
169195
169257
169400
169402
169497
169709
169743
169769
169885
169969
170255
170268
170308
170438
170495
170913
171007
171025
171040
171098
171175
171306
171366
171413
171505
171509
171518
171701
171834
171946
172144
172253
172287
172584
172712
172720
172885
173232
173297
173500
173645
173896
173900
173919
173932
174197
174310
174356
174381
174559
174578
174717
174904
174993
175021
175114
175153
175182
175238
175313
175678
175729
175822
175959
176507
176514
176678
176764
176959
176962
177002
177103
177153
177228
177283
177487
177924
178161
178187
178369
178441
178466
178471
178540
178567
178578
178670
178770
178832
178896
179016
179023
179058
179204
179233
179287
179493
179563
179608
179807
179879
179961
180067
180213
180326
180430
180484
180555
180665
180718
180739
180757
180857
180887
181043
181060
181206
181298
181306
181508
181639
181645
181675
181897
182233
182254
182372
182436
182477
182569
182673
182763
182789
183229
183262
183310
183362
183378
183388
183509
183521
183832
183990
184050
184146
184170
184406
184488
184863
185018
185090
185195
185340
185387
185393
185414
185420
185512
185752
185784
185984
186193
186480
186513
186542
186564
186581
186901
186946
187119
187124
187378
187399
187403
187775
187785
187827
188041
188131
188270
188353
188395
188470
188770
188899
188956
188996
189058
189155
189164
189354
189493
189526
189586
189796
189820
190043
190104
190165
190229
190238
190305
190378
190441
190464
190501
190526
190755
190763
190837
191087
191218
191411
191565
191614
191789
191802
191876
191920
191932
191940
192006
192266
192376
192399
192412
192508
192591
192640
192683
192766
193385
193410
193412
193432
193453
193603
193675
193783
193892
193914
194056
194348
194910
195216
195522
195563
195604
195627
195725
195764
196020
196025
196068
196486
196531
196663
196704
196911
196996
197156
197216
197459
197591
197768
197787
197979
198002
198083
198099
198114
198152
198168
198389
198447
198573
198645
198647
198706
198778
198962
198987
199026
199138
199198
199309
199339
199541
199608
199714
199757
199778
200112
200113
200506
200779
201019
201074
201090
201272
201286
201301
201387
201407
201446
201477
201572
201591
201740
201799
201826
201840
201890
201962
202070
202195
202206
202230
202507
202628
202645
202707
202814
202822
202871
202876
202920
203011
203162
203218
203275
203404
203462
203564
203666
203683
203804
203830
203884
203962
203964
204271
204293
204324
204487
204559
204656
204734
204758
204861
204889
204999
205033
205051
205115
205256
205317
205377
205401
205617
205680
205724
205767
205934
205988
206181
206184
206264
206297
206358
206604
206629
206658
206722
206803
206883
206934
206938
207128
207182
207222
207229
207240
207242
207245
207463
207470
207484
207516
207592
207611
207642
207646
207698
207784
207875
207890
207895
208081
208164
208228
208240
208283
208336
208388
208389
208533
208561
208595
208800
208923
209070
209171
209320
209435
209474
209496
209626
209684
209795
209933
210296
210578
210598
210629
210959
211060
211187
211198
211315
211335
211429
211437
211458
211614
211685
211756
212029
212091
212106
212203
212348
212352
212388
212560
212722
212823
212864
213025
213132
213143
213300
213344
213366
213489
213556
213593
213659
213727
213908
214014
214163
214219
214221
214222
214341
214530
214751
214968
215038
215166
215332
215506
215596
215713
215784
215889
215985
216000
216281
216296
216300
216357
216612
216627
216692
216759
216804
216824
216852
216870
216891
216939
216982
217027
217137
217201
217278
217285
217347
217591
217608
217685
217689
217797
217894
218205
218318
218410
218460
218489
218527
218632
218757
218990
219291
219356
219549
219576
219590
219675
219939
220032
220296
220306
220391
220562
220661
220738
220884
221149
221290
221460
221478
221685
221793
221929
222058
222093
222113
222162
222268
222272
222291
222311
222380
222577
222639
222682
222797
222882
223050
223106
223142
223261
223381
223522
223559
223816
223989
224257
224280
224286
224328
224359
224479
224576
224629
224707
224889
224957
224980
224996
225053
225067
225428
225593
225596
225620
225628
225632
225804
226069
226341
226347
226357
226545
226638
226688
226743
226801
227074
227305
227335
227549
227856
227954
227992
228149
228428
228433
228471
228582
228811
228862
228925
228932
228951
228989
229017
229020
229358
229388
229705
229731
229884
230060
230078
230138
230141
230197
230213
230290
230475
230612
230652
230696
230698
230699
230865
231104
231125
231304
231308
231386
231434
231501
231624
231716
231892
232134
232157
232337
232564
232667
232880
232905
233030
233154
233448
233496
233760
233855
233861
233914
234145
234235
234306
234462
234496
234652
234805
235079
235141
235184
235454
235468
235718
235793
235828
235974
236168
236336
236402
236499
236523
236591
236845
236895
237005
237051
237470
237546
237557
237724
237801
238108
238130
238385
238532
238533
238687
238689
238750
238774
238967
238993
239073
239130
239165
239207
239263
239298
239399
239537
239678
239777
239801
239815
239829
239942
239968
240025
240143
240361
240386
240615
240793
240801
240850
240879
240977
241186
241342
241357
241827
241866
241974
242127
242211
242214
242445
242586
242619
242644
242694
242759
242880
243190
243211
243301
243469
243491
243529
243613
243616
243653
243871
243872
244031
244072
244097
244138
244158
244159
244173
244488
244558
244643
244760
244851
244931
245172
245193
245275
245345
245425
245597
245648
245651
245674
245711
245766
245814
245835
245878
246216
246229
246292
246297
246389
246426
246680
246766
247050
247080
247390
247475
247683
247799
247907
247954
247963
247978
248039
248263
248467
248479
248533
248595
248674
248755
248757
248758
248823
248893
249118
249178
249188
249286
249305
249309
249316
249351
249412
249476
249675
249699
250008
250064
250258
250298
250331
250388
250500
250605
250613
250764
250865
250978
251024
251025
251135
251488
251659
252016
252051
252066
252127
252248
252261
252422
252506
252510
252956
252984
253015
253080
253095
253264
253290
253319
253324
253331
253414
253620
253716
253763
253794
253890
253904
254035
254049
254072
254242
254333
254402
254462
254475
254568
254615
254621
254638
254822
254852
254919
254936
254941
255029
255078
255190
255529
255563
255789
255851
255857
255912
255919
256059
256085
256170
256643
256808
256891
256909
256983
257202
257218
257393
257587
257732
257995
258111
258269
258320
258394
258496
258567
258735
258755
258826
258962
259036
259373
259500
259551
259599
259617
259686
259755
259780
259864
259887
259930
260059
260232
260440
260518
260535
260750
260820
260927
261009
261014
261023
261030
261036
261361
261643
261763
261999
262012
262113
262187
262195
262229
262246
262281
262354
262355
262404
262423
262444
262638
262644
262827
262888
262941
263098
263164
263284
263398
263399
263506
263644
263782
263887
264049
264051
264090
264246
264913
265213
265236
265358
265407
265408
265429
265529
265688
265888
265977
266036
266127
266177
266276
266358
266387
266392
266410
266826
267102
267200
267218
267498
267608
267644
267882
268065
268133
268205
268366
268425
268447
268591
268594
268730
268751
269027
269135
269139
269316
269355
269414
269481
269728
269740
269795
269804
270061
270181
270371
270572
270762
270870
271188
271360
271424
271439
271452
271826
271938
272510
272546
272836
272902
273013
273037
273086
273216
273399
273485
273688
273716
273719
273890
274167
274266
274305
274306
274398
274444
274526
274598
274605
274608
274650
274705
274812
274817
274870
274901
274907
275039
275197
275261
275290
275388
275433
275494
275515
275872
275919
275923
275996
276129
276213
276218
276356
276369
276390
276561
276574
276663
276677
277038
277098
277107
277277
277484
277683
277692
277748
277915
278176
278193
278595
278721
278794
278824
278830
278872
278894
278904
279010
279153
279198
279227
279240
279307
279606
279633
279639
279697
279816
279836
279945
279951
280152
280244
280381
280585
280780
280929
281058
281190
281326
281500
281578
281800
281840
281867
281921
281929
281936
282165
282448
282502
282532
282627
282733
282874
282927
282963
283251
283420
283544
283732
283832
283982
284094
284130
284185
284299
284329
284545
284581
284624
284633
284821
285070
285127
285147
285217
285303
285374
285377
285464
285522
285703
285840
285915
285927
285979
286014
286082
286092
286394
286413
286764
286811
286850
286861
286882
287203
287261
287306
287354
287406
287463
287497
287545
287557
287584
287863
288029
288235
288285
288673
288756
288829
288848
288966
289190
289196
289254
289257
289456
289475
289481
289626
289629
289703
289732
289801
289813
290026
290056
290113
290135
290307
290484
290529
290649
290742
290844
290881
291002
291067
291095
291122
291253
291407
291458
291507
291545
291616
291628
291799
292070
292135
292147
292149
292294
292828
292936
293244
293389
293563
293661
293709
293788
293928
293941
294015
294035
294184
294211
294375
294512
294537
294584
294640
294655
294825
294936
294971
295017
295215
295388
295512
295738
295762
295770
295853
296046
296258
296266
296289
296384
296657
296684
296823
297019
297043
297297
297302
297314
297421
297429
297448
297616
297632
297700
297749
297948
298142
298174
298239
298286
298319
298325
298550
298586
298687
298729
298833
298890
298902
298915
299018
299051
299127
299249
299295
299377
299434
299522
299551
299840
299845
299967
299969
300044
300653
300709
301141
301306
301358
301365
301444
301903
301970
301977
302048
302220
302285
302390
302552
302703
302705
302872
303228
303283
303327
303339
303350
303464
303501
303530
303548
303575
303756
303841
304028
304059
304328
304446
304466
304541
304716
304731
304771
304807
305011
305135
305177
305457
305551
305753
305778
305787
305800
305999
306124
306214
306362
306380
306491
306500
306591
306668
306680
306753
306853
306885
306898
306970
307052
307195
307255
307469
307471
307499
307506
307539
307580
307599
307689
307699
308031
308074
308302
308394
308410
308500
308513
308730
308780
309017
309160
309206
309303
309334
309372
309461
309509
309555
309694
309723
309905
310083
310143
310180
310261
310286
310409
310415
310488
310793
310817
310867
311119
311127
311145
311188
311281
311450
311462
311608
311635
311939
311966
311982
311990
311999
312038
312103
312123
312259
312331
312444
312728
312738
312750
312914
313025
313102
313211
313442
313445
313490
313577
313745
313881
313897
313940
314083
314135
314146
314392
314395
314518
314595
314701
314729
315403
315430
315553
315638
315663
315752
315908
315921
316097
316137
316170
316171
316192
316206
316424
316548
316818
316827
316930
317013
317125
317139
317153
317234
317362
317371
317484
317521
317598
317868
317883
317979
317995
318123
318312
318517
318654
318686
318767
319037
319206
319226
319264
319291
319399
319472
319773
319846
319853
319956
319985
319991
320071
320165
320308
320379
320594
320612
320640
320756
320841
320922
320941
320977
320979
321081
321335
321354
321537
321590
321672
321681
321835
321837
321984
321988
322060
322097
322140
322422
322519
322601
322722
322742
322810
323141
323317
323370
323398
323504
323571
323601
323612
323676
323774
324005
324248
324338
324372
324407
324497
324605
324610
324670
324765
324849
324881
324980
324989
325300
325406
325495
325740
325827
325858
326187
326236
326266
326278
326311
326312
326341
326584
326586
326803
326854
326925
327042
327056
327558
327587
327731
327751
327855
327987
328005
328371
328408
328499
328508
328559
328669
328949
328973
328974
329199
329222
329440
329515
329564
329761
329903
330110
330121
330251
330353
330418
330420
330473
330525
330617
330704
330865
330999
331084
331114
331143
331403
331510
331698
331701
331911
332020
332030
332404
332574
332755
332837
332947
332985
332987
333093
333205
333358
333384
333421
333437
333476
333644
333721
333767
333884
333894
334077
334231
334337
334379
334568
334592
334631
334765
334832
334983
335045
335163
335260
335334
335409
335501
335503
335533
335713
335837
335972
335991
336130
336428
336433
336466
336553
336561
336606
336659
336916
336928
336991
337031
337079
337099
337112
337121
337195
337214
337329
337879
338055
338148
338215
338221
338391
338414
338445
338567
338762
339103
339258
339324
339346
339452
339492
339718
339882
339915
340029
340242
340264
340377
340428
340503
340716
340840
341016
341130
341246
341357
341358
341917
341929
342044
342144
342231
342266
342409
342566
342726
342779
342854
342993
343133
343274
343300
343445
343481
343618
343659
343678
343776
343918
343976
344009
344057
344342
344419
344462
344490
344496
344584
344678
344751
345428
345510
345637
345668
345753
345884
345899
346074
346104
346207
346325
346388
346418
346453
346741
346911
347009
347135
347156
347169
347283
347392
347493
347570
347697
347790
347836
348064
348190
348233
348389
348391
348651
348727
348850
348853
349095
349191
349273
349360
349451
349461
349634
349773
349800
349965
350074
350343
350352
350490
350691
350869
351095
351251
351329
351449
351526
351760
351841
351897
351936
352036
352049
352103
352122
352316
352368
352548
352761
352819
353087
353169
353304
353314
353320
353430
353463
353557
353570
353775
353970
354098
354100
354189
354334
354364
354423
354587
354645
354647
354787
354927
354987
355152
355179
355245
355257
355402
355725
355773
356106
356188
356432
356554
356898
356923
356937
356954
357073
357287
357381
357390
357500
357514
357616
357658
357696
357791
357840
357890
357913
358023
358158
358342
358343
358427
358633
358737
358744
358770
358998
359025
359129
359152
359240
359242
359287
359314
359319
359434
359719
359924
359993
360018
360224
360257
360363
360439
360483
360500
360562
360658
360662
360663
360697
360811
361178
361231
361418
361530
361553
361593
361696
361961
361978
362330
362340
362635
362709
362763
362929
362930
362943
363043
363159
363174
363255
363287
363358
363575
363605
363772
363816
363943
363958
364049
364076
364175
364233
364304
364364
364366
364443
364484
364657
364736
364777
364816
364836
364961
364996
365011
365022
365563
365597
365967
366000
366075
366100
366208
366213
366298
366334
366430
366453
366455
366676
366682
366834
366963
366971
367034
367035
367226
367312
367385
367386
367409
367454
367461
367559
367590
367609
367885
367898
367940
367994
368161
368172
368328
368565
368875
368920
369174
369192
369293
369495
369571
369660
369723
369824
369884
370349
370375
370680
370702
370784
370872
370957
371399
371586
371680
371798
372009
372206
372215
372335
372441
372476
372598
372716
372748
372878
373030
373076
373081
373229
373253
373282
373320
373539
373548
373776
373801
373827
374079
374155
374207
374218
374671
374725
374893
374924
375303
375367
375460
375491
375544
375546
375550
375605
375616
375682
375739
375787
375834
376128
376324
376381
376532
376599
376676
376738
376990
377296
377527
377630
377755
377769
377896
377929
378125
378484
378629
378707
378732
378773
378848
378851
378965
379151
379204
379214
379237
379359
379374
379535
379607
379678
379820
379952
380032
380120
380172
380215
380365
380426
380547
380779
380956
381070
381083
381204
381342
381405
381442
381980
381990
382074
382090
382135
382301
382396
382553
382763
383043
383229
383346
383513
383650
383651
383674
383763
383923
384083
384093
384181
384330
384358
384378
384497
384505
384514
384610
384648
384810
385007
385109
385185
385208
385416
385490
385696
385720
385893
386086
386163
386306
386449
386597
386634
386662
386666
386787
386800
386901
386930
387022
387394
387479
387638
387700
387702
387707
387851
388021
388253
388315
388399
388478
388544
388593
388785
388812
388976
389150
389208
389211
389229
389363
389392
389438
389608
389675
389741
390377
390427
390614
390675
390788
390814
391039
391071
391104
391624
391650
391694
391762
391868
391994
392124
392333
392367
392436
392443
392557
392674
392770
392889
392929
392968
393042
393071
393120
393388
393543
393651
393774
393808
393834
393953
394133
394259
394433
394474
394511
395239
395360
395406
395700
395776
395785
395876
395883
395995
396119
396310
396355
396431
396434
396504
396674
396718
396850
396893
396939
397232
397285
397325
397403
397405
397516
397676
397861
397960
398135
398263
398360
398376
398418
398556
398616
398776
398790
398859
398885
398887
399089
399142
399208
399246
399272
399495
399679
399841
400002
400210
400257
400297
400466
400480
400555
400563
400613
400712
400732
400833
401030
401126
401144
401158
401242
401276
401342
401462
401507
401603
401635
401641
401657
401771
401824
401872
401951
401983
402035
402103
402173
402347
402421
402638
402677
402745
402793
402803
403188
403234
403574
403722
403797
403901
404054
404083
404164
404166
404173
404231
404269
404539
404939
405020
405043
405126
405448
405549
405801
405808
405838
406244
406331
406442
406468
406495
406614
406616
406693
406732
406828
406958
407253
407265
407277
407317
407362
407595
407627
407825
407910
407956
407982
408034
408156
408162
408215
408257
408263
408471
408588
408681
408683
408839
408841
409029
409197
409232
409275
409600
409764
409807
409850
409861
410070
410232
410304
410312
410319
410454
410465
410573
410622
410654
410710
410868
411035
411224
411301
411396
411547
411611
411752
411771
411985
412029
412176
412281
412289
412416
412425
412497
412571
412701
412787
412932
412944
412962
413308
413516
413632
413702
414016
414094
414254
414409
414464
414522
414530
414538
414639
414679
414722
414858
414863
414929
414957
414977
415125
415140
415357
415482
415577
415739
415802
415806
415812
415937
415999
416081
416146
416274
416348
416425
416578
416850
416961
417083
417159
417161
417187
417203
417588
417643
417797
417823
417932
418278
418341
418526
418803
418978
419017
419032
419103
419125
419134
419135
419156
419201
419278
419325
419357
419507
419831
419877
420093
420149
420342
420490
420643
420720
420799
420865
420964
421005
421019
421084
421147
421268
421336
421467
421549
421673
421799
421903
421926
422006
422034
422075
422148
422395
422401
422844
422861
422888
422915
422927
423020
423314
423481
423542
423593
423601
423719
423766
423802
423940
424078
424106
424195
424222
424381
424438
425048
425245
425320
425360
425393
425491
425621
425738
425781
425935
426057
426102
426368
426412
426461
426476
426526
426621
426707
426729
426731
426734
426786
426885
426892
427000
427007
427020
427438
427489
427609
427674
427800
427859
427918
427993
428004
428121
428128
428207
428310
428541
428676
428715
428733
428762
428800
428857
428897
429010
429167
429416
429469
429494
429723
429804
429984
430265
430277
430288
430628
430754
430789
430810
430826
430889
430922
430997
431128
431156
431192
431236
431287
431300
431328
431597
431643
431747
431944
432032
432056
432085
432312
432420
432689
432766
432886
432977
433028
433189
433254
433417
433468
433558
433724
433730
433775
433825
433896
433954
434046
434184
434234
434339
434492
434581
434836
434883
435214
435267
435327
435354
435365
435455
435551
435554
435597
435755
435888
436013
436093
436259
436371
436505
436630
436634
436705
436843
436873
436929
437007
437169
437416
437577
437940
438332
438402
438466
438776
438912
438933
438955
439369
439405
439505
439518
439523
439624
439728
439778
439980
440156
440309
440373
440406
440520
440803
440861
440924
441070
441117
441311
441459
441617
441694
442036
442052
442066
442091
442157
442258
442536
443185
443341
443357
443502
443632
443700
443759
443890
443938
444017
444018
444052
444078
444372
444459
444470
444512
444667
444686
444698
444778
444937
445031
445221
445272
445328
445332
445520
445581
445936
446130
446137
446189
446231
446246
446411
446440
446627
446835
447200
447223
447311
447678
447722
447780
447842
447879
447973
447979
448005
448125
448201
448357
448388
448443
448508
448519
448611
448643
448835
449003
449046
449065
449616
449733
449753
450009
450038
450042
450525
450637
450694
450698
450738
450844
451065
451494
451546
451781
451860
451913
451944
452082
452140
452170
452266
452567
452663
452672
452674
452680
452805
452912
452956
453001
453211
453265
453274
453276
453438
453439
453504
453518
453584
453589
453659
453768
453822
453946
454032
454100
454230
454256
454285
454332
454551
454616
454664
454780
454781
454806
454892
454949
454982
455023
455457
455458
455629
455643
455765
455805
455861
455993
456018
456023
456078
456220
456227
456662
456758
456928
457049
457225
457308
457312
457372
457408
457536
457555
457685
457856
457983
458104
458427
458487
458518
458644
458650
458728
458854
459002
459034
459087
459189
459200
459209
459268
459562
459686
459711
459752
459787
459817
459820
459868
459936
460003
460253
460301
460319
460333
460491
460598
460743
460761
460784
460998
461077
461212
461404
461575
461809
462037
462054
462238
462254
462321
462360
462407
462463
462608
462819
462840
462887
462969
462981
463074
463470
463606
463623
463652
463704
463828
463876
464131
464185
464236
464386
464519
464613
464701
464797
464801
464816
464841
464868
464918
464934
464956
464979
465048
465325
465384
465417
465487
465557
465607
465661
465786
465895
466063
466077
466147
466196
466228
466246
466444
466504
466766
466930
466997
467168
467517
467752
467826
467840
467846
468045
468108
468211
468295
468314
468385
468390
468474
468507
468722
468895
469024
469078
469133
469260
469293
469424
469429
469585
469721
469822
469841
469942
470554
470691
470764
470980
471225
471391
471392
471433
471456
471476
471482
471564
471584
471708
471719
471844
472045
472204
472240
472366
472384
472437
472484
472603
472614
472752
472962
473054
473153
473217
473307
473518
473789
473850
473870
474012
474097
474541
474620
474682
474690
474849
474859
474860
474925
475128
475349
475476
475520
475556
475582
475598
475656
475682
475723
475862
475933
476002
476217
476263
476596
476636
476812
477008
477146
477162
477186
477311
477354
477376
477415
477427
477480
477535
477773
477943
478022
478144
478249
478606
478622
478815
478869
479102
479118
479123
479131
479195
479252
479435
479464
479506
479514
479720
479734
479736
480008
480227
480336
480360
480368
480481
480542
480555
480642
480666
480722
480736
480772
481162
481166
481255
481536
481686
481758
481843
481890
481931
482110
482142
482297
482406
482488
482507
482890
482894
483100
483241
483317
483319
483338
483524
483538
483615
483972
484057
484176
484287
484333
484365
484382
484415
484423
484439
484521
484546
484585
484611
484639
484973
485015
485058
485061
485103
485220
485379
485404
485497
485525
485559
485638
485661
485715
485722
485799
485956
486021
486206
486226
486378
486844
486875
486996
487121
487154
487264
487332
487763
487981
487996
488131
488202
488418
488566
488619
488658
488714
488760
488821
488839
488905
488909
488918
488946
489047
489313
489335
489399
489495
489608
490036
490181
490219
490255
490392
490451
490603
490631
490677
490715
490732
490944
491050
491073
491087
491350
491445
491573
491758
491933
492177
492312
492688
492720
492770
492815
492830
492976
493045
493102
493239
493263
493466
493469
493485
493492
493493
493591
493685
493859
493967
494152
494203
494207
494228
494318
494434
494596
494764
494889
494938
495216
495317
495393
495424
495483
495530
495553
495593
495650
495689
495739
495793
495846
495954
496113
496172
496228
496460
496473
496605
496684
496805
496834
496910
497049
497167
497350
497452
497702
497711
497902
498161
498276
498489
498532
498659
498743
498752
498901
499006
499029
499053
499202
499256
499487
499504
499671
499809
499812
499946
500169
500187
500259
500332
500366
500602
500640
500658
500684
500738
500886
500967
501125
501176
501592
501669
501761
501959
502123
502124
502334
502396
502413
502437
503135
503269
503289
503335
503457
503561
503994
504085
504108
504208
504234
504720
504821
504889
505013
505046
505207
505302
505306
505386
505392
505520
505549
505577
505661
505668
505753
505787
505881
505898
506052
506185
506215
506277
506439
506588
506791
506873
506922
507063
507227
507537
507864
508135
508276
508351
508400
508431
508486
508492
508515
508539
508573
508639
508735
508834
508879
508983
509318
509528
509645
509665
509913
509930
509934
510123
510190
510223
510492
510527
510607
510728
510940
510963
511186
511345
511473
511570
511859
511875
511887
512112
512122
512319
512334
512376
512494
512689
512747
512755
512773
512780
512843
512946
513054
513145
513326
513367
513413
513453
513737
513769
513827
514089
514099
514171
514212
514235
514243
514259
514300
514341
514430
514508
514568
514761
514776
514822
514893
515030
515257
515395
515434
515508
515528
515769
515894
515996
516092
516120
516126
516137
516292
516407
516422
516463
516519
516641
516649
516679
516770
516862
517032
517072
517074
517092
517110
517155
517409
517445
517525
517631
517635
517637
517733
517753
518025
518047
518057
518105
518111
518382
518448
518494
518596
518640
518904
519028
519121
519195
519207
519431
519610
519884
520114
520473
520525
520675
520741
520760
520786
520807
520976
520981
521053
521213
521232
521273
521401
521552
521741
521916
521967
522309
522404
522488
522505
522769
522785
522919
522967
523047
523361
523717
523785
523837
523891
523953
524117
524141
524162
524207
524224
524282
524295
524387
524482
524553
524591
524597
524689
524713
524739
524776
524829
524970
525209
525301
525366
525648
525651
525677
525741
525945
525958
525969
525996
526264
526423
526623
526680
526800
526814
526920
527035
527132
527212
527243
527244
527295
527534
527706
527777
527809
527908
527918
527944
528044
528083
528206
528252
528263
528286
528482
528633
528665
528796
529299
529427
529559
529711
529805
529971
530042
530100
530161
530259
530368
530704
530789
530875
530955
530987
530989
531077
531134
531189
531383
531729
531773
531780
531863
531903
532049
532208
532233
532447
532489
532778
532790
532827
532850
532944
533053
533055
533112
533141
533143
533348
533394
533458
533500
533538
533572
533573
533719
533997
534028
534069
534120
534363
534515
534594
534599
534603
534626
534663
534711
534926
534930
535000
535063
535079
535182
535275
535446
535477
535579
535670
535689
535781
535851
535856
535917
535933
536024
536038
536430
536503
536645
536711
536713
536852
536983
537048
537060
537237
537257
537303
537360
537396
537504
537505
537590
538013
538054
538138
538319
538335
538516
538740
538830
538874
538995
539000
539095
539265
539277
539447
539544
539566
539706
539755
539768
539975
540107
540129
540465
540516
540654
540815
540861
540961
540978
541102
541265
541374
541398
541617
541806
541881
541889
541893
542014
542082
542135
542264
542410
542411
542412
542789
542889
543015
543185
543186
543229
543434
543661
543666
543696
543705
544094
544230
544367
544385
544468
544497
544521
544611
544791
544915
545024
545082
545297
545328
545377
545419
545599
545605
545651
545714
545763
545865
545874
545885
545912
546035
546045
546067
546171
546217
546220
546326
546408
546483
546499
546620
546621
546707
546805
547059
547118
547151
547176
547372
547546
547577
547783
548154
548257
548360
548376
548600
549054
549068
549399
549558
549660
549867
549871
549925
549961
550005
550078
550136
550232
550342
550642
550795
551018
551063
551078
551086
551207
551345
551751
551871
552066
552122
552178
552229
552308
552334
552421
552590
552676
552695
552882
553135
553217
553263
553310
553696
553823
553848
553868
553944
553954
554123
554168
554288
554570
554581
554622
554666
554668
554677
554729
554794
554837
554934
554942
555060
555102
555142
555346
555474
555640
555729
555815
556074
556123
556344
556453
556606
556931
556946
556999
557309
557364
557408
557588
557600
557627
557685
557779
557820
557871
557955
558396
558427
558429
558519
558541
558785
558842
558914
558956
558964
559015
559496
559580
559635
559655
559663
559683
559830
560286
560450
560466
560468
560929
561160
561246
561259
561381
561782
561842
561981
562080
562085
562362
562390
562436
562812
562847
562989
563056
563157
563241
563566
563706
563877
563926
564212
564494
564531
564707
564728
564804
564819
565143
565180
565279
565357
565374
565449
565561
565597
565623
565645
565685
565749
565792
565924
565961
566163
566261
566537
566574
566943
567013
567033
567098
567326
567363
567410
568022
568069
568378
568390
568414
568643
568719
568805
569007
569065
569107
569201
569274
569371
569547
569624
569648
569775
569829
569989
570498
570592
570651
570818
571052
571142
571176
571185
571190
571289
571668
571908
572467
572498
572586
572713
572905
573049
573128
573130
573137
573195
573216
573239
573346
573429
573431
573521
573611
573668
573704
573710
573722
573729
573939
573994
574024
574068
574206
574211
574343
574737
574786
574851
574877
575047
575088
575172
575174
575258
575354
575673
575678
575840
575924
575933
575950
575986
576191
576248
576256
576317
576444
576468
576695
576750
576772
576933
576995
577008
577054
577088
577125
577143
577352
577398
577456
577736
577910
577924
577976
578033
578082
578147
578240
578766
578790
578813
578835
578871
579444
579628
579636
579687
579713
579723
579742
579771
579782
579860
580114
580189
580357
580442
580562
580640
581180
581382
581395
581476
581569
582248
582305
582442
582502
582852
582898
583044
583135
583173
583180
583313
583451
583712
583769
584150
584439
584461
584807
585387
585444
585472
585655
585804
585871
585972
586180
586256
586267
586542
586716
586777
586897
586898
586911
587008
587015
587066
587082
587390
587557
587728
587760
587796
587854
587915
587982
588500
588521
588543
588547
588593
588595
588671
588705
588851
589086
589107
589521
589575
590234
590268
590340
590529
590568
590605
590831
591326
591436
591707
591860
591958
592061
592148
592177
592269
592363
592374
592444
592492
592527
592595
592629
592653
592910
593021
593033
593327
593338
593575
593587
593633
593668
593701
593835
593914
594055
594171
594223
594271
594276
594353
594376
594395
594406
594482
594516
594733
594739
594927
595099
595141
595202
595342
595433
595443
595522
595776
595822
595828
595837
595873
596283
596334
596441
596507
596511
596563
596576
596599
596624
596705
596909
597037
597049
597161
597260
597340
597458
597488
597656
597735
598019
598117
598218
598304
598415
598491
598612
598684
598704
598765
598885
599121
599125
599161
599221
599334
599439
599496
599630
599786
599821
600154
600179
600209
600212
600352
600359
600454
600457
600637
600785
600835
601252
601258
601279
601311
601441
601575
601671
601673
601680
601710
601730
601784
602012
602044
602051
602167
602209
602226
602402
602623
602858
602944
602954
603196
603220
603229
603336
603366
603537
603638
603652
603744
603761
603857
603863
604146
604327
604362
604501
604557
604566
604590
604758
604948
605049
605145
605391
605464
605474
605693
605709
605794
605831
606009
606020
606193
606313
606439
606452
606469
606806
606939
607012
607249
607311
607400
607443
607447
607453
607524
607579
607653
607667
607827
608060
608074
608115
608320
608589
608752
608838
608870
608962
608986
609185
609258
609263
609434
609457
609495
609539
609543
609570
609592
609612
609684
609834
610077
610203
610500
610522
610559
610567
610612
610685
610732
610803
611200
611231
611388
611485
611497
611610
611648
611730
611912
612084
612150
612167
612212
612254
612462
612505
612538
612644
612646
612664
612665
613073
613083
613138
613366
613565
613593
613700
613909
614117
614439
614995
615296
615410
615532
615676
615815
616201
616260
616504
616664
616832
617047
617276
617279
617532
617657
617688
617799
617844
617957
617982
617984
618028
618126
618129
618257
618322
618390
618507
618789
618791
618924
619054
619121
619380
619469
619480
619616
619685
619691
619799
619807
619849
620096
620230
620295
620418
620685
620763
620799
620845
621305
621567
622227
622271
622279
622489
622642
622734
622931
622982
623074
623172
623187
623352
623782
623789
624004
624007
624139
624276
624302
624415
624564
624631
624715
624772
624840
624851
624939
624958
625065
625067
625136
625138
625289
625428
625458
625648
625812
625898
625937
626050
626066
626200
626360
626385
626434
626670
626717
626894
627380
627426
627437
627531
627619
627925
628028
628105
628293
628590
628611
628754
628879
629108
629271
629584
629607
629634
629660
629696
629751
629849
629875
630058
630068
630169
630385
630388
630586
630822
630865
630993
631023
631113
631169
631312
631361
631529
631794
631911
632060
632455
632554
632821
632896
632983
633063
633169
633300
633374
633564
633590
633707
633803
633850
633871
633930
633990
633992
634023
634210
634259
634390
634643
634665
634923
634973
635099
635134
635143
635216
635319
635678
635729
635788
635968
636018
636108
636242
636552
636569
636816
636856
636886
636965
636991
637003
637083
637189
637286
637305
637306
637328
637441
637461
637671
637955
638008
638042
638108
638150
638331
638665
638888
639012
639048
639111
639206
639372
639618
639850
639862
640045
640075
640170
640297
640387
640519
640850
640875
640921
640946
641028
641160
641545
641548
641745
641971
641988
642343
642417
642597
642605
642619
642784
642790
642801
642810
642846
642859
642866
642893
643071
643096
643344
643410
643546
643630
643736
643773
643815
644008
644032
644058
644436
644492
644760
645041
645162
645176
645244
645307
645326
645393
645412
645811
646060
646101
646108
646161
646203
646475
646538
646584
646695
646757
646878
647012
647097
647257
647320
647542
647618
647660
647727
648124
648171
648196
648336
648473
648575
648592
648673
648711
649052
649076
649107
649158
649260
649304
649416
649641
649692
649834
649878
649911
650005
650025
650212
650249
650289
650576
650593
650646
650713
650754
651059
651099
651147
651295
651367
651409
651573
651677
651772
651791
651880
651937
652044
652057
652171
652189
652345
652430
652480
652510
652565
652620
652726
652755
652760
652771
652804
652946
653045
653059
653230
653277
653301
653343
653344
653441
653471
653474
653511
653797
653843
653951
654017
654059
654106
654182
654263
654272
654342
654672
654867
654871
654893
654919
655101
655196
655230
655267
655404
655473
655617
655664
655753
655799
655858
656083
656198
656230
656281
656283
656361
656376
656522
656589
656871
656872
656978
657044
657216
657218
657326
657337
657384
657387
657464
657490
657652
657691
657808
657938
657974
657998
658004
658042
658132
658173
658483
658582
658843
659369
659476
659515
659547
659662
659723
659870
660185
660352
660704
660942
661314
661448
661474
661596
661613
661760
661942
661955
661970
661973
662000
662131
662135
662198
662247
662251
662276
662807
662851
663038
663161
663184
663223
663288
663497
663569
663793
663799
663896
663914
663992
664084
664093
664150
664160
664276
664394
664435
664489
664688
664762
664843
664979
664988
664996
665086
665115
665447
665459
665556
665770
665981
666022
666181
666235
666339
666361
666370
666437
666450
666470
666506
666514
666723
666831
666932
666963
667055
667087
667283
667506
667636
667885
667922
668009
668030
668035
668077
668138
668168
668192
668266
668400
668445
668675
668808
668873
668891
669201
669211
669281
669429
669603
669604
669616
669679
669723
669784
669814
669852
669878
669899
669994
670188
670207
670276
670356
670399
670464
670625
670648
670749
670805
670888
670987
671040
671138
671142
671201
671247
671492
671739
671837
672000
672001
672181
672275
672388
672498
672515
672553
672599
672623
672691
672703
672739
672820
672866
672869
673093
673275
673495
673790
673843
673899
673974
674003
674069
674420
674570
674590
674615
674867
674893
674934
674963
674978
675191
675299
675414
675465
675525
675546
675695
675802
675853
676044
676049
676135
676256
676397
676418
676502
676528
676601
676643
676882
676890
677483
677591
677641
678120
678124
678140
678212
678268
678270
678390
678497
678625
678884
679002
679152
679265
679332
679452
679482
679718
679894
680008
680040
680043
680053
680082
680114
680211
680260
680359
680393
680493
680634
680713
680832
680884
680932
681045
681053
681264
681279
681331
681421
681632
681691
681697
681791
681834
681919
681944
681975
682098
682102
682185
682191
682285
682406
682460
682494
682673
682750
682820
682828
682856
682902
683097
683161
683255
683264
683278
683310
683337
683368
683369
683424
683440
683626
683743
683963
684126
684287
684321
684394
684535
684783
684828
684851
684933
685088
685387
685439
685499
685506
686139
686219
686315
686413
686463
686676
686748
686762
686773
686786
687028
687247
687312
687498
687503
687547
687562
687632
687640
687654
687747
687790
687792
687818
687939
688078
688096
688099
688110
688119
688122
688181
688390
688435
688783
688938
688961
688966
689030
689162
689217
689320
689551
689572
689703
689760
689926
689990
690083
690225
690232
690252
690444
690551
690711
690873
690904
690908
690964
691014
691043
691177
691269
691275
691624
691663
691701
691711
691740
691745
691791
691796
691807
691828
691872
691939
692027
692031
692088
692097
692191
692236
692388
692421
692505
692564
692578
692590
692607
692841
693301
693443
693471
693474
693556
693617
693809
693833
693838
694079
694134
694195
694206
694410
694421
694456
694889
694972
695291
695320
695326
695380
695491
695608
695644
695924
696037
696094
696101
696431
696507
696829
696842
696851
696898
696914
696926
697007
697077
697118
697130
697173
697183
697285
697323
697408
697421
697664
697686
697748
697854
697861
697870
698080
698082
698085
698366
698399
698494
698524
698672
698710
698781
698886
699082
699168
699235
699274
699278
699322
699329
699375
699411
699704
699854
699882
700011
700163
700246
700260
700414
700551
700785
700916
700947
700977
701080
701101
701309
701375
701678
701750
701950
702210
702451
702609
702758
702907
702938
702968
702981
703090
703478
703511
703607
703632
703666
703699
703718
703748
703911
703968
704126
704254
704262
704271
704282
704323
704359
704362
704428
704504
704597
704653
704722
704725
704739
704863
704910
704912
704928
704977
705087
705350
705358
705505
705705
705946
705952
706055
706129
706451
706568
706695
706759
706883
707355
707374
707510
707672
707703
707754
707844
708030
708232
708298
708535
708829
708843
708892
708945
709032
709037
709103
709180
709191
709308
709579
709641
709836
710181
710439
710445
710473
710606
710622
710842
710877
710895
710993
711040
711103
711202
711271
711410
711416
711685
711824
712092
712299
712422
712489
712779
712843
713047
713140
713159
713171
713210
713331
713440
713595
713647
714032
714236
714275
714296
714421
714583
714607
714611
714655
714691
714775
714798
714799
714869
714934
715040
715451
715493
715545
715611
715742
715966
716149
716220
716352
716509
716530
716582
716674
716815
716885
716977
717083
717103
717109
717124
717133
717209
717418
717421
717448
717670
717675
717982
718007
718214
718236
718699
718740
718903
719055
719108
719365
719368
719397
719470
719547
719627
719675
719719
719816
719836
719923
719928
720007
720115
720233
720341
720415
720442
720675
720711
721130
721262
721274
721378
721477
721580
721621
721809
722011
722240
722416
722433
722443
722638
722870
723051
723175
723217
723274
723325
723357
723550
723569
723586
723664
723782
723845
723879
724079
724105
724156
724238
724460
724506
724532
724555
724605
724763
724835
724901
724926
725035
725037
725144
725229
725239
725349
725357
725417
725431
725479
725662
725736
725793
725853
725910
725917
725980
726080
726172
726222
726519
726564
726614
726648
726683
726803
726812
726829
726926
727028
727040
727099
727127
727204
727269
727365
727488
727800
728433
728536
728548
729046
729379
729428
729479
729663
729675
729741
729785
729866
730083
730258
730506
730642
730683
731486
731490
731555
731621
731715
731761
731806
731873
731887
732036
732139
732205
732209
732254
732358
732361
732923
732964
733032
733185
733247
733368
733493
733520
733536
733594
733699
733753
733770
733972
734160
734165
734193
734237
734249
734401
734428
734481
734549
734680
734866
734867
734909
734911
734924
734969
735179
735472
735479
735514
735577
735590
735751
735776
735865
735882
736095
736185
736287
736288
736368
736478
736535
736820
736928
736943
737021
737827
737833
737846
737884
738060
738068
738225
738236
738482
738506
738510
738518
738706
738901
738943
739060
739212
739423
739549
739599
739831
739842
739912
739996
740048
740077
740141
740147
740264
740274
740296
740354
740386
740396
740405
740530
740632
740762
740789
740835
740872
740901
740994
741000
741137
741353
741393
741545
741643
741870
741872
742148
742540
742566
742867
743010
743041
743180
743281
743338
743388
743408
743429
743540
743830
743877
743979
744124
744140
744252
744292
744345
744398
744415
744472
744495
744567
744570
744575
744696
744792
744865
744968
745348
745546
746070
746305
746352
746391
746418
746511
746524
746566
746691
746718
746841
746886
746891
747205
747244
747255
747318
747431
747481
747626
747773
747788
747825
747833
747834
747899
747944
747950
748040
748051
748072
748297
748303
748350
748381
748598
748656
748843
748939
748949
748987
748996
749016
749162
749256
749754
749820
749884
749890
750171
750242
750341
750541
750808
750811
750977
751025
751307
751315
751327
751410
751524
752027
752522
752542
752593
752628
752898
752993
753129
753202
753232
753458
753533
753603
753631
753660
753683
753786
753829
753864
754049
754203
754285
754335
754440
754515
754549
754685
754764
754891
754919
754981
754993
755015
755056
755059
755533
755684
755699
755732
755738
755788
755831
755879
756019
756020
756158
756435
756466
756493
756528
756551
756685
757111
757329
757374
757433
757604
757673
757761
758152
758213
758238
758363
758620
758739
758774
758871
758900
758990
759013
759178
759210
759220
759281
759406
759411
759841
759983
760009
760036
760038
760045
760222
760423
760508
760542
760573
760648
760851
761008
761104
761141
761201
761329
761390
761437
761469
761656
761677
761798
761803
762135
762139
762182
762199
762343
762388
762563
762686
762874
762910
762972
763003
763109
763148
763165
763177
763242
763318
763347
763486
763755
763778
763784
763823
763869
763891
763962
764064
764197
764461
764500
764726
764764
764923
765106
765172
765208
765401
765477
765531
765575
765578
765781
765810
765841
765857
765887
765919
765968
766055
766100
766351
766501
766557
766589
766916
766918
767105
767186
767193
767445
767528
767529
767642
767767
767971
768024
768113
768155
768397
768421
768444
768574
768697
768735
768942
769036
769127
769189
769255
769327
769506
769584
769599
769744
770282
770608
770801
770883
770960
770985
771085
771253
771308
771427
771840
771866
771929
772194
772260
772263
772394
772414
772718
773204
773407
773652
773775
773852
773981
774060
774183
774205
774225
774520
774563
774588
774644
774958
774968
775108
775166
775267
775303
775451
775455
775563
776038
776051
776066
776077
776180
776679
776810
776817
776833
776835
777067
777106
777222
777330
777341
777751
777786
777805
777807
777900
778147
778282
778313
778420
778490
778508
778671
778721
778779
778804
779174
779207
779453
779808
779811
779870
779887
779909
780003
780239
780454
780469
780584
780677
780719
780775
781008
781186
781310
781479
781632
781663
781709
781768
781867
781878
781964
781981
782032
782071
782098
782211
782390
782515
782674
782863
782868
782954
783025
783120
783121
783310
783422
783426
783449
783469
783551
783702
783729
783802
783900
784179
784205
784538
784549
784652
784683
784774
784897
785034
785230
785267
785282
785299
785330
785428
785471
785551
785717
785780
786005
786051
786113
786163
786174
786266
786352
786376
786460
786628
786676
786680
786768
787034
787056
787065
787071
787177
787198
787259
787277
787316
787320
787379
787417
787458
787496
787498
787516
787523
787578
787690
787958
788128
788229
788451
788534
788678
788691
788723
788913
788981
789021
789080
789200
789228
789285
789406
789421
789443
789452
789470
789535
789568
789652
789662
789720
789755
789757
789831
790051
790438
790622
790912
791074
791089
791106
791434
791542
791598
791612
791724
791800
791837
791938
792110
792471
792491
792552
792566
792786
792880
792888
792946
793004
793195
793295
793296
793320
793335
793411
793579
793660
793714
793730
793793
793867
793870
794180
794202
794338
794496
794542
794717
794736
794848
794855
794949
794995
795215
795473
795527
795593
795607
795610
795896
796039
796042
796372
796428
796443
796788
796895
796953
797309
797556
797692
797764
798046
798068
798073
798116
798172
798310
798377
798388
798658
798763
798811
798867
799211
799257
799350
799427
799446
799572
799766
799869
799897
799986
800187
800281
800337
800367
800410
800509
800615
800628
800825
801144
801201
801204
801214
801274
801308
801460
801564
801700
801995
802046
802055
802375
802641
802863
802937
803168
803529
803670
803973
804177
804188
804217
804258
804383
804496
804673
804735
805032
805053
805068
805117
805486
805558
805704
805812
805914
805984
806269
806354
806502
806504
806508
806664
806829
806903
806952
806976
806998
807076
807180
807321
807401
807438
807541
807574
807626
807678
807713
807741
807801
807854
808116
808240
808275
808325
808550
808576
808609
808731
808885
808955
809153
809237
809477
809479
809485
809527
809631
809714
809999
810075
810212
810234
810368
810459
810497
810607
810815
810931
810933
811002
811020
811342
811476
811628
811843
812427
812451
812615
812843
812875
812941
812955
813074
813287
813389
813413
813551
813705
813815
813862
813884
813908
814050
814187
814244
814246
814358
814723
814872
815006
815016
815277
815321
815392
815612
815731
815741
815859
816004
816130
816259
816325
816333
816533
816617
816696
816704
816741
816852
816896
817005
817020
817120
817200
817208
817219
817232
817234
817364
817399
817423
817428
817433
817533
817616
817640
817692
817753
817874
818037
818086
818354
818381
818386
818470
818582
818755
818891
818943
818961
819015
819304
819480
819483
819522
819525
819730
819763
819785
819823
819884
819976
820046
820197
820229
820309
820372
820459
820467
820936
821029
821254
821684
821728
821844
822068
822117
822144
822241
822289
822567
822969
823335
823353
823445
823549
823600
823735
824135
824181
824652
824662
824759
824780
825207
825476
825572
825814
825860
826179
826182
826321
826322
826390
826416
826480
826577
826898
826951
827058
827233
827478
827518
827667
827700
827774
827864
827881
827886
827931
827957
828087
828802
828819
828935
829060
829239
829321
829329
829420
829504
829808
829833
829875
830061
830071
830160
830250
830295
830303
830358
830570
830575
830598
830640
830723
830802
830811
830871
830908
831005
831195
831648
831654
831979
832009
832135
832143
832731
832883
832888
832990
833046
833120
833159
833161
833190
833228
833270
833350
833392
833478
833938
834100
834316
834417
834476
834555
834571
834926
834954
835074
835188
835194
835254
835631
835733
835871
835966
836102
836322
836462
836468
836494
836542
836586
836651
836800
836994
837119
837227
837313
837350
837392
837578
837664
837695
837797
838255
838290
838330
838338
838513
838516
838752
838975
839035
839261
839454
839516
839658
839708
839793
839806
839899
839982
840050
840164
840172
840174
840187
840193
840221
840273
840473
840498
840601
840616
840738
840801
840806
840924
840955
841070
841102
841209
841422
841534
841607
841614
841803
842009
842251
842315
842399
842709
842743
842884
842887
842926
842948
842962
843067
843076
843181
843258
843466
843568
843583
843695
843729
843775
843831
843859
844136
844175
844263
844310
844563
844802
844968
845731
845754
845920
845991
846261
846510
846592
846720
846753
846972
846996
847048
847076
847488
847806
847960
848029
848233
848245
848345
848439
848455
848492
848666
848744
848809
848926
849045
849237
849449
849504
849729
849920
850173
850183
850431
850648
850685
850934
851078
851344
851420
851422
851779
851812
851840
851969
852294
852326
852330
852337
852339
852343
852511
852527
852782
852801
852938
853102
853373
853444
853464
853554
853573
853683
853869
853875
853891
854057
854152
854267
854304
854315
854436
854476
854488
854621
854652
854824
854930
855055
855078
855145
855159
855224
855323
855466
855535
855671
855722
855775
855932
855998
856004
856014
856063
856110
856170
856645
856762
856794
856812
856831
856914
857061
857403
857435
857453
857459
857466
857512
857513
857668
857723
857784
857807
857840
858026
858052
858204
858249
858258
858331
858414
858478
858644
858747
858865
858875
858902
859014
859054
859076
859193
859308
859340
859477
859696
859706
859900
860020
860345
860453
860615
860643
860662
860665
860704
860777
860791
860860
860900
860963
861061
861172
861248
861324
861377
861396
861431
861476
861517
861685
861717
861780
861935
862081
862401
862438
862554
862729
862737
862846
863307
863440
863502
863713
863913
863938
864007
864098
864129
864233
864367
864519
864707
864708
864814
864933
864968
865085
865137
865172
865180
865228
865273
865328
865446
865551
865711
865765
865788
865820
865889
866125
866208
866334
866455
866648
866664
866749
867136
867192
867200
867229
867296
867378
867497
867552
867554
867680
867918
868115
868180
868211
868257
868287
868364
868380
868476
868520
868706
868765
868855
868861
869031
869358
869611
869765
869815
869899
869956
870026
870036
870263
870273
870402
870447
870509
870535
870635
870665
870777
870897
870899
870949
871075
871127
871139
871152
871234
871309
871318
871352
871372
871575
871809
871812
871859
872062
872090
872101
872234
872377
872566
872628
872664
872670
872826
872835
872907
873109
873174
873213
873523
873584
873788
873999
874027
874113
874171
874308
874338
874364
874418
874428
874730
874985
875015
875032
875094
875150
875307
875539
875604
875743
875881
875952
875954
875977
876290
876304
876320
876346
876434
876461
876640
876831
876904
877086
877111
877141
877518
877568
877666
877681
877787
878491
878507
878569
878635
878660
878885
878933
878960
878971
879360
879408
879896
880024
880274
880422
880583
880626
880724
881113
881200
881209
881339
881614
881677
881890
881949
881974
882058
882073
882116
882228
882231
882332
882684
882690
882795
882817
883441
883510
883531
883646
883922
884020
884113
884130
884131
884240
884474
884514
884685
884817
884874
884881
884896
884976
885006
885253
885336
885349
885638
885765
886015
886021
886041
886174
886395
886697
886779
886810
886826
886872
886892
886923
887041
887109
887273
887310
887425
887442
887493
887572
887676
888008
888050
888189
888422
888567
888718
888761
888850
888995
889029
889040
889298
889453
889491
889582
889585
889589
889694
889874
890031
890074
890092
890111
890367
890510
890580
890630
890636
891255
891583
891720
892055
892103
892201
892205
892213
892350
892362
892408
892425
892629
892694
892810
892828
892977
892988
893007
893117
893273
893616
893719
893734
893742
893764
894016
894025
894239
894247
894354
894393
894494
894800
894837
895007
895145
895221
895225
895411
895546
895568
895576
895630
896026
896103
896323
896338
896498
896703
896743
896754
896946
897162
897249
897273
897524
897555
897579
897642
897746
897851
898030
898046
898306
898450
898676
898925
898992
898994
899186
899524
899556
899607
899653
899659
899679
899794
899801
900312
900351
900380
900568
900588
900636
900750
901065
901231
901431
901558
901574
901585
901601
901733
901760
901803
901805
901812
901868
901954
901995
902178
902302
902323
902331
902515
902550
902660
902771
902775
902998
903517
903571
903577
903668
903995
904085
904100
904219
904421
904465
904620
904880
904899
905152
905375
905404
905407
905597
905915
905954
905974
906091
906618
906627
906777
906889
906980
907073
907152
907300
907304
907486
907822
907873
907888
908157
908562
908574
908673
908716
908717
908748
908949
909074
909193
909405
909414
909436
909525
909539
909595
909814
909854
909955
910201
910224
910417
910425
910491
910513
910701
910715
910808
910888
911010
911043
911095
911206
911302
911551
911640
911722
911726
911960
912319
912358
912392
912423
912438
912454
912605
912698
912740
912797
912916
912945
913139
913449
913577
913777
913827
913942
913945
913968
914178
914274
914296
914378
914546
914564
914722
914950
915039
915176
915288
915332
915378
915486
915491
915574
915590
915639
916015
916021
916039
916198
916204
916400
916626
916660
916749
916907
916992
917297
917338
917442
917522
917751
918108
918144
918192
918206
918270
918434
918526
918600
918708
918959
919178
919196
919310
919397
919401
919503
919603
919787
919846
919932
919945
919993
920063
920179
920239
920275
920398
920426
920472
920772
920856
920929
920985
921002
921006
921090
921143
921194
921346
921368
921390
921471
921703
921826
921849
921867
921982
922296
922351
922365
922470
922526
922630
922788
922796
922826
922884
922941
923082
923084
923177
923196
923225
923262
923277
923705
923810
923853
924157
924260
924300
924358
924393
924582
924620
924731
924757
924761
925067
925298
925358
925400
925495
925500
925535
925550
925575
925848
925859
925887
925921
925928
925951
926093
926100
926131
926284
926538
926784
926858
927225
927311
927317
927372
927440
927475
927530
927610
927742
927869
927959
928044
928075
928171
928344
928358
928427
928634
929002
929063
929216
929238
929278
929295
929378
929392
929435
929519
929553
929660
929717
929731
929746
929777
929828
929875
929890
929995
930006
930163
930247
930264
930325
930469
930615
930817
930870
930993
931041
931100
931163
931238
931623
931625
931647
931739
931845
931890
932066
932067
932078
932319
932435
932512
932552
932643
932666
933007
933113
933516
933530
933544
933590
933722
933787
933840
934123
934379
934545
934597
934754
934872
934979
934990
935003
935022
935023
935102
935207
935252
935262
935389
935756
935762
935839
935975
936217
936302
936354
936481
936765
936845
936989
937070
937416
937516
937537
937617
937629
937630
937642
937781
938033
938205
938286
938313
938371
938459
938530
938666
938717
938764
938838
939305
939359
939519
939570
939635
939739
939744
939933
940038
940089
940096
940100
940110
940232
940665
940704
940826
940871
941073
941100
941232
941268
941298
941447
941707
942158
942275
942428
942554
942562
942823
942832
943023
943038
943091
943265
943350
943492
943502
943703
943783
943985
944045
944279
944322
944326
944334
944387
944604
944850
944931
945016
945152
945171
945280
945392
945433
945582
945724
945733
945735
945749
945795
945840
945860
946121
946124
946134
946159
946311
946333
946334
946355
946362
946532
946536
946544
946752
946795
947052
947079
947081
947183
947509
947556
947568
947784
947993
948042
948142
948200
948568
948636
948753
948811
948863
948928
949079
949203
949245
949403
949420
949452
949701
949772
949812
949958
950023
950120
950196
950612
950626
950639
950648
950873
950907
951056
951156
951242
951265
951296
951304
951400
951500
951636
951637
951648
951809
951829
951986
952121
952129
952137
952289
952536
952542
952558
952576
952770
952807
952994
953055
953063
953301
953319
953335
953427
953469
953489
953508
953521
953572
953600
953680
953699
953936
954059
954126
954163
954214
954313
954575
954673
954699
954853
954856
954908
955280
955373
955484
955486
955618
955649
955671
955789
956036
956120
956167
956190
956388
956500
956551
956701
956750
956843
957072
957132
957244
957250
957300
957375
957393
957514
957674
957736
957775
957892
958021
958239
958320
958429
958460
958657
958812
959006
959090
959283
959304
959660
959862
960116
960182
960348
960430
960464
960642
960709
960807
960976
960989
961246
961262
961284
961388
961553
961652
961661
961671
961741
961775
961986
962042
962398
962402
962463
962480
962584
962822
962953
963092
963183
963478
963495
963576
963619
963664
963715
963846
963875
964225
964256
964339
964354
964554
964608
964753
964928
964979
964994
965023
965159
965259
965308
965310
965532
965588
965743
965771
965803
966080
966145
966289
966457
966565
966744
966844
966948
967007
967162
967191
967242
967417
967593
967707
967773
967808
967837
967887
967932
967956
968239
968248
968345
968353
968449
968608
968803
969102
969220
969241
969380
969383
969436
969569
969630
969929
970100
970214
970216
970311
970473
970568
970569
970799
970865
971080
971218
971320
971566
971632
971638
971658
971977
972168
972295
972300
972326
972336
972490
972562
972638
972687
972719
972823
972824
972869
973271
973456
974113
974283
974419
974494
974508
974730
974767
974783
974857
974877
974909
974919
974947
975018
975085
975090
975100
975202
975660
975694
975712
975786
975823
975945
976111
976224
976265
976290
976416
976481
976563
976923
977186
977279
977411
977626
977763
977921
978308
978549
978610
978622
978665
978863
979040
979043
979138
979258
979307
979568
979604
979612
979614
979684
979778
979828
979933
979975
980043
980134
980433
980440
980469
980520
980523
980574
980713
980725
980839
980862
980889
981010
981012
981112
981457
981549
981666
981790
981906
982168
982362
982394
982508
982548
982568
982688
982760
982801
983211
983233
983782
984022
984102
984111
984132
984143
984278
984279
984319
984334
984363
984372
984493
984601
984637
984938
984972
985129
985133
985141
985164
985185
985325
985442
985588
985819
985965
985993
986152
986218
986264
986287
986706
986807
986810
986964
987062
987102
987266
987307
987371
987384
987913
987945
988000
988046
988067
988103
988244
988332
988465
988514
988613
988632
988657
988666
988692
988731
988796
988935
989018
989035
989219
989338
989380
989391
989394
989426
989434
989461
989536
989611
989793
989913
989947
989999
990027
990036
990253
990446
990624
990728
990821
990859
990875
990964
991136
991338
991467
991621
991745
991845
992301
992351
992382
992394
992501
992515
992574
992656
992771
992819
992838
992914
992946
992960
993027
993089
993190
993277
993313
993441
993561
993716
993845
993890
993921
994562
994645
994658
994774
994783
994832
994838
994878
994978
994998
995002
995052
995370
995394
995396
995524
995730
995752
995852
995939
996052
996076
996100
996147
996161
996201
996216
996238
996353
996427
996458
996518
996607
996692
996851
996952
996967
997316
997350
997696
997734
997796
998028
998079
998637
998725
998750
998781
998851
998896
998968
998969
999086
999274
999343
999474
999560
999818
999823
999899
999908
999922
