52
138
222
331
410
414
424
434
677
690
814
824
884
1067
1180
1306
1444
1603
1651
1757
1787
2126
2140
2331
2361
2511
2574
2644
2901
2957
2997
3060
3105
3408
3437
3594
3726
3748
3780
3943
3949
3982
4024
4131
4146
4275
4465
4516
4656
4826
5127
5138
5629
5647
5685
5850
5958
5959
5973
6012
6113
6148
6302
6422
6709
6826
6844
7019
7020
7130
7261
7305
7318
7425
7437
7479
7500
7582
7611
7681
7756
7783
7839
8056
8090
8187
8335
8352
8502
8587
8641
8673
8742
9059
9084
9222
9244
9302
9435
9477
9478
9503
9638
9665
9787
9855
10000
10197
10258
10337
10355
10373
10559
10702
10738
10777
10781
10969
11065
11123
11184
11314
11376
11493
11528
11581
11867
12077
12102
12116
12357
12396
12405
12566
12797
12826
12920
12987
13040
13141
13479
13593
13599
13683
13751
13902
13954
14057
14059
14322
14450
14649
14746
15015
15326
15442
15464
16163
16261
16510
16798
16807
16931
17018
17172
17422
17543
17613
18041
18292
18402
18481
18587
18617
18641
18714
18911
18952
19028
19036
19038
19115
19399
19440
19647
19674
19759
19917
20054
20155
20217
20413
20420
20460
20536
20567
20746
20749
20759
20886
21020
21084
21417
21424
21434
21568
21593
21639
21777
21931
21989
22004
22173
22353
22435
22602
22655
22668
22748
22922
22966
22974
22984
22991
23031
23038
23096
23097
23172
23179
23272
23358
23443
23488
23513
23564
23642
23938
23963
23987
24005
24206
24415
24688
24739
24970
25344
25424
25572
25656
25715
25927
25939
25971
26043
26044
26153
26239
26283
26422
26838
27063
27155
27510
27571
27599
27734
27750
27786
27803
27964
28191
28192
28328
28360
28451
28504
28508
28569
28677
28771
28867
28939
29093
29216
29573
29729
29938
30055
30367
30547
30659
30724
30768
31356
31358
31446
31449
31698
31795
31810
31881
31915
32010
32078
32079
32142
32354
32652
32715
32745
32861
33227
33294
33356
33403
33414
33480
33511
33563
33828
34001
34013
34082
34248
34387
34450
34458
34491
34864
34972
34973
34982
35157
35291
35524
35636
35681
35758
35934
36075
36098
36226
36619
36723
36867
36881
37016
37136
37151
37230
37391
37512
37682
37710
37715
37745
37823
37847
37914
37990
38015
38179
38367
38508
38677
38828
39001
39260
39298
39402
39611
39644
39689
39723
39782
39785
40065
40274
40280
40363
40433
40569
40574
40630
40659
40739
40741
40774
40825
40839
40887
41100
41119
41368
41556
41935
42060
42233
42272
42300
42346
42456
42518
42568
42611
42612
42671
42798
42925
43053
43098
43163
43218
43236
43344
43710
43818
44111
44139
44142
44218
44307
44487
44491
44517
44529
44538
44581
44704
44717
44734
44903
45074
45162
45213
45411
45688
45735
45740
45879
45909
46275
46287
46336
46386
46406
46667
46795
46825
46850
46886
47047
47226
47308
47700
47758
47790
47913
47950
47997
48791
48823
48846
48982
49024
49359
49367
49396
49584
49680
49721
49798
49825
49897
49975
49987
50255
50268
50269
50286
50295
50418
50477
50673
50692
50696
50794
50840
50878
50936
50949
51016
51101
51110
51304
51372
51486
51643
51907
52079
52488
52499
52614
52717
52867
52973
53087
53166
53554
53616
53731
53833
53852
54013
54026
54146
54180
54198
54245
54274
54457
54519
54671
54685
54856
54880
54963
54997
55350
55578
55599
55650
55655
55676
55694
55703
55728
55774
55829
55889
55957
55995
56136
56149
56226
56333
56732
56793
56883
56885
57034
57095
57178
57188
57268
57272
57351
57398
57520
57569
57637
57664
57721
57757
57925
57969
58123
58389
58457
58528
58647
58756
58792
58899
58914
59084
59117
59183
59220
59361
59552
59832
60054
60135
60155
60193
60216
60326
60475
60688
60740
60752
60861
60904
60925
60951
60958
60995
61116
61160
61306
61335
61529
61610
61788
61934
62061
62189
62344
62484
62495
62678
62689
62783
62808
62974
62979
63056
63078
63120
63185
63209
63409
63460
63676
63773
63844
63963
64012
64219
64343
64374
64387
64396
64543
64555
64612
64697
65099
65130
65239
65558
65734
65857
66008
66115
66134
66278
66450
66521
66733
66801
66959
66963
67141
67282
67383
67485
67521
67718
67778
67869
67870
68014
68046
68229
68274
68767
68856
68999
69008
69082
69129
69220
69380
69497
69498
69508
69585
69714
69841
70025
70152
70383
70386
70424
70436
70656
70666
70667
70680
70774
70857
71099
71121
71204
71444
71451
71501
71543
71552
71879
72061
72072
72097
72108
72345
72523
72547
72600
72747
72808
72919
73042
73215
73362
73418
73423
73617
73673
73694
73710
73822
73884
74054
74209
74419
74427
74596
74635
74666
74705
74714
74871
74979
75116
75353
75454
75544
75549
75581
75664
75755
75866
75930
75979
75986
76013
76030
76079
76152
76213
76374
76544
76637
76892
77025
77145
77287
77443
77480
77870
78040
78042
78192
78198
78462
78474
78577
78616
78912
78919
78961
79124
79240
79321
79336
79380
79394
79431
79546
79560
79676
79816
79872
79985
80024
80349
80483
80767
81057
81329
81461
81468
81521
81717
81877
81913
81940
81943
82119
82380
82383
82500
82540
82541
82607
82755
82849
83248
83555
83652
83682
83770
83776
83800
83953
83964
84223
84276
84368
84499
84538
84764
84829
84883
84893
85082
85091
85174
85250
85417
85451
85513
85675
85722
85814
85970
86235
86274
86407
86435
86475
86518
86544
86605
86645
86683
86771
86939
87011
87023
87036
87062
87191
87200
87238
87415
87588
87835
87889
88021
88111
88113
88276
88296
88452
88456
88578
88672
88741
88761
88809
88876
88963
88983
89051
89186
89260
89420
89651
89751
89803
89914
90019
90125
90232
90233
90293
90311
90324
90373
90378
90486
90515
90539
90779
90783
90805
90841
91319
91478
91531
91847
91980
92000
92023
92049
92054
92275
92355
92402
92674
92885
92977
93047
93067
93242
93266
93292
93440
93539
94272
94333
94337
94477
94484
94580
94627
94705
94897
95128
95156
95289
95330
95502
95955
95966
96265
96267
96362
96579
96658
96695
97088
97159
97164
97208
97230
97342
97392
97521
97560
97792
97887
97967
98011
98223
98237
98309
98331
98632
98712
98758
98769
98792
98807
98815
98902
98968
99165
99216
99252
99299
99325
99544
99798
99873
99876
99966
100174
100413
100456
100490
100553
100567
100622
100649
100661
100891
100974
101123
101188
101242
101369
101426
101512
101859
102391
102474
102493
102500
102525
102592
102665
102705
102849
102942
102985
102997
103042
103055
103228
103330
103411
103484
103547
103649
103878
103958
103984
104053
104081
104093
104228
104256
104475
104495
104573
104643
104704
104848
105154
105410
105434
105488
105516
105751
105953
106031
106183
106410
106449
106585
106622
106632
106711
106730
106882
106995
107057
107114
107164
107215
107480
107529
107596
107885
107979
108061
108194
108227
108314
108337
108405
108463
108706
108780
108816
109132
109436
109472
109596
109699
110101
110187
110346
110358
110390
110515
110630
110901
110937
111336
111347
111670
111725
111741
111802
111892
111909
111956
112211
112658
112712
112856
113037
113146
113359
113379
113856
114013
114138
114170
114271
114337
114412
114483
114647
115001
115068
115082
115086
115188
115299
115362
115382
115454
115495
115529
115548
115564
115616
115642
115695
115709
115719
115760
115811
115870
115913
115984
116064
116192
116199
116266
116438
116528
116708
116768
116860
117002
117212
117268
117368
117506
117526
117597
117692
117705
117960
118045
118137
118173
118178
118199
118313
118342
118396
118490
118557
118589
118669
118755
118846
118859
118887
118975
119021
119255
119278
119328
119555
119561
119610
119679
119718
119913
119928
119945
119993
120040
120365
120404
120538
120687
120704
120716
120754
120772
120807
120845
121035
121172
121199
121402
121484
121517
121544
121626
121644
121801
121816
121912
122203
122222
122368
122447
122519
122643
122682
122768
122918
122922
122927
122947
123007
123068
123121
123242
123467
123511
123517
123596
123667
123689
123705
123772
123959
124066
124165
124328
124497
124498
124671
124728
124843
124934
124962
125036
125075
125090
125296
125362
125551
125839
126046
126186
126333
126449
126475
126589
126641
126859
126987
126993
127156
127173
127194
127234
127264
127434
127532
127655
127969
127976
128096
128438
128478
128555
128702
128725
128851
128888
129076
129365
129404
129407
129626
129648
129937
130043
130238
130272
130293
130295
130309
130312
130369
130373
130467
130663
130800
130817
130836
131221
131352
131614
131644
131668
131691
131753
131914
132003
132121
132147
132162
132650
132677
132821
132864
133215
133512
133606
133666
133826
133868
133907
133927
133959
134344
134355
134512
134521
134555
134586
134702
134754
134790
134843
134846
134914
135100
135180
135337
135473
135475
135738
136348
136434
136466
136511
136515
136671
136735
136761
136790
136791
136804
136835
136945
136978
137258
137279
137357
137369
137490
137533
137583
137656
137724
137767
137785
137836
137886
137918
137976
138021
138182
138292
138327
138392
138527
138542
138754
138755
138969
139019
139334
139426
139673
139770
139780
139831
139878
139880
139960
140033
140089
140281
140477
140509
140514
140593
140716
140896
141223
141305
141340
141377
141392
141473
141593
141596
141710
141713
141877
141938
142051
142078
142183
142199
142420
142448
142457
142471
142545
142557
142670
142698
142758
142806
142837
142863
142935
143052
143066
143128
143178
143285
143355
143487
143533
143534
143617
143661
143959
143968
144190
144253
144316
144620
144668
144839
145016
145054
145327
145680
145686
146398
146446
146473
146554
146667
146687
146691
146786
146933
147053
147108
147133
147215
147222
147395
147410
147487
147626
147974
148038
148259
148262
148275
148323
148403
148417
148438
148464
148595
148684
148699
148744
148873
149177
149269
149402
149450
149506
149563
149638
149652
149711
149734
149742
150006
150127
150165
150234
150334
150422
150503
150549
150614
150684
150763
150809
150830
151049
151438
151486
151575
151589
151641
151747
151764
151777
151873
151944
152058
152084
152218
152395
152603
152874
152920
153080
153129
153194
153351
153420
153465
153651
153806
153895
153941
154064
154078
154107
154202
154213
154256
154339
154463
154528
154581
154610
154758
154760
154841
155219
155288
155822
155885
155920
156000
156070
156280
156314
156446
156447
156488
156579
156613
156667
156738
156755
156777
156839
156917
157030
157259
157297
157666
157696
157714
157809
157882
158185
158213
158229
158508
158549
158560
158650
158873
159227
159487
159499
159523
159566
159633
159683
159786
160001
160043
160140
160190
160320
160397
160404
160516
160526
160558
160705
160722
160791
160797
160972
161071
161106
161173
161231
161282
161390
161403
161484
161568
161571
161601
161668
161789
161790
161937
162176
162321
162348
162740
162809
162893
162966
163403
163428
163505
163514
163557
163647
163734
163775
163798
163830
163862
163961
163963
164095
164127
164172
164217
164461
164559
164681
164687
164731
164772
164873
164990
165027
165050
165064
165154
165337
165368
165634
165907
165930
166095
166199
166200
166247
166301
166562
166626
166660
166809
167040
167142
167170
167198
167283
167296
167335
167432
167500
167591
167754
167780
167796
167797
167864
167887
167942
167987
168050
168104
168622
168950
169043
169056
169292
169348
169598
169679
169985
170006
170022
170023
170075
170099
170486
170603
170655
170688
171032
171156
171253
171269
171390
171451
171685
171790
172098
172242
172263
172309
172476
172484
172711
172741
172779
172815
172827
173325
173525
173576
173685
173958
173963
173964
174168
174241
174337
174380
174471
174506
174638
174748
174809
174822
174834
174848
175088
175239
175448
175510
175531
175920
175987
175989
176273
176294
176446
176502
176774
176782
176804
176885
176944
177143
177254
177281
177288
177365
177434
177515
177547
177576
177644
177673
177769
177890
178078
178136
178206
178247
178341
178377
178445
178504
178525
178612
178756
178801
178931
178976
179111
179142
179149
179213
179269
179305
179597
179696
179726
179740
179785
180125
180143
180245
180634
180654
180769
180801
180863
180904
180944
181283
181472
181492
181614
181617
181873
181912
182023
182069
182180
182232
182371
182391
182413
182427
182434
182471
182506
182682
182723
182827
183029
183048
183184
183212
183399
183411
183504
183604
183623
183664
184046
184135
184209
184251
184351
184388
184603
184900
184985
185067
185096
185100
185130
185161
185245
185298
185347
185586
185852
185911
186204
186228
186487
186495
186685
186733
186802
186881
187214
187244
187480
187508
187691
187696
187809
187902
188136
188210
188216
188266
188369
188442
188452
188619
188893
188904
189174
189475
189559
189960
190107
190131
190177
190288
190344
190638
190706
190716
190722
190734
190776
190922
191055
191117
191180
191383
191624
191642
191714
191792
191972
192249
192274
192299
192326
192383
192605
192776
192836
192993
193049
193168
193187
193252
193357
193607
193816
193857
194052
194158
194407
194572
194730
194764
194823
194898
194956
194970
194976
195026
195029
195304
195717
196013
196031
196172
196214
196221
196408
196658
196707
196752
196783
196827
196831
196836
197064
197127
197212
197446
197514
197747
197852
197912
197915
197916
198179
198209
198298
198460
198675
198719
198995
199133
199221
199245
199470
199522
199793
199815
199951
199952
200109
200125
200304
200366
200409
200435
200654
200655
200845
201022
201045
201069
201294
201435
201515
201621
201642
201780
201830
201888
201946
202029
202048
202100
202191
202239
202248
202435
202519
202676
202767
202820
202863
202893
202905
203364
203572
203601
203650
203691
203704
203742
203762
204009
204065
204217
204263
204282
204376
204522
204549
204703
204788
204975
205007
205083
205142
205257
205361
205382
205597
205785
205925
205983
206051
206113
206126
206210
206282
206388
206430
206505
206671
206732
206974
206995
207210
207233
207298
207525
207587
207622
207711
207753
207841
207879
207943
207956
208085
208357
208387
208550
208720
208807
208947
209063
209069
209096
209209
209211
209256
209346
209375
209392
209610
209718
209785
209824
209877
210124
210203
210493
210499
210534
210564
210633
210874
210913
211165
211178
211213
211219
211301
211325
211426
211432
211508
211511
211893
211983
212329
212403
212451
212563
212676
212800
212827
212834
212935
212941
212945
213045
213150
213166
213442
213834
213898
213915
213918
213940
213959
214473
214500
214528
214583
214642
214704
214744
214952
215052
215096
215285
215294
215317
215355
215497
215590
215743
215787
215819
215838
215993
216014
216015
216106
216263
216359
216374
216745
216752
216806
216977
217368
217532
217614
217629
217927
218023
218045
218152
218166
218181
218266
218330
218333
218569
218619
218914
218922
218972
219113
219135
219189
219313
219395
219481
219893
219966
220331
220618
220781
220837
221049
221057
221150
221155
221392
221397
221409
221468
221713
221733
221773
221783
221799
222059
222150
222187
222405
222528
222730
222949
223334
223473
223661
223831
223913
223922
223948
223961
224461
224628
224742
224884
224894
224940
225257
225262
225371
225486
225515
225715
225782
225819
225863
225886
226045
226051
226102
226243
226314
226378
226408
226411
226500
226542
226550
226781
226911
227015
227072
227093
227123
227247
227597
227728
227781
227867
227879
227964
228197
228257
228363
228570
228944
229203
229232
229268
229297
229637
229694
229703
229866
229867
229929
230033
230110
230326
230367
230623
230649
230675
230684
230704
230750
230823
230868
230961
230982
231273
231278
231343
231361
231445
231497
231514
231819
232003
232108
232283
232478
232521
232641
232801
232951
232962
232990
233026
233209
233241
233282
233398
233404
233466
233591
234164
234291
234327
234403
234428
234437
234442
234573
234575
234614
234653
234702
234741
234787
234893
234927
235045
235075
235081
235156
235198
235199
235219
235225
235293
235317
235447
235470
235560
235573
235579
235641
235648
235653
235657
235907
235995
236030
236223
236256
236278
236279
236486
236489
236681
236947
237089
237384
237433
237485
237567
237624
237697
237706
237851
237900
237989
238232
238297
238494
238504
238521
238552
238634
238735
238779
238794
238930
239045
239079
239108
239140
239143
239189
239200
239237
239252
239330
239552
239567
239662
239712
239770
240287
240305
240479
240703
240738
240768
240795
240834
241371
241613
241797
241801
242279
242289
242333
242391
242611
242891
243086
243159
243180
243198
243332
243427
243638
243643
243811
243859
244039
244049
244148
244296
244480
244559
244600
244796
244824
245014
245112
245141
245174
245250
245334
245576
245591
245873
246042
246107
246153
246160
246586
246595
246607
246671
246726
246728
246732
246802
246832
246844
247001
247092
247231
247271
247278
247364
247382
247398
247400
247511
247621
247723
248000
248030
248299
248323
248394
248511
248569
248605
248634
248651
248814
248833
248976
249022
249266
249355
249460
249622
249654
249929
250063
250070
250312
250354
250521
250923
251141
251204
251235
251249
251322
251431
251580
251586
251675
251757
251789
251838
251843
252044
252115
252131
252133
252152
252281
252431
252449
252500
252693
252820
252835
252840
252847
252854
252975
253017
253091
253127
253392
253430
253474
253480
253523
253569
253634
253704
253743
253900
253902
253969
254005
254062
254080
254300
254439
254533
254701
254718
254773
254816
254839
254863
254942
255100
255198
255251
255261
255389
255471
255486
255549
255636
255661
255680
255743
256278
256416
256433
256473
256711
256799
256956
257062
257219
257369
257549
257684
258052
258192
258239
258379
258434
258584
258599
258642
258749
258766
258769
258874
258891
258935
258953
259114
259140
259364
259393
259434
259635
259756
259810
259955
260430
261117
261201
261232
261730
261787
261789
261879
261925
261937
261984
262153
262409
262592
262689
262743
262883
262980
263038
263101
263127
263232
263498
263529
263766
264127
264219
264387
264499
264502
264642
264762
264836
264993
265237
265272
265288
265371
265499
265538
265834
265862
265914
266170
266271
266584
266612
266681
266689
266785
266969
266986
267084
267099
267134
267169
267197
267530
267555
267641
267720
267792
267834
267954
268055
268162
268216
268373
268411
268593
268662
268878
268931
269319
269331
269344
269374
269397
269399
269827
269831
270011
270102
270155
270169
270231
270361
270467
270598
270602
270784
270788
270843
270860
270866
270944
271034
271128
271194
271300
271354
271380
271534
271582
271723
271762
271861
272050
272176
272206
272223
272237
272320
272325
272644
272719
272951
273084
273102
273125
273190
273253
273563
273578
273669
273836
273859
273955
274068
274120
274153
274263
274442
274450
274525
274761
274775
274783
274837
274848
274966
275146
275162
275208
275278
275712
275738
275854
276053
276060
276239
276321
276428
276480
276542
276590
276884
276892
276979
277078
277223
277403
277487
277557
277573
277737
277871
277932
278008
278039
278092
278423
278452
278736
278884
278957
279138
279140
279457
279486
280079
280123
280151
280166
280213
280285
280309
280312
280580
280623
280782
280845
280851
280939
280974
281064
281498
281582
281649
281717
281794
281797
281837
282004
282099
282158
282164
282211
282224
282229
282233
282420
282491
282589
282633
282664
282753
282865
282883
282954
283019
283196
283368
283482
283578
284047
284271
284568
284596
284724
284744
284955
284964
284966
285271
285315
285348
285376
285425
285671
285782
285883
286030
286111
286203
286210
286462
286486
286506
286608
286659
286695
286728
286923
286987
287026
287051
287148
287342
287359
287392
287543
287648
287685
287710
287784
287866
287928
287979
288112
288137
288171
288243
288586
288602
288630
288907
289001
289198
289358
289402
289566
289574
289589
289616
289679
290003
290118
290314
290412
290536
290838
290991
291195
291235
291310
291596
291658
291861
291867
291982
291993
292018
292110
292258
292326
292341
292661
292807
292943
292964
293143
293212
293410
293457
293520
293534
293636
293701
293881
294001
294118
294182
294289
294363
294502
294526
294580
294593
294611
294671
294678
294891
294950
295027
295028
295243
295379
295618
295788
295799
295825
295956
296062
296099
296255
296280
296460
296499
296514
296581
296668
296698
296874
296904
297044
297088
297254
297397
297675
297831
297882
298091
298124
298217
298262
298268
298471
298528
298829
298879
299104
299159
299171
299397
300161
300176
300373
300485
300613
300656
300670
300707
300989
301299
301337
301414
301553
301664
301716
301923
301974
302043
302303
302399
302473
302649
302755
302830
302856
302873
302997
303081
303197
303200
303246
303262
303284
303432
303566
303586
303632
303654
303706
303890
303944
303987
304004
304014
304018
304047
304201
304364
304405
304431
304513
304675
304682
304726
304843
304881
304898
304901
305131
305226
305339
305564
305598
305607
305653
305865
305882
306370
306504
306735
306742
306790
307312
307369
307395
307581
307692
307702
307743
308022
308064
308107
308148
308188
308226
308304
308719
308905
308915
309104
309256
309290
309300
309324
309361
309446
309450
309650
309696
309893
310001
310206
310282
310318
310498
310512
310530
310542
310683
310963
310971
311225
311814
311822
311841
311845
311922
311960
311985
312019
312022
312096
312114
312180
312195
312360
312541
312545
312640
312689
312774
312800
312898
312947
313107
313671
313694
313805
313811
313812
313847
313975
314248
314250
314334
314618
314677
314773
314865
314882
315013
315174
315232
315243
315542
315677
315814
316341
316383
316447
316673
316714
316833
316870
316883
316938
317017
317124
317132
317605
317776
317858
317907
317945
318159
318166
318334
318365
318384
318442
318523
318585
318823
319233
319269
319329
319573
319774
319788
320069
320190
320302
320496
320707
320708
320790
320815
320846
320893
320894
321014
321098
321145
321156
321486
321504
321634
322086
322094
322147
322255
322341
322478
322521
322550
322608
322636
322651
322870
322927
322937
322966
323045
323238
323367
323380
323389
323787
323871
324168
324275
324325
324440
324623
324949
324998
325261
325291
325502
325796
325912
326026
326076
326081
326086
326089
326216
326260
326402
326656
326750
326782
326799
326812
327423
327498
327591
327735
327862
327898
327921
327945
327954
328026
328115
328147
328157
328410
328519
328539
328662
328999
329338
329360
329444
329514
329557
329580
329610
329627
329691
329706
329732
329771
329893
329960
330067
330088
330140
330228
330229
330321
330496
330500
330622
330709
330715
330735
330778
331045
331197
331429
331503
331566
331591
331658
331841
331880
332171
332230
332360
332536
332636
332796
333245
333512
333620
333728
333812
333920
333964
333999
334017
334043
334101
334193
334306
334442
334463
334538
335032
335141
335146
335302
335454
335486
335532
335657
335706
335947
335989
336192
336324
336494
336506
336534
336562
336614
336628
336641
336766
336849
336988
337319
337475
337857
337858
337987
338021
338040
338048
338162
338170
338219
338259
338318
338383
338584
338587
338705
338727
338786
338952
339007
339031
339150
339167
339383
339573
339576
339620
339673
339838
339960
340059
340066
340067
340120
340157
340317
340367
340446
340540
340765
340813
340880
340998
341236
341347
341365
341432
341559
341586
341754
342003
342239
342271
342276
342290
342316
342384
342467
342562
342599
342628
342794
342862
342915
343025
343046
343076
343285
343343
343630
343783
343793
343801
343834
343870
343875
344052
344121
344156
344165
344233
344246
344468
344704
344746
344780
345065
345269
345321
345371
345379
345422
345507
345532
345717
345729
345736
345836
345865
345987
346040
346046
346148
346353
346364
346365
346430
346470
346594
346799
346849
346910
346986
347087
347101
347217
347682
347689
347754
347821
348016
348219
348272
348286
348390
348402
348446
348644
348668
348736
348814
349120
349175
349235
349514
349551
349604
349607
349666
349733
349916
350032
350083
350112
350223
350225
350368
350386
350418
350443
350451
350532
350547
350839
351012
351079
351080
351154
351218
351241
351328
351332
351341
351410
351456
351640
351777
351818
351883
351943
352074
352087
352165
352224
352405
352473
352649
352750
352892
352918
352993
353091
353227
353231
353398
353582
353585
353696
353749
353799
353807
353942
353959
354026
354085
354164
354271
354379
354389
354397
354730
354748
354838
355055
355057
355239
355260
355404
355454
355494
355628
355635
355936
355981
356098
356171
356509
356550
356671
356724
357054
357117
357120
357141
357167
357200
357223
357490
357793
357811
357820
357986
358328
358574
358643
358739
358893
358983
359014
359122
359313
359397
359526
359747
359808
359839
360091
360315
360358
360381
360426
360553
360605
360609
360720
360956
360976
361063
361195
361257
361297
361304
361306
361329
361504
361544
361633
361686
361738
361801
361928
361942
361944
362306
362395
362397
362643
362841
362994
363123
363126
363131
363241
363330
363421
363437
363530
363705
363727
363734
363822
363834
363844
363991
364103
364410
364438
364496
364519
364568
364631
364667
364698
364726
364781
364875
364886
364928
365015
365029
365046
365317
365356
365381
365429
365450
365454
365456
365663
365679
365687
365741
365972
365980
366097
366112
366189
366303
366310
366359
366884
366968
367086
367245
367363
367472
367696
367712
367760
367923
368107
368164
368280
368282
368332
368334
368445
368468
368660
368782
368878
368904
368957
369190
369210
369325
369376
369632
369667
369722
370125
370157
370175
370347
370381
370449
370666
370670
371090
371240
371285
371320
371406
371467
371550
371646
371818
371879
371887
371992
372096
372127
372139
372187
372231
372421
372945
373163
373248
373281
373452
373468
373503
373542
373627
373632
373661
373725
373797
374140
374228
374263
374314
374363
374534
374537
374616
374688
374857
375061
375079
375187
375263
375314
375594
375601
375629
375718
375744
375809
375864
375906
376002
376019
376320
376394
376435
376772
376775
377026
377284
377313
377363
377368
377411
377413
377641
377681
377699
378072
378198
378267
378359
378424
378481
378681
378742
378771
378806
378874
378876
378996
379032
379063
379129
379240
379288
379312
379541
379722
379728
379963
380231
380257
380391
380507
380509
380829
380976
381263
381283
381294
381398
381705
381777
382010
382061
382106
382248
382414
382588
382589
382640
382814
382828
382942
383029
383084
383175
383535
383550
383607
383656
383711
383751
383903
384086
384207
384261
384628
384724
384861
384965
385049
385129
385224
385400
385579
385614
385718
385773
385862
385895
386507
386878
386926
386938
386958
387044
387058
387079
387182
387368
387388
387633
387668
387715
387878
388344
388396
388412
388467
388520
388781
388895
388985
389005
389021
389037
389239
389378
389421
389602
389633
389700
389712
389722
389845
389862
390135
390174
390338
390439
390755
390765
390833
390910
391031
391052
391134
391194
391196
391314
391335
391355
391482
391495
391543
391592
391813
391857
391884
391889
392289
392403
392446
392512
392579
392589
392686
392897
393259
393295
393329
393425
393467
393529
393625
394182
394191
394209
394333
394350
394392
394562
394569
394640
394684
394885
395074
395206
395286
395289
395356
395589
395688
395745
395775
396008
396139
396377
396468
396475
396650
396751
396797
396799
396800
396809
397198
397242
397315
397349
397489
397496
397501
397994
398057
398075
398120
398134
398568
398606
398657
399109
399126
399254
399344
399624
399658
399747
399887
400095
400253
400277
400290
400390
400615
400745
400782
401007
401036
401110
401258
401436
401439
401455
401478
401700
401780
401795
401833
402196
402346
402423
402429
402453
402542
402603
402613
402827
403041
403056
403079
403132
403201
403207
403272
403351
403551
403583
403589
403595
403601
403988
404077
404168
404309
404326
404423
404441
404464
404645
404772
404868
404952
405091
405167
405186
405204
405352
405365
405421
405483
405623
405669
405983
405993
406085
406448
406530
406641
406694
406713
406756
407043
407461
407618
407639
407750
407807
407875
407887
408040
408402
408442
408503
408523
408607
408913
408932
409184
409215
409561
409778
409790
409869
410369
410434
410457
410471
410476
410555
410594
410626
410694
410834
411011
411179
411291
411380
411516
411548
411667
411680
411744
411745
411773
411789
411847
412021
412024
412099
412137
412204
412303
412335
412368
412441
412447
412525
412940
413046
413096
413164
413269
413426
413492
413511
413750
413781
413849
413892
414043
414057
414262
414307
414320
414421
414744
414753
414757
414803
414917
415305
415334
415429
415852
415863
416052
416141
416169
416455
416555
416588
416946
417034
417192
417220
417278
417320
417575
417772
417775
417957
418208
418387
418652
418678
418717
418970
419220
419344
419406
419409
419912
419913
419964
419985
420043
420147
420247
420290
420607
420710
420777
420797
420902
420929
421031
421068
421203
421228
421238
421255
421386
421600
421747
421828
422069
422089
422094
422366
422394
422680
422864
422881
422922
422999
423237
423282
423336
423436
423588
423598
423765
423785
423858
424282
424385
424625
424787
424810
425156
425190
425204
425211
425223
425318
425379
425391
425446
425447
425462
425512
425547
425589
425595
425742
425796
425987
426231
426362
426629
426658
426903
427287
427303
427355
427364
427499
427589
427795
427823
427868
427936
427940
427978
428028
428137
428153
428215
428268
428332
428720
428739
428874
428890
429136
429195
429277
429314
429467
429484
429495
429534
429543
429639
429757
429758
429852
429869
430035
430052
430114
430152
430210
430237
430281
430358
430534
430660
430668
430697
430710
430862
430966
430978
431102
431107
431138
431242
431248
431252
431407
431588
431741
431759
431913
431986
431999
432112
432214
432253
432358
432426
432748
432856
432873
433070
433110
433156
433225
433303
433366
433736
433910
433962
433975
434012
434273
434328
434398
434399
434452
434457
434618
434858
434886
434896
435055
435313
435332
435349
435489
435576
435742
435965
435978
436307
436308
436449
436456
436549
436614
436920
437039
437051
437061
437175
437260
437300
437370
437394
437510
437512
437650
438000
438087
438256
438369
438408
438548
438667
438671
438796
438823
438902
438940
438985
439012
439021
439085
439168
439179
439230
439470
439570
439829
439870
440083
440335
440347
440420
440493
440494
440660
440673
440738
440764
441033
441086
441156
441176
441222
441354
441441
441455
441493
441506
441584
441628
441668
441831
441850
441967
441987
442088
442104
442121
442250
442775
442822
442898
443052
443429
443525
443580
443625
443682
443703
443816
443829
443869
443928
443942
443980
443990
444123
444376
444563
444589
444799
444808
444955
444962
444976
445141
445154
445164
445180
445203
445270
445312
445385
445471
445503
445638
445649
445716
445745
446125
446173
446188
446273
446412
446432
446445
446638
446780
446783
446854
446928
447004
447172
447326
447385
447524
447557
447913
448045
448088
448367
448599
448776
448810
448998
449095
449108
449193
449282
449287
449296
450282
450496
450650
450652
450933
450981
451008
451046
451083
451128
451156
451200
451204
451247
451768
451774
451890
452007
452254
452363
452897
452926
453019
453193
453332
453382
453550
453802
454002
454176
454262
454303
454311
454457
454459
454505
454643
454676
454805
454869
454914
454932
455118
455628
455719
455787
455814
456072
456102
456163
456184
456310
456379
456380
456408
456554
456730
456764
456988
456995
456996
457115
457132
457371
457383
457392
457410
457417
457518
457541
457639
457683
457980
458193
458214
458426
458452
458465
458699
458736
458936
458987
459238
459492
459570
459576
459658
459863
459886
459995
460052
460102
460203
460340
460542
460616
460621
460781
461096
461140
461163
461298
461347
461441
461600
461666
461779
462048
462146
462232
462280
462441
462525
462672
462675
462747
462871
462890
463064
463096
463190
463302
463371
463588
463746
463755
463918
463990
463999
464007
464170
464211
464346
464359
464734
464762
464927
464932
464984
465075
465087
465165
465217
465357
465411
465469
465492
465496
465642
465676
465731
465847
465969
466126
466202
466221
466240
466241
466358
466374
466377
466413
466434
466464
466777
466840
466938
467039
467106
467150
467333
467452
467582
467667
467768
468049
468106
468193
468255
468381
468426
468442
468517
468645
468724
468925
469060
469289
469320
469460
469508
469520
469531
469534
469607
469838
470085
470089
470280
470353
470452
470517
470524
470711
470770
470779
470810
470892
471074
471148
471257
471280
471287
471459
471543
471615
471652
471807
471843
471861
472101
472109
472209
472285
472374
472471
472486
472528
472598
472629
472630
472657
472684
472789
472923
472945
472976
473170
473188
473214
473288
473422
473643
473702
473716
473731
473801
473904
473948
473975
474077
474209
474317
474494
474600
474876
474927
475185
475216
475734
475756
475991
476125
476135
476191
476245
476489
476538
476558
476729
476960
477039
477041
477129
477266
477372
477643
477878
477930
478078
478561
478595
478734
478842
478873
478900
479176
479437
479669
479854
479977
480006
480325
480512
480651
481015
481031
481158
481263
481336
481431
481473
481563
481703
481921
481958
482132
482384
482427
482450
482621
482642
482687
482930
483141
483463
483756
484078
484085
484164
484194
484198
484206
484213
484253
484272
484320
484331
484502
484665
484756
484786
484845
484946
485004
485019
485193
485200
485215
485239
485315
485387
485588
485598
485642
485703
485707
485736
485809
485918
486186
486223
486395
486403
486460
486671
486673
486762
486848
486898
486922
486949
487338
487560
487611
487695
487748
487858
487889
488061
488196
488225
488262
488329
488342
488572
488710
488847
488954
489067
489095
489122
489253
489280
489317
489480
489576
489624
489693
489939
489994
490476
490659
490719
490814
490994
491014
491173
491187
491274
491367
491390
491403
491412
491508
491511
491604
491623
491789
491805
491890
491967
492172
492371
492458
492519
492762
492777
493080
493090
493140
493297
493714
493724
493893
493997
494013
494015
494108
494109
494135
494142
494383
494536
494781
494888
494914
494939
495079
495181
495227
495242
495349
495412
495415
495431
495476
495488
495512
495667
495711
495716
495733
496025
496340
496399
496411
496492
496536
496681
496967
496974
497026
497201
497217
497242
497249
497251
497315
497515
497532
497583
497650
497688
497689
497780
497843
497927
497934
498170
498380
498446
498554
498660
498733
498820
498865
498870
498874
499070
499105
499116
499126
499148
499169
499207
499345
499452
499575
499587
499849
499892
499968
500004
500778
500806
500817
500981
501211
501341
501403
501453
501573
501795
502013
502095
502343
502352
502388
502423
502445
502496
502655
502855
503029
503304
503523
503633
503752
503842
504309
504382
504466
504508
504530
504684
504803
504976
505078
505204
505271
505276
505420
505421
505438
505456
505527
505675
505718
505786
505813
505864
505923
505930
505951
505954
506013
506120
506121
506176
506221
506269
506283
506299
506327
506582
506623
506678
506728
506853
506901
506939
506960
506966
507014
507060
507338
507417
507458
507544
507652
507706
507737
507984
508067
508123
508411
508450
508482
508620
508689
509026
509073
509135
509322
509495
509693
509705
509800
509807
509909
509977
510022
510285
510419
510474
510504
510598
510647
510674
510693
510744
510790
510804
511001
511102
511144
511190
511221
511344
511391
511463
511500
511582
511617
511826
511945
512080
512276
512368
512475
512478
512489
512547
512767
512769
512783
513128
513161
513339
513346
513392
513432
513575
513594
513652
513915
513923
514100
514114
514419
514432
514569
514592
514597
515226
515255
515475
515501
515551
515694
515744
515812
515980
516033
516072
516149
516202
516299
516391
516419
516530
516622
516940
516983
517033
517073
517286
517314
517350
517374
517412
517452
517472
517508
517509
517561
517562
517578
517643
517803
517823
517828
517845
517975
518123
518206
518352
518408
518411
518454
518618
518738
518750
518810
518900
519016
519223
519234
519508
519694
519742
519933
519955
520097
520104
520128
520234
520353
520363
520458
520508
520662
521005
521023
521061
521078
521090
521502
521506
521514
521905
522006
522081
522325
522418
522897
523189
523355
523599
523614
523848
523852
523864
523925
524049
524244
524271
524335
524341
524352
524358
524547
525151
525306
525313
525425
525439
525514
525536
525749
525765
525779
525836
525850
525957
525999
526013
526020
526165
526167
526224
526243
526265
526312
526420
526519
526524
526526
526528
526580
526767
527096
527153
527391
527400
527532
527537
527812
527856
528036
528063
528189
528209
528230
528407
528467
528567
528577
528715
528735
528754
529112
529124
529234
529235
529800
529900
530081
530115
530165
530178
530280
530301
530318
530363
530589
530601
530656
530733
530833
530845
530872
530894
530909
530958
530970
531240
531523
531563
531816
531821
531846
531906
531912
532032
532107
532527
532678
532875
532886
533024
533131
533205
533270
533455
533460
533554
533564
533597
533721
533807
533821
533840
533920
533961
534037
534072
534093
534146
534201
534423
534636
534701
534804
535054
535100
535137
535269
535387
535544
535748
535835
535957
536001
536295
536309
536373
536538
536546
536714
537003
537014
537162
537205
537259
537416
537556
537795
538020
538035
538097
538149
538372
538765
538768
539025
539221
539228
539264
539267
539302
539521
539615
539684
539928
540121
540410
540726
540885
541075
541116
541126
541179
541409
541521
541528
541634
541641
541849
542078
542081
542221
542263
542304
542442
542452
542505
542741
542744
542835
542909
543060
543068
543075
543080
543173
543256
543287
543305
543336
543499
543663
543745
543846
543882
543889
543934
544027
544097
544245
544457
544518
544638
544642
544737
544780
544824
544901
545038
545204
545230
545257
545381
545392
545459
545464
545524
545525
545545
545849
545897
545987
545989
546023
546148
546160
546224
546286
546318
546445
546595
546660
546720
546891
546947
546998
547014
547028
547144
547154
547232
547297
547399
547569
547622
547676
547736
547858
547929
548051
548126
548171
548345
548606
548646
548684
548764
548990
549052
549075
549172
549196
549209
549541
549770
549782
549903
550063
550069
550159
550198
550511
550756
551145
551151
551230
551252
551646
551721
551778
551799
551839
551887
551966
552016
552068
552109
552142
552158
552183
552323
552713
552789
552794
552866
552981
553116
553337
553395
553427
553556
553645
553854
553896
554571
554592
554645
554653
554800
554809
554818
554917
554926
554938
555026
555036
555048
555064
555114
555133
555369
555534
555568
555609
555668
555799
555889
555902
555948
556063
556104
556137
556237
556250
556251
556256
556270
556526
556562
556731
556798
556859
556921
556948
557164
557193
557199
557200
557239
557265
557323
557445
557462
557534
557566
557710
557805
557819
557868
557942
557945
557962
558038
558146
558191
558276
558300
558354
558372
558401
558405
558441
558545
558550
558700
558720
558757
558822
558849
558946
559415
559434
559533
559687
559834
560024
560030
560108
560123
560239
560247
560380
560391
560398
560403
560439
560470
560554
560814
560995
561064
561135
561200
561202
561230
561265
561270
561294
561458
561698
561961
561968
561975
562020
562133
562270
562363
562642
562736
562802
562836
562905
562921
562941
562980
562991
563112
563230
563347
563429
563468
563479
563650
563802
563853
563903
563939
563957
564001
564017
564101
564130
564417
564449
564556
564749
564789
564846
564852
564878
565016
565087
565151
565196
565220
565365
565393
565399
565448
565617
565736
565759
565804
565817
565898
565991
566053
566158
566159
566221
566240
566253
566500
566521
566570
566580
566620
566630
566769
566872
567096
567188
567362
567400
567423
567468
567485
567624
567841
567934
568057
568175
568208
568294
568590
568592
569091
569145
569181
569259
569987
570027
570048
570116
570147
570254
570365
570429
570450
570624
570688
570847
571005
571140
571398
571545
571580
571839
571909
572033
572143
572288
572603
572641
572702
572731
572857
573070
573158
573170
573198
573305
573336
573656
573667
573707
573772
573776
573834
574050
574315
574414
574450
574476
574540
574718
574730
574767
574871
575052
575094
575156
575364
575387
575482
575660
575817
575838
575872
576014
576134
576183
576292
576516
576581
576719
576864
576914
577230
577276
577317
577485
577551
577672
577905
577931
577960
578010
578053
578426
578479
578528
578624
578626
578637
578680
578795
578828
579014
579061
579086
579183
579351
579511
579604
579975
580012
580019
580231
580313
580325
580370
580406
580486
580715
581035
581151
581232
581238
581340
581398
581825
581870
581895
582014
582395
582406
582447
582506
582553
582703
582942
582956
583065
583425
583471
583498
583609
583797
583855
583906
583997
584499
584555
584601
584676
584695
584768
584777
584833
584904
585077
585079
585169
585171
585200
585204
585320
585352
585556
585718
586406
586434
586574
586586
586617
586665
586681
586948
586995
587124
587330
587413
587683
587700
587714
587720
587776
587866
587914
587940
588061
588210
588306
588437
588524
588834
588849
588910
588933
589272
589456
589534
589631
589641
589654
589724
589887
589926
590178
590210
590266
590294
590337
590398
590585
590589
590635
590905
591006
591009
591034
591055
591216
591306
591409
591477
591892
592117
592119
592296
592487
592685
592728
592751
592984
593209
593215
593231
593301
593322
593415
593508
593782
593831
593896
593975
594015
594099
594214
594363
594922
594933
595221
595252
595260
595324
595325
595341
595361
595811
595850
595852
595889
595926
596193
596226
596317
596510
596571
596806
596824
597035
597065
597150
597191
597388
597400
597478
597517
597642
597762
597876
598058
598139
598183
598294
598307
598616
598640
598661
598720
598784
598829
598889
598961
599050
599554
599632
599647
599678
600173
600217
600243
600625
600636
600664
600857
600996
601125
601225
601246
601277
601287
601335
601346
601356
601366
601390
601533
601535
601770
601813
602008
602026
602068
602087
602252
602260
602293
602295
602371
602613
602739
602860
602928
603211
603352
603424
603516
603580
603615
603757
603907
603920
603933
604045
604187
604241
604297
604759
604844
604900
604954
605026
605069
605105
605222
605274
605341
605395
605457
605996
606088
606158
606200
606445
606487
606528
606681
607075
607273
607580
607643
607712
607764
607949
608088
608212
608243
608332
608397
608410
608447
608455
608717
608921
609096
609188
609252
609425
609436
609913
610125
610140
610147
610153
610360
610402
610425
610536
610589
610617
610621
610830
610866
610888
610901
610948
611057
611216
611252
611394
611451
611509
611575
611608
611614
612065
612130
612586
612605
612634
612673
612817
612855
612884
612907
613312
613330
613603
613645
613757
613870
614174
614449
614499
614509
614532
614583
614699
614733
614778
614977
615011
615145
615160
615212
615258
615272
615461
615708
615736
615836
615866
616096
616165
616304
616332
616585
616688
616856
616915
617012
617062
617074
617206
617323
617392
617635
617897
617898
617913
617948
618102
618103
618127
618165
618267
618386
618443
618496
618766
618795
618894
619094
619144
619175
619240
619285
619291
619618
619683
619695
619709
619748
619897
620024
620052
620078
620208
620236
620384
620507
620590
620649
620709
620719
620726
620745
620808
620818
621038
621246
621264
621501
621598
621620
621764
621782
621860
621954
622156
622175
622502
622574
622700
622744
622885
623045
623189
623203
623214
623471
623510
623816
623851
624021
624022
624023
624052
624178
624186
624497
624628
624635
624670
624734
624768
624899
624900
625017
625576
625713
625956
625995
626077
626141
626396
626770
626949
626970
627144
627201
627215
627305
627379
627431
627542
627631
627706
627910
628221
628258
628266
628277
628297
628305
628314
628351
628433
628435
628543
628582
628616
628692
628723
628736
628773
628778
628825
628899
628903
629089
629202
629324
629555
629661
629685
629764
629988
630093
630186
630412
630596
630902
630953
630980
631352
631582
631667
631796
631804
631997
632124
632196
632254
632316
632488
632538
632791
632792
632796
632967
633095
633127
633179
633180
633409
633499
633719
633722
633817
633847
633911
634045
634074
634122
634233
634303
634465
634484
634551
634646
634675
634701
634715
634728
634849
634910
635011
635013
635078
635158
635309
635460
635595
635749
635829
635859
635872
635981
636092
636138
636293
636430
636435
636546
636606
636620
636780
636813
636984
637051
637055
637079
637114
637245
637296
637419
637469
637670
638024
638079
638119
638187
638243
638249
638330
638363
638394
638400
638410
638439
638557
638683
638731
639061
639063
639202
639231
639283
639302
639305
639480
639694
639732
639761
639866
639870
639993
640006
640074
640106
640156
640238
640327
640478
640517
640539
640632
640676
640709
640802
640863
640874
640941
640983
641054
641176
641356
641776
642001
642076
642235
642244
642256
642502
642538
642877
642998
643119
643226
643241
643354
643366
643699
643747
643872
643985
644161
644164
644165
644204
644361
644393
644491
644496
644675
644896
644959
645122
645250
645301
645404
645836
645949
646050
646231
646234
646268
646385
646481
646511
646600
646721
646792
646819
646989
647203
647243
647283
647536
647728
647810
647833
647837
648278
648302
648369
648436
648451
648478
648558
648561
648598
648626
648642
648697
648747
648924
648930
649193
649264
649488
649560
649590
649654
649693
649694
649715
649755
649772
649959
650093
650151
650314
650793
650915
651101
651140
651280
651347
651527
651671
651716
651861
651904
651965
652117
652197
652318
652381
652518
652679
652695
653050
653115
653132
653234
653241
653420
653530
653531
653553
653656
653873
653890
653954
654055
654062
654177
654202
654225
654259
654407
654527
654773
654775
654776
654855
654862
654916
654945
655089
655164
655199
655227
655270
655284
655308
655351
655365
655410
655463
655529
655821
655908
656054
656165
656222
656225
656288
656289
656586
656672
656688
656790
656852
657003
657085
657086
657104
657105
657139
657274
657277
657516
657520
657604
657616
657662
657866
657940
658194
658470
658751
658769
659013
659091
659263
659540
659660
659832
659969
660274
660369
660389
660394
660563
660564
660592
660947
661245
661327
661368
661499
661570
661793
661820
661829
661864
661867
661907
661934
662002
662006
662094
662317
662351
662411
662583
662789
662950
663178
663196
663552
663581
663639
663714
663756
663897
664358
664436
664445
664450
664579
664640
664774
664803
664863
665182
665281
665330
665378
665382
665403
665467
665473
665513
665875
665914
666072
666132
666173
666220
666233
666236
666276
666289
666321
666648
666691
666942
666977
667107
667204
667207
667208
667306
667311
667313
667337
667434
667478
667687
667756
667906
667949
667965
667990
668097
668221
668335
668538
668676
668722
669009
669177
669228
669315
669547
669601
669656
669779
670329
670423
670526
670569
670718
670728
670776
670929
671145
671180
671182
671436
671473
671500
671542
671799
671823
671882
671929
672132
672216
672259
672731
672938
672964
672976
673084
673104
673107
673172
673346
673623
673683
673719
673728
673736
673752
673941
674207
674222
674407
674559
674654
674724
674806
674928
674935
675401
675559
675765
675804
675919
675965
675990
676241
676295
676513
676533
676562
676631
676873
677028
677029
677155
677232
677308
677409
677692
678005
678051
678099
678213
678240
678376
678422
678612
678616
678731
678742
678773
679030
679094
679304
679361
679497
679670
679671
679809
679922
680229
680342
680396
680688
680829
680865
680955
680958
681032
681081
681098
681435
681799
682024
682316
682539
682916
682981
682995
683050
683442
683563
683570
683668
683674
683690
683714
683771
683781
683974
683978
684350
684575
684607
684723
684841
684878
684907
684921
684926
685010
685062
685176
685195
685217
685385
685456
685613
685669
685693
685879
686024
686046
686144
686306
686464
686525
686619
686622
686777
686847
686998
687125
687321
687987
688101
688160
688264
688266
688284
688322
688361
688438
688512
688518
688540
688671
688761
688806
688940
688985
689031
689126
689151
689189
689354
689396
689405
689460
689493
689649
689900
689955
690253
690364
690379
690602
690615
690727
691029
691126
691141
691302
691432
691726
691937
692000
692074
692086
692089
692093
692182
692443
692494
692580
692640
692641
692940
693052
693306
693321
693416
693716
693824
693827
693927
694179
694210
694222
694243
694448
694885
695022
695102
695157
695205
695208
695211
695311
695318
695339
695358
695415
695573
695686
695789
695878
695962
695976
696089
696320
696490
696795
696805
696837
696860
696964
697198
697576
697651
697734
697749
697753
697829
697867
697912
697920
698061
698156
698325
698451
698768
698776
698891
698984
699075
699144
699220
699341
699353
699418
699428
699705
699730
699792
699811
700122
700192
700197
700411
700532
700570
700585
700604
700777
700889
700911
700980
701055
701097
701161
701283
701321
701454
701550
701649
701784
701948
702010
702211
702304
702307
702352
702473
702517
702523
702652
702706
702755
702833
702882
703138
703163
703261
703334
703405
703604
703780
703879
703914
703994
704043
704065
704112
704327
704497
704626
704819
704844
704864
704970
704987
705240
705281
705307
705349
705455
705667
705680
705791
705799
705901
705964
706086
706223
706247
706292
706379
706424
706764
706806
706840
706884
707086
707151
707757
707787
708141
708197
708261
708329
708336
708366
708542
708667
708670
708820
708833
708864
708899
709222
709283
709290
709297
709330
709337
709368
709517
709624
709794
709919
710495
710758
710806
710846
710937
710995
711052
711257
711264
711305
711496
711506
711606
711612
711832
711980
712090
712095
712175
712204
712210
712311
712393
712409
712432
712530
712678
712725
712745
712904
713108
713244
713320
713484
713603
713604
713613
713711
713879
713893
713969
714137
714142
714234
714384
714418
714654
714720
714770
714872
714894
714939
714952
715063
715129
715195
715246
715271
715343
715359
715365
715428
715431
715584
715770
716084
716196
716205
716249
716402
716447
716758
716998
717015
717150
717170
717243
717272
717364
717591
717685
717844
717942
718042
718090
718259
718302
718350
718423
718600
718615
718694
718705
718736
718779
718803
718917
719126
719263
719279
719294
719326
719387
719467
719770
719771
719993
720002
720104
720188
720235
720253
720486
720527
720644
720863
720958
721421
721506
721649
721651
721698
721736
721779
721793
721861
721863
721946
722040
722138
722226
722237
722350
722439
722542
722657
722695
722731
722813
722977
723014
723129
723204
723633
723671
723852
724001
724125
724282
724496
724564
724579
724766
724771
724786
724844
724986
725174
725216
725275
725356
725432
725438
725441
725475
725490
725528
725651
725927
726090
726270
726309
726582
726721
726782
726871
727116
727409
727481
727557
727637
727973
728058
728115
728194
728246
728428
728606
728656
728755
728818
728821
728878
728911
729126
729151
729153
729444
729455
729729
729799
730288
730308
730438
730473
730586
730611
730618
730899
730982
731050
731356
731499
731679
732062
732120
732450
732907
732911
732947
733095
733134
733281
733360
733431
733455
733483
733615
733634
733678
733739
733952
734049
734084
734136
734188
734214
734270
734272
734307
734443
734561
734674
734677
734691
734805
735080
735106
735221
735229
735231
735233
735366
735429
735510
735689
735703
735709
735735
735761
735931
736195
736313
736615
736709
736895
736897
736982
737000
737250
737415
737520
737574
737662
737698
737733
737812
738077
738103
738229
738389
738418
738703
738705
739126
739208
739290
739441
739509
739961
740087
740105
740221
740268
740317
740455
740489
740502
740508
740561
740593
740665
740731
740834
741179
741201
741342
741386
741452
741609
741654
741758
741879
742106
742260
742327
742413
742528
742555
742637
742978
743300
743334
743411
743556
743673
743831
743871
743976
744167
744335
744852
745248
745346
745347
745531
745574
745631
745664
745748
745864
746156
746190
746435
746453
746549
746635
746662
746707
747152
747169
747189
747360
747363
747455
747506
747560
747566
747624
747712
747732
747780
747829
747895
748010
748014
748180
748247
748433
748705
748725
749213
749218
749242
749434
749589
749625
749664
749791
749916
749999
750017
750019
750163
750286
750365
750594
750622
750637
751095
751362
751446
751577
751843
751942
751994
752044
752160
752348
752391
752427
752480
752688
752941
752960
753057
753172
753361
753414
753663
753685
753749
753842
753897
753936
753944
754030
754040
754065
754081
754145
754179
754263
754401
754421
754546
754582
754879
754912
755141
755190
755325
755383
755464
755645
755766
755803
755898
755946
756262
756343
756405
756495
756573
756595
756830
757148
757206
757621
757636
757707
757855
757891
758018
758081
758142
758165
758294
758303
758338
758365
758422
758534
758760
758823
758911
758981
759159
759394
759396
759460
759648
759678
759857
760170
760265
760321
760547
760568
760658
760689
760708
760797
760877
761054
761295
761424
761525
761682
761709
761856
762001
762125
762294
762685
762723
762751
762907
762928
762932
763026
763142
763363
763581
763615
763658
763678
763844
764114
764148
764168
764302
764304
764372
764410
764445
764455
764458
764498
764505
764509
764779
764860
764955
764975
765134
765229
765242
765258
765270
765442
765501
765724
765782
765829
766045
766049
766128
766149
766508
766539
766579
766580
766687
766768
766787
766978
767060
767121
767128
767165
767181
767350
767423
767465
767586
767676
767679
767750
767937
768029
768033
768204
768362
768506
768526
768807
768924
769023
769053
769111
769132
769505
769582
769672
769689
769947
769953
770000
770086
770100
770169
770206
770260
770538
770637
770683
770688
770832
770851
771041
771070
771087
771115
771559
771560
771782
771890
771982
772083
772120
772188
772205
772251
772306
772325
772382
772430
772601
772661
772735
772862
773000
773013
773040
773070
773101
773102
773117
773174
773379
773435
773452
773669
773856
774010
774012
774089
774109
774118
774155
774229
774436
774463
774518
774532
774561
774727
774728
774747
774937
775005
775007
775400
775596
775616
775682
775684
775698
775836
775960
775983
776177
776383
776424
776494
776673
776715
776759
776829
776953
777064
777100
777254
777339
777360
777419
777800
777977
778039
778220
778525
778800
778915
778923
778939
779170
779240
779405
779413
779527
779620
779684
779752
779780
780010
780041
780219
780221
780231
780238
780334
780976
781080
781195
781221
781261
781434
781604
781636
781750
781835
781873
781935
781949
782296
782347
782350
782410
782453
782512
782635
782768
782824
782943
782978
782989
783000
783026
783098
783168
783354
783480
783637
783800
783901
783975
784102
784124
784176
784181
784317
784319
784355
784421
784464
784544
784742
784811
784972
784997
785046
785081
785120
785204
785280
785480
785656
785677
785688
785710
785836
785896
786010
786102
786125
786287
786445
786511
786539
786657
786796
786839
786908
787060
787114
787161
787188
787251
787267
787292
787314
787374
787440
787454
787504
787510
787540
787677
787737
787843
787868
787901
787912
788001
788034
788275
788382
789070
789181
789547
789561
789660
789760
789787
789794
789954
790165
790201
790264
790271
790340
790546
790609
790840
790857
790920
791151
791222
791374
791383
791435
791513
791597
791601
791816
791892
792039
792459
792618
792676
792740
792761
792821
793090
793371
793838
793848
793887
793936
794008
794204
794231
794256
794261
794286
794477
794538
794637
794846
795011
795046
795063
795100
795116
795147
795250
795262
795588
795658
795762
795866
795931
795942
795961
796003
796035
796074
796198
796237
796242
796427
796479
796491
796554
796861
797198
797219
797250
797316
797339
797341
797441
797512
797513
797621
797754
797792
797827
797927
798021
798104
798161
798216
798220
798230
798231
798471
798522
798646
798923
798953
799106
799121
799220
799251
799456
799494
799586
799622
799666
799967
800070
800199
800253
800316
800388
800447
800601
800923
800986
801118
801238
801299
801427
801438
801455
801499
801555
801678
801722
801739
801777
801847
801872
801899
801994
802041
802048
802164
802228
802230
802281
802336
802445
802521
802597
802834
802878
802923
803195
803425
803540
803565
803633
803678
803773
803998
804008
804292
804421
804543
804547
804587
804612
804708
804754
804814
804888
804927
805144
805169
805221
805259
805281
805293
805408
805545
805689
805768
805815
806057
806063
806155
806193
806204
806246
806312
806323
806456
806503
806742
806748
806901
806951
807050
807054
807107
807260
807407
807419
807483
807514
807561
807627
807675
807687
807807
807904
808022
808065
808088
808101
808230
808254
808265
808378
808447
808623
808635
808715
808817
809047
809092
809141
809179
809370
809706
809823
809907
809915
810016
810047
810061
810248
810354
810463
810612
810849
810929
811046
811294
811350
811384
811559
811562
811568
811759
812050
812125
812223
812312
812385
812407
812493
812819
812972
812975
813012
813032
813257
813282
813612
813619
813760
813797
813839
813938
813964
813982
813985
814159
814230
814238
814354
814359
814395
814438
814546
814711
814865
814893
814976
815208
815251
815274
815479
815481
815681
815715
815929
815951
816013
816045
816132
816274
816540
816790
816861
816928
817073
817093
817110
817146
817439
817461
817516
817555
817590
817693
818017
818049
818161
818225
818382
818383
818406
818473
818481
818504
818614
818629
818717
818844
818851
818865
818871
818967
819325
819337
819493
819516
819646
819760
819803
820031
820136
820320
820330
820405
820408
820432
820435
820708
820770
820807
820809
821240
821539
821676
821910
821920
821983
822054
822083
822163
822178
822247
822264
822326
822339
822392
822552
822726
822752
822783
822809
823131
823306
823442
823541
823550
823642
823889
823915
824075
824126
824142
824443
824512
825049
825188
825242
825301
825303
825397
825424
825677
825715
825757
825856
825867
826073
826423
826429
826536
826542
826547
826828
826831
826854
827032
827054
827229
827296
827348
827447
827465
827647
827649
827755
827803
827836
827879
827889
828139
828163
828230
828291
828757
828892
828934
829346
829361
829470
829474
829714
829932
830079
830104
830169
830314
830562
830590
830725
830771
830891
830909
831000
831002
831302
831401
831416
831481
831525
831598
831620
831796
831963
831975
832200
832259
832560
832570
832594
832596
832875
832940
832998
833025
833029
833203
833352
833466
833555
833597
833952
834022
834208
834231
834313
834360
834408
834508
834567
834588
834684
834686
834736
834767
834823
834843
834930
834984
835263
835417
835422
835496
835512
835519
835522
835635
835710
835744
835836
836051
836054
836096
836258
836369
836437
836518
836552
836562
836608
836718
836904
836945
836980
837202
837225
837544
837627
838005
838035
838108
838321
838419
838523
838539
838803
838953
838991
839150
839316
839344
839385
839500
839672
839852
839926
840083
840143
840262
840304
840330
840340
840381
840724
840756
840799
840850
840880
840943
841072
841172
841216
841324
841457
841507
841744
841750
842049
842134
842248
842480
842615
842810
842898
843026
843151
843240
843266
843301
843404
843485
843585
843704
843716
843815
843920
843957
844190
844473
844497
844538
844652
844704
844724
844876
844890
845209
845456
845470
845520
845524
845582
845623
845659
845747
845758
845821
845858
845951
845987
846169
846398
846476
846509
846559
846560
846673
846716
846729
846801
847056
847136
847239
847404
847405
847450
847483
847501
847528
847561
847795
847842
847862
847900
848016
848041
848113
848180
848364
848365
848395
848416
848441
848531
848828
848927
848955
849004
849049
849196
849248
849409
849412
849462
849470
849502
849543
849591
849600
849672
849674
849864
850038
850039
850317
850437
850473
850487
850544
850554
850847
850883
850906
850961
851161
851187
851199
851301
851520
851522
851545
851550
851696
851784
851893
851922
851962
852110
852318
852439
852478
852678
852793
852908
852966
853073
853198
853284
853293
853483
853535
853562
853581
853754
853773
853911
853971
854105
854193
854363
854376
854385
854498
854612
854619
854635
854760
854776
854872
855035
855062
855116
855172
855394
855435
855443
855564
855699
855707
856044
856053
856085
856096
856177
856253
856289
856337
856362
856386
856511
856632
856702
857038
857300
857304
857325
857344
857346
857372
857497
857598
857607
857631
857704
857731
857879
858120
858163
858189
858198
858257
858384
858409
858451
858673
858735
858792
858871
858877
859113
859118
859143
859202
859421
859657
859737
859851
859867
860010
860024
860190
860249
860423
860468
860601
860688
860772
860822
860855
860883
861046
861207
861222
861241
861448
861461
861526
861625
861705
861711
861936
861938
861970
862050
862164
862961
863106
863122
863130
863289
863348
863553
863597
863644
863857
863860
863875
864012
864047
864317
864335
864471
864477
864840
864846
864918
865031
865095
865131
865283
865316
865359
865629
865857
865867
865925
865946
865953
866003
866175
866420
866460
866883
866909
867025
867104
867510
867601
867733
868065
868093
868109
868214
868407
868498
868539
868566
868604
868708
868768
868820
868916
868932
868974
869022
869176
869199
869277
869374
869434
869915
869993
870145
870168
870297
870353
870527
870907
871023
871174
871362
871474
871499
871538
871571
871616
871891
871984
872036
872102
872195
872344
872361
872421
872882
873371
873380
873590
873639
873670
873930
873955
873957
874018
874052
874057
874247
874326
874342
874517
874529
874629
874662
874697
874713
874903
874960
875001
875133
875380
875441
875635
875646
875660
875672
875710
875848
875912
875993
876197
876272
876499
876525
876921
877049
877213
877270
877289
877381
877547
877616
877617
877728
877829
877945
877948
877997
878000
878077
878195
878201
878264
878288
878392
878469
878570
878735
878850
879009
879039
879132
879172
879327
879344
879413
879451
879525
879652
879673
879985
880232
880248
880307
880403
880584
880653
880807
880822
880840
880844
880848
880867
880954
881031
881444
881447
881451
881455
881642
881647
881680
881867
881901
881947
881986
882061
882121
882140
882202
882420
882528
882530
882593
882742
882746
882797
882976
883065
883240
883453
883605
883760
883925
883958
883960
883996
884002
884075
884183
884202
884296
884352
884405
884601
884626
884655
884658
884704
884706
884787
884850
884945
885005
885222
885263
885265
885385
885412
885425
885694
885742
885767
885946
886031
886332
886550
886645
886647
886676
886823
886905
887050
887055
887242
887280
887410
887579
887603
887631
887722
887841
887976
888013
888117
888142
888611
888752
888870
888944
889139
889290
889851
890236
890363
890406
890414
890518
890766
890848
890858
890941
891090
891111
891278
891283
891485
891658
891694
891697
891743
891776
891808
891948
892069
892111
892133
892147
892222
892263
892265
892266
892297
892338
892623
892666
892814
892956
893071
893167
893264
893440
893469
893516
893547
893644
893654
893844
893868
894089
894256
894428
894901
894906
894922
895033
895160
895237
895274
895303
895766
895870
896214
896221
896278
896310
896353
896429
896467
896480
896725
896798
896899
896915
896929
897305
897400
897652
897906
898093
898162
898240
898487
898643
898649
898826
898897
899067
899112
899363
899404
899493
899516
899638
899739
899744
899838
899913
899943
900037
900171
900260
900357
900540
900597
900612
900634
900744
900763
900823
900931
901033
901042
901246
901297
901361
901391
901429
901487
901492
901503
901598
901600
901642
901716
902017
902104
902143
902197
902240
902279
902291
902451
902540
902851
902892
902911
902931
903004
903310
903337
903344
903409
903531
903665
903709
903718
903745
903946
904017
904050
904066
904233
904278
904410
904614
904772
905022
905190
905217
905262
905328
905487
905526
905610
905700
905761
906015
906048
906122
906236
906269
906284
906377
906432
906440
906457
906540
906740
906810
906818
906912
906961
906973
907063
907105
907189
907190
907212
907243
907285
907301
907381
907702
907760
907953
908386
908421
908553
908761
908784
908876
908900
909010
909041
909094
909229
909544
909658
909710
909758
909998
910125
910211
910256
910289
910477
910561
910615
910645
910757
910822
910908
910981
910999
911018
911106
911160
911433
911478
911568
911606
911638
911641
911706
911717
911944
912060
912092
912287
912346
912431
912586
912642
912723
912941
913005
913040
913061
913255
913296
913831
913958
914009
914119
914244
914251
914357
914455
914530
914545
914557
914560
914561
914820
914877
914923
915200
915260
915322
915409
915496
915658
916116
916137
916140
916151
916174
916270
916322
916346
916359
916377
916514
916684
916742
916903
917150
917283
917443
917500
917600
917618
917634
917793
917837
917860
917912
918053
918056
918111
918158
918188
918362
918435
918509
918533
918555
918562
918587
918624
918700
918897
918935
918938
918966
919036
919064
919125
919143
919170
919176
919295
919313
919479
919546
919808
919819
919850
919943
919960
920116
920188
920190
920412
920449
920540
920547
920622
920697
920860
921055
921096
921101
921212
921284
921352
921382
921422
921877
922062
922072
922116
922132
922177
922191
922205
922244
922276
922416
922646
922752
922883
923056
923266
923311
923384
923415
923529
923639
923650
923667
923774
923914
923976
924071
924088
924213
924347
924362
924453
924517
924658
924722
924789
924810
924924
924963
924966
925041
925042
925069
925109
925171
925214
925226
925343
925567
925602
925605
925659
925845
925876
926106
926141
926142
926308
926359
926384
926432
926439
926499
926526
926572
926664
926782
926839
926871
926897
926902
926924
926946
927193
927359
927442
927494
927558
927651
927675
927902
927973
927987
928046
928092
928134
928165
928208
928319
928425
928642
928792
928915
929065
929157
929315
929413
929520
929528
929729
929742
929928
930156
930179
930599
930601
930694
930698
930811
930969
930975
931005
931168
931193
931414
931478
931690
931724
931913
932060
932098
932179
932282
932310
932348
932354
932359
932401
932549
932628
932672
932687
932863
933084
933237
933260
933280
933464
933518
933615
933897
934138
934186
934341
934374
934417
934473
934526
934552
934665
935173
935318
935375
935378
935442
935567
935621
935658
935672
935681
935867
936098
936132
936281
936417
936642
936912
936944
936952
936964
937092
937102
937289
937440
937443
937528
937705
937886
938129
938259
938321
938354
938387
938410
938589
938702
938962
939076
939089
939269
939330
939425
939435
939496
939518
939546
939839
939898
939959
940021
940146
940312
940395
940463
940662
940814
940958
940987
941036
941532
941646
941651
941696
941755
941759
941786
942208
942302
942398
942412
942484
942699
942723
943106
943132
943369
943392
943954
944005
944029
944108
944202
944364
944667
944729
944798
944812
945055
945063
945175
945259
945608
945787
945894
946034
946193
946412
946946
946990
947009
947030
947208
947217
947223
947310
947347
947576
947616
947766
947783
947809
947810
947828
947902
948032
948060
948071
948144
948172
948336
948391
948448
948523
948675
948708
948798
948835
948958
949108
949180
949352
949438
949457
949500
949504
949514
949519
949532
950058
950140
950177
950221
950225
950232
950380
950386
950491
950615
950743
950750
950790
950959
951098
951128
951171
951199
951288
951426
951478
951482
951493
951552
951573
951585
951600
951761
951843
952059
953136
953151
953229
953484
953551
953623
953653
953700
953751
953802
953836
954003
954178
954185
954217
954289
954419
954424
954934
955164
955394
955426
955471
955808
955889
956132
956328
956354
956473
956485
956633
956653
956671
956762
956833
957011
957117
957215
957469
957533
957819
957862
957893
957998
958182
958211
958390
958486
958490
958533
958760
958779
958953
959001
959137
959149
959178
959251
959421
959772
960137
960201
960422
960442
960579
960742
960940
960948
960972
960984
961054
961108
961321
961566
961606
961674
961736
962013
962088
962148
962289
962358
962412
962640
962757
962848
962907
963217
963295
963364
963656
963745
963771
963806
963892
963940
963957
963975
964031
964044
964143
964174
964180
964283
964426
964961
965453
965519
965721
965859
966148
966229
966280
966581
966831
967059
967088
967164
967241
967281
967283
967375
967432
967537
967548
967595
967625
967666
967760
967780
967781
967880
967881
967895
967899
968159
968238
968442
968552
968594
968709
968760
968875
968919
968992
969072
969206
969214
969686
969830
969883
970111
970135
970166
970248
970347
970431
970532
970572
970638
970964
971168
971245
971390
971443
971450
971461
971526
971570
971772
971862
971960
972023
972122
972129
972192
972210
972260
972325
972349
973044
973078
973197
973307
973345
973455
973484
973621
973753
973813
973880
973897
973950
974123
974169
974235
974459
974681
974724
974819
974837
975089
975208
975274
975445
975554
975880
975985
976056
976071
976076
976217
976363
976372
976446
976473
976476
976488
976495
976508
976593
976625
976847
977073
977288
977331
977503
977504
977577
977938
978005
978035
978089
978207
978304
978449
978586
978698
978812
978862
979170
979269
979358
979469
979570
979654
979842
979861
980242
980350
980484
980530
980658
980860
981124
981410
981543
981622
981655
981810
981852
982010
982084
982189
982429
982510
982523
982599
982604
982683
982843
982863
982887
982906
983020
983058
983087
983192
983229
983280
983306
983324
983389
983432
983459
983516
983567
983660
983737
984131
984153
984169
984349
984371
984388
984514
984571
984726
984762
984815
984818
985048
985117
985279
985460
985517
985519
985711
985883
986123
986295
986591
986601
986838
986839
987008
987066
987212
987403
987418
987551
987768
987957
988031
988077
988443
988453
988667
988761
988779
988827
988847
988888
988973
989294
989457
989705
989814
989841
989854
990164
990255
990269
990424
990531
990533
990750
990823
990864
990895
991070
991086
991195
991236
991275
991394
991437
991558
991667
991686
991747
991804
991898
992015
992229
992243
992376
992432
992460
992608
992638
992713
992835
992905
992924
992942
993065
993081
993131
993226
993293
993306
993314
993522
993870
994038
994071
994168
994218
994299
994301
994381
994547
994687
994698
994793
994959
994983
995041
995076
995455
995630
995828
995840
995882
995965
996054
996062
996084
996138
996160
996180
996242
996343
996361
996393
996429
996445
996446
996465
996471
996510
996626
996628
996777
996826
996886
996944
996972
997121
997153
997172
997682
997742
997810
997920
997974
997997
998145
998218
998280
998421
998471
998572
998577
998619
998807
998959
999047
999208
999224
999446
999450
999454
999466
999657
999712
999909
999965
