7
125
225
277
299
417
483
532
652
696
794
796
819
847
1006
1054
1190
1247
1438
1461
1495
1844
1948
2070
2112
2175
2299
2315
2425
2552
2611
2965
3025
3055
3172
3288
3472
3498
3614
3645
3856
3971
4008
4067
4199
4222
4234
4257
4387
4498
4506
4563
4641
4662
4742
4915
4944
5109
5141
5212
5289
5385
5717
5882
6095
6225
6291
6469
6530
6606
6766
6896
6991
7043
7068
7224
7397
7446
7776
7847
7936
7956
7980
7990
8068
8143
8227
8299
8302
8439
8574
8671
8840
9049
9051
9149
9207
9338
9399
9430
9513
9566
9689
9859
10003
10021
10022
10232
10236
10331
10547
10569
10631
10926
10932
10947
10973
11043
11080
11143
11351
11368
11431
11483
11537
11549
11632
12239
12258
12367
12393
12449
12662
12794
12909
12980
13110
13134
13152
13227
13240
13378
13613
13717
13748
13928
14005
14342
14414
14444
14749
14760
14791
14993
15088
15100
15154
15331
15398
15611
15653
15664
15678
15690
15884
16127
16318
16438
16472
16548
16554
16680
16831
16939
16998
17117
17125
17253
17360
17379
17393
17614
17700
17716
17789
17959
18022
18167
18174
18197
18204
18348
18504
18606
18763
18780
18783
18810
18861
18967
18978
18998
19691
20114
20143
20167
20368
20404
20439
20763
21037
21129
21179
21189
21190
21193
21206
21299
21460
21604
21643
21708
21910
22002
22071
22228
22685
22752
22977
23180
23240
23429
23478
23765
23823
24015
24022
24033
24053
24127
24176
24211
24224
24225
24388
24507
24693
24729
24809
25056
25061
25193
25436
25464
25579
25580
25618
25636
25638
25657
25658
25840
25873
25903
25961
26009
26276
26289
26306
26496
26501
26558
26624
26742
26793
26794
26875
27043
27044
27085
27101
27187
27212
27482
27546
27653
27723
27794
27837
27913
28086
28094
28133
28147
28158
28267
28484
28742
28780
28832
28863
28946
28948
28981
28998
29003
29146
29266
29423
29542
29606
29659
29676
29740
29966
30045
30151
30260
30298
30450
30598
30656
30682
30737
31132
31389
31423
31507
31535
31692
31852
32099
32106
32245
32308
32323
32465
32474
32496
32505
32689
32763
32812
32828
32966
33112
33114
33128
33197
33221
33234
33642
33741
33815
34185
34314
34330
34445
34679
34829
34843
34912
34943
34969
35000
35208
35259
35344
35421
35554
35610
35680
35780
35815
35821
36048
36422
36469
36524
36642
36772
37048
37172
37340
37349
37365
37629
37781
37937
38002
38034
38105
38134
38154
38320
38390
38499
38889
39086
39122
39313
39361
39386
39436
39500
40165
40171
40199
40383
40411
40562
40564
41159
41182
41330
41417
41543
41569
41578
41607
41875
42053
42071
42330
42382
42503
42842
42897
43054
43166
43178
43223
43427
43656
44030
44048
44495
44507
44665
44796
44805
44893
44994
45165
45274
45468
45517
45787
45843
45881
46461
46522
47119
47163
47197
47200
47253
47275
47314
47341
47449
47484
47504
47521
47547
48099
48372
48375
48491
48923
49071
49093
49109
49236
49259
49451
49473
49528
49891
50057
50166
50368
50407
50497
50726
50862
50999
51213
51236
51392
51406
51513
51712
51749
51902
52091
52137
52242
52245
52264
52341
52413
52425
52497
52823
52951
52957
53218
53356
53448
53510
53668
53676
53715
53729
53843
53872
54225
54392
54402
54511
54556
54589
54604
54616
54765
54803
54818
54825
54937
55033
55641
55771
55780
55813
55986
56008
56183
56210
56278
56474
56581
56617
56648
56715
56928
56933
57033
57046
57068
57140
57315
57360
57380
57562
57696
57713
57880
57994
58034
58097
58248
58342
58434
58466
58471
58591
58704
58759
58763
58831
58845
59004
59035
59309
59544
59571
59582
59601
59757
59782
59800
59961
60517
60666
60667
60762
60985
61033
61349
61374
61590
61618
61754
61898
62165
62194
62202
62216
62318
62319
62392
62395
62571
62627
62647
62710
62713
62899
63176
63237
63337
63476
63485
63530
63727
63840
63890
63932
63948
63988
64067
64310
64360
64530
64703
64855
64868
64914
64947
65049
65121
65296
65321
65368
65375
65380
65396
65437
65464
65523
65556
65623
65826
65865
65886
66438
66439
66587
66598
66896
67017
67058
67088
67156
67231
67331
67389
67526
67598
67628
67644
67684
67806
68092
68093
68356
68384
68518
68666
69007
69051
69110
69114
69172
69348
69427
69578
69661
69801
69886
69992
70030
70083
70244
70247
70261
70279
70410
70618
70626
70679
70694
70760
70762
70917
71054
71120
71166
71189
71251
71520
71551
71582
71668
71788
71894
71996
72070
72092
72161
72184
72199
72206
72453
72471
72528
72756
72976
73004
73479
73547
73656
73748
73792
73856
73900
73901
74010
74038
74064
74214
74243
74390
74399
74479
74500
74552
74555
74642
74720
74743
74968
75018
75022
75039
75063
75153
75167
75189
75344
75379
75619
75661
75739
75792
75912
76007
76163
76209
76336
76546
76557
76701
76915
76922
77102
77304
77321
77331
77627
77685
77788
78030
78172
78178
78361
78409
78515
78618
78900
78907
78928
78937
78983
79111
79273
79437
79522
79618
79756
79804
79865
79910
80056
80070
80220
80283
80503
80676
80693
80704
80824
80947
81028
81125
81317
81494
81552
81631
81646
81669
82026
82071
82268
82324
82502
82560
82691
82697
82703
82777
83195
83266
83312
83373
83446
83495
83590
83630
83767
83879
83893
84038
84121
84136
84235
84321
84344
84388
84477
84579
84672
84812
84910
84979
85063
85255
85384
85439
85491
85569
85711
85834
85991
86071
86079
86087
86162
86168
86178
86262
86378
86437
86457
86549
86571
86727
86982
87215
87251
87290
87303
87364
87563
87570
87791
87825
87953
88857
88893
89097
89455
89473
89523
89538
89568
89591
89598
89610
90045
90132
90137
90186
90282
90389
90440
90616
90627
90662
90786
91058
91122
91156
91213
91216
91332
91342
91457
91654
91763
91790
91811
91822
91836
91919
91927
91960
92149
92322
92463
92588
92614
92720
92735
92886
92887
92915
92929
93024
93175
93288
93457
93520
93612
93783
94053
94141
94331
94565
94708
94856
94943
95003
95067
95072
95096
95120
95205
95226
95551
95702
95723
95743
95861
96178
96271
96540
96627
96757
96768
96844
96986
97097
97598
97700
97719
97894
97984
98122
98261
98353
98457
98469
98531
98710
98766
98906
99026
99034
99087
99136
99169
99265
99268
99357
99485
99546
99681
99958
99979
100054
100162
100220
100503
100550
100914
100989
101135
101141
101246
101429
101556
101558
101781
101817
101826
101869
101883
101955
102352
102435
102481
102618
102676
102883
102894
103335
103384
103412
103418
103436
103508
103584
103598
103811
103816
103884
103992
104002
104229
104318
104431
104445
104487
104555
104745
104788
104958
104971
104980
105007
105262
105279
105440
105491
105562
105720
105746
105944
106080
106158
106270
106360
106362
106365
106482
106614
106673
106769
106787
107017
107097
107356
107410
107549
107666
107694
107818
107941
108046
108097
108126
108166
108199
108254
108350
108411
108412
108446
108490
108512
108677
108764
108790
108811
108843
108997
109077
109155
109392
109550
109562
109680
109786
109890
109986
110085
110230
110372
110441
110491
110591
110673
110800
110842
111333
111541
111572
111696
111827
111870
111985
112059
112292
112372
112454
112506
112574
112655
112694
112833
113013
113171
113193
113211
113414
113503
113584
113843
113855
113899
114054
114137
114165
114184
114188
114236
114245
114302
114366
114436
114530
114576
114773
114783
114945
115055
115266
115374
115502
115506
115542
115682
115804
115910
116166
116291
116325
116428
116612
116633
116697
116703
116715
116731
116784
116835
116984
117033
117169
117280
117351
117410
117417
117640
117657
117710
117824
117842
117951
117954
118022
118056
118301
118354
118368
118585
118973
119039
119201
119547
119579
119670
119770
119852
120064
120164
120212
120353
120408
120420
120628
120680
120832
120857
120941
120995
121074
121170
121288
121386
121478
121482
121690
121976
122165
122685
122808
122898
123127
123165
123367
123451
123733
123783
124085
124238
124313
124318
124336
124365
124444
124540
124555
124735
124821
124865
124902
125038
125146
125458
125492
125548
125581
125645
125673
125731
125760
125920
125931
125962
126011
126092
126124
126174
126221
126230
126296
126515
126595
126756
126934
126950
127152
127233
127290
127353
127472
127624
127715
127762
127805
127845
127898
127951
127953
127956
128051
128136
128138
128183
128428
128602
128802
128852
129051
129387
129396
129496
129680
129761
129780
129908
130038
130105
130166
130198
130290
130449
130552
130563
130803
130856
130861
130886
130965
131012
131039
131192
131627
131660
131778
131824
131844
131849
131851
131916
132026
132065
132076
132200
132254
132506
132622
132654
132860
132936
133070
133134
133229
133308
133347
133482
133500
133520
133775
133833
133861
133942
134134
134171
134304
134363
134554
134566
134731
134739
134829
134874
134932
134964
135183
135252
135419
135432
135495
135541
135552
135675
135681
135781
135828
136127
136163
136175
136284
136290
136309
136763
136769
136885
136959
137074
137211
137246
137607
137633
138048
138067
138311
138321
138376
138616
138668
138671
138685
138690
138721
138953
139066
139096
139146
139194
139301
139351
139392
139465
139477
139534
139553
139582
139597
140167
140190
140243
140261
140419
140443
140589
140804
140808
140982
141022
141034
141159
141276
141319
141684
141812
141889
142077
142115
142134
142189
142398
142408
142458
142539
142587
142691
142922
142986
143200
143351
143358
143438
143615
143627
143644
143704
143805
143819
143914
143961
144036
144109
144148
144159
144719
144735
144838
144841
144922
145073
145203
145628
145688
145858
145944
146163
146210
146296
146312
146435
146483
146641
146677
146721
146763
146855
146891
146984
147032
147057
147077
147230
147515
147771
147882
147949
147992
148025
148099
148176
148223
148402
148553
148842
148997
149134
149251
149313
149462
149649
149913
149994
150016
150086
150131
150272
150279
150294
150346
150400
150410
150626
150827
150899
150984
151072
151121
151154
151254
151370
151560
151578
151616
151706
152042
152324
152343
152574
152847
152859
152871
153203
153303
153450
153559
153602
153769
153788
153873
153876
154016
154051
154128
154362
154386
154590
154630
154766
154788
154943
154949
155051
155067
155640
156167
156172
156235
156371
156403
156417
156625
156688
156705
156809
156833
156835
156979
157028
157105
157218
157292
157528
157530
157567
157664
157692
157721
157782
157935
158248
158467
158498
158699
158703
158883
159127
159388
159496
159573
159678
159703
159722
159843
159854
160008
160138
160371
160410
160501
160541
160549
160702
160769
160921
160929
161112
161312
161718
161872
161932
162093
162125
162197
162232
162312
162539
162563
162608
162694
162802
162908
162962
163063
163177
163336
163351
163481
163503
163597
163656
163680
163889
163895
164091
164246
164339
164380
164659
164696
164740
164829
164861
164893
165023
165073
165231
165395
165430
165484
165581
165738
165746
165776
165841
165879
165883
165940
165941
166007
166020
166076
166101
166349
166404
166476
166535
166618
166658
166903
166971
167098
167355
167385
167398
167421
167430
167839
167883
167990
168073
168133
168487
168635
168741
168910
169008
169018
169144
169147
169448
169468
169706
169757
169775
169776
169981
170143
170295
170364
170417
170441
170538
170582
170650
170651
170729
170742
171018
171084
171486
171636
171821
171883
172129
172228
172338
172354
172390
172395
172516
172652
172844
172875
172984
172996
173466
173514
173571
173770
174282
174316
174395
174498
174721
174727
174929
175326
175468
175543
175570
175659
175787
176077
176107
176357
176443
176621
176707
176767
176954
176961
177017
177023
177051
177266
177373
177400
177448
177485
177520
177523
177653
177823
177918
178012
178182
178216
178298
178568
178814
178824
178874
178895
179052
179145
179175
179191
179196
179239
179276
179334
179450
179495
179598
179643
179677
179713
179781
179829
179848
179976
180055
180083
180135
180200
180214
180327
180447
180851
180875
180910
181037
181042
181146
181220
181321
181591
181634
181735
181767
181832
181974
182205
182383
182461
182469
182567
182666
182753
182793
182849
182874
182937
183073
183267
183326
183348
183389
183438
183548
183818
183924
184016
184020
184147
184194
184213
184288
184304
184510
184559
184800
184843
184860
184939
184988
185016
185132
185167
185196
185446
185683
186100
186405
186472
186477
186486
186539
186615
186978
187111
187189
187205
187362
187502
187512
187692
187711
187819
188084
188166
188325
188347
188405
188476
188572
188881
189020
189088
189238
189419
189670
189749
189819
189827
189856
189862
189952
189988
190041
190094
190197
190204
190222
190270
190388
190444
190938
190971
191169
191241
191331
191336
191478
191537
191816
191954
192330
192519
192547
192961
193030
193147
193220
193296
193325
193351
193575
193666
193726
193744
193924
194191
194221
194238
194239
194356
194491
194559
194633
194795
194798
194873
194892
194947
195162
195313
195404
195499
195880
195948
195991
196002
196016
196075
196081
196192
196374
196389
196471
196618
196634
196637
196920
196960
197049
197112
197384
197399
197666
197750
197752
197759
197782
197824
197898
198030
198142
198180
198247
198363
198433
198437
198484
198534
198880
198894
198910
198919
199015
199031
199095
199146
199226
199640
199722
200010
200223
200375
200403
200510
200547
200617
201170
201189
201241
201411
201489
201507
201540
201629
201698
201702
201783
201798
202047
202091
202092
202106
202247
202310
202378
202526
202573
202853
203089
203118
203126
203213
203256
203474
203506
203711
203760
203969
204371
204400
204468
204520
204534
204557
204643
204902
204971
205110
205236
205254
205395
205417
205511
205519
205545
205623
205711
205715
205841
205995
206134
206260
206267
206289
206352
206438
206586
206709
206821
206886
206888
207065
207069
207155
207297
207336
207729
208044
208060
208062
208074
208088
208132
208276
208317
208677
208835
208862
208903
208921
209183
209188
209414
209497
209512
209565
209666
209760
209827
209864
210009
210038
210237
210273
210353
210483
210497
210591
210713
210964
211125
211143
211264
211309
211352
211353
211430
211510
211550
211552
211619
211674
211727
211736
211775
211821
211834
212410
212413
212667
212730
212760
212957
212972
212999
213064
213322
213445
213578
213977
214051
214152
214234
214350
214435
214532
214615
214700
214907
215036
215140
215183
215507
215641
215711
215801
215851
216057
216062
216068
216337
216413
216534
216615
216659
216787
216789
216843
217151
217337
217417
217419
217560
217727
217769
217788
217794
217974
218148
218210
218302
218357
218378
218565
218673
218806
219002
219099
219776
219793
219807
220130
220294
220408
220478
220635
220697
220822
220953
221117
221198
221361
221406
221455
221481
221607
221626
221664
221665
221890
221896
221950
221962
221981
222043
222255
222277
222428
222459
222613
222709
222752
223013
223027
223280
223289
223440
223463
223521
223542
223593
223668
223851
223915
224112
224141
224322
224411
224482
224716
224867
224968
225012
225116
225190
225247
225298
225367
225578
226117
226617
226622
226722
226773
226825
226946
226995
226998
227083
227094
227100
227258
227417
227425
227441
227643
227662
227763
227794
227802
227833
227898
228068
228090
228099
228189
228381
228393
228412
228456
228556
228596
228806
228858
228965
229023
229041
229063
229093
229362
229543
229666
229848
229886
229926
230003
230108
230112
230148
230221
230223
230270
230342
230345
230385
230512
230571
230859
230906
230970
231086
231170
231290
231329
231367
231392
231438
231491
231523
231595
231655
231679
231816
231964
232025
232026
232075
232241
232250
232345
232555
232853
233097
233116
233157
233281
233407
233436
233441
233554
233728
233746
233755
233905
233929
234092
234094
234117
234376
234540
234603
234669
234772
234887
234920
234962
235015
235120
235209
235337
235453
235502
235525
235555
235611
235782
236117
236134
236201
236250
236363
236546
236862
237000
237043
237221
237237
237284
237387
237447
237666
237726
237735
237746
237786
237845
237964
238113
238301
238329
238351
238516
238666
238667
238677
238739
239008
239011
239040
239206
239295
239378
239380
239385
239511
239584
239682
239705
239741
239785
239834
239955
240012
240277
240357
240472
240575
240645
240684
240740
240811
240818
241037
241039
241293
241320
241338
241574
241609
241641
241710
241943
242283
242338
242544
242602
242704
243043
243141
243210
243228
243331
243543
243718
243922
244008
244113
244145
244240
244264
244541
244582
244590
244668
244739
244742
244820
244945
245016
245055
245207
245416
245462
245494
245744
245882
245890
245964
246027
246048
246119
246159
246243
246336
246400
246552
246900
247058
247102
247104
247200
247208
247237
247273
247448
247516
247564
247576
247764
247820
247884
247962
247985
248091
248110
248639
248662
248803
248897
248911
248943
248996
249093
249461
249502
249532
249576
249635
249804
249834
250010
250026
250030
250137
250198
250318
250477
250555
250625
250975
251047
251082
251341
251435
251522
251654
251691
252002
252088
252373
252408
252466
252662
252678
252806
252876
252905
252977
252979
253117
253131
253154
253177
253395
253460
253482
253547
253692
253773
254096
254226
254297
254377
254390
254413
254808
254898
255014
255090
255105
255213
255248
255249
255446
255479
255643
255668
255742
255833
255864
255910
256021
256102
256208
256328
256414
256534
256566
256608
256621
256655
256656
256712
256786
256787
256883
256896
256903
256955
257067
257129
257211
257314
257387
257413
257494
257496
257533
257620
257625
257715
257842
258252
258539
258571
258578
258605
258648
258850
258954
258998
259105
259242
259358
259430
259567
259606
259809
259893
259910
260155
260240
260348
260376
260408
260473
260708
260950
261132
261185
261190
261317
261551
261593
261599
261804
262165
262368
262468
262774
262803
262898
262904
262961
263005
263155
263194
263370
263394
263480
263866
263871
263872
263873
264050
264122
264157
264163
264210
264228
264278
264408
264540
264583
264590
264646
264668
264718
264764
264784
264932
265185
265195
265434
265579
265585
265920
265928
266032
266217
266230
266355
266445
266520
266523
266580
266916
267121
267263
267370
267408
267501
267557
267586
267605
267620
267653
267742
267774
267844
267914
268151
268239
268313
268332
268449
268458
268480
268504
268521
268685
268731
269370
269413
269438
269755
269798
269857
269934
270009
270096
270122
270183
270362
270681
270874
270971
271015
271076
271372
271497
271517
271527
271631
271745
271847
271858
271931
271953
271968
272376
272405
272440
272459
272480
272596
272646
272693
272736
272890
272957
273243
273261
273326
273476
273841
273870
273901
273913
273914
273997
274065
274135
274196
274202
274327
274446
274474
274548
274627
274770
274786
275015
275215
275224
275344
275631
275759
275850
275906
275954
276273
276359
276378
276381
276394
277041
277080
277205
277279
277388
277409
277460
277476
277689
277930
277968
278047
278362
278385
278466
278526
278547
278575
279257
279275
279320
279352
279379
279624
279754
279851
280044
280119
280200
280294
280362
280764
280816
281003
281188
281349
281456
281466
281490
281719
281773
281817
281938
281959
281997
282033
282284
282329
282337
282526
282622
282640
282756
283041
283340
283393
283466
283689
283779
283802
283807
283936
284088
284098
284131
284229
284328
284347
284467
284677
284692
284780
284827
285233
285413
285455
285513
285532
285755
285869
285970
285981
285987
285994
286363
286549
286974
287073
287080
287121
287281
287294
287516
287642
287661
287845
287915
287957
287991
288157
288230
288239
288400
288509
288539
288622
288626
288878
288886
288954
289209
289235
289348
289491
289528
289756
289804
290204
290230
290535
290587
290640
290705
290734
290756
290822
290935
291007
291066
291071
291100
291305
291362
291598
291708
291740
291834
291852
291897
291907
291917
292022
292140
292161
292232
292427
292676
292732
292734
292744
292811
293107
293234
293266
293291
293306
293513
293741
293763
293917
293981
294007
294022
294174
294179
294243
294323
294485
294571
294586
294620
294629
294692
294779
294944
294957
295060
295453
295469
295507
295602
295609
295700
295945
296150
296172
296240
296400
296424
296826
297033
297144
297169
297171
297209
297265
297282
297566
297577
297635
297818
297937
297954
298063
298147
298190
298277
298283
298314
298341
298449
298494
298573
298834
298992
299081
299183
299201
299209
299227
299259
299393
299668
299803
299854
299879
300111
300114
300192
300253
300258
300402
300479
300504
300668
300675
300679
300780
300835
300891
300904
300977
300979
301085
301087
301216
301281
301292
301455
301472
301598
301773
301803
301900
301981
301986
302056
302227
302300
302312
302359
302539
302862
302889
302921
302979
303088
303230
303253
303356
303398
303488
303545
303554
303615
303769
303840
303872
303966
303973
303993
304037
304235
304240
304270
304313
304590
304640
304704
304732
304764
304769
304816
304963
305169
305305
305654
305942
306275
306283
306381
306412
306420
306534
306678
306716
306779
306975
306993
307016
307153
307224
307537
307584
307587
307723
307753
307809
307854
307863
307895
307974
307982
308147
308381
308441
308456
308593
308675
308691
308892
308911
308985
308990
309106
309227
309416
309541
309639
309732
309765
309834
310058
310177
310201
310329
310428
310478
310479
310643
310693
310724
310783
310918
310988
310990
311055
311121
311214
311249
311570
311617
311625
311637
311745
311779
311789
311818
311853
311929
312079
312082
312183
312315
312352
312374
312402
312712
312840
312881
312931
313058
313119
313194
313269
313319
313359
313579
313667
313692
313780
313888
314015
314080
314091
314093
314161
314163
314356
314361
314434
314516
314758
314894
314969
315031
315033
315124
315208
315225
315339
315371
315600
315880
315975
316064
316169
316243
316248
316267
316268
316274
316371
316536
316538
316696
316751
316957
317012
317115
317180
317296
317365
317498
317561
317688
317712
317823
318135
318735
318869
318956
318999
319028
319306
319331
319686
320000
320084
320103
320154
320160
320270
320272
320413
320555
320660
320701
320834
320957
320996
321165
321307
321503
321653
321735
321748
321766
321830
322095
322156
322252
322259
322334
322617
322769
322789
322944
323033
323218
323269
323904
323931
323954
323983
324037
324091
324293
324331
324360
324415
324586
324653
324801
324850
324853
324890
325015
325254
325262
325353
325361
325396
325472
325539
325624
325706
326010
326020
326275
326375
326437
326447
326671
326949
326995
327110
327154
327226
327428
327645
327833
327852
327984
328055
328077
328264
328352
328482
328624
328640
328677
328702
328763
328790
329066
329097
329283
329300
329305
329325
329530
329531
329871
329956
330015
330027
330230
330285
330444
330564
330593
330609
330619
330637
330668
330755
330784
331089
331119
331123
331278
331575
331603
331774
331842
331950
332119
332160
332210
332239
332265
332315
332377
332488
332637
332710
332739
333052
333217
333459
333564
333614
333881
333917
334014
334072
334186
334422
334471
334555
334599
334711
335147
335153
335158
335264
335579
335893
335940
336000
336006
336011
336211
336276
336300
336361
336450
336679
336907
337027
337141
337172
337210
337217
337282
337284
337454
337581
337595
337604
337622
337793
337825
337941
337961
338305
338615
338827
338911
339123
339145
339187
339216
339266
339302
339635
339745
339982
340155
340301
340383
340582
340603
340641
340756
340793
340814
340826
340868
340891
340940
340970
341148
341222
341289
341398
341428
341568
341602
341708
341867
342215
342613
342683
342704
342713
342736
342799
342856
343005
343078
343110
343118
343283
343295
343362
343392
343407
343472
343477
343602
343613
343641
343676
343693
343873
344018
344161
344200
344482
344690
344800
345047
345084
345150
345171
345192
345445
345505
345566
345590
345638
345661
345788
345820
345823
345886
345888
345928
346011
346044
346124
346306
346397
346451
346564
346764
346775
346781
346895
346992
347171
347248
347652
347671
347792
347855
348053
348085
348209
348274
348346
348363
348514
348636
348662
348934
349125
349194
349228
349359
349928
350051
350068
350088
350163
350190
350299
350442
350783
350946
351120
351193
351317
351422
351431
351455
351638
351782
352038
352060
352247
352676
352690
353149
353197
353235
353382
353425
353450
353536
353576
353616
353861
354061
354371
354482
354551
354585
354689
354743
354758
354837
354967
355417
355755
355781
355903
355927
355956
355992
356064
356243
356271
356289
356453
356564
356873
356978
356984
357043
357092
357100
357429
357575
357656
357891
358022
358027
358038
358052
358062
358181
358190
358578
358592
358748
358776
358953
358972
358978
359070
359121
359273
359398
359459
359532
359554
359626
359712
359848
359893
360255
360277
360298
360477
360513
360638
360813
360833
361275
361300
361482
361572
361844
361898
362217
362224
362400
362431
362616
362646
362662
362862
363070
363158
363337
363553
363691
364009
364032
364226
364274
364431
364661
364674
364691
364800
364807
364869
364910
364914
364952
365060
365197
365602
365623
365722
365843
366088
366294
366393
366603
366616
366622
366736
366784
366989
367032
367100
367254
367292
367551
367571
367996
368076
368162
368239
368296
368584
368670
368686
368698
368790
368877
368883
369049
369203
369403
369508
369526
369558
369593
369599
369607
369709
369728
369762
369786
369822
369837
369865
370109
370181
370298
370549
370603
370683
371064
371115
371225
371347
371497
371981
371989
372132
372183
372190
372245
372328
372333
372566
372696
373196
373216
373261
373356
373758
373780
373851
373880
373902
373939
374271
374274
374575
374591
374938
374951
374960
375144
375268
375271
375277
375379
375385
375437
375583
375604
375751
375915
375966
376006
376139
376144
376162
376207
376279
376340
376502
376728
377380
377928
377975
378058
378074
378152
378221
378337
378346
378387
378395
378408
378653
378844
378860
379003
379038
379064
379180
379185
379268
379283
379329
379345
379558
379668
379731
379763
379815
379826
379933
379935
380159
380169
380198
380359
380409
380670
380934
381060
381064
381202
381205
381206
381243
381290
381333
381370
381426
381473
381561
381565
381621
381650
381661
381694
381725
381816
381830
381881
381922
381925
382374
382432
382440
382447
382506
382606
382689
382703
382733
382797
382855
383120
383306
383411
383436
383506
383613
383689
383851
383879
383915
383953
383994
384223
384511
384848
384902
385139
385162
385211
385261
385333
385438
385551
385604
385619
385770
385793
385907
386043
386152
386196
386224
386348
386354
386409
386485
386941
386959
387004
387085
387127
387199
387237
387259
387272
387288
387335
387377
387441
387571
387770
387978
388127
388228
388288
388575
388672
388676
388685
388712
388741
388806
388989
388994
389044
389158
389368
389374
389387
389436
389467
389683
389716
389780
389958
390183
390223
390441
390505
390586
390657
390705
390912
390948
391116
391638
391913
391959
392020
392100
392102
392116
392342
392483
392544
392581
392848
393268
393323
393361
393370
393553
393725
394162
394165
394280
394422
394443
394654
394665
394788
394880
395284
395308
395604
395640
395731
395789
395888
396016
396064
396069
396089
396342
396445
396457
396506
396559
396621
396798
396876
396896
396974
397043
397047
397155
397205
397311
397326
397355
397367
397446
397514
397539
397555
397580
397626
397846
398096
398098
398169
398266
398307
398382
398534
398822
398861
398923
398978
399020
399035
399136
399172
399287
399295
399458
399462
399613
399682
399743
399813
400052
400129
400251
400538
400707
400778
400786
400818
400828
401109
401182
401260
401293
401345
401839
401844
402051
402250
402384
402586
402649
402653
402691
402856
402945
403024
403196
403298
403334
403358
403376
403938
403941
404008
404105
404360
404368
404387
404587
404729
404771
404799
404920
404932
404933
405088
405150
405374
405548
405613
405765
405818
405930
405936
406063
406166
406217
406235
406353
406757
406811
407007
407188
407193
407250
407471
407531
407554
407578
407652
407685
407734
407927
407960
408575
408619
408679
408707
408711
408956
409051
409277
409295
409368
409386
409456
409513
409610
409663
409703
409781
410008
410068
410071
410183
410298
410446
410740
410880
410960
411083
411120
411211
411288
411317
411384
411476
411661
411722
411725
411726
411751
411795
411900
411967
412205
412322
412562
412648
412743
412841
412899
412957
413053
413060
413220
413313
413528
413647
413945
414025
414195
414219
414243
414416
414440
414444
414529
414567
414671
414754
414839
414931
414975
415133
415206
415215
415283
415325
415347
415604
415667
415696
415747
415750
416037
416058
416288
416350
416535
416536
416683
416734
416855
416869
417128
417229
417395
417482
417584
417781
417911
418237
418337
418383
418542
418574
418659
418668
418795
418923
418948
418950
419120
419363
419435
419710
420022
420059
420132
420210
420214
420229
420242
420440
420648
420665
420748
420786
420806
420839
420955
420958
421055
421331
421397
421603
421629
421692
421693
421710
421727
421729
421785
421934
421977
422038
422205
422293
422369
422566
422586
422647
423018
423176
423486
423540
423610
423701
424052
424145
424368
424457
424600
424630
424699
424718
424755
424853
424945
425164
425233
425238
425251
425297
425303
425383
425747
425954
426106
426445
426738
426961
426999
427012
427053
427080
427164
427181
427212
427276
427838
427853
427980
427983
428164
428344
428395
428534
428580
428678
428953
428983
428990
429003
429338
429439
429492
429664
429782
429881
430022
430137
430280
430394
430460
430509
430791
430883
431030
431039
431115
431291
431303
431363
431401
431423
431536
431959
432055
432187
432200
432247
432279
432507
432514
432719
432787
432940
433129
433170
433379
433420
433499
433652
433903
433971
434512
434574
434924
435154
435156
435164
435350
435360
435367
435381
435473
435490
435500
435569
435604
435673
435699
435727
436070
436108
436159
436464
436553
436704
436822
437095
437180
437204
437307
437576
437802
437949
438189
438195
438311
438439
438475
438566
438717
438761
438855
438919
438980
439098
439361
439481
439557
439609
440000
440185
440293
440308
440450
440453
440479
440558
440580
440644
440691
440735
440744
440754
440785
440878
440884
441034
441106
441115
441149
441173
441410
441433
441463
441689
441878
441896
442010
442023
442031
442135
442270
442571
442662
442837
442842
442855
442895
442993
443175
443358
443360
443626
443778
443815
443819
443918
443919
444008
444025
444063
444129
444255
444321
444323
444444
444491
444716
444825
444971
445017
445124
445186
445192
445228
445336
445405
445411
445461
445505
445642
445954
446015
446047
446222
446423
446459
446465
446524
446534
446672
446902
446905
446988
447040
447085
447100
447125
447143
447261
447312
447408
447634
447680
447809
447865
447891
447967
448090
448217
448346
448426
448427
448507
448542
448566
448790
448926
449036
449156
449174
449251
449267
449554
449966
449986
449989
450163
450291
450294
450315
450403
450495
450742
450750
450770
450850
450896
451010
451191
451356
451495
451616
451629
451675
451849
451899
451955
452022
452079
452117
452334
452451
452461
452585
452696
452929
453045
453266
453294
453346
453619
453694
453813
453821
453824
453912
453926
453929
454177
454338
454348
454696
454731
454775
454807
454834
454924
454939
455077
455236
455384
455418
455526
455544
455761
455863
455889
456249
456506
456708
456786
456797
456906
457030
457117
457469
457920
458050
458088
458212
458284
458391
458682
458721
458938
459028
459031
459061
459181
459307
459332
459463
459653
459672
460030
460148
460199
460815
461011
461220
461255
461359
461425
461449
461560
461610
461679
461712
461748
461750
461915
462188
462193
462195
462203
462249
462272
462347
462442
462445
462460
462667
462717
462914
462938
462951
463025
463056
463069
463082
463184
463285
463312
463539
463548
463645
463780
463801
463997
464014
464098
464291
464388
464418
464501
464516
464576
464615
464731
464757
464914
464963
465107
465128
465157
465234
465271
465620
465783
465790
465793
465807
465811
465823
465888
466258
466307
466450
466639
466710
466818
466922
467055
467286
467318
467332
467411
467522
467547
467599
467653
468134
468147
468281
468497
468568
468748
468750
468827
468962
469195
469263
469345
469643
469654
469680
469698
469724
469837
469847
469906
469955
469987
470069
470191
470284
470534
470560
470934
471048
471095
471251
471299
471452
471465
471598
471600
471632
471721
471837
471982
472051
472098
472333
472383
472394
472468
472492
472890
473184
473271
473298
473520
473603
473732
473780
473833
473974
474070
474091
474103
474117
474132
474281
474400
474409
474578
474631
474828
474885
474888
475085
475139
475141
475338
475416
475852
475881
475897
475924
475946
475956
476082
476164
476179
476462
476590
476626
476689
476813
476993
477087
477090
477228
477504
477532
477623
477664
477687
477851
477890
477916
477965
478013
478028
478185
478226
478279
478337
478417
478436
478493
478613
478691
478706
478803
478845
478909
478936
478964
479173
479191
479260
479372
479579
479654
479757
479825
480015
480084
480267
480383
480406
480541
480599
480699
480701
480738
480841
480864
480987
481200
481291
481345
481416
481649
481722
481899
482207
482248
482701
482799
482909
482931
482974
482989
483030
483093
483195
483393
483414
483493
483502
483536
483561
483578
483671
483785
483902
483964
484069
484134
484171
484268
484356
484742
484754
484837
484916
484919
484980
484997
485144
485288
485365
485631
485733
485734
485751
485866
485884
486200
486409
486549
486577
486662
486690
486742
486751
486761
486816
486893
486934
486959
487090
487100
487272
487415
487527
487730
487891
488415
488719
489077
489149
489151
489190
489524
489657
489732
489747
489820
489851
489932
490000
490102
490174
490273
490283
490370
490402
490429
490495
490500
490545
490564
490852
490870
490888
491030
491218
491312
491366
491448
491533
491561
491834
491840
492207
492235
492450
492499
492521
492565
492743
492795
492858
493235
493362
493619
493669
493780
494149
494151
494165
494292
494335
494345
494452
494457
494516
494543
494600
494791
494810
494864
494905
494942
495195
495222
495279
495283
495472
495664
495844
495949
495993
496078
496443
496483
496672
496771
496907
496978
497086
497099
497101
497166
497192
497215
497292
497362
497469
497553
497611
497631
497787
497839
497912
498376
498412
498665
498930
498933
499002
499042
499056
499098
499181
499258
499388
499465
499523
499573
499586
499680
499876
500211
500260
500284
500286
500309
500519
500727
500827
500842
501113
501140
501143
501300
501304
501546
501559
501647
501756
501807
501894
501911
501942
501977
502033
502206
502295
502305
502337
502456
502562
502723
503107
503183
503252
503276
503299
503309
503349
503383
503908
503933
503992
504070
504107
504245
504247
504300
504364
504407
504566
504623
504643
504737
504746
504766
504787
504793
504891
504978
505210
505213
505356
505374
505522
505558
505612
505622
505992
506027
506130
506372
506524
506594
506689
506822
506937
507019
507056
507207
507469
507547
507624
507741
507789
507821
507871
507986
508037
508085
508190
508211
508275
508385
508487
508491
508526
508536
508716
508979
509118
509375
509596
509692
509813
509850
510027
510100
510112
510145
510251
510312
510893
510939
510961
510969
511247
511265
511449
511472
511711
511731
511769
511892
511903
511912
511919
511948
512022
512369
512712
512789
512928
512960
513064
513106
513196
513265
513280
513300
513328
513422
513457
513813
513843
513873
513924
513934
513972
514041
514094
514126
514166
514172
514204
514213
514275
514501
514519
514520
514765
515056
515236
515253
515536
515631
515686
515733
515936
516089
516154
516289
516310
516327
516523
516542
516606
516691
516855
517064
517127
517136
517153
517176
517200
517292
517338
517359
517370
517417
517835
517850
517889
517952
518066
518288
518295
518519
518522
518591
518651
518855
518874
518921
519188
519255
519263
519297
519387
519403
519471
519754
519885
519939
519973
519982
520082
520146
520225
520269
520385
520386
520412
520548
520549
520585
520682
520785
520864
520988
520989
521034
521106
521116
521146
521167
521379
521386
521402
521424
521430
521456
521475
521854
521880
521890
522036
522040
522072
522202
522217
522228
522411
522413
522531
522782
522950
523066
523118
523188
523268
523482
523491
523543
523555
523783
523873
523964
524123
524128
524138
524152
524184
524273
524497
524503
524598
524606
524664
524750
524757
524796
524810
524863
524933
525034
525071
525184
525226
525296
525375
525566
525619
525637
525853
526042
526053
526072
526087
526118
526131
526153
526201
526306
526512
526521
526825
526869
526950
526956
527043
527094
527177
527207
527234
527326
527351
527444
527523
527533
527739
527797
527919
528031
528048
528080
528163
528319
528322
528346
528563
528675
528801
528807
528975
528987
529099
529161
529216
529379
529408
529828
529970
530013
530215
530437
530458
530500
530510
530514
530520
530544
530692
530781
530871
530876
530932
530974
531047
531084
531115
531222
531432
531436
531558
531705
531733
531818
531842
531869
531947
532178
532216
532232
532406
532411
532509
532643
532732
532862
532895
532905
532985
533008
533022
533086
533089
533281
533324
533326
533334
533519
533664
533681
533720
533888
533909
533993
534134
534329
534482
534503
534504
534519
534542
534546
534565
534593
534622
534641
534736
534741
534745
534835
534868
534920
534997
535010
535078
535106
535237
535277
535393
535504
536066
536144
536283
536286
536293
536421
536537
536548
536894
536921
537562
537611
537733
537841
537911
537913
537971
538490
538631
538642
538732
538914
538932
538964
538987
539012
539121
539248
539259
539323
539395
539463
539501
539530
539608
539641
539758
539812
539922
540314
540325
540455
540531
540542
540765
540839
541344
541392
541467
541511
541608
541660
541914
541940
541979
542054
542152
542362
542465
542627
542667
542896
543081
543125
543183
543209
543230
543370
543716
543809
543865
543931
543942
543949
543975
544126
544152
544369
544441
544728
544903
544983
545014
545201
545215
545245
545280
545342
545680
545753
545958
545981
545998
546085
546170
546204
546401
546564
546740
546890
546938
546970
546986
547065
547166
547242
547311
547316
547324
547525
547745
547776
547944
547953
547973
548076
548209
548218
548444
548576
548629
548680
548875
549056
549072
549155
549179
549277
549346
549369
549479
549555
549588
549647
549661
549841
549858
549875
549918
549948
550006
550025
550170
550183
550337
550373
550515
550528
550586
550654
550661
550909
550976
551210
551331
551352
552008
552048
552198
552370
552526
552662
552743
552758
552765
553086
553089
553354
553442
553489
553581
553597
554128
554225
554250
554267
554274
554518
554538
554684
554718
554756
554812
554875
554985
555031
555094
555154
555165
555243
555253
555257
555306
555326
555429
555583
555607
555673
555809
555928
556006
556047
556076
556141
556154
556204
556260
556576
556599
556658
556748
556775
556853
556885
556915
557187
557189
557346
557415
557482
557510
557616
557654
557720
557738
557856
557901
557960
558150
558237
558248
558516
558535
558554
558588
558600
558714
558782
559034
559048
559168
559212
559432
559436
559525
559614
560533
560823
560943
560978
561204
561622
561707
561747
561864
562119
562289
562582
562602
562707
562752
562783
563018
563137
563174
563193
563211
563231
563362
563416
563490
563668
563790
563803
563822
564028
564036
564046
564047
564048
564184
564204
564316
564318
564334
564353
564489
564629
564702
565128
565183
565307
565477
565509
565582
565612
565667
565853
565894
565984
566315
566401
566594
566659
566927
566942
566977
567079
567271
567565
567580
567599
567632
567642
567727
567874
567991
568279
568358
568450
568755
568769
568845
568904
569290
569299
569358
569475
569490
569582
569803
570157
570331
570341
570350
570457
570460
570591
570710
571036
571110
571183
571290
571296
571326
571372
571399
571574
571627
571860
571986
572063
572344
572393
572442
572464
572607
572867
572928
573009
573163
573384
573630
573675
573765
574030
574258
574585
574623
574712
574748
574784
574791
575279
575352
575474
575509
575768
575776
575821
575843
575913
576024
576056
576057
576161
576168
576528
576559
576830
576953
577051
577053
577272
577342
577470
577616
577683
577702
577726
577773
577815
577827
578085
578131
578170
578176
578226
578492
578761
578796
578906
579065
579093
579263
579333
579495
579496
579574
579650
579801
579849
579870
579915
579938
579971
580008
580166
580230
580246
580285
580385
580621
580713
580770
580857
581008
581038
581152
581169
581184
581294
581359
581587
581598
581599
581704
581752
581848
581897
581912
581918
581988
582132
582185
582300
582353
582410
582439
582471
582845
583064
583140
583227
583291
583314
583333
583412
583478
583531
583535
583686
583737
583849
583931
583960
584063
584069
584099
584140
584172
584386
584532
584602
584662
584756
585298
585362
585363
585402
585453
585561
585584
585747
586024
586066
586085
586276
586293
586326
586338
586341
586458
586661
586756
586780
586860
586885
586930
587034
587125
587206
587289
587410
587411
587445
587508
587582
587645
587656
587689
587785
587834
587863
587965
588113
588116
588247
588253
588255
588284
588453
588463
588569
588585
588598
588663
588727
588866
588946
589106
589144
589152
589186
589195
589217
589363
589370
589507
589914
589930
589942
590089
590224
590225
590241
590335
590440
590480
590712
590770
590773
590819
590916
590955
590986
591116
591180
591351
591589
591643
591687
591706
591939
592062
592132
592189
592238
592256
592274
592434
592437
592488
592606
592722
592740
592748
592873
593005
593174
593229
593413
593554
593570
593573
593700
593936
593942
593958
594036
594233
594258
594386
594468
594557
594711
594742
594819
594925
595037
595106
595108
595201
595517
595657
595680
595760
595841
595859
595899
595905
596302
596311
596561
596899
596975
596991
597020
597052
597126
597275
597351
597360
597461
597585
597691
597751
597875
597933
597992
597995
598013
598028
598082
598215
598392
598428
598474
598506
598537
598570
598588
598644
599043
599044
599060
599076
599130
599138
599178
599274
599287
599395
599472
599483
599628
599629
599742
599745
599839
599970
599976
600554
600653
600716
601232
601477
601495
601738
601894
601920
602034
602241
602508
602664
602798
602907
603087
603214
603256
603259
603279
603386
603416
603579
603705
603748
604422
604567
604678
604791
604951
604988
605156
605419
605664
605665
605719
605740
605984
606181
606278
606480
606620
606665
606856
606983
606989
607108
607187
607372
607440
607552
607555
607611
608063
608153
608246
608423
608562
608582
608631
608746
608972
609025
609080
609160
609171
609183
609189
609242
609344
609490
609661
609839
609907
610046
610066
610170
610177
610185
610274
610332
610379
610583
610603
610605
610616
610705
610735
610922
611055
611247
611330
611539
611564
611569
611745
612200
612274
612483
612574
612590
612753
612782
612821
613143
613150
613152
613405
613650
613792
613834
613893
614003
614035
614106
614320
614333
614353
614404
614438
614573
614735
614740
614759
614872
614906
614909
614948
615026
615164
615302
615452
615527
615637
615696
615721
616107
616184
616208
616219
616267
616336
616340
616616
616655
616708
616713
616729
616840
617031
617165
617171
617282
617343
617345
617357
617429
617542
617565
617572
617637
618085
618143
618148
618251
618279
618344
618377
618403
618583
618732
618736
618748
618793
618868
618980
619150
619152
619230
619326
619470
619534
619571
619584
619585
619658
619660
619770
619881
620048
620360
620402
620565
620616
620721
620762
620868
620887
620937
621180
621234
621352
621489
621675
621837
621862
621901
621987
622005
622006
622046
622230
622273
622447
622506
622560
622563
622724
622731
622836
622861
623001
623304
623314
623385
623995
624155
624366
624392
624466
624553
624577
624618
624627
624767
624838
625006
625012
625150
625208
625355
625374
625398
625445
625459
625566
625715
626000
626048
626084
626089
626144
626201
626282
626378
626401
626480
626569
626711
626903
627128
627208
627303
627388
627592
627859
627997
628001
628132
628167
628497
628609
628713
628744
628846
628897
629041
629064
629082
629097
629140
629223
629268
629335
629425
629440
629501
629560
629583
629674
629686
629732
629985
630077
630078
630181
630317
630354
630374
630386
630547
630706
630721
630767
630779
631158
631241
631524
631625
631731
631765
631795
631844
631959
632040
632093
632527
632607
632714
632827
632965
633213
633232
633367
633473
633511
633688
633809
634014
634256
634388
634639
634661
634691
635009
635273
635368
635507
635532
635544
635562
635778
635850
635888
635904
635972
635987
636033
636083
636274
636333
636426
636477
636627
636672
636783
636860
637063
637073
637166
637170
637238
637269
637304
637349
637367
637436
637592
637752
637762
637876
637998
638033
638117
638234
638321
638359
638515
638549
638628
638685
638766
638835
638850
638886
638931
639103
639146
639207
639251
639270
639377
639397
639607
639745
639853
639863
639995
640036
640149
640167
640333
640377
640453
640462
640508
640726
640760
640915
641062
641064
641112
641239
641374
641698
641759
641770
641901
641937
642097
642341
642434
642639
642687
642702
642704
642886
642968
642975
642986
643102
643333
643465
643564
643606
643608
643623
643685
643706
643730
643788
643790
643855
643935
644046
644099
644521
644583
644591
644708
644945
645146
645148
645171
645228
645292
645323
645461
645576
645640
645642
645654
645722
645749
645906
646186
646314
646368
646477
646510
646797
647317
647329
647339
647364
647382
647396
647442
647534
647593
647611
647729
647730
647951
648107
648218
648262
648578
648896
648931
648977
649007
649185
649327
649450
649468
649479
649530
649539
649603
649840
650013
650035
650107
650213
650301
650326
650502
650658
650719
650744
650789
650872
650889
651032
651161
651190
651247
651279
651315
651360
651422
651496
651566
651808
652296
652413
652732
652957
652962
652964
653031
653147
653327
653576
653747
653906
654025
654309
654428
654451
654500
654667
654721
654858
654910
654934
655177
655374
655444
655605
655649
655695
655715
655757
655777
655796
655883
656031
656149
656263
656457
656520
656704
656771
656837
656961
657075
657311
657408
657425
657521
657573
657659
657706
657816
657935
658063
658162
658253
658312
658427
658617
658724
658983
659234
659246
659277
659330
659479
659482
659690
659748
659756
659807
659856
659869
659933
660167
660359
660519
660557
660574
660590
660744
660786
660844
660846
660856
660918
660919
661000
661002
661091
661145
661163
661249
661251
661332
661401
661403
661578
661625
661644
661688
661834
662103
662219
662243
662292
662634
662850
662869
662908
662914
662946
662985
663145
663319
663608
663703
663963
664010
664101
664380
664455
664499
664512
664526
664547
664591
664780
664782
664791
665006
665112
665200
665249
665267
665332
665583
665651
665733
665802
665807
666091
666123
666188
666315
666427
666613
666660
666725
666726
666792
667068
667268
667300
667626
667764
667790
667814
667917
667928
668080
668160
668183
668402
668415
668553
668763
669058
669067
669331
669436
669494
669892
670062
670185
670347
670350
670521
670557
670624
670863
670910
670980
671078
671136
671290
671315
671568
671596
671647
671856
671925
672058
672165
672380
672390
672401
672659
672699
672836
672854
672910
672944
673083
673177
673309
673344
673463
673532
673724
673733
673749
673847
673864
673916
673949
674038
674090
674235
674300
674512
674926
675028
675048
675068
675072
675173
675346
675369
675429
675450
675585
675607
675754
675948
676131
676143
676193
676290
676292
676422
676444
676877
676907
677071
677196
677217
677240
677281
677297
677314
677540
677686
677815
677827
677831
677846
677866
677909
677921
677925
678089
678194
678316
678469
678593
678686
678981
679165
679277
679425
679620
679682
680336
680508
680677
680702
680930
681143
681240
681312
681406
681443
681680
681683
681775
681864
681879
681902
681990
682084
682187
682190
682405
682543
682678
682766
682779
682910
683071
683073
683087
683112
683150
683695
683837
684071
684142
684170
684580
684637
685036
685049
685104
685162
685209
685328
685333
685418
685492
685520
685822
685864
685886
685894
685913
686057
686163
686426
686437
686586
686587
686685
686760
686881
687035
687111
687173
687353
687390
687403
687406
687409
687414
687441
687508
687689
687691
687793
687866
688090
688150
688153
688455
688469
688622
688652
688776
688896
689061
689071
689265
689305
689421
689462
689512
689549
689680
689741
689891
690038
690193
690226
690363
690496
690500
690509
690510
690557
690597
690744
690787
690806
690821
690934
690963
690965
690978
690982
690992
691116
691215
691291
691323
691329
691403
691522
691525
691645
691668
691689
691731
691894
691924
692090
692159
692519
692722
692828
692897
692942
692984
693158
693189
693242
693315
693412
693606
693673
693676
693686
693889
693898
693953
693955
693969
694181
694185
694489
694624
694658
694818
694910
695220
695534
695904
696065
696072
696263
696403
696416
696445
696479
696751
696780
696841
696963
696986
697090
697190
697257
697291
697305
697572
697638
697766
697881
697969
698102
698174
698286
698393
698429
698440
698447
698644
698709
698828
698859
699069
699153
699260
699696
699731
699780
700124
700191
700252
700468
700565
700640
700765
700766
700836
700904
701048
701552
701982
702007
702155
702250
702309
702341
702345
702774
702879
703169
703294
703389
703415
703449
703590
703716
703785
703926
703972
704020
704134
704163
704239
704424
704556
704795
704823
704906
705007
705030
705038
705067
705072
705151
705443
705608
705646
705759
706049
706342
706514
706566
706757
706917
707048
707061
707195
707296
707608
707928
708000
708249
708401
708454
708607
708776
708870
708907
708991
709092
709230
709277
709348
709386
709431
709526
709717
709815
709894
709926
709955
710066
710089
710358
710360
710379
710408
710444
710480
710767
710897
711099
711105
711299
711333
711433
711443
711562
711782
711847
711854
711876
711889
712331
712457
712635
712765
712809
712903
712990
713162
713169
713175
713177
713189
713303
713342
713437
713588
713698
713720
713811
713923
713962
714524
714566
714599
714601
714665
714680
714892
715120
715169
715234
715240
715259
715260
715425
715462
715576
715580
715609
715644
715771
715842
715843
715870
715925
715963
715985
716041
716194
716284
716330
716484
716588
716610
716959
716971
717138
717191
717279
717454
717459
717477
717808
717877
717975
717993
718012
718120
718327
718430
718433
718444
718534
718590
718620
718632
718683
718738
718788
719047
719117
719137
719257
719348
719350
719423
719572
719647
719921
720013
720158
720181
720212
720460
720553
720598
720607
720737
721022
721312
721364
721467
721671
721798
721906
722100
722190
722196
722502
722907
722961
722985
723126
723286
723288
723406
723553
723562
723611
723744
723804
724128
724286
724356
724867
725034
725071
725075
725120
725142
725176
725326
725333
725536
725541
725677
725719
725836
725874
726021
726067
726167
726186
726277
726385
726408
726438
726452
726482
726539
726630
726815
726901
727017
727094
727125
727431
727449
727474
727504
727653
727746
727813
727951
728225
728285
728302
728401
728888
728936
728949
729035
729070
729117
729274
729313
729357
729401
729588
729881
729896
729935
730116
730277
730323
730361
730626
730827
731123
731302
731365
731395
731447
731509
731528
731538
731561
731666
731899
731938
731959
732009
732012
732287
732294
732465
732609
732649
732788
732847
732909
733043
733101
733219
733784
733874
733919
733977
733993
734007
734033
734417
734898
735121
735256
735302
735728
735946
735955
735992
736225
736295
736351
736362
736674
736699
736904
736995
737063
737158
737189
737289
737419
737506
737516
737589
737840
737845
737965
737966
737999
738006
738058
738061
738191
738198
738462
738544
738560
738621
738694
738784
738881
738888
738933
739191
739364
739587
739748
739750
739820
739873
739939
739958
739970
740162
740216
740225
740366
740453
740568
740646
740904
741065
741136
741204
741243
741378
741394
741560
741582
741660
741717
741795
742080
742159
742266
742281
742464
742655
742757
742901
743067
743081
743233
743260
743262
743302
743456
743557
743683
743687
743905
743950
743960
743988
744082
744085
744118
744348
744450
744459
744562
744686
744773
744801
744814
744876
744921
744943
744997
745048
745102
745103
745114
745238
745269
745297
745367
745475
745609
745735
745743
745770
745865
745985
746229
746318
746417
746578
746582
746593
746798
746822
747048
747280
747309
747343
747383
747385
747417
747518
747610
747690
747751
747806
747808
747994
748054
748459
748730
748819
748853
748909
749064
749076
749094
749118
749124
749196
749396
749460
749536
749562
749600
749785
749806
749835
749911
749921
750096
750188
750324
750374
750538
750643
750834
750929
750976
750997
751305
751336
751341
751430
751484
751492
751581
751673
751727
751932
751936
752016
752043
752189
752437
752631
752660
752680
752712
752810
752872
752902
752939
752963
753046
753118
753196
753254
753348
753349
753556
753577
753606
753649
753736
753886
754028
754399
754420
754442
754448
754579
754635
754790
754873
754969
755116
755183
755327
755628
755650
755764
755765
755793
756099
756117
756185
756395
756401
756491
756508
756539
756571
756599
756618
756828
756947
756955
757033
757087
757330
757559
757736
757771
757798
757911
757985
758110
758226
758614
758707
758750
758782
758876
758879
758901
758917
759015
759237
759347
759433
759474
759497
759880
759881
760427
760601
760704
760719
760727
760819
760918
760931
761005
761195
761281
761312
761599
761678
761740
761802
761848
762113
762255
762281
762305
762471
762481
762743
762953
763126
763203
763416
763443
763574
763628
763665
763737
764225
764326
764332
764359
764430
764433
764528
764558
764607
764722
764750
765058
765101
765302
765400
765557
765723
765805
765856
766022
766119
766217
766576
766602
766679
766696
766729
766944
767082
767171
767223
767271
767413
767440
767495
767584
767635
767764
767850
767990
768006
768019
768192
768222
768280
768392
768458
768731
768734
768782
768876
768954
768966
768980
769032
769205
769276
769305
769424
769447
769544
769568
769675
769722
769770
769970
771023
771077
771367
771485
771490
771504
771506
771544
771871
771983
771997
772007
772035
772433
772561
772590
772607
772700
772722
772935
772990
773071
773201
773252
773361
773699
773784
773879
774002
774067
774212
774323
774358
774425
774589
774722
774770
774797
774832
774852
774885
774902
775332
775345
775363
775708
775817
775889
775944
776197
776249
776271
776393
776415
776470
776513
776561
776907
776966
777035
777185
777418
777547
777665
777843
777894
778026
778129
778221
778295
778324
778384
778692
778699
778714
778890
779024
779075
779169
779175
779184
779188
779208
779304
779373
779415
779540
779640
779719
779761
779799
780125
780247
780523
780683
780685
780722
780739
780770
781020
781189
781208
781282
781332
781464
781541
781588
781661
781947
782255
782559
782961
783005
783100
783188
783194
783199
783302
783353
783503
783532
783728
783774
784096
784235
784254
784411
784474
784608
784638
784645
784666
784767
784773
784943
784950
784956
785010
785014
785019
785104
785109
785167
785268
785347
785940
786682
786749
786984
787040
787242
787505
787594
787596
787633
787891
787980
787993
788003
788020
788235
788359
788394
788566
788750
788807
789010
789043
789064
789065
789086
789149
789171
789203
789209
789234
789283
789446
789486
789710
789915
790193
790260
790275
790302
790435
790639
790771
790851
790919
790975
791287
791405
791431
792108
792121
792127
792201
792485
792582
792704
792722
792730
792926
793066
793187
793224
793253
793455
793515
793610
793761
794073
794083
794595
794662
794738
794757
794989
795078
795160
795173
795230
795299
795423
795460
795574
795602
795639
795672
795801
796001
796076
796120
796205
796593
796920
796921
797043
797076
797421
797448
797680
797707
797744
797794
797821
797860
797884
797922
798040
798081
798150
798267
798401
798446
798671
798785
799002
799100
799282
799426
799483
799534
799538
799554
799672
799690
799709
800077
800175
800302
800329
800512
800603
800816
800883
800964
800982
801280
801364
801456
801703
801707
801727
801737
801882
801920
802061
802180
802204
802251
802252
802306
802764
802881
803002
803099
803111
803121
803269
803341
803346
803423
803500
803513
803541
803594
803660
803738
804134
804185
804213
804363
804412
804463
804562
804734
804799
804811
804866
804890
804918
805148
805163
805253
805312
805391
805508
805788
805805
805824
806105
806545
806620
806746
806788
806790
806835
806958
806996
807052
807110
807124
807128
807179
807245
807512
807847
808151
808354
808465
808552
808699
808742
808755
808767
808810
808818
808850
808975
808980
809181
809454
809499
809757
809944
809964
809997
810107
810227
810278
810365
810421
810729
810753
811084
811141
811146
811191
811331
811535
811621
811672
811755
811828
811945
812015
812052
812225
812258
812408
812477
812482
812576
812588
812686
812762
812834
812976
812993
813013
813077
813078
813178
813187
813260
813439
813499
813583
813621
813670
813692
813893
813975
814161
814167
814210
814276
814643
814719
814743
814916
815160
815199
815213
815233
815290
815361
815517
815536
815570
815848
816025
816249
816257
816300
816329
816385
816439
816602
816750
816788
816808
816875
816936
816950
816977
817075
817358
817403
817476
817537
817993
818110
818216
818276
818314
818625
818714
818785
818827
819047
819072
819335
819473
819669
819904
819913
820099
820159
820175
820246
820251
820266
820322
820349
820441
820657
820753
820795
820798
820890
821040
821118
821386
821412
821783
821846
821891
821921
821973
821992
822115
822209
822262
822302
822366
822451
822540
822543
822627
822646
822790
822832
822841
822933
823056
823166
823176
823318
823324
823406
823652
823721
823877
823888
824114
824327
824431
824584
824642
824911
825116
825172
825212
825278
825317
825595
825640
825643
825658
825681
825994
826244
826278
826491
826528
826609
826688
826772
826859
826981
827008
827103
827123
827136
827189
827415
827442
827476
827683
827794
827848
827985
828024
828082
828096
828110
828263
828638
828904
828918
828984
829112
829221
829330
829626
829653
829893
830019
830114
830360
830373
830625
830779
830878
830987
831065
831088
831165
831257
831433
831511
831587
831672
831697
831706
831792
832062
832084
832112
832208
832401
832598
832678
832966
833024
833378
833415
833417
833733
833767
833829
833856
833863
834046
834067
834112
834217
834523
834563
834633
834801
834821
834842
834891
834937
834983
835000
835024
835075
835148
835296
835366
835390
835457
835538
835752
835910
835935
836075
836193
836287
836416
836476
836598
836680
836827
837048
837192
837212
837468
837580
837680
837749
837759
837798
837843
837844
838093
838309
838413
838426
838514
838604
838644
838969
839065
839146
839238
839300
839533
839651
839860
839869
839927
839930
839987
840180
840525
840543
840623
840679
840820
840908
840909
840948
841284
841300
841319
841518
841542
841925
841986
842018
842118
842138
842336
842391
842433
842542
843016
843043
843217
843264
843328
843580
843630
843655
843677
843697
843717
843767
843990
844057
844094
844330
844336
844377
844454
844519
844583
844588
844679
844902
845076
845411
845451
845459
845505
845948
846302
846308
846355
846399
846504
846533
846558
846711
846934
847081
847102
847256
847261
847290
847380
847382
847697
847717
848055
848294
848562
848623
848856
849032
849038
849053
849240
849475
849581
849731
849954
850001
850027
850072
850185
850193
850255
850453
850578
850623
850892
851021
851150
851475
851558
851705
851885
852076
852173
852232
852240
852249
852261
852279
852338
852404
852447
852487
852738
852784
852844
853234
853308
853355
853357
853411
853515
853529
853583
853737
853907
853929
853987
854017
854063
854085
854093
854118
854157
854260
854380
854407
854416
854467
854714
854839
854999
855025
855081
855229
855391
855584
855735
855776
855843
855974
856043
856052
856205
856241
856249
856321
856504
856524
856700
856738
856927
857105
857143
857200
857214
857548
857812
857846
857901
857972
858078
858272
858314
858321
858338
858410
858618
858836
859058
859110
859184
859206
859353
859627
859693
859819
859846
859914
859932
859992
860005
860060
860090
860099
860130
860732
860951
861058
861072
861138
861251
861309
861321
861351
861394
861417
861567
861612
861669
861697
861716
861720
861731
861979
862145
862203
862357
862419
862603
862641
862652
862711
862953
862971
863041
863165
863169
863280
863304
863371
863394
863405
863471
863603
863727
863852
863884
863912
863928
864019
864067
864105
864183
864272
864324
864406
864538
864589
864610
864721
864807
864830
864989
865334
865367
865527
865605
865649
865737
865779
866039
866045
866194
866196
866338
866632
866667
866820
866866
867029
867072
867099
867113
867293
867314
867342
867459
867602
867608
867648
867677
867898
867982
868136
868278
868445
868856
868857
868908
869075
869117
869238
869447
869479
869488
869628
869685
869732
869754
869784
869812
869820
869827
869887
869947
869977
870286
870399
870524
870562
870620
870621
870624
870711
870737
870892
870948
870996
871169
871701
871901
872316
872357
872364
872380
872408
872462
872590
872648
872674
872708
872740
872927
873074
873387
873432
873461
873621
873834
873871
874003
874053
874161
874181
874184
874196
874282
874422
874528
874530
874582
874843
874991
875230
875357
875431
875445
875609
875624
875691
875729
875946
875997
876448
876482
876592
876604
876621
876652
876841
876854
877147
877173
877275
877368
877402
877448
877558
877573
877712
877736
877765
877977
878035
878055
878096
878138
878247
878488
878758
878771
878782
878842
879060
879077
879242
879262
879263
879271
879334
879391
879414
879423
879458
879695
879901
879943
879954
879976
879991
880074
880152
880216
880305
880318
880470
880471
880474
880559
880600
881145
881164
881177
881275
881473
881700
881755
881895
881905
882011
882277
882419
882428
882516
882602
882693
882704
882792
882862
882924
882936
883079
883218
883236
883393
883698
883732
883930
884042
884151
884328
884513
884599
884825
884852
884967
884974
885046
885114
885142
885181
885390
885613
885634
885676
885700
885807
886055
886160
886472
886654
886660
886774
886852
886916
886938
887034
887178
887399
887422
887447
887541
887629
887635
887726
887836
887871
888069
888143
888150
888168
888200
888212
888243
888538
888550
888570
888759
888769
888773
888830
888889
888939
888976
889006
889023
889046
889191
889367
889432
889479
889524
889543
889648
889693
889773
889971
889988
890045
890089
890251
890320
890388
890583
890604
890885
890900
890954
891063
891316
891575
891623
891671
891674
891895
891932
891991
892053
892054
892256
892312
892347
892501
892614
892649
892656
892662
892706
892751
892821
892942
893087
893123
893304
893344
893407
893488
893656
893677
893687
893737
893755
893849
893872
893970
894048
894328
894335
894454
894579
894590
894779
894996
895182
895197
895275
895304
895410
895464
895539
895572
895610
895635
895646
895714
896046
896075
896201
896263
896412
896432
896527
896634
896644
896995
897023
897070
897133
897192
897242
897385
897703
897755
897804
897867
898206
898229
898253
898334
898536
898735
898758
898802
898997
899063
899072
899144
899246
899320
899341
899352
899374
899402
899527
899555
899680
899860
899990
900031
900064
900067
900071
900188
900240
900305
900425
900478
900610
900733
900890
900973
901021
901216
901404
901573
901604
901690
901725
901780
901908
902100
902150
902321
902322
902325
902415
902537
902838
902853
902890
902914
902992
903023
903224
903315
903375
903443
903444
903469
903579
903610
903660
903830
903901
903934
903999
904031
904058
904319
904356
904377
904455
904766
904854
904921
904997
905063
905112
905304
905411
905472
905473
905519
905522
905628
905724
905748
906055
906208
906393
906551
906707
906752
906766
907116
907148
907197
907318
907335
907524
907605
907622
907799
908069
908174
908228
908256
908358
908427
908474
908490
908548
908839
908931
909066
909067
909148
909151
909153
909210
909211
909232
909421
909493
909590
909731
910017
910031
910054
910103
910171
910183
910285
910446
910474
910509
910739
910770
910832
911115
911163
911318
911343
911656
911800
912227
912249
912278
912327
912436
912496
912506
912509
912544
912616
912697
912755
912790
912813
912880
913035
913119
913401
913516
913640
913719
913741
913810
914504
914582
914773
914911
914939
914953
915018
915066
915318
915385
915514
915536
915605
915621
915647
915702
915745
915778
916269
916278
916379
916429
916432
916463
916532
916568
916806
916862
916932
917052
917078
917133
917167
917410
917507
917927
918042
918162
918211
918255
918263
918407
918504
918591
918625
918639
918766
919029
919066
919332
919363
919494
919508
919805
919869
919949
920041
920391
920521
920675
920705
920742
920768
920945
921140
921252
921459
921563
921786
921878
922145
922171
922321
922403
922495
922530
922560
922761
922775
922820
923122
923205
923209
923278
923282
923457
923620
923675
923780
923832
923910
924047
924214
924240
924266
924542
924686
924692
924736
924820
924909
924974
925057
925063
925223
925473
925529
925573
925609
925643
925707
925726
925778
925784
925822
926101
926259
926352
926397
926542
926574
926580
926778
926804
926825
926909
926916
926939
927042
927139
927226
927279
927326
927441
927795
927922
927967
927975
928049
928105
928183
928400
928442
928626
928651
928677
928852
928977
929038
929148
929192
929598
929700
929774
929920
930065
930186
930220
930401
930428
930645
930691
930891
930955
930964
931127
931450
931472
931762
931867
932198
932236
932340
932384
932386
932389
932422
932716
932745
932840
932905
933186
933187
933246
933247
933290
933430
933541
933574
933776
933811
933932
933998
934242
934284
934307
934356
934498
934652
934659
934820
934905
934910
934917
934950
935149
935554
935603
935862
935992
936184
936185
936395
936444
936458
936554
936556
936737
936809
936868
936955
937393
937417
937775
937953
938041
938054
938249
938301
938307
938449
938457
938508
938535
938562
938622
938674
938892
939071
939111
939595
939602
939694
939796
939834
939852
939875
940066
940165
940206
940315
940474
940482
940641
940683
940768
940771
940779
940784
940803
940855
940907
941195
941228
941416
941491
941520
941727
941761
941781
941792
941797
941908
941918
942078
942182
942273
942556
942636
942650
942810
942884
943319
943338
943472
943482
943579
943731
943953
943962
943989
944034
944171
944227
944516
944603
944613
944670
944700
944994
945068
945212
945239
945313
945317
945348
945357
945384
945595
945668
945815
945847
945922
946077
946189
946279
946492
946503
946514
946530
946614
946650
946655
946711
947111
947126
947239
947246
947492
947722
947736
947749
948049
948114
948361
948456
948462
948576
948632
948714
948772
948908
948979
949168
949210
949407
949794
949897
949937
950154
950231
950260
950276
950326
950391
950492
950542
950604
950756
950764
951038
951334
951428
951666
951765
951894
952019
952314
952414
952563
952566
952639
952673
952717
952847
952872
952953
953324
953515
953604
953689
953690
953693
953725
953740
953851
953860
954207
954270
954286
954318
954383
954461
954512
954711
954741
954845
955015
955193
955219
955359
955390
955493
955898
955930
955968
956080
956278
956422
956425
956661
956740
956780
956783
956971
957112
957488
957838
957877
958104
958250
958288
958298
958375
958415
958480
958782
958783
958863
958886
958960
959012
959296
959532
959553
959670
959767
959796
960026
960245
960532
960730
960746
960834
961063
961064
961156
961261
961431
961454
961698
961845
961861
961886
962015
962091
962157
962333
962479
962575
962605
962638
962643
962685
962690
962740
962769
962875
963014
963062
963152
963242
963325
963351
963428
963721
963815
963923
963980
964117
964142
964233
964480
964919
965072
965075
965131
965144
965203
965206
965227
965305
965371
965391
965769
965780
965864
965869
965883
965912
966600
966846
966882
967077
967153
967177
967339
967513
967570
967605
967835
967969
968327
968329
968487
968502
968561
968605
968645
968778
968960
969040
969169
969208
969265
969295
969313
969338
969412
969546
969583
969697
969716
970025
970031
970115
970117
970128
970141
970292
970315
970349
970711
970723
970816
970832
971009
971209
971408
971445
971475
971509
971656
971743
971780
972133
972215
972379
972395
972477
972721
972730
972851
972867
972870
972944
973091
973141
973183
973453
973990
974052
974720
974747
974835
974856
974863
974930
974975
974998
975130
975179
975271
975272
975585
975682
975746
975753
975774
975805
975829
975834
975845
975859
975927
975946
975959
975966
976094
976352
976387
976432
976536
976588
976722
976788
976832
977021
977080
977283
977318
977368
977651
977792
977892
978250
978256
978318
978423
978430
978541
978591
978723
978803
979014
979259
979344
979414
979428
979585
979656
979703
979810
979821
979877
979937
979952
980015
980154
980210
980286
980300
980508
980543
980810
980910
981293
981334
981527
981576
981656
981792
982137
982198
982225
982581
982795
983135
983215
983336
983408
983496
983541
983620
983720
983930
984199
984209
984328
984655
984829
984905
985053
985111
985196
985489
985583
985669
985671
985719
985735
985872
985976
986091
986146
986161
986180
986226
986229
986584
986620
987126
987147
987540
987710
987745
987759
988058
988360
988364
988536
988625
988659
988662
988799
989145
989166
989264
989301
989302
989460
989480
989490
989530
989532
989630
989683
989875
990098
990147
990248
990343
990474
990566
990644
990744
990809
990830
990948
991003
991024
991080
991102
991123
991149
991167
991232
991238
991351
991534
991546
991587
991638
991748
991792
991869
991974
991984
992158
992218
992246
992258
992326
992469
992519
992606
992639
992640
992786
992883
993092
993240
993273
993518
993595
993743
993752
993847
993916
994030
994088
994314
994323
994402
994469
994507
994601
994820
995115
995222
995324
995409
995496
995683
995712
995749
995768
995842
995848
996135
996172
996179
996316
996506
996580
996596
996665
996825
996833
996954
996993
997216
997338
997450
997555
997607
997747
997901
997956
997984
998118
998125
998137
998249
998291
998320
998353
998373
998413
998446
998538
998606
998710
999217
999328
999330
999481
999503
999562
999618
999687
999820
