190
292
333
475
808
1570
1576
1634
1655
1691
1694
1865
1988
2051
2071
2137
2242
2391
2451
2526
2813
2832
2933
2982
3005
3135
3183
3484
3633
3639
3743
4076
4185
4232
4317
4485
4919
4945
4951
5379
5434
5498
5838
5906
6038
6122
6140
6295
6365
6458
6465
6512
6550
6555
6654
6659
6771
6813
6861
6916
7065
7175
7272
7278
7692
7735
8173
8376
8417
8441
8606
8696
8800
8903
8937
8947
9080
9208
9389
9617
9834
10065
10174
10210
10532
10550
10607
10706
10788
10805
10889
10976
11092
11098
11391
11592
11594
11677
11681
11731
11895
11947
12113
12184
12428
12455
12504
12625
12655
12766
12839
12886
12944
12952
13208
13311
13361
13493
14023
14173
14274
14336
14892
14907
14957
15098
15329
15688
15772
15906
16022
16136
16172
16363
16371
16460
16774
16893
17050
17704
17759
17931
18166
18214
18834
18896
19186
19300
19405
20006
20109
20320
20401
20458
20596
20926
21093
21182
21312
21353
21380
21808
21947
22104
22299
22419
22439
22737
22751
22874
23057
23075
23091
23243
23410
23483
23656
23747
23842
24075
24124
24286
24342
24446
24521
24537
24743
24966
24993
25024
25335
25458
25466
25632
25655
25767
25943
25950
26149
26327
26816
26862
27259
27466
27710
27943
28222
28272
28548
28904
29020
29255
29389
29555
29831
30568
30707
30764
31586
31594
31634
31635
31834
31855
31889
31905
31958
32752
33486
33538
33729
33767
33842
34184
34256
34384
34440
34493
35109
35211
35227
35301
35369
35733
35838
35848
36024
36312
36707
36883
36906
36939
36961
37663
37690
37853
38014
38182
38243
38270
38468
38574
38744
38972
39169
39535
39609
39778
39780
40093
40180
40450
40677
41135
41321
41399
41540
41626
41863
41963
42006
42088
42173
42181
42331
42362
42676
42715
43154
43157
43202
43205
43580
43758
43886
44201
44345
44572
44642
44928
44972
45230
45380
46047
46342
46401
46473
46478
46555
47331
47350
47818
47878
48478
48520
48621
48642
48651
48675
49427
50047
50354
51008
51414
51607
51739
52697
52797
52810
52897
53001
53244
53756
53785
54191
54237
54327
54568
54674
54687
54762
54796
54897
54951
55197
55206
55384
55448
55833
56724
57137
57242
57254
57487
57630
58194
58198
58275
58408
59155
59333
59369
59530
59533
59547
59605
59885
60818
60938
62008
62077
62229
62964
63552
63601
63631
63723
63733
63747
64165
64210
64215
64257
64460
64661
65370
65445
66345
66379
66746
66837
66982
67038
67174
67317
67413
67530
67624
67728
67809
68210
68273
68368
68785
68823
69119
69515
69908
70037
70227
70358
70577
71674
71703
72322
72457
72614
72705
72886
72943
73181
74408
74773
75798
76694
77046
77284
77403
77523
78347
79014
79247
79453
79564
79765
79827
80262
80418
80451
80703
80904
80971
81320
81331
81471
81564
81909
82159
82342
82379
82659
82871
82893
82901
83057
83105
83542
83551
83881
84115
84705
84908
85110
85766
85993
86375
88419
88454
89783
89834
89945
90215
91127
91548
91669
91964
92013
92487
92527
93198
93501
94088
94259
94426
95047
95371
95556
97387
97439
97681
97964
98010
98114
98343
99381
99849
99998
100813
101078
101090
101951
102507
103343
103577
103863
106348
108030
108095
108455
108613
108628
108698
108769
108971
109078
109409
110247
110782
110791
111924
112383
112427
112510
112553
112862
113713
114275
114312
114925
115157
115225
115898
116383
116467
116471
117330
117352
117529
117594
118690
119121
119832
119900
120010
120118
120922
122080
123874
123937
124236
124642
125015
125200
125466
126017
126713
126716
126763
127389
127450
127542
127601
127693
128733
129068
130687
130871
130998
131473
131812
132443
132575
132999
133690
135248
135936
136126
137358
137541
138341
138378
138648
138859
138986
139315
140707
140881
141527
142076
142567
142573
142739
144268
144612
145188
145356
145659
146769
147607
147685
148343
148849
150630
151762
151814
153148
153460
153707
153785
153792
153798
153829
156886
157994
159113
160683
161727
164367
165604
167489
168486
168756
168814
170251
170465
171189
171644
172158
172226
173416
173960
176433
180688
180997
182927
183672
184394
185122
185647
186862
186996
188118
188220
188976
190393
196537
206498
206774
207039
207171
208059
218449
222806
225400
226783
227809
236668
242384
243623
243671
243938
246224
249551
259376
285818
286700
306249
313908
337561
351352
361456
377123
378491
405703
433384
525623
