30
226
319
454
465
697
724
741
926
1017
1334
1589
1657
1681
1965
2043
2427
2499
2510
2647
2759
2819
2938
3203
3222
3326
3373
3401
3482
3660
3787
3859
3966
3974
4206
4259
4298
4412
4443
4530
4582
4966
5197
5216
5278
5292
5354
5415
5460
6066
6154
6221
6249
6274
6475
6509
6782
7059
7156
7491
7550
7592
7623
7644
7664
7771
7892
7932
8190
8522
8572
8627
8691
8897
9171
9291
9572
9810
9983
10078
10200
10313
10359
10663
11006
11044
11106
11280
11299
11673
11680
11753
12007
12020
12339
12564
12594
12680
12789
12796
12817
12840
13347
13452
13492
13503
13516
13616
13654
13678
13867
13888
14077
14155
14310
14380
14409
14528
14672
14734
14849
14963
15004
15068
15209
15270
15292
15643
15669
15766
15809
15818
15872
15922
15933
15975
16008
16033
16294
16404
16420
16448
16689
16788
16810
17004
17277
17281
17559
17640
17703
17783
17863
17889
18026
18074
18257
18429
18483
18616
18679
18764
18898
18947
18980
19128
19196
19269
19284
19391
19392
19407
19419
19450
19562
19631
19645
19730
19732
19758
20189
20233
20244
20342
20421
20575
20579
20625
20765
20871
21134
21257
21415
21508
21601
21687
21715
21780
21873
22093
22172
22257
22321
22412
22567
22577
22586
22593
22852
22946
23087
23155
23337
23390
23415
23419
23508
23550
23572
23581
23626
23868
23942
24028
24125
24132
24189
24407
24429
24440
24499
24597
24672
24859
24901
24904
25039
25081
25200
25302
25672
25703
25874
25929
25985
26119
26133
26202
26273
26331
26396
26401
26657
26686
26806
26859
26911
26962
26995
27237
27257
27349
27382
27427
27456
27502
27507
27754
27769
27983
28002
28018
28138
28376
28428
28564
28755
28793
28802
28914
28937
29149
29425
29593
29616
29755
29782
30215
30231
30262
30276
30384
30481
30608
30694
30846
30883
30917
30995
31050
31570
31719
31950
31998
32018
32157
32224
32238
32313
32469
32482
32730
32899
32942
33015
33037
33211
33262
33430
33525
33724
33875
33935
33974
33993
34021
34105
34232
34340
34411
34448
34621
34765
35189
35272
35376
35481
35752
35802
35814
35826
35942
36148
36186
36199
36242
36441
36468
36489
36622
36703
36717
36785
36794
36841
36871
37072
37074
37128
37154
37173
37215
37279
37405
37426
37526
37578
37729
37826
37834
37855
37943
37945
38485
38553
38642
38679
38873
38895
38956
39088
39522
39555
39645
39706
39721
39729
39766
40166
40227
40422
40681
40851
40997
41041
41057
41110
41114
41195
41431
41455
41504
41613
41731
41798
41833
41917
42121
42143
42193
42359
42535
42579
42684
42714
42800
43019
43167
43273
43306
43394
43505
43597
43601
43608
43826
43882
43943
44001
44016
44029
44040
44044
44100
44138
44144
44199
44228
44379
44438
44575
44594
44619
44713
44867
44946
45053
45125
45339
45352
45597
45821
45877
45946
46033
46139
46251
46294
46355
46710
46815
46868
46931
47045
47104
47328
47550
47554
47556
47583
47610
47706
47760
47792
47846
47892
47909
48100
48112
48136
48213
48271
48414
48449
48595
48776
48799
48962
49229
49268
49271
49386
49439
49572
49692
49949
50048
50114
50117
50250
50342
50453
50506
50631
50690
50806
50817
51056
51098
51279
51352
51460
51485
51701
51703
51804
51978
51996
52071
52391
52636
52651
52827
53117
53201
53457
53465
53654
53711
53799
53817
54063
54094
54169
54373
54391
54440
54499
54527
54659
54742
54748
54773
54804
55212
55242
55378
55522
55535
55542
55908
55937
56167
56374
56450
56508
56525
56566
56714
56759
56808
56851
56856
56910
57048
57158
57312
57495
58245
58304
58380
58404
58418
58527
58630
58648
58835
58994
59026
59081
59206
59252
59260
59297
59470
59648
59692
59975
59981
60033
60141
60156
60177
60341
60471
60481
60695
60723
60894
60960
61035
61184
61222
61368
61376
61728
61872
61967
62113
62205
62242
62419
62441
62448
62553
63177
63219
63226
63646
63695
63789
63800
63812
63906
63956
63976
64039
64170
64179
64293
64416
64589
64621
64658
64677
64819
64959
65004
65041
65043
65088
65101
65168
65218
65238
65393
65475
65525
65528
65540
65577
65698
65699
65762
65846
65855
66093
66408
66565
66727
66914
67051
67520
67532
67591
67671
67685
67777
67834
68125
68485
68537
68539
68599
68829
68870
68880
68891
69046
69064
69142
69165
69233
69309
69339
69409
69512
69561
69643
69660
69732
69776
69880
69894
70007
70054
70089
70171
70214
70246
70304
70457
70474
70484
70511
70828
71047
71115
71141
71267
71383
71415
71416
71535
71682
71766
71822
71877
71882
72146
72151
72153
72175
72220
72267
72297
72574
72799
72839
73007
73017
73061
73212
73358
73428
73462
73490
73698
73788
73895
73968
73998
74047
74080
74224
74395
74594
74643
74721
74778
74801
74813
74828
74836
74844
74962
74971
75163
75224
75525
75562
75632
75643
75672
75728
75783
75885
75894
75900
75957
75988
76119
76126
76581
76667
76685
76708
76716
76774
76781
76940
77062
77257
77355
77440
77492
77504
77574
77620
77729
77781
77863
77899
77937
77957
78082
78340
78537
78677
78680
78751
79048
79125
79129
79298
79424
79457
79498
79583
79591
79723
79753
79803
79909
80074
80083
80138
80533
80562
80564
80650
80748
80876
81053
81259
81458
81769
81815
81844
81919
81951
82054
82332
82503
82548
82868
82996
83176
83264
83389
83415
83688
83758
83825
83937
84210
84315
84558
84802
85112
85286
85357
85669
85708
85747
85767
85946
86329
86379
86388
86463
86520
86562
86625
86707
86760
86812
86859
86877
86995
87030
87042
87150
87306
87455
87477
87535
87595
87907
88075
88079
88277
88381
89064
89113
89140
89225
89383
89454
89599
89601
89719
89933
90029
90039
90079
90094
90151
90317
90402
90458
90549
90630
90672
90851
91139
91357
91489
91502
91609
91768
91924
92026
92027
92077
92083
92146
92350
92364
92377
92392
92455
92591
92898
93072
93164
93263
93304
93650
93724
93850
93967
93971
94043
94312
94324
94620
94698
94711
94725
94777
95056
95304
95491
95521
95655
95735
95745
95748
96099
96133
96134
96247
96277
96424
96656
96662
96678
96688
96744
96800
96856
96958
96962
97004
97061
97124
97206
97221
97229
97255
97331
97371
97382
97397
97432
97438
97460
97501
97632
97856
97867
97983
98218
98260
98403
98438
98501
98809
98818
99090
99188
99191
99235
99621
99658
99704
99922
100019
100141
100202
100204
100269
100381
100779
100895
100952
100992
101088
101103
101178
101231
101578
101738
101757
101809
101864
101948
101963
102030
102137
102355
102499
102545
102585
102671
102703
102810
102886
102888
102999
103348
103359
103363
103490
103634
103808
103813
104014
104015
104035
104059
104399
104546
104558
104575
104700
104749
104760
104762
104862
104983
105016
105040
105101
105189
105217
105531
105639
105682
105749
105829
105887
105997
106004
106115
106315
106496
106526
106607
106734
106905
106916
107180
107309
107409
107573
107579
107630
107817
107901
108010
108063
108158
108235
108367
108386
108481
108500
108586
108595
108726
108777
108879
108906
108914
109013
109169
109273
109419
109448
109613
109643
109654
109703
109876
109958
110134
110167
110227
110318
110339
110368
110382
110464
110495
110514
110683
110729
110733
110920
110995
111080
111117
111196
111315
111456
111932
111947
112095
112162
112290
112448
112475
112490
112834
112915
113139
113160
113172
113226
113392
113439
113647
113840
113897
114073
114198
114250
114299
114434
114490
114555
114622
114627
114652
114714
114825
114899
114901
115192
115280
115296
115417
115661
115736
115970
115971
116014
116202
116287
116327
116450
116456
116458
116545
116607
116641
116856
116900
116921
116931
116964
117027
117226
117259
117314
117353
117421
117498
117737
117839
117853
118059
118062
118374
118579
118584
118622
118626
118681
118689
118693
118742
119123
119202
119233
119319
119457
119520
119641
119646
119938
119981
120005
120030
120075
120129
120264
120382
120394
120686
120747
120861
121089
121198
121383
121672
121698
121723
121786
121893
121984
122049
122063
122153
122190
122210
122211
122220
122369
122400
122432
122588
122636
122752
122957
123070
123152
123258
123299
123426
123554
123567
123571
123712
123865
123866
124116
124558
124800
124830
125052
125143
125346
125412
125428
125497
125529
125621
125654
125737
125817
125916
126036
126153
126248
126339
126473
126579
126602
126674
126724
126946
126979
127000
127001
127033
127502
127617
128326
128437
128459
128466
128559
128931
129190
129366
129565
129692
129795
129881
130174
130191
130219
130393
130628
130866
130957
130996
131080
131214
131230
131291
131312
131322
131329
131353
131398
131609
131624
131894
132067
132091
132279
132408
132717
132854
133379
133429
133625
133725
133763
133772
134231
134330
134428
134583
134597
134851
134954
135057
135348
135349
135391
135546
135549
135562
135634
135686
135844
135894
136043
136245
136264
136277
136385
136393
136413
136446
136451
136480
136481
136670
136755
136764
136766
136826
136898
137030
137178
137313
137348
137434
137455
137513
137527
137546
137670
137700
137720
137835
138097
138802
138860
138915
138958
139206
139268
139374
139404
139542
139577
139609
139652
139684
139799
139855
139927
139945
140027
140036
140055
140078
140239
140255
140580
140651
140859
140894
140917
141147
141193
141307
141345
141371
141543
141577
141585
141755
141879
141886
142104
142140
142158
142223
142225
142309
142367
142396
142424
142467
142496
142640
142681
142729
142785
142959
143025
143058
143213
143329
143458
143485
143948
143994
144067
144242
144293
144389
144430
144474
144767
144931
145035
145099
145106
145172
145249
145256
145482
145600
145698
145790
145803
145807
145887
146027
146261
146265
146339
146669
146816
146837
147047
147102
147114
147278
147711
147739
147813
147835
148315
148329
148412
148629
148751
148944
148977
149021
149255
149397
149414
149566
149641
149674
149680
149738
149827
149831
149881
150055
150073
150074
150164
150243
150373
150385
150581
150637
150704
151082
151305
151803
151851
152018
152193
152295
152429
152447
152550
152670
152705
152707
152734
152737
152852
152937
153038
153057
153144
153212
153558
153749
153905
154204
154363
154503
154526
154537
154761
155030
155105
155257
155396
155517
155584
155607
155618
155952
155995
156258
156299
156424
156474
156492
156563
156751
157134
157228
157261
157442
157531
157586
157631
157709
157745
157832
158040
158075
158076
158112
158205
158338
158417
158513
158522
158553
158602
158651
158757
158825
158998
159025
159117
159343
159458
159485
159579
159662
159680
159763
159987
160009
160082
160126
160231
160292
160392
160599
160841
160896
161068
161160
161324
161419
161536
161657
161753
161768
161894
161965
162155
162278
162355
162393
162672
163013
163206
163259
163305
163574
163635
163675
163692
163697
163782
163795
163968
163983
163986
164196
164410
164598
164718
164768
164849
165083
165115
165153
165258
165285
165381
165401
165410
165499
165659
165682
165747
165801
165858
165890
165957
165982
166133
166208
166214
166216
166279
166314
166444
166529
166543
166716
166780
166848
166910
166962
167057
167107
167166
167395
167458
167492
167582
167597
167824
167842
167911
168016
168212
168274
168294
168574
168668
168695
168699
168803
168806
168857
168880
168893
168952
169182
169488
169503
169643
169654
169891
169896
169910
169965
170052
170066
170103
170504
170623
170710
170803
170926
170966
171118
171152
171210
171259
171328
171393
171439
171502
171605
171654
171785
171798
171919
171922
171930
171951
172072
172151
172340
172348
172349
172513
172648
172685
172719
172820
172982
173136
173280
173363
173385
173545
173726
173837
173840
174115
174307
174429
174435
174520
174614
174696
174714
174795
174829
174843
175011
175035
175066
175115
175185
175228
175323
175499
175501
175730
175801
175835
175837
175931
175945
175955
176103
176406
176601
176700
176736
176803
176880
176890
176982
177062
177098
177170
177172
177245
177255
177272
177289
177457
177570
177687
177762
177831
178022
178231
178386
178515
178564
178597
178745
178776
178780
178794
178848
178966
179060
179124
179169
179223
179418
179472
179501
179533
179574
179639
179708
179731
179782
179833
179979
179986
180038
180415
180502
180903
180934
180970
181116
181133
181162
181309
181408
181412
181687
181995
182108
182395
182490
182607
182623
182782
182945
183075
183166
183306
183508
183819
183835
183861
183916
184108
184236
184245
184319
184429
184589
184773
184787
184837
184877
184927
185004
185126
185345
185556
186083
186086
186277
186312
186406
186434
186439
186444
186465
186511
186595
186765
186870
186915
186951
187004
187136
187351
187415
187577
187590
187618
187668
187776
187829
187834
188250
188320
188473
188810
188846
188896
188992
189003
189069
189347
189371
189406
189421
189788
189799
189863
190158
190365
190398
190401
190474
190505
190591
190708
190945
190957
191326
191352
191358
191370
191375
191389
191404
191582
191634
191751
191856
191927
191979
192212
192253
192329
192429
192490
192658
192778
192811
192988
193062
193307
193318
193441
193451
193486
193533
193824
193832
193958
194042
194085
194161
194165
194657
194797
195050
195051
195091
195103
195178
195227
195424
195464
195537
195547
195548
195785
195792
195957
196059
196421
196677
196812
196985
197032
197074
197077
197080
197275
197534
197584
197832
197892
198213
198218
198383
198809
198907
198925
199061
199063
199079
199110
199135
199267
199361
199666
199735
199788
200042
200312
200332
200348
200430
200594
200708
200854
200892
200935
201063
201118
201128
201194
201210
201353
201401
201433
201498
201541
201653
201972
202086
202139
202166
202214
202370
202497
202530
202587
202682
202866
203104
203300
203480
203744
203751
203904
203915
203944
203951
204041
204327
204370
204398
204401
204568
204576
204626
204676
204680
204851
204893
205301
205311
205381
205414
205529
205547
205748
205781
205866
206068
206132
206855
207166
207179
207427
207444
207446
207598
207971
208189
208202
208250
208264
208489
208546
208638
208680
208767
208773
208825
208963
209079
209151
209200
209260
209339
209541
209773
209774
209797
209903
209907
210017
210082
210086
210335
210407
210451
210470
210509
210686
210715
210743
210752
210829
210861
211011
211048
211269
211410
211529
211544
211694
212012
212082
212121
212139
212247
212887
212897
212901
212947
212993
213133
213195
213334
213481
213631
213817
213901
213946
214028
214150
214275
214366
214389
214440
214605
214824
214871
214918
214944
214966
214992
215075
215123
215126
215176
215222
215264
215376
215426
215531
215909
215930
216048
216090
216098
216258
216521
216550
216581
216726
216791
216798
216818
216845
217070
217071
217094
217139
217145
217283
217293
217302
217491
217495
217707
217752
217868
217903
218075
218242
218323
218471
218608
218854
218897
219054
219114
219137
219146
219585
219711
219804
219988
220065
220082
220214
220319
220349
220416
220455
220545
220737
220885
221407
221608
221625
221679
221750
221905
221944
221992
221998
222112
222143
222185
222247
222441
222546
222826
222854
222950
222977
223054
223282
223332
223457
223517
223651
223684
223699
223822
223921
223953
224123
224187
224296
224450
224522
224524
224661
224672
224675
224702
224787
224836
225178
225317
225340
225387
225480
225512
225581
225641
225694
225709
225728
225816
225915
225944
225987
226012
226114
226142
226207
226377
226581
226602
226736
227028
227177
227241
227343
227484
227829
227880
227897
228040
228166
228182
228439
228459
228555
228740
228772
228802
228875
229013
229121
229137
229266
229332
229352
229632
229748
229808
230047
230077
230128
230386
230446
230495
230556
230574
230954
231219
231248
231600
231653
231850
232069
232073
232094
232198
232322
232335
232342
232380
232393
232538
232683
232831
233011
233070
233194
233225
233248
233510
233512
233621
233661
233776
233854
234196
234212
234415
234458
234563
234801
235112
235348
235385
235410
235426
235430
235519
235542
235784
235816
235838
235864
235877
235959
236085
236206
236243
236294
236501
236581
236822
236877
237075
237169
237239
237391
237400
237429
237445
237578
237720
237866
237919
237946
237960
238245
238289
238515
238803
238829
238850
238852
239113
239121
239180
239398
239451
239464
239626
239670
239789
239814
239915
240269
240319
240409
240442
240459
240465
240471
240480
240514
240581
240595
240691
240852
240866
240867
240935
241093
241486
241530
241652
241654
241718
241777
242367
242673
242736
242740
243050
243234
243251
243305
243309
243464
243554
243582
243661
243680
243792
243810
243876
243941
244165
244224
244232
244297
244321
244625
244667
244781
244830
244869
244940
244964
245011
245267
245288
245325
245514
245564
245613
245622
245775
245857
245903
245991
246170
246200
246242
246263
246287
246402
246724
246737
246874
247028
247038
247112
247152
247227
247243
247297
247301
247378
247384
247542
247670
247686
247761
247833
247878
248269
248282
248438
248498
248508
248870
248879
249031
249051
249436
249600
249695
249730
249750
249788
249843
249905
249982
250001
250071
250190
250220
250311
250315
250508
250514
250680
250806
250813
250932
250984
250990
251110
251237
251290
251292
251448
251722
251908
251982
252194
252198
252287
252296
252343
252347
252439
252514
252527
252584
252677
252729
252753
252794
252874
252937
253060
253070
253296
253315
253497
253527
253606
253632
253758
253797
253857
253899
254012
254090
254092
254130
254291
254339
254415
254521
254681
254683
254866
254870
254892
254982
255040
255041
255199
255239
255264
255390
255428
255436
255476
255530
255540
255639
255666
255695
255714
255880
255927
256013
256070
256172
256291
256390
256422
256463
256472
256602
256785
256856
256941
256966
257046
257128
257139
257205
257310
257402
257417
257452
257527
257538
257632
257725
257749
257773
258082
258104
258285
258350
258528
258639
258675
258702
258966
259071
259111
259126
259156
259259
259402
259454
259794
260013
260132
260297
260431
260444
260519
260531
260550
260588
260940
260992
261026
261113
261129
261187
261389
261455
261516
261803
261828
261833
261892
262143
262169
262180
262374
262410
262443
262501
262583
262686
262687
262702
263116
263416
263557
263648
263762
263868
264113
264141
264421
264511
264601
264634
264785
264811
264910
264999
265214
265367
265508
265595
265638
265702
265751
265808
266021
266045
266113
266176
266252
266596
266598
266642
266707
266857
266886
266971
267025
267182
267422
267479
267521
267536
267577
267650
267854
267998
268124
268540
268836
268958
269013
269187
269202
269330
269357
269400
269554
269814
269890
269913
269939
269944
269965
270033
270034
270091
270104
270110
270123
270124
270165
270203
270520
270590
270621
270704
270803
271051
271071
271230
271325
271507
271840
272289
272379
272407
272432
272441
272453
272467
272687
272892
272906
272908
272909
272912
272934
272948
273132
273177
273192
273219
273227
273283
273459
273470
273532
273559
273641
273647
273667
273786
273796
273952
273961
274063
274154
274198
274242
274319
274367
274669
274704
274909
274942
275103
275204
275366
275377
275462
275598
275619
275703
275781
275782
275811
275865
275877
275918
276013
276078
276127
276184
276253
276257
276463
276483
276633
276847
276910
276976
277267
277286
277808
277863
277913
277921
277951
278173
278259
278353
278998
279073
279149
279163
279283
279415
279493
279566
279844
279983
280154
280218
280393
280419
280496
280591
280627
280673
280710
280807
280891
281087
281113
281160
281203
281234
281267
281270
281361
281523
281599
281823
282001
282057
282094
282095
282118
282198
282288
282481
282499
282544
282560
282595
282659
282899
283072
283080
283120
283232
283388
283445
283600
283707
283808
283854
283864
283874
283933
284070
284166
284337
284427
284483
284502
284712
284790
284892
285059
285062
285068
285192
285321
285331
285516
285600
285612
285655
285702
285708
285737
285757
285806
285858
286061
286131
286342
286360
286473
286627
286697
286698
286756
286782
286994
287054
287398
287446
287537
287549
287563
287929
287984
287994
287996
288320
288345
288434
288466
288516
288564
288667
288684
288736
288804
288813
288960
289113
289362
289454
289506
289558
289562
289846
290016
290097
290165
290280
290389
290644
290943
291057
291359
291360
291479
291503
291703
291714
291848
292016
292091
292138
292470
292486
292570
292611
292650
292656
292662
292690
292749
292763
292833
292844
292891
292950
293177
293295
293504
293657
293705
293959
294101
294144
294426
294476
294633
294681
294698
294751
294801
294886
294910
295100
295107
295113
295381
295419
295440
295583
295773
295818
296173
296177
296230
296500
296595
296625
296649
296673
297059
297298
297375
297398
297419
297476
297492
297652
297815
297852
297868
297955
298196
298294
298304
298365
298495
298570
298778
298831
298854
299095
299105
299147
299320
299451
299782
299800
299815
299993
300164
300250
300252
300364
300401
300482
300664
300694
300789
300795
300799
300878
301215
301286
301331
301442
301447
301470
301516
301686
301786
301886
301907
301968
302012
302329
302408
302619
302789
302840
302843
303035
303212
303309
303340
303546
303608
303794
303918
304205
304224
304229
304611
304684
304953
305098
305142
305192
305193
305194
305216
305358
305504
305625
306097
306167
306201
306233
306271
306331
306406
306409
306687
306796
307013
307031
307206
307268
307322
307400
307457
307482
307531
307585
307722
307760
307948
307990
308199
308224
308248
308276
308366
308523
308684
308768
308983
308989
309228
309288
309378
309380
309386
309492
309495
309500
309531
309546
309645
309849
309925
309991
310071
310131
310252
310435
310525
310543
310629
310690
310878
311039
311115
311260
311335
311377
311419
311428
311616
311631
311639
311810
311907
311915
311938
311949
312184
312408
312691
312777
312814
312894
312976
313100
313138
313199
313226
313456
313459
313722
313814
314102
314144
314172
314367
314396
314477
314644
314682
314704
314735
314768
314807
314826
314909
315019
315284
315302
315315
315331
315373
315596
315751
315822
315857
315893
316085
316098
316120
316218
316305
316332
316394
316571
316629
316689
316856
317068
317203
317256
317265
317282
317302
317315
317729
317836
317967
317975
318118
318151
318282
318287
318344
318431
318534
318603
318638
318706
318774
318829
318853
318934
318969
318981
319000
319045
319165
319397
319483
319528
319796
319812
320110
320135
320177
320281
320286
320319
320326
320372
320467
320767
320770
320976
321004
321141
321185
321268
321447
321469
321517
321601
321632
321773
321780
321855
321899
321938
321944
321965
321990
321994
322063
322067
322123
322183
322289
322317
322319
322526
322632
322806
322808
322984
323308
323348
323400
323408
323434
323487
323600
323743
323813
324089
324090
324457
324656
324825
324855
324979
324981
325090
325363
325450
325563
325588
325684
325862
325882
325886
325920
325989
326254
326261
326353
326359
326521
327076
327155
327230
327270
327344
327562
327716
327903
327946
328022
328111
328268
328281
328446
328555
328749
328751
328768
328950
328976
329065
329337
329368
329382
329387
329469
329477
329675
329748
329753
329828
330018
330051
330254
330316
330322
330462
330477
330538
330546
330632
330658
330686
331167
331207
331314
331398
331414
331498
331615
331691
331805
331954
331972
332120
332162
332182
332338
332357
332453
332460
332465
332566
332629
332669
332696
332743
332826
332978
333007
333228
333318
333321
333338
333366
333373
333400
333440
333475
333516
333608
333610
333694
333764
333787
333928
334070
334298
334464
334488
334494
334601
334639
334944
334953
334998
335092
335108
335134
335203
335239
335326
335481
335603
335656
335771
335835
336030
336032
336041
336201
336225
336250
336274
336309
336481
336497
336602
336646
336739
336793
336868
336870
336884
336995
337118
337193
337293
337301
337344
337347
337404
337573
337719
337730
337789
337886
337913
337967
338028
338078
338165
338198
338351
338381
338385
338440
338642
338669
338710
338736
338852
339067
339097
339106
339137
339305
339363
339402
339504
339724
339852
339933
339983
340024
340239
340400
340499
340637
340780
340824
340898
341023
341102
341124
341397
341437
341579
341703
341801
341924
341945
341959
341970
341978
342176
342220
342372
342407
342484
342630
342697
342758
342791
342891
343101
343216
343416
343590
343723
343840
344371
344435
344447
344636
344747
344758
344784
344950
344993
345019
345160
345166
345245
345246
345312
345385
345459
345489
345608
345634
345681
345716
345783
345950
345995
346159
346170
346181
346271
346540
346795
346809
346827
347275
347377
347386
347653
347721
347804
347834
347941
348028
348122
348407
348469
348500
348588
348771
348875
349209
349309
349362
349394
349486
349752
349759
349836
349837
349966
350193
350221
350296
350305
350323
350479
350705
350863
350889
351009
351211
351485
351512
351755
351958
351966
352029
352115
352170
352354
352409
352487
352532
352600
352889
352965
353010
353135
353174
353222
353352
353364
353381
353626
353636
353791
353825
353927
354112
354158
354338
354554
354634
354659
354671
354774
354811
354825
354918
354992
354998
355337
355374
355498
355508
355703
355738
355769
355801
355802
355925
355939
356052
356210
356226
356424
356506
356609
356684
357024
357272
357352
357391
357406
357473
357511
357559
357659
357790
357808
357831
358033
358047
358070
358173
358291
358690
358751
358804
358864
358894
359176
359495
359535
359611
359705
359799
360025
360050
360236
360253
360264
360282
360613
360726
360869
360897
361181
361582
361587
361710
361813
361843
362119
362148
362307
362470
362572
362696
362884
362955
363031
363345
363453
363716
363717
363724
363810
363823
363833
363873
363930
364141
364167
364190
364227
364291
364299
364378
364573
364583
364610
364700
364728
365025
365028
365093
365195
365200
365207
365263
365379
365585
365643
365678
365689
365756
365912
365915
366019
366268
366345
366480
366631
366728
366886
366927
367019
367143
367484
367833
367896
367981
368002
368083
368132
368187
368319
368386
368474
368526
368544
368653
368772
368925
369133
369153
369298
369339
369638
369675
369716
369994
370271
370762
370833
370884
370931
370956
371362
371410
371628
371697
371744
371888
371979
372269
372355
372385
372481
372485
372531
372708
372798
372835
372852
372947
372985
372991
373658
373961
373990
374025
374028
374032
374210
374223
374309
374644
374649
374771
374953
375172
375428
375652
375821
375832
375859
376235
376267
376364
376514
376836
376886
376935
377303
377335
377444
377692
377704
377710
377760
377777
377858
377865
377882
377924
377926
378032
378089
378135
378143
378321
378376
378548
378554
378560
378590
378627
378759
378811
378855
379016
379140
379153
379172
379349
379350
379402
379516
379608
379623
379660
379689
379755
379812
379938
379968
380193
380203
380294
380366
380421
380482
380657
380664
380678
380728
380760
380827
380850
381038
381058
381108
381149
381225
381335
381348
381367
381749
382110
382163
382192
382282
382383
382399
382418
382479
382535
382614
382894
383016
383034
383057
383105
383212
383281
383328
383441
383662
383663
384286
384336
384373
384442
384462
384530
384561
384881
384993
384996
385096
385163
385221
385398
385709
385839
386061
386070
386169
386219
386285
386370
386383
386620
386665
386902
386989
387035
387265
387309
387522
387532
387640
387669
387673
387922
387967
387993
388286
388487
388570
388583
388817
388856
388919
389103
389113
389221
389282
389315
389343
389399
389484
389502
389622
389651
389668
389732
389772
389774
389852
389856
389915
389925
389929
389943
390116
390176
390323
390367
390423
390450
390451
390596
390681
390770
390934
390973
391054
391105
391118
391225
391323
391512
391681
391727
391839
392038
392074
392081
392466
392726
392739
392747
393008
393051
393110
393304
393377
393559
393663
393805
393915
394336
394360
394605
394863
394925
394926
395020
395097
395109
395132
395415
395444
395452
395483
395563
395572
395664
395737
395752
395795
395830
395870
395952
396028
396471
396551
396597
396635
396672
396770
396830
396872
396897
397008
397092
397169
397289
397340
397506
397540
397702
397714
397747
398221
398285
398319
398396
398558
398583
398708
398905
399033
399193
399296
399332
399430
399860
399925
400016
400127
400332
400333
400402
400571
400621
400624
400733
400827
400830
400975
401058
401156
401269
401397
401451
401466
401467
401506
401614
401704
401752
401860
401937
401953
401981
402028
402168
402179
402553
402570
402631
402702
402718
402728
402759
402778
402786
402976
403035
403352
403466
403523
403622
403654
403760
403947
404015
404026
404150
404229
404238
404389
404426
404742
404793
404841
404864
404870
405019
405169
405320
405416
405492
405498
405559
405689
405789
405805
405847
405954
406110
406133
406172
406238
406256
406305
406722
406765
406795
406824
406948
407124
407166
407323
407368
407539
407686
407725
407941
408036
408111
408114
408118
408271
408413
408443
408458
408539
408824
409120
409171
409268
409343
409596
409774
410205
410401
410653
410682
410720
410964
411151
411161
411182
411209
411226
411302
411415
411416
411511
411543
411569
411575
411601
411609
411644
411658
411761
411765
411865
412033
412142
412233
412359
412403
412498
412551
412595
412626
412781
413011
413275
413395
413415
413548
413711
413863
413997
414066
414102
414115
414127
414205
414208
414217
414284
414311
414420
414439
414617
414807
414942
414953
415097
415175
415272
415335
415381
415419
415652
415782
415838
415870
415907
416007
416065
416135
416218
416247
416285
416668
416826
416965
417186
417429
417476
417641
417857
417861
417884
417894
417896
418032
418076
418270
418276
418399
418434
418436
418499
418606
418651
418747
418881
418946
419020
419038
419122
419139
419256
419398
419635
419941
419947
420041
420111
420402
420588
420694
420734
420967
421006
421083
421405
421573
421630
421634
421796
422175
422209
422451
422462
422529
422729
422777
423122
423155
423310
423343
423396
423465
423539
423633
423774
423777
423816
423863
423922
423977
423996
424065
424166
424215
424236
424237
424245
424545
424570
424651
424847
424861
424907
424959
424993
425001
425015
425141
425171
425285
425417
425424
425439
425521
425804
425908
426097
426144
426332
426348
426376
426470
426581
426694
426712
426793
426828
426860
426987
427082
427120
427493
427599
427613
427622
427644
427929
427979
427985
428065
428290
428373
428685
428747
428816
428868
428926
428948
429196
429302
429320
429331
429515
429591
429600
429602
429921
429960
430004
430047
430118
430147
430158
430285
430292
430340
430474
430590
430592
430639
430656
430659
430708
430775
430806
430876
431048
431071
431123
431246
431281
431282
431360
431411
431499
431528
431599
431630
431902
431998
432017
432144
432224
432226
432242
432246
432295
432369
432424
432555
432635
432659
432684
433115
433207
433324
433365
433383
433443
433454
433792
433899
434035
434098
434198
434323
434343
434401
434407
434489
434559
434685
434754
434764
435003
435037
435131
435752
435864
435899
435938
436018
436045
436094
436122
436404
436450
436474
436489
436594
436617
436703
436802
437041
437046
437241
437279
437283
437361
437588
437619
437907
437909
438231
438312
438375
438404
438616
438632
438673
438798
438829
439123
439282
439327
439347
439467
439503
439594
439595
439613
439708
439855
439874
439909
439979
439999
440204
440340
440364
440446
440448
440559
440629
440650
440670
440833
440841
440952
441082
441127
441232
441305
441392
441406
441529
441553
441598
441671
441721
441764
441809
441953
441963
442054
442056
442226
442366
442465
442610
442658
442834
442880
443303
443397
443496
443967
444087
444217
444252
444504
444750
444801
445114
445146
445194
445309
445335
445356
445583
445660
445713
445722
445901
445946
446056
446264
446394
446508
446598
446662
446735
446950
446984
447154
447162
447182
447189
447520
447926
447928
448076
448095
448146
448169
448247
448273
448353
448444
448487
448529
448576
448702
448778
449037
449042
449094
449297
449314
449426
449495
450033
450076
450081
450132
450174
450246
450415
450648
450706
451381
451460
451492
451596
451746
451804
451847
452220
452512
452779
453105
453338
453386
453398
453405
453421
453474
453507
453583
453627
453854
453884
454133
454374
454385
454490
455471
455483
455676
455679
455695
455724
455965
455997
456031
456037
456059
456111
456123
456160
456245
456276
456283
456288
456411
456571
456634
456762
456944
456979
457079
457242
457345
457397
457456
457722
458011
458038
458192
458372
458397
458422
458481
458531
458751
458764
458799
458829
458883
458959
458970
459022
459062
459097
459342
459585
459591
459756
459950
460136
460225
460369
460391
460395
460409
460443
460507
460908
460924
460926
461062
461272
461292
462113
462268
462277
462384
462562
462629
462891
462936
463260
463398
463589
463609
463671
463734
463911
464118
464130
464493
464562
464631
464632
464668
464746
464917
465074
465096
465185
465199
465204
465245
465280
465474
465582
465632
465834
466098
466219
466283
466396
466420
466432
466442
466481
466749
466878
466888
466890
467061
467073
467138
467195
467336
467355
467401
467585
467711
467714
467733
467815
467835
467875
467908
468069
468171
468172
468230
468275
468425
468601
468632
468758
468762
468768
468845
468877
468896
469025
469094
469113
469122
469167
469215
469366
469447
469493
469509
469639
469640
469645
469804
469833
469926
470044
470190
470217
470268
470311
470485
470566
470569
470813
471001
471113
471182
471335
471356
471398
471509
471679
471763
471948
472025
472095
472137
472380
472583
472591
472632
472639
472716
472813
472957
473017
473026
473198
473260
473408
473427
473472
473741
473848
474015
474020
474280
474312
474326
474514
474608
474672
474710
474765
474895
475260
475424
475650
475657
475666
475863
475960
475983
476041
476101
476138
476170
476275
476390
476567
476686
476691
476739
476800
476814
476828
476892
477058
477121
477141
477398
477399
477540
477629
477669
477743
477780
477802
478268
478285
478299
478643
478664
478673
478814
479082
479207
479253
479665
479939
480486
480706
480728
480931
481102
481375
481588
481697
481698
481793
482068
482076
482123
482175
482180
482181
482326
482348
482393
482425
482548
482623
482690
482769
482803
483681
483850
483856
483971
483991
484043
484083
484158
484408
484434
484553
484592
484676
484682
484925
484966
485140
485203
485267
485423
485433
485482
485632
485753
485916
485976
486046
486145
486231
486612
486636
486676
486740
486802
486811
486986
487099
487131
487163
487344
487346
487469
487678
487932
488050
488285
488392
488449
488549
488776
488864
488872
488929
488958
489019
489092
489233
489473
489546
489660
489737
489963
490017
490053
490096
490097
490142
490323
490351
490586
490597
490656
490731
490797
490812
491015
491046
491290
491398
491399
491606
491651
491949
492221
492467
492652
492828
492926
493073
493120
493206
493287
493322
493330
493346
493559
493683
493872
493969
493975
493992
494070
494105
494187
494199
494273
494313
494792
495454
495565
495573
495598
495618
495646
495655
495683
495773
495819
495869
496291
496325
496445
496518
496603
496711
496720
496827
496880
496975
497020
497077
497089
497171
497383
497479
497574
497594
497743
497845
497877
497946
498022
498086
498292
498301
498452
498457
498624
498802
499015
499035
499100
499322
499323
499464
499484
499500
499510
499640
499675
499792
499871
499916
500001
500009
500030
500050
500155
500310
500358
500429
500454
500470
500482
500490
500583
500619
500675
500700
500992
501006
501214
501283
501421
501432
501719
501994
502063
502097
502142
502145
502165
502200
502220
502310
502407
502472
502588
502688
502809
503028
503137
503322
503327
503336
503337
503397
503549
503550
503601
503886
503887
503910
504015
504038
504109
504114
504181
504266
504315
504539
504559
504576
504654
504671
504676
504858
505027
505047
505111
505182
505264
505402
505425
505480
505504
505530
505662
505705
505734
505832
505888
506109
506114
506217
506310
506325
506343
506413
506735
506809
507034
507173
507390
507423
507630
507740
507818
507826
507841
507975
508045
508063
508230
508235
508372
508512
508566
509010
509063
509068
509257
509364
509417
509443
509690
509737
509894
509901
510025
510030
510088
510364
510464
510486
510588
510616
510755
511060
511076
511234
511237
511433
511542
511682
511785
511844
511866
511949
512336
512457
512588
512620
512633
512640
512881
512917
512989
512997
513176
513289
513456
513739
513860
514262
514428
514559
514598
514756
514907
515103
515276
515290
515306
515418
515729
515790
515818
515823
516100
516118
516135
516142
516440
516467
516634
516803
516838
516885
516956
517018
517422
517487
517741
517768
517771
517951
518010
518024
518224
518233
518254
518306
518358
518508
518704
518727
518806
518881
519062
519093
519173
519252
519491
519492
519661
519700
519768
519866
519957
520130
520229
520256
520261
520309
520360
520415
520765
520783
520803
521033
521176
521262
521390
521497
521562
521715
521752
521861
521944
522031
522043
522059
522095
522276
522277
522295
522327
522521
522740
522781
522794
522830
522853
522898
523215
523301
523389
523425
523443
523583
523788
523958
524082
524173
524211
524219
524330
524403
524444
524446
524611
524720
524800
524841
524853
524884
524954
524957
525308
525381
525438
525535
525558
525654
525703
525724
525748
525785
525865
525884
526044
526355
526435
526637
526954
527091
527139
527216
527581
527711
527735
527870
527878
527945
528087
528155
528208
528549
528572
528574
528598
528642
528726
528809
528832
528955
528974
529005
529100
529338
529346
529516
529539
530002
530083
530237
530367
530497
530839
530851
530858
530978
531059
531094
531112
531252
531280
531374
531545
531560
531649
531669
531761
531963
532161
532394
532452
532587
532624
532681
532798
533004
533039
533105
533159
533195
533202
533209
533220
533272
533377
533385
533444
533466
533588
533871
533881
533896
534041
534050
534097
534159
534284
534417
534532
534632
534655
534680
534689
534705
534885
534932
534978
535287
535545
535552
535582
535616
535628
535754
535934
535978
535986
536068
536150
536193
536201
536276
536322
536370
536482
536568
536617
536678
536903
536967
537085
537122
537146
537155
537176
537228
537242
537243
537371
537400
537422
537438
537598
537848
537918
537968
538162
538248
538304
538407
538448
538524
538561
538620
538766
538835
539091
539247
539366
539400
539573
539661
539676
539791
539799
539938
540062
540078
540080
540101
540133
540242
540520
540552
540578
540583
540624
540717
540784
540868
540998
541103
541113
541303
541307
541419
541610
541640
541772
541912
542286
542308
542315
542332
542364
542414
542484
542631
542703
542804
543036
543124
543219
543278
543372
543423
543525
543591
543598
543668
543698
544121
544137
544427
544525
544556
544568
544612
544947
545202
545498
545500
545650
545654
545762
545793
545845
545871
545878
545926
546049
546066
546080
546081
546099
546390
546430
546435
546635
546715
546797
546839
546875
546971
547142
547194
547329
547489
547501
547681
547909
547924
547997
548135
548554
548873
548888
549015
549361
549378
549463
549769
549878
549935
549967
550049
550084
550190
550432
550755
550968
550982
551000
551091
551110
551118
551173
551346
551385
551401
551544
551673
551922
551987
552351
552471
552518
552733
552755
552791
552815
552831
552842
552911
553097
553156
553246
553329
553347
553360
553411
553420
553509
553577
553582
553596
553691
553717
553788
553945
554114
554163
554180
554187
554552
554556
554655
554741
554759
554767
554799
554830
554839
554925
555005
555016
555027
555044
555106
555199
555424
555652
556281
556297
556332
556381
556497
556506
556627
556735
556749
556843
556848
556967
557058
557081
557124
557155
557238
557276
557286
557350
557472
557493
557657
557666
557762
557812
557813
557826
557891
557894
558034
558079
558089
558197
558252
558391
558392
558444
558495
558599
558682
558907
559092
559208
559229
559367
559502
559637
559751
560183
560254
560261
560369
560509
560510
560520
560543
560547
560673
560702
560744
561068
561131
561319
561340
561362
561388
561473
561586
561693
561746
561905
561983
562046
562075
562181
562206
562213
562232
562283
562367
562383
562406
562421
562468
562620
562641
562961
563012
563143
563219
563378
563529
563615
564003
564014
564053
564116
564263
564286
564382
564456
564493
564833
565114
565157
565185
565362
565376
565416
565458
565593
565651
565702
565807
565976
566150
566207
566271
566273
566319
566449
566681
566723
566807
566947
567173
567194
567225
567343
567527
567797
567915
568213
568270
568529
568531
568557
568596
568617
568634
568986
569020
569082
569138
569289
569317
569318
569414
569418
569438
569478
569513
569517
569522
569677
569737
569936
569953
569978
570107
570109
570178
570371
570465
570525
570604
570638
570953
571024
571089
571113
571182
571320
571364
571451
571471
571962
572083
572120
572161
572341
572370
572397
572405
572438
572453
572759
572784
572874
573025
573220
573366
573430
573509
573539
573573
573586
573601
573641
573654
573657
573770
574015
574019
574151
574266
574419
574485
574751
574882
575086
575117
575142
575167
575441
575566
575587
575642
575692
575892
575990
576164
576259
576311
576327
576338
576382
576472
576676
576795
576902
576928
577367
577453
577661
577733
577826
578124
578126
578289
578302
578309
578354
578381
578383
578580
578583
578810
579004
579081
579114
579176
579182
579234
579237
579454
579490
579504
579617
579673
579730
579732
579772
579944
580027
580094
580099
580462
580478
580527
580541
580548
580576
580842
580912
581005
581042
581064
581070
581206
581281
581291
581677
581832
581866
581888
581916
581957
582032
582392
582418
582625
582689
582699
582718
583055
583174
583186
583277
583637
583639
583653
583773
583871
583878
584017
584043
584104
584249
584278
584324
584346
584390
584455
584490
584520
584637
584638
584918
585066
585243
585379
585427
585467
585487
585785
585834
586145
586367
586368
586430
586608
586642
586741
587250
587394
587415
587427
587593
587600
587882
587956
588086
588117
588162
588362
588441
588942
589116
589545
589567
589642
589737
589741
589837
589932
589960
590057
590113
590132
590141
590172
590296
590310
590553
590739
590801
590809
590958
590983
591031
591100
591203
591721
591840
591889
591961
591975
591984
592002
592093
592144
592207
592325
592334
592413
592622
592645
592899
593052
593110
593132
593169
593303
593436
593469
593497
593558
593653
593990
593998
594105
594119
594148
594154
594170
594275
594325
594385
594514
594519
595007
595220
595635
595683
595794
595890
595927
595938
595947
596398
596549
596551
596673
596683
596699
596855
597086
597165
597176
597243
597395
597527
597639
597844
597950
597975
598006
598197
598328
598353
598364
598581
598584
598669
598749
598789
598869
598931
598946
599049
599116
599540
599602
599822
599832
599833
600064
600382
600394
600550
600563
600566
600627
600677
600737
600752
600805
601233
601276
601800
601923
602053
602129
602255
602336
602429
602497
602693
602872
603002
603204
603441
603525
603597
603736
603831
603834
604052
604074
604083
604126
604177
604301
604492
604545
604563
604572
604652
604767
604810
605017
605104
605155
605266
605385
605386
605465
605473
605518
605539
605644
605648
605881
605896
605924
605955
605997
606316
606345
606397
606728
606809
606866
606957
606991
607221
607363
607385
607419
607491
607549
607669
607878
608081
608132
608157
608195
608231
608291
608588
608596
608607
608653
608692
608985
609014
609078
609125
609130
609253
609329
609379
609444
609518
609559
609826
609875
609876
609916
610085
610222
610422
610511
610512
610592
610629
610650
610686
610808
610838
610909
611008
611126
611226
611232
611462
611876
612013
612283
612297
612370
612407
612776
612842
613094
613133
613172
613315
613587
613646
613660
613966
614104
614159
614195
614252
614262
614373
614454
614572
614652
614653
614792
614840
615050
615148
615281
615309
615489
615551
615642
615690
615867
615982
615985
616074
616273
616516
616523
616582
616677
616712
616720
616776
616814
616858
616886
616913
617011
617033
617054
617114
617126
617252
617319
617484
617576
617621
617646
617697
617842
617848
617989
618019
618062
618093
618121
618186
618452
618528
618554
618629
618749
618805
619014
619052
619192
619233
619328
619583
619595
619613
619656
619844
619846
619939
619953
619964
620000
620007
620072
620076
620448
620644
620703
620945
621105
621148
621307
621364
621584
621618
621853
621867
622443
622680
622769
623021
623076
623077
623105
623192
623204
623261
623370
623402
623424
623454
623519
623529
623727
623761
623855
623871
623945
624175
624188
624195
624224
624244
624317
624344
624444
624505
624506
624588
624598
624609
624623
624737
624783
624787
624808
624929
625018
625088
625228
625521
625526
625574
625598
625766
625934
625996
626075
626292
626525
626537
626673
626702
626817
626906
626948
626958
627030
627141
627243
627513
627719
627727
627747
628042
628082
628182
628220
628229
628243
628274
628328
628413
628415
628476
628499
628630
628812
628818
628819
629115
629116
629145
629176
629258
629458
629488
629621
629731
629928
629971
630034
630355
630396
630607
630641
630750
630762
630769
630791
630798
630985
631089
631249
631262
631315
631569
631631
631659
631761
631809
631950
632056
632138
632151
632167
632216
632339
632624
632744
632832
633146
633224
633279
633288
633412
633502
633743
633804
633998
634038
634084
634138
634198
634389
634403
634436
634795
634964
635017
635116
635124
635152
635228
635275
635343
635391
635435
635472
635641
635644
635752
635833
636196
636253
636402
636791
636824
636894
637008
637058
637134
637186
637236
637332
637407
637429
637554
637581
637593
637684
638018
638146
638232
638535
638568
638577
638587
638711
638862
638927
638988
639318
639354
639433
639656
639698
639769
639839
639928
640080
640088
640134
640181
640261
640371
640593
640790
640975
641248
641355
641441
641480
641549
641872
642206
642303
642361
642378
642432
642468
642522
642543
642670
642775
642819
642898
642923
643003
643089
643161
643281
643485
643646
643656
643714
643781
644016
644050
644398
644403
644558
644568
644631
644672
644853
645093
645182
645200
645271
645337
645465
645720
645844
645880
646071
646194
646255
646305
646360
646429
646494
646575
646619
646675
646692
646769
646821
646834
646836
646868
646979
647000
647183
647234
647461
647475
647499
647569
647617
647943
648335
648381
648407
648422
648427
648523
648588
648596
648750
648820
648823
649083
649239
649253
649256
649429
649498
649531
649535
649581
649582
649611
649644
649666
649720
649750
650059
650085
650419
650440
650547
650613
650623
650690
650858
651019
651075
651178
651618
651679
651680
652128
652208
652236
652256
652293
652327
652449
652555
652579
652902
653058
653197
653220
653305
653310
653806
653902
653968
654029
654210
654244
654306
654466
654488
654535
654540
654657
654954
655102
655123
655135
655253
655326
655570
655607
655639
655784
655835
655853
655947
656056
656159
656762
656769
656800
656840
657038
657246
657263
657290
657453
657666
658041
658111
658204
658399
658481
658502
658574
658577
658632
658734
658910
658989
658995
659016
659226
659253
659498
659520
659616
659658
659767
659837
659839
659975
660028
660074
660109
660407
660529
660825
660837
660896
661131
661135
661330
661416
661551
661575
661580
661583
661801
662058
662126
662199
662285
662569
662654
662735
662972
663012
663115
663150
663177
663216
663232
663240
663325
663516
663563
663592
663831
663899
663927
664008
664100
664159
664176
664371
664537
664576
664594
664743
664810
664811
665090
665215
665245
665491
665497
665527
665532
665680
666058
666186
666205
666265
666316
666358
666516
666890
666917
667227
667335
667401
667442
667543
667559
667614
667826
667995
667997
668170
668226
668278
668488
668543
668755
668786
668837
668885
668910
668953
669048
669197
669512
669655
669735
669985
669991
670200
670401
670437
670601
670729
670769
670811
670927
671176
671189
671223
671234
671471
671478
671514
671640
671678
671708
671871
671886
671967
672033
672153
672378
672478
672527
672679
672715
672900
672913
672960
672997
673009
673018
673042
673278
673321
673358
673384
673437
673491
673544
673578
673596
673777
673783
673789
673942
674309
674458
674485
674503
674520
674555
674620
674862
674906
675135
675505
675521
675539
675617
675732
675749
676079
676081
676180
676226
676272
676341
676348
676405
676566
676638
676696
676734
676940
677079
677165
677220
677251
677254
677272
677403
677432
677559
677628
677740
677767
677876
678465
678764
678845
678894
678923
678979
678991
679018
679107
679228
679238
679302
679321
679390
679457
679557
679578
679704
679824
679911
679938
679977
680253
680269
680506
680532
680541
680704
680753
680869
680873
680894
681135
681425
681657
681678
681722
681744
681778
681814
681867
682078
682186
682238
682266
682315
682324
682407
682531
682632
682645
682677
682754
683098
683170
683308
683478
683480
683528
683594
684037
684219
684247
684258
684454
684561
684722
684886
685094
685107
685264
685501
685628
685659
685691
685727
685892
686169
686477
686836
686861
686964
686989
687440
687524
687680
688305
688315
688368
688453
688697
688733
688774
688781
689060
689068
689219
689436
689744
689769
689906
689942
690140
690419
690503
690523
690614
690653
690677
690792
690892
691027
691084
691497
691616
691660
691708
691778
691833
691951
692013
692070
692213
692346
692437
692470
692713
692845
692873
693086
693095
693183
693252
693392
693984
694013
694067
694101
694113
694349
694395
694465
694544
694687
694766
695016
695063
695166
695493
695548
695624
695663
695729
696049
696252
696287
696422
696580
696593
696794
696839
696847
697041
697102
697126
697194
697358
697560
697698
698003
698010
698101
698197
698247
698407
698452
698479
698621
698695
698730
698842
698977
699096
699241
699267
699291
699292
699327
699462
699495
699507
699562
699639
699643
699722
699819
699861
699953
700201
700256
700275
700502
700607
700682
700748
700797
700813
700848
700887
700894
700927
701087
701111
701143
701407
701437
701508
701781
701984
702037
702055
702135
702219
702381
702436
702617
702623
702691
702711
702782
702911
703110
703124
703317
703335
703526
703528
703566
703618
703706
703707
703791
704056
704094
704115
704208
704351
704737
704804
704924
705004
705050
705094
705139
705264
705271
705405
705636
705671
705910
705962
706084
706098
706194
706225
706311
706422
706487
706603
706634
706649
706653
706923
707152
707153
707274
707377
707513
707520
707585
707630
707824
707959
707969
707983
708025
708102
708118
708279
708357
708382
708466
708561
708970
709179
709182
709253
709317
709374
709600
709623
709724
709767
709795
709842
710033
710117
710219
710235
710373
710493
710674
710764
710932
711107
711117
711201
711309
711459
711909
711910
712086
712163
712197
712631
712737
712776
712794
712881
713255
713352
713384
713430
713783
713816
714047
714105
714152
714284
714337
714375
714424
714478
714533
714550
714660
714912
715044
715291
715631
715718
715819
715857
716366
716403
716483
716548
716637
716672
716800
716837
717102
717239
717270
717298
717476
717568
717659
717739
717798
718199
718263
718273
718348
718435
718476
718502
718679
718826
718835
718869
718958
719281
719289
719317
719574
719721
719751
719786
719801
719974
720252
720430
720641
720680
720683
720916
721017
721023
721073
721296
721391
721436
721510
721625
721657
721708
721801
721888
721899
721982
722000
722026
722172
722285
722353
722413
722513
722678
723004
723068
723214
723223
723327
723337
723348
723601
723621
723901
723980
724338
724361
724478
724482
724488
724573
724671
724811
724818
724984
725017
725072
725150
725235
725253
725403
725419
725430
725649
725808
725823
725854
725951
726664
727027
727196
727207
727249
727428
727606
727610
727683
727975
727979
728065
728410
728495
728496
728662
728730
728910
729167
729265
729375
729404
729503
729508
729519
729609
729618
729687
729766
729928
729997
730101
730177
730217
730231
730348
730352
730500
730505
730541
730682
730845
731032
731182
731201
731533
731635
731886
731911
731933
731995
732025
732110
732152
732160
732674
732684
732685
732816
732952
732969
733114
733163
733292
733412
733496
733606
733651
733690
733706
733926
734067
734162
734264
734492
734587
734590
735045
735060
735081
735095
735156
735244
735274
735351
735557
735897
736057
736084
736333
736344
736402
736414
736483
736763
736894
736962
736969
737061
737349
737410
737517
737546
737612
737717
737718
737750
737770
737774
737906
737913
737937
738197
738410
738773
738878
739008
739109
739171
739237
739239
739294
739371
739413
739415
739416
739885
739892
739925
739993
740073
740085
740177
740219
740275
740288
740536
740666
740693
740763
740908
740978
740990
740995
741007
741045
741364
741381
741384
741396
741426
741466
741488
741543
741864
742143
742181
742183
742212
742302
742414
742436
742546
742697
742711
742714
742719
742760
742789
742816
742894
742966
743053
743276
743284
743323
743481
743530
743634
743835
744253
744309
744474
744594
744609
744619
744859
745046
745170
745203
745232
745282
745834
746021
746100
746110
746186
746334
746348
746378
746488
746532
746755
746828
746914
746972
747007
747166
747171
747178
747238
747403
747451
747494
747541
747670
747725
747764
747826
748050
748265
748338
748363
748404
748469
748674
748808
748942
749015
749096
749139
749215
749231
749298
749343
749362
749552
749609
749629
749677
749696
749830
749831
749875
749969
750127
750326
750467
750502
750562
750564
750572
750573
750868
750887
751015
751091
751197
751441
751528
752055
752135
752240
752332
752527
752587
752596
752598
752634
752669
752682
752936
752944
752971
752977
752999
753183
753227
753364
753591
753594
753708
753729
753889
753938
753943
753945
753973
753978
754151
754219
754224
754530
754665
754674
754801
754904
755130
755487
755630
755680
755868
756063
756128
756414
756434
756460
756553
756569
756862
756953
757139
757203
757224
757518
757583
757631
757734
757846
757859
757882
758014
758031
758059
758156
758216
758252
758317
758598
758665
758674
758691
758770
758788
758857
758869
759089
759209
759226
759316
759328
759340
759657
759661
759734
759750
759836
759951
759987
760087
760323
760483
760554
760594
760609
760628
760691
760846
760938
760961
760962
761036
761038
761091
761092
761129
761153
761178
761277
761296
761302
761619
761873
761913
761930
761986
762101
762186
762216
762330
762336
762554
762619
762664
762749
762771
762778
762868
763091
763188
763243
763423
763508
763707
763748
763777
763932
763935
763947
764009
764046
764563
764614
765015
765162
765263
765311
765420
765684
765688
765706
765720
765729
765730
765768
765860
765883
765921
765927
765936
766224
766231
766337
766372
766553
766624
766795
766819
766830
766883
766937
767108
767205
767268
767372
767522
767539
767554
767834
767858
767881
767946
768081
768084
768101
768108
768561
768632
768780
768863
768880
768987
769050
769091
769204
769572
769885
770203
770276
770339
770471
770532
770569
770646
770718
770735
770850
770857
770933
770936
771282
771329
771389
771513
771516
771568
771587
771669
771787
771867
772031
772065
772257
772294
772425
772481
772591
772685
772801
772831
773105
773176
773380
773504
773616
773854
773895
774045
774339
774382
774500
774666
774921
775093
775156
775355
775447
775531
775580
775674
775782
775839
775840
775844
775880
775928
775974
775998
776024
776152
776227
776352
776986
777143
777260
777286
777458
777641
777666
777676
777678
777836
778272
778289
778438
778611
778682
778715
778978
779250
779289
779311
779390
779409
779434
779791
779931
780042
780527
780591
780614
780661
780744
780907
780919
781183
781242
781257
781365
781393
781426
781461
781501
781644
781843
781846
781858
781941
782295
782316
782405
782413
782489
782575
782602
782662
782840
782857
782875
783084
783104
783142
783257
783405
783411
783569
783674
783681
783697
783878
784015
784610
784661
784684
784768
784784
785122
785285
785341
785396
785443
785478
785659
785885
785959
785998
786044
786252
786636
786746
786813
786826
787022
787097
787119
787155
787207
787449
787490
787571
787773
787817
787953
787994
788572
788690
788882
789028
789108
789651
789676
789762
789958
790031
790379
790663
790765
790852
790953
790988
791008
791094
791323
791458
791484
791533
791621
791696
791714
791737
791880
792112
792123
792134
792198
792328
792407
792492
792577
792781
792859
793020
793149
793178
793269
793288
793333
793340
793525
793739
793764
793930
794143
794209
794268
794315
794535
794610
794640
794820
795105
795165
795208
795239
795547
795562
795575
795671
795690
795764
796108
796405
796421
796553
796811
796884
796892
796930
796938
796940
797029
797056
797077
797182
797244
797378
797602
797877
797903
797968
798057
798357
798362
798441
798459
798528
798863
798865
798964
799016
799139
799155
799218
799227
799665
799716
799777
800085
800371
800390
800401
800697
800862
800871
801084
801226
801265
801341
801448
801523
801557
801577
801876
802026
802192
802239
802351
802382
802414
802454
802508
802631
802710
802859
802914
802922
802926
802930
803039
803115
803161
803380
803732
803822
803850
803863
803915
803921
803945
804024
804173
804200
804212
804231
804704
804747
804947
805050
805109
805292
805296
805399
805407
805572
805667
805793
805886
805943
806002
806130
806177
806213
806326
806594
806662
806672
806887
806920
807003
807073
807095
807115
807240
807385
807539
807860
808007
808034
808047
808215
808284
808394
808408
808482
808484
808572
808601
808701
808716
809150
809393
809669
809698
809704
809731
809767
809922
810018
810105
810126
810139
810150
810223
810508
810550
810562
810635
810842
811004
811100
811199
811284
811314
811337
811403
811657
811725
811830
811966
811974
812068
812371
812654
812691
812804
812846
812869
812873
813033
813068
813082
813095
813121
813127
813298
813310
813511
813518
813675
813800
814020
814129
814139
814343
814378
814410
814460
814689
814748
814783
814885
814902
814977
815085
815113
815158
815184
815333
815866
815873
816322
816400
816405
816582
816598
816760
816769
816787
816904
816919
817080
817090
817233
817240
817511
817594
817745
817775
817799
818018
818129
818337
818546
818579
818586
818721
818776
818843
818884
818889
818899
818946
818985
819232
819439
819502
819512
819660
819663
819679
819754
819936
820098
820268
820403
820468
820473
820478
820505
820645
820812
821077
821302
821463
821482
821549
821604
821619
821754
821825
822329
822532
822645
822658
822838
822912
822992
823035
823108
823223
823344
823438
823551
823571
823714
823860
823896
824016
824086
824245
824376
824564
824847
824930
825000
825148
825219
825327
825378
825380
825515
825801
825854
825934
825947
825954
826243
826285
826407
826412
826668
826860
826868
826910
827250
827275
827278
827382
827636
827850
827921
827925
828295
828476
828632
828690
828779
828879
828941
829030
829168
829679
829855
829896
829933
829992
829999
830199
830213
830224
830653
830850
831287
831327
831328
831602
831788
831802
831922
832005
832107
832155
832356
832422
832460
832514
832556
832677
832725
832857
833060
833140
833170
833584
833596
833618
833696
833935
833968
833994
834002
834404
834525
834526
834549
834553
834644
834758
835011
835316
835415
835617
835721
835817
836131
836173
836256
836342
836378
836423
836546
836812
836921
837009
837087
837104
837172
837261
837375
837493
837515
837551
837651
837742
837746
837899
837958
838019
838114
838181
838193
838434
838466
838473
838525
838875
838896
838962
839113
839165
839278
839458
839528
839590
839841
840074
840149
840160
840251
840268
840347
840354
840469
840588
840805
840859
840891
840925
840937
841039
841320
841385
841587
841589
841611
841646
841729
841816
841861
842172
842202
842222
842382
842687
842747
842768
842850
842935
842938
842947
842969
842973
843006
843120
843222
843382
843515
843523
843739
843790
843955
843958
844023
844133
844140
844203
844314
844365
844486
844490
844498
844558
844562
844660
844719
844768
844772
845110
845129
845198
845267
845270
845355
845437
845438
845454
845475
845541
845714
845809
845861
846017
846033
846125
846145
846177
846230
846365
846377
846463
846641
846786
846822
846943
846983
847059
847138
847336
847340
847624
847680
847789
847840
848069
848081
848105
848142
848167
848525
848650
848937
848965
848969
849132
849177
849191
849217
849258
849527
849536
849611
849728
849815
850158
850191
850250
850469
850506
850611
850756
850951
851138
851207
851219
851262
851745
851807
851920
851953
852003
852044
852208
852258
852297
852465
852561
852701
852711
852790
852811
852949
852954
852996
852998
853248
853344
853522
853552
853950
853973
854122
854224
854508
854583
854593
854659
854805
854814
854823
855216
855448
855476
855891
855905
856046
856083
856391
856637
856726
856799
856928
857048
857049
857058
857167
857192
857232
857385
857553
857580
857698
857711
857716
857736
857790
857899
858037
858364
858435
858484
858493
858522
858527
858577
858710
858745
858849
858900
858922
859071
859190
859306
859485
859580
859674
859680
859809
859868
860004
860012
860149
860154
860240
860371
860374
860428
860666
860707
860759
861021
861180
861209
861336
861385
861449
861497
861556
861597
861745
861798
861803
861815
862002
862020
862272
862569
862635
862704
862789
862929
862941
863062
863096
863126
863192
863427
863475
863525
863801
864030
864071
864341
864680
864907
864975
865108
865151
865158
865189
865216
865249
865269
865342
865411
865432
865441
865487
865495
865524
865932
866090
866132
866146
866167
866181
866240
866247
866346
866453
866469
866674
866750
866857
867359
867504
867517
867848
867994
868003
868075
868150
868206
868221
868282
868560
868654
868690
868766
868875
868976
869101
869229
869496
869576
869627
869634
869678
869949
870179
870557
870575
870576
870702
870762
871009
871071
871082
871497
871805
871929
871991
872001
872009
872021
872077
872129
872176
872308
872332
872444
872506
872513
872558
872650
872768
872859
873025
873194
873216
873335
873497
873555
873572
873611
873619
873633
873725
873756
874226
874268
874329
874394
874995
875266
875290
875442
875703
875985
876077
876167
876229
876353
876354
876373
876583
876661
876740
876782
876795
876914
876954
877198
877263
877294
877378
877691
877938
878061
878649
879024
879178
879648
879689
879792
879854
879973
880001
880071
880158
880237
880267
880707
880716
880736
880798
880857
880908
881044
881084
881140
881589
881608
881627
881633
881658
881689
881775
882192
882468
882540
882829
882884
883263
883284
883425
883569
883611
883642
883714
883767
883785
883932
884076
884239
884254
884270
884297
884310
884325
884349
885036
885039
885129
885205
885234
885239
885374
885544
885698
885751
885763
885932
886130
886169
886243
886369
886371
886570
886582
886705
886748
886805
886830
886865
887047
887114
887152
887170
887233
887277
887398
887487
887500
887701
887823
887825
887840
887915
887970
888093
888105
888135
888371
888394
888412
888545
888591
888922
888932
889012
889013
889114
889165
889383
889500
889619
889635
890000
890005
890039
890105
890106
890126
890249
890309
890348
890444
890471
890481
890519
890530
890619
890733
890787
890837
890887
890972
891092
891870
891985
892008
892045
892299
892309
892320
892411
892566
892598
892599
892784
892944
893056
893163
893183
893221
893295
893457
893769
893873
893921
893947
894027
894337
894371
894631
894661
894725
894757
894821
894825
894846
894866
894944
894964
895332
895578
895637
895654
895920
895924
895940
895944
896032
896141
896155
896250
896267
896302
896571
896694
897085
897149
897153
897158
897330
897358
897378
897414
897432
897500
897817
897891
898028
898239
898312
898379
898619
898712
898770
898845
898867
899024
899105
899218
899392
899585
899869
899971
900045
900112
900689
900801
901220
901310
901462
901522
901569
901597
901644
901794
902304
902365
902367
902443
902488
902518
902558
902604
902647
902824
902846
902999
903062
903151
903204
903266
903360
903476
903814
903876
903883
903893
903918
904214
904677
904804
904861
905145
905162
905171
905337
905431
905537
905594
905646
905677
905755
905849
905930
906221
906444
906452
906573
906602
906852
906869
906888
906913
907000
907437
907662
907680
907837
907877
907955
908004
908054
908268
908277
908331
908502
908554
908736
908744
908999
909084
909140
909591
909661
909836
909981
909996
910015
910052
910070
910252
910457
910458
910566
910589
910671
910805
910865
910929
911114
911145
911248
911340
911500
911501
911533
911572
911599
911835
911877
912182
912331
912550
912696
912722
912817
912933
913004
913017
913098
913132
913190
913198
913262
913336
913341
913412
913574
913578
913763
914012
914084
914208
914287
914317
914422
914463
914474
914539
914626
914864
915016
915246
915278
915499
915841
915844
915866
915874
916005
916071
916123
916416
916461
916567
916617
916633
916744
916953
917008
917263
917317
917370
917371
917407
917515
917524
917526
917700
917716
918105
918170
918218
918321
918329
918338
918680
919073
919186
919334
919419
919426
919474
919491
919818
919996
920031
920178
920281
920295
920403
920470
920643
920655
920993
921037
921093
921112
921255
921309
921447
921658
921793
921795
921888
922071
922229
922235
922307
922423
922455
922471
922558
922670
922793
922933
923043
923062
923099
923118
923131
923237
923447
923486
923642
923644
923668
923922
924052
924195
924226
924349
924487
924708
924929
924943
925025
925170
925185
925256
925310
925431
925644
925694
925711
925915
925938
926149
926219
926688
926711
926783
926859
926879
926931
926949
926974
926976
927018
927274
927378
927385
927451
927484
927532
927538
927549
927555
927753
927760
927761
927803
928195
928212
928666
928842
929226
929550
929564
929639
929654
929711
929758
929822
929934
929938
930104
930149
930386
930403
930466
930558
930775
931077
931143
931326
931423
931709
931722
931934
931942
931952
931958
932160
932248
932427
932696
932976
933208
933390
933409
933537
933580
933907
933942
933978
934018
934173
934176
934231
934396
934465
934478
934613
934737
934949
935221
935289
935641
935828
936246
936465
936499
936514
936576
936632
936688
936780
936866
937082
937124
937156
937186
937398
937457
937534
937570
937689
938193
938378
938474
938578
938809
938810
938901
938972
939053
939088
939127
939160
939258
939279
939291
939369
939561
939660
939890
939917
940003
940019
940500
940511
940594
940610
940854
940901
941040
941266
941289
941304
941384
941398
941562
941591
941599
941685
941741
941830
941876
942028
942029
942238
942513
942648
942719
942944
942949
942959
942986
943032
943155
943455
943464
943501
943839
943905
943966
944106
944157
944453
944472
944531
944596
944633
944706
944744
944791
944857
944871
945405
945448
945561
945622
945761
945769
945892
945927
945956
946052
946147
946209
946223
946301
946364
946416
946473
946555
946780
946863
946916
946917
947066
947194
947210
947258
947356
947432
947558
947655
947750
947990
948005
948073
948103
948211
948408
948434
948661
948673
948875
948877
949048
949267
949328
949345
949474
949539
949567
949612
949630
949645
949692
949709
949790
949808
950374
950446
950544
950744
950816
950830
950896
951014
951254
951263
951318
951336
951368
951405
951555
951644
951720
951792
951872
952033
952186
952300
952312
952407
952508
953012
953612
953668
953806
953965
954031
954167
954392
954402
954409
954448
954501
954578
954796
954868
954888
954902
954982
955116
955454
955494
955502
955515
955614
955714
955954
955983
956081
956154
956270
956558
956607
956641
956728
956806
957013
957481
957651
957728
957742
957751
957822
957958
957985
958255
958262
958283
958405
958630
958640
958709
958843
958941
959069
959100
959224
959268
959322
959326
959388
959400
959416
959734
959781
959814
959901
960112
960152
960184
960357
960363
960597
960632
960654
960812
960998
961143
961232
961878
961890
962012
962027
962186
962237
962294
962612
962650
962839
962929
963226
963280
963294
963602
963731
963767
963782
963849
963877
964035
964076
964100
964269
964327
964544
964660
964692
964812
964822
964879
965073
965122
965272
965531
965587
965676
965747
965796
965973
966106
966161
966242
966427
966430
966441
966496
966574
966619
966695
966907
967040
967057
967062
967217
967262
967318
967423
967559
967861
967909
967990
968173
968187
968307
968343
968348
968484
968640
968690
968740
968764
968811
968896
969132
969138
969242
969264
969299
969352
969523
969541
969734
969942
969989
970082
970174
970325
970435
970578
970615
970627
970925
971120
971205
971259
971421
971530
971613
971739
971778
971961
972006
972016
972038
972334
972437
972467
972547
972737
972848
972863
972973
973081
973104
973250
973329
973585
973651
973660
973835
973838
973911
974022
974048
974184
974201
974275
974341
974400
974582
974603
974685
974753
974762
975042
975057
975212
975313
975323
975341
975429
975434
975505
975529
975710
975737
975748
975858
975888
975937
975944
975956
975962
976081
976089
976256
976355
976573
976604
976618
976954
977096
977223
977259
977262
977488
977529
977641
977709
977751
977916
977942
977980
978038
978479
978504
978524
978766
978814
978900
978901
978907
978987
979049
979060
979204
979348
979521
979553
979766
979774
979777
979875
979885
979921
980023
980027
980126
980142
980307
980310
980317
980371
980689
980717
980785
980835
980902
980907
980939
981086
981091
981266
981496
981511
981524
981592
981946
981950
982101
982109
982147
982178
982423
982471
982769
982819
982885
983022
983035
983191
983375
983391
983576
983922
983968
984067
984078
984152
984170
984260
984373
984537
984688
984701
984764
984870
984922
984949
984963
985029
985071
985370
985564
985574
985641
985683
985826
986220
986392
986439
986509
986556
986680
986783
986851
986935
987079
987131
987577
987620
987670
987697
987721
987755
987896
987958
988020
988069
988070
988398
988548
988959
989013
989444
989560
989685
989720
989727
989907
989982
990115
990120
990192
990194
990208
990238
990316
990351
990553
990981
991040
991158
991180
991181
991191
991221
991334
991365
991382
991556
991582
991648
991660
991807
991849
991865
991889
992013
992162
992208
992328
992719
992721
992783
992871
992884
992933
992939
992947
992970
993132
993205
993210
993278
993451
993549
993559
993580
993689
993963
993990
994085
994385
994401
994591
994597
994604
994892
994977
995074
995141
995212
995322
995404
995554
995614
995873
996016
996320
996547
996668
996699
997073
997116
997249
997284
997291
997365
997470
997529
997943
997959
998063
998066
998288
998380
998443
998502
998569
998680
998783
998892
998994
999023
999055
999059
999070
999167
999235
999270
999417
999591
999713
