37
293
450
565
712
863
974
1098
1100
1267
1346
1352
1531
1564
1582
1738
1760
1791
1829
1911
1928
1949
1951
1966
2069
2123
2212
2750
2795
2842
2883
2958
3129
3215
3436
3492
3683
3741
3816
3833
3886
3908
3965
3999
4057
4103
4496
4623
4870
5072
5250
5293
5347
5432
5658
5703
5857
5887
5985
6017
6280
6287
6378
6382
6421
6562
6653
6759
6792
6822
6831
6972
6985
7122
7184
7260
7718
7751
7813
7996
8226
8296
8393
8779
9248
9261
9358
9414
9416
9476
9631
9716
9750
9751
9823
9884
10042
10070
10189
10227
10406
10877
11013
11085
11211
11213
11244
11263
11395
11451
11482
11704
11761
11808
11839
11898
12408
12453
12540
13059
13135
13166
13202
13250
13390
13475
13513
13585
13645
13743
13817
13862
13896
13953
14046
14117
14127
14315
14379
14582
14647
14713
14928
14938
14975
15265
15341
15359
15410
15412
15498
15590
15608
15770
15868
15905
16192
16375
16452
16607
16620
16739
16867
17026
17093
17317
17355
17381
17392
17514
17521
17535
17740
17832
17929
18033
18065
18131
18149
18206
18280
18451
18560
18658
18942
18988
19226
19273
19356
19654
19695
19725
19737
19808
19844
19868
19890
20068
20251
20340
20354
20375
20394
20556
20594
20933
20977
21019
21113
21194
21387
21473
21640
21782
21830
21900
21985
22086
22109
22144
22226
22348
22496
22694
22773
22812
22891
22971
22998
23037
23070
23325
23353
23438
23464
23530
23565
23589
23741
23948
23983
24111
24441
24763
24817
24855
25071
25137
25306
25359
25363
25399
25438
25507
25628
25735
25756
25802
25817
25913
25942
26015
26037
26064
26067
26195
26215
26267
26319
26352
26391
26468
26612
26751
26777
27100
27233
27294
27347
27420
27492
27550
27576
27672
27765
27804
27923
28380
28570
28679
28697
28747
29222
29543
29682
29810
29969
29983
29994
30067
30077
30110
30229
30290
30335
30591
30643
30645
30693
30848
30947
30980
30994
31232
31295
31498
31591
31639
31977
32002
32038
32095
32097
32133
32138
32244
32331
32384
32502
32607
32799
32929
32959
33010
33232
33424
33583
33771
33941
34056
34066
34141
34151
34303
34798
34811
34820
34868
34933
35088
35162
35194
35223
35225
35236
35317
35436
35505
35543
35757
35904
35953
35997
36015
36162
36256
36525
36533
36583
36632
36666
36752
36768
36891
36911
36943
36986
37058
37142
37213
37214
37216
37242
37376
37591
37613
37724
37746
37893
37944
38073
38087
38378
38537
38674
38697
38856
39037
39060
39265
39307
39419
39513
39563
39816
40008
40063
40102
40190
40212
40230
40235
40301
40437
40489
40628
40649
40709
40746
40853
40950
41047
41134
41318
41484
41533
41654
41693
41950
42033
42158
42298
42395
42499
42515
42658
42845
42847
42942
42983
43124
43229
43417
43437
43529
43667
43785
43811
43816
43969
44197
44556
44593
44647
44694
44878
45176
45224
45302
45316
45407
45481
45590
45864
45922
46198
46200
46248
46530
46571
46730
46799
46840
46921
46940
47279
47294
47313
47369
47384
47461
47688
47749
47858
47942
47956
48156
48166
48198
48249
48264
48320
48328
48403
48611
48627
48649
48782
49026
49251
49360
49480
49540
49746
49791
49859
50085
50172
50242
50273
50335
50604
50720
50838
50898
51160
51177
51258
51294
51316
51365
51573
51648
51830
51915
51916
52083
52102
52159
52222
52298
52621
52764
52864
53080
53333
53537
53549
53634
54189
54417
54452
54505
54549
54563
54730
54857
54952
55007
55085
55294
55443
55464
55494
55527
55686
55726
55890
55984
56058
56129
56176
56241
56537
56605
56616
56757
56889
56907
56926
56935
57058
57116
57171
57222
57300
57334
57454
57460
57576
57647
57684
57798
57900
57935
57951
58081
58201
58295
58473
58484
58642
58671
58775
58861
59006
59040
59415
59555
59635
59644
59780
59787
59798
59875
60013
60073
60086
60195
60211
60387
60456
60473
60491
60559
60776
60784
60840
60953
61105
61230
61277
61344
61619
61646
61760
61808
61839
61844
61878
61962
61987
62012
62141
62150
62539
62581
62584
62612
62653
62765
62865
62903
62913
63074
63148
63173
63316
63333
63455
63587
63609
64101
64155
64317
64532
64575
64769
64834
65036
65117
65129
65163
65164
65504
65588
65778
65957
66083
66101
66328
66624
66667
66743
66767
66799
66862
66960
67026
67065
67143
67159
67306
67387
67882
68164
68602
68641
68712
69049
69146
69149
69234
69444
69554
69608
69705
69764
69893
69912
69915
69927
70155
70158
70207
70337
70340
70513
70559
70678
70832
70834
70950
71023
71058
71080
71477
71561
71573
71576
71646
71761
71765
71778
71871
71987
72029
72310
72340
72349
72423
72477
72689
72734
73028
73044
73068
73095
73268
73485
73542
73550
73751
73801
74155
74206
74355
74359
74454
74471
74585
74880
74888
74891
75047
75117
75195
75216
75437
75485
75683
75730
75752
75991
76041
76099
76150
76159
76326
76421
76569
76592
76629
76706
76779
76801
76854
77070
77134
77302
77317
77413
77447
77489
77530
77672
77800
77841
77856
77867
78037
78267
78334
78486
78594
78817
78828
78836
78845
78848
78910
78955
79071
79313
79473
79582
79717
79731
79832
80008
80248
80435
80573
80631
80656
80741
80791
80842
81181
81221
81240
81272
81437
81479
81482
81567
81611
81883
81933
81974
82070
82150
82279
82320
82400
82450
82656
82660
82682
82782
83217
83241
83325
83481
83547
83624
83670
83672
83784
84179
84200
84320
84613
84862
84993
85014
85120
85172
85291
85317
85371
85401
85495
85505
85546
85555
85647
85696
85725
85913
86180
86316
86423
86448
86479
86497
86587
86651
86752
86828
86870
86911
86953
87035
87047
87092
87211
87333
87700
87723
87839
88003
88191
88283
88297
88628
88637
88747
88890
89278
89528
89604
89776
89878
89926
89942
89999
90412
90438
90493
90532
90617
90756
91114
91173
91273
91510
91606
91893
92022
92273
92348
92519
92627
92757
92823
92835
92848
92963
92975
92985
93027
93098
93178
93388
93595
93645
93788
93839
93906
93922
93978
94159
94542
94552
94815
95020
95270
95273
95343
95356
95416
95712
95833
96111
96122
96159
96213
96289
96317
96318
96586
96779
96820
96868
97241
97259
97361
97473
97506
97585
97685
97765
97790
97826
97863
97951
97999
98051
98074
98075
98140
98151
98203
98303
98368
98468
98481
98686
98996
99055
99080
99164
99189
99225
99293
99328
99329
99431
99444
99541
99585
99605
99645
99697
99901
99928
100014
100092
100107
100142
100218
100250
100404
100450
100531
100685
100687
100694
100695
100786
100901
100956
101064
101160
101265
101271
101282
101291
101305
101590
101772
101812
101839
101891
102190
102255
102288
102377
102604
102648
102767
102911
102972
103036
103059
103177
103258
103283
103324
103531
103913
103925
104128
104137
104270
104282
104300
104321
104354
104394
104403
104452
104538
104584
104719
104737
104746
104799
104822
104824
104950
104962
104973
105068
105122
105135
105492
105656
105670
105798
105833
106047
106106
106178
106347
106378
106564
106637
106716
106794
106817
106922
107086
107120
107514
107562
107587
107715
107782
107824
107856
107926
108016
108163
108169
108231
108234
108407
108423
108523
108539
108541
108702
108709
108808
108937
109008
109182
109252
109395
109417
109475
109526
109614
109625
109646
109771
109870
110160
110212
110235
110308
110404
110844
110878
111034
111230
111250
111364
111405
111930
112076
112494
112578
112649
112654
112677
112717
112754
112763
112829
113021
113121
113140
113147
113319
113583
113635
113770
113788
114179
114391
114506
114609
114732
114777
114846
114918
115024
115074
115108
115120
115282
115840
115963
116106
116177
116220
116225
116262
116324
116563
116597
116628
116888
116955
117077
117150
117168
117481
117512
117590
117611
117689
117784
117916
118156
118257
118264
118414
118720
118744
118843
118926
119053
119224
119235
119274
119326
119416
119464
119488
119625
119734
119805
119861
119970
120109
120208
120254
120307
120443
120456
120527
120646
120750
120873
120960
121683
122075
122079
122173
122176
122196
122298
122306
122340
122557
122607
122656
122753
122779
122785
122798
122815
122886
122903
123216
123315
123341
123394
123468
123515
123576
123848
123855
123875
123884
123948
123968
124425
124510
124589
124622
124689
124786
124979
125109
125215
125248
125527
125596
125604
125748
125782
125790
125792
125867
125986
126227
126260
126278
126483
126485
126529
126566
126597
126615
126657
126687
126768
126801
126817
126890
127031
127101
127185
127282
127284
127319
127468
127487
127507
127803
128008
128012
128289
128706
128782
128841
128954
129005
129099
129130
129204
129303
129444
129455
129559
129658
129668
129708
129783
129848
129863
130076
130187
130612
130719
130829
130938
130986
131389
131417
131497
131702
131963
132020
132061
132078
132223
132328
132333
132727
132785
132903
133056
133099
133252
133317
133430
133441
133474
133502
133582
133718
133730
134029
134046
134362
134422
134455
134483
134873
135120
135127
135332
135429
135433
135728
135767
135827
135851
135858
135995
136056
136185
136193
136612
136736
136748
136758
137006
137027
137173
137463
137475
137537
137820
137901
137919
138022
138035
138087
138103
138135
138399
138457
138462
138463
138473
138591
138645
138664
138803
138914
139065
139202
139275
139397
139517
139587
139608
139735
139833
140025
140117
140192
140311
140313
140394
140401
140415
140517
140618
140711
140820
140926
141000
141115
141225
141266
141300
141372
141493
141724
141743
141808
141829
141856
141876
142154
142650
142773
142831
142843
142862
142907
142909
142928
143038
143157
143451
143452
143509
143647
143667
143730
143851
143876
143896
143924
143932
144251
144310
144340
144560
144576
144689
144772
144869
144959
145050
145085
145181
145184
145333
145371
145399
145501
145693
145868
145957
146077
146190
146266
146276
146286
146345
146411
146462
146597
146662
146998
147031
147066
147200
147313
147331
147355
147380
147684
147710
147857
147904
148121
148140
148166
148183
148302
148392
148452
148614
148703
148716
148727
148760
148861
148990
149047
149091
149094
149125
149131
149567
149745
149807
149808
149841
149865
149956
150406
150466
150580
150625
150712
150722
150894
150952
150967
151018
151078
151093
151199
151220
151234
151268
151426
151484
151526
151543
151564
151721
151877
152034
152165
152181
152293
152570
152579
152816
153055
153116
153192
153201
153392
153674
153732
153754
153917
153935
154164
154240
154252
154260
154274
154299
154302
154783
154890
155002
155035
155188
155362
155430
155485
155635
155720
155757
155950
156007
156039
156290
156425
156443
156475
156639
156671
156697
156789
156821
156830
156961
157176
157286
157390
157600
157601
157644
157647
157660
157665
157743
157971
158317
158396
158444
158586
158710
158730
158782
158948
158983
159141
159153
159175
159546
159547
159588
159665
159967
159973
160045
160160
160232
160240
160274
160421
160462
160870
161034
161270
161273
161369
161398
161446
161530
161556
161754
161885
161957
162053
162056
162085
162088
162174
162258
162440
162500
162521
162588
162617
162711
162844
163028
163110
163347
163354
163380
163785
163894
163934
163951
164103
164242
164304
164459
164466
164617
164677
164745
165156
165217
165252
165340
165420
165452
165453
165582
165992
166027
166085
166331
166489
166764
166814
167075
167113
167243
167288
167414
167461
167602
167647
167677
168009
168245
168296
168355
168358
168370
168679
168757
168870
169510
169534
169549
169626
169682
169754
169840
169922
169991
170025
170164
170177
170342
170453
170595
170597
170616
170891
170972
171105
171130
171261
171292
171378
171552
171592
171819
171829
171926
171971
172008
172095
172127
172159
172230
172257
172397
172429
172598
172716
172789
172872
172957
173294
173377
173441
173519
173909
173975
174180
174422
174472
174612
174646
174731
174756
174797
174819
175013
175098
175236
175286
175318
175542
175737
175791
175796
175825
176216
176260
176425
176454
176559
176582
176819
176878
176913
177054
177166
177188
177466
177565
177655
177667
177879
177906
177922
177928
177982
178047
178137
178250
178293
178346
178483
178486
178580
178728
178809
178826
179222
179284
179336
179431
179482
179630
179956
179967
180000
180166
180285
180298
180435
180620
180639
180899
180973
181097
181118
181300
181349
181385
181477
181511
181531
181671
181786
181816
181881
181895
181901
182115
182127
182339
182398
182423
182725
182737
182820
183224
183238
183398
183454
183495
183543
183581
183612
183886
184038
184040
184129
184267
184272
184421
184440
184542
184578
184611
184665
184712
184791
184853
184947
185028
185251
185279
185394
185435
185704
185815
186063
186126
186151
186195
186221
186470
186519
186572
186575
186697
186806
186807
186811
186847
186957
187029
187042
187120
187300
187418
187466
187848
187868
188094
188105
188205
188226
188259
188387
188712
188716
188817
188847
188948
188969
189172
189314
189398
189441
189724
190012
190137
190151
190283
190306
190314
190470
190488
190882
190958
191190
191274
191329
191342
191412
191437
191501
191837
192140
192264
192440
192442
192518
192528
192617
192668
192735
192837
192888
193101
193413
193439
193502
193563
193576
193743
193745
193759
193861
193908
193945
194291
194337
194377
194496
194689
194699
194717
194751
194762
194771
194907
194922
194930
194952
195045
195189
195210
195250
195399
195405
195553
195570
195638
195919
195940
195981
195988
196069
196245
196255
196269
196301
196313
196377
196403
196435
196446
196450
196456
196616
196777
196781
196795
196843
196872
197067
197076
197115
197170
197219
197326
197345
197393
197513
197532
197676
197694
197737
197962
198348
198442
198596
198836
198841
199132
199276
199287
199462
199521
199556
199581
199696
200027
200093
200259
200287
200641
200774
200798
200824
200874
201023
201176
201217
201322
201365
201439
201743
201784
201943
201973
202012
202561
202719
202784
202813
202902
203240
203266
203391
203571
203595
203694
203736
203778
203844
203957
204017
204064
204097
204238
204381
204427
204489
204704
204936
205037
205092
205118
205191
205196
205207
205231
205603
205605
205639
205645
205692
205944
206028
206056
206130
206520
206583
206790
206831
206996
207026
207067
207132
207223
207257
207305
207426
207479
207533
207615
207734
207766
207816
207924
207973
208337
208433
208547
208578
208615
208632
208664
208725
208987
208990
209353
209389
209476
209964
209998
210083
210246
210376
210465
210583
210778
210872
210936
211177
211289
211436
211452
211586
211646
211779
211849
211890
211920
212075
212140
212366
212570
212593
212705
212930
213008
213062
213104
213181
213206
213404
213444
213449
213797
213890
213938
214033
214047
214138
214185
214202
214413
214476
214486
214488
214534
214628
214665
214749
214812
214940
214972
215182
215194
215233
215303
215458
215471
215514
215532
215689
215715
216111
216155
216260
216284
216320
216493
216808
217016
217028
217040
217097
217208
217318
217376
217511
217569
217590
217595
217782
217899
217957
218168
218223
218229
218278
218400
218483
218591
218604
218704
218895
219125
219244
219390
219409
219543
219565
219749
219775
219896
219911
219998
220045
220108
220167
220190
220321
220340
220532
220606
220690
220888
220939
220967
221050
221252
221519
221579
221738
221771
221851
221960
222375
222384
222390
222480
222538
222701
222802
222865
223239
223321
223394
223524
223617
223743
223752
223968
224234
224264
224265
224291
224406
224446
224929
224959
224965
224995
225342
225372
225376
225492
225594
225703
225778
225809
225968
226110
226230
226269
226272
226290
226319
226394
226508
226819
227014
227049
227142
227303
227328
227341
227344
227349
227487
227525
227541
227703
227716
227834
228304
228315
228357
228486
228641
228880
229395
229453
229540
229593
229659
229839
230019
230034
230194
230199
230479
230540
230697
231093
231096
231269
231416
231439
231534
231547
231607
231936
231975
232010
232098
232169
232280
232416
232523
232544
232575
232584
232649
232657
232736
232870
232871
232890
232895
232939
232988
233013
233173
233295
233353
233482
233549
233578
233752
233759
233882
233952
234053
234316
234350
234514
234728
234865
234890
234899
235123
235307
235308
235562
235926
236364
236430
236445
236691
236765
236796
237146
237195
237206
237213
237227
237603
237610
237650
237777
237911
237931
237935
237947
238015
238039
238059
238065
238088
238208
238249
238267
238272
238456
238465
238960
239044
239092
239518
239767
239795
239856
239935
240398
240412
240605
240705
240722
240735
240901
240938
241168
241213
241246
241368
241396
241402
241437
241544
241551
241626
241748
241803
241882
242006
242016
242091
242422
242495
242588
242606
242629
242655
242833
242961
242967
242968
243085
243209
243534
243567
243728
243839
244048
244191
244231
244234
244361
244471
244591
244608
244648
244650
244711
244856
244909
244922
245023
245120
245252
245431
245646
245789
245987
246025
246079
246080
246121
246201
246236
246340
246452
246585
246608
246938
247352
247510
247582
247657
247707
247774
247807
247832
247944
247987
248338
248339
248369
248412
248457
248468
248473
248648
248657
248667
248728
248950
249012
249062
249123
249196
249206
249217
249247
249290
249374
249524
249530
249689
249787
249888
249910
249997
250226
250249
250256
250290
250423
250610
250638
251055
251098
251100
251162
251328
251416
251443
251649
251833
251904
251931
252056
252110
252204
252336
252341
252344
252384
252544
252641
252659
252696
252727
252781
252933
253170
253174
253216
253275
253298
253722
253775
253826
253931
253987
254058
254100
254105
254193
254241
254257
254326
254385
254477
254490
254560
254583
254599
254766
254842
255353
255487
255508
255541
255652
255683
255734
255948
256127
256460
256573
256682
256732
256927
256954
257142
257365
257411
257573
257683
257788
257800
257829
257833
257843
257877
257946
258034
258068
258133
258175
258243
258344
258418
258499
258508
258636
258831
258957
258991
259017
259051
259290
259321
259384
259526
259535
259547
259650
259820
260028
260088
260170
260472
260538
260766
260956
261050
261214
261316
261393
261402
261425
261467
261638
262033
262196
262199
262211
262225
262434
262531
262605
263008
263011
263078
263102
263254
263262
263373
263417
263483
263564
263683
263816
263836
263897
264014
264046
264179
264182
264243
264267
264392
264418
264486
264556
264672
264750
264751
264920
264944
265099
265138
265254
265620
265861
266022
266115
266193
266378
266385
266495
266507
266581
266634
266957
267069
267156
267243
267294
267496
267538
267546
267553
267699
267758
267771
267907
267911
267972
268122
268195
268200
268217
268269
268288
268465
268491
268514
268741
268760
268936
269004
269163
269248
269299
269322
269329
269638
269666
269685
269980
270002
270126
270173
270185
270455
270538
270609
270673
270732
270820
270842
271344
271400
271670
271758
271769
271872
272080
272392
272394
272398
272515
272551
272567
272862
273061
273071
273096
273101
273108
273186
273246
273391
273441
273482
273587
273770
273854
273864
273984
274227
274244
274310
274331
274471
274502
274503
274592
274745
274892
275002
275037
275178
275322
275611
275732
275800
275858
276106
276130
276272
276344
276386
276501
276522
276659
276702
276844
276919
276936
277162
277239
277304
277524
277759
277764
277992
278280
278305
278354
278582
278592
278892
279032
279074
279099
279174
279682
279802
279831
279845
279856
279997
280143
280380
280598
280676
280965
281027
281108
281286
281469
281524
281687
281771
281905
282120
282292
282414
282452
282486
282538
282612
282654
282782
282870
282926
282950
282987
283068
283130
283178
283213
283348
283497
283823
283938
284028
284139
284256
284391
284422
284840
284867
284920
285149
285178
285524
285606
285652
285674
285699
285739
285797
285884
285910
286114
286444
286602
286759
286807
287040
287141
287426
287506
287536
287737
287818
287969
288000
288053
288095
288100
288164
288210
288417
288493
288707
288710
288747
288759
288874
288935
289030
289069
289212
289409
289461
289567
289612
289782
289909
290002
290005
290080
290455
290497
290558
290711
290792
290821
290896
291023
291148
291153
291399
291529
291734
291945
292132
292219
292420
292517
292613
292725
292958
293000
293001
293126
293176
293201
293268
293320
293332
293465
293536
293544
293546
293632
293685
293712
293795
293901
293944
294037
294120
294122
294216
294276
294335
294395
294527
294556
294702
294777
294807
294860
294876
294951
295050
295235
295514
295604
295605
295658
295688
295741
295862
295922
296308
296364
296392
296553
296723
296889
296921
297062
297114
297133
297347
297352
297426
297431
297563
297731
297782
297796
297806
297856
298074
298085
298104
298222
298322
298405
298481
298677
298733
298748
298913
299048
299286
299410
299574
299584
299764
300084
300198
300310
300315
300473
300484
300501
300550
300569
300580
300698
301109
301210
301420
301544
301599
301616
301733
302170
302286
302306
302334
302338
302488
302820
302916
302988
303001
303009
303013
303018
303159
303163
303243
303396
303400
303434
303555
303732
303813
303839
303850
303913
303914
304128
304422
304801
304832
304837
305100
305272
305706
305995
306063
306174
306239
306264
306311
306351
306553
306638
306664
306671
306674
306756
306765
306775
306972
307126
307128
307621
307622
307623
307740
307838
307840
308120
308313
308525
308611
308760
308782
308896
309008
309068
309140
309184
309198
309235
309341
309426
309651
309728
309747
309832
309835
309872
309883
309967
309973
309995
310063
310118
310147
310216
310481
310569
310578
310622
310625
310687
310966
310980
310994
311084
311243
311273
311346
311432
311490
311509
311518
311614
311663
311750
311781
311910
312222
312237
312347
312478
312520
312539
312584
312596
312600
312692
312743
312757
312857
312923
312960
313081
313133
313163
313207
313265
313389
313493
313530
313674
313791
313911
313985
314032
314041
314188
314386
314407
314508
314675
314792
314938
314966
314973
315051
315062
315107
315327
315335
315394
315452
315457
315466
315540
315616
315757
315797
315832
315889
315918
316057
316109
316454
316479
316516
316601
316665
316700
316840
317079
317232
317519
317661
317669
318122
318167
318179
318183
318249
318326
318337
318368
318464
318501
318531
318580
318659
318700
318852
318894
318906
318931
318942
319013
319084
319273
319335
319344
319376
319451
319464
319593
319604
319789
319792
319848
319908
319937
319960
319963
320078
320244
320300
320585
320615
320768
320905
321003
321099
321137
321154
321198
321283
321442
321526
321552
321588
321703
321725
322031
322077
322125
322186
322652
322749
322781
322823
322888
322900
322962
323057
323127
323215
323280
323425
323443
323474
323510
323525
323841
323888
323922
323933
323969
324027
324230
324291
324313
324414
324465
324726
324834
324899
324929
325211
325220
325311
325419
325447
325456
325509
325547
325585
325628
325696
325717
325781
325889
325895
326221
326314
326346
326489
326531
326573
326621
326727
326986
327053
327095
327178
327180
327279
327347
327401
327764
327827
327975
328283
328645
328894
328966
329047
329108
329288
329290
329366
329393
329428
329575
329599
329624
329776
329976
329982
330043
330089
330205
330359
330524
330868
330939
331348
331634
331677
331875
332205
332285
332301
332320
332469
332481
332485
332495
332519
332571
332955
333029
333149
333272
333314
333433
333438
333481
333540
333602
333616
333645
333668
333690
333878
333927
333949
334045
334113
334127
334167
334180
334273
334319
334459
334587
334588
334688
334714
334806
334829
334859
335084
335094
335361
335420
335611
335682
335725
335727
335846
336082
336125
336176
336236
336241
336268
336328
336357
336488
336613
336692
336794
336807
336954
337012
337026
337170
337298
337412
337424
337600
337745
338001
338139
338398
338407
338543
338634
338719
338904
338947
338956
339002
339168
339232
339339
339355
339493
339750
339844
340126
340271
340680
341071
341094
341374
341402
341412
341510
341582
341843
341875
342049
342065
342094
342278
342319
342494
342584
342585
342592
342602
342672
342723
342742
342827
342967
343325
343425
343543
343656
343960
343965
344017
344035
344263
344290
344595
344605
344759
344870
344878
345081
345250
345263
345397
345400
345659
345742
345827
345890
345947
346131
346173
346184
346277
346322
346407
346521
346690
346727
346731
346971
347099
347106
347189
347278
347279
347429
347524
347529
347691
347751
347752
347815
348043
348044
348240
348337
348382
348427
348488
348533
348786
348912
348940
348966
349003
349026
349170
349321
349353
349382
349462
349726
349729
349842
349880
349942
350028
350093
350524
350578
350597
350667
350687
350758
350768
350902
351037
351109
351220
351429
351565
351582
351612
351616
351648
351701
352499
352643
352732
352860
352930
353242
353436
353462
353555
353577
353612
353643
353672
353877
354300
354321
354457
354497
354507
354533
354796
354807
354871
355463
355478
355481
356016
356032
356118
356283
356286
356288
356451
356543
356555
356598
356631
356745
356755
356761
356801
357000
357065
357110
357318
357393
357556
357577
357589
357624
357874
358003
358049
358207
358230
358302
358356
358420
358458
358528
358537
358557
358743
358849
358862
358887
358979
358988
359267
359321
359336
359389
359613
359701
359731
359788
359932
360115
360370
360449
360588
360698
360704
360749
360750
360865
360904
361042
361092
361278
361301
361314
361371
361389
361559
361561
361569
361849
361951
362002
362117
362179
362450
362466
362513
362624
362689
362694
362769
362813
362894
362958
362986
363264
363288
363304
363331
363408
363737
363742
363954
364023
364073
364251
364529
364626
364885
364981
365185
365281
365360
365783
365785
365810
365942
366184
366520
366523
366533
366684
366805
366810
366956
367011
367038
367107
367558
367593
367745
367783
367856
367959
368157
368310
368539
368745
368880
368956
368961
368976
369130
369138
369186
369223
369365
369473
369474
369519
369735
369739
369765
369781
369917
369976
370050
370277
370607
370641
370692
370726
370856
371053
371067
371104
371124
371162
371274
371374
371626
371926
372193
372294
372381
372406
372468
372472
372517
372583
372632
372693
372938
372965
372984
373000
373047
373118
373319
373338
373362
373451
373572
373584
373652
373663
373753
373785
374031
374046
374390
374405
374533
374765
374776
375105
375199
375397
375425
375634
375660
375701
375910
376043
376087
376088
376115
376335
376348
376654
376739
376986
377099
377156
377164
377207
377262
377405
377637
377897
378082
378123
378144
378197
378220
378223
378322
378405
378427
378428
378593
378752
378939
379027
379221
379238
379269
379346
379371
379504
379740
379994
380038
380117
380213
380216
380284
380425
380701
380722
380805
380853
380945
380951
380961
380963
381096
381319
381356
381360
381384
381418
381425
381604
381829
381853
382004
382011
382060
382225
382389
382428
382478
382483
382539
382549
382658
382750
382784
382936
383045
383080
383187
383237
383269
383423
383572
383597
384060
384078
384080
384114
384187
384188
384267
384393
384684
384694
384713
384888
385232
385307
385750
385769
385819
385876
385898
385899
385931
385993
386046
386168
386230
386327
386350
386467
386572
386628
386679
386967
387046
387123
387189
387202
387218
387261
387411
387439
387658
387875
388025
388099
388147
388289
388320
388459
388535
388621
388805
388844
389045
389052
389292
389332
389574
389596
389662
389717
389782
389842
389988
389999
390100
390248
390304
390342
390384
390409
390424
390434
390624
390710
390789
390837
391331
391341
391454
391464
391506
391607
391673
391791
391802
391901
391987
392008
392035
392168
392188
392457
392471
392475
392545
392588
392799
392808
393288
393347
393523
393664
393684
394022
394073
394171
394525
394564
394584
394615
394616
394699
394913
394924
395046
395057
395195
395264
395287
395297
395371
395394
395576
395586
395613
395721
395770
395820
395943
396092
396132
396281
396499
396542
396604
396671
396706
396727
396743
396844
396856
397192
397257
397319
397372
397382
397589
397656
397913
398048
398187
398279
398428
398429
398510
398585
398699
398758
398871
398944
399039
399260
399343
399356
399375
399431
399569
399606
400141
400303
400413
400623
401085
401094
401105
401139
401196
401374
401652
402037
402206
402300
402417
402768
402783
403068
403089
403507
403830
403946
403971
404074
404144
404176
404177
404232
404314
404338
404381
404674
404778
404847
405026
405050
405113
405202
405256
405364
405458
405655
405696
405751
405775
405813
405908
405917
405948
405981
405986
406001
406044
406057
406179
406250
406497
406504
406512
406671
406690
406786
407029
407371
407522
407537
407957
408001
408265
408290
408336
408552
408601
408714
408753
408851
408959
409225
409237
409270
409293
409303
409332
409411
409592
409621
409675
409698
409863
410048
410227
410276
410486
410507
410679
410736
410906
411007
411126
411130
411196
411252
411318
411363
411505
411635
411731
411787
412048
412052
412274
412377
412484
412490
412549
412550
412649
412700
412754
412849
412936
413038
413321
413365
413423
413442
413469
413481
413530
413603
413641
413739
413839
413966
414123
414216
414442
414505
414545
414555
414559
414618
414706
414731
415020
415052
415322
415447
415487
415551
415774
415839
415874
416000
416097
416217
416226
416268
416308
416412
416480
416629
416694
416743
416989
417012
417107
417269
417281
417351
417406
417442
417521
417585
417818
417917
418264
418298
418351
418396
418453
418457
418537
418643
418689
419097
419165
419211
419215
419389
419537
419581
419681
419717
419807
419974
420120
420169
420175
420200
420201
420404
420447
420494
420507
420541
420551
420603
420702
420800
420801
420850
420989
421018
421026
421042
421130
421229
421301
421330
421450
421521
421686
421764
421765
421856
421868
422145
422272
422278
422516
422587
422763
422799
422856
422858
422956
423158
423248
423886
423958
424103
424196
424197
424249
424279
424514
424765
424899
425382
425588
425693
426048
426184
426425
426618
426798
427119
427173
427200
427357
427452
427468
427472
427517
427576
427642
427960
428399
428547
428788
428806
428814
428986
429022
429045
429072
429174
429260
429412
429448
429511
429530
429579
429611
429696
429799
429813
429879
429908
429910
429915
430086
430155
430191
430319
430376
430647
430734
430741
430872
430886
430908
430949
431136
431213
431238
431519
431702
431707
431709
431784
432012
432028
432036
432356
432402
432556
432583
432614
432893
432944
432951
433125
433164
433262
433536
433616
433673
433890
434230
434272
434638
434998
435057
435069
435446
435688
435814
435904
435916
435918
436078
436239
436274
436296
436525
436618
437040
437137
437482
437511
437513
437571
437855
437898
437938
438160
438187
438262
438324
438540
438620
438718
438784
438857
438937
439185
439513
439573
439632
439900
439938
439945
439974
440114
440292
440311
440315
440365
440512
440557
440702
440780
440894
440910
441095
441230
441233
441288
441319
441336
441403
441437
441651
441702
441803
441813
441816
441820
441884
441934
441968
442019
442191
442228
442347
442524
442526
442530
442560
442649
442680
442963
443019
443051
443135
443483
443649
443767
443785
443837
444058
444204
444406
444541
444569
444600
444638
444760
444764
444827
444841
445016
445054
445131
445133
445249
445330
445433
445512
445516
445542
445549
445560
445579
445773
446059
446265
446272
446285
446350
446487
446636
446674
446784
446866
446967
446978
447115
447117
447124
447139
447212
447248
447293
447349
447371
447378
447393
447450
447568
447581
447642
447683
447704
447789
447823
447848
447861
447942
447943
447966
448027
448033
448043
448124
448191
448293
448336
448403
448575
448664
448768
449117
449307
449324
449332
449712
449736
449985
450030
450147
450155
450186
450204
450303
450402
450488
450502
450554
450555
450600
450624
450645
450659
450660
450758
450772
450867
450912
450971
451182
451221
451301
451304
451366
451602
451612
451678
451749
452169
452174
452318
452460
452546
452608
452735
452784
452872
452893
453080
453323
453419
453470
453683
453752
453866
453889
453967
454048
454227
454522
454617
454626
454690
454706
454756
454799
454816
455211
455281
455345
455587
455663
455880
455942
456008
456014
456188
456420
456443
456463
456488
456492
456714
456755
456960
457040
457055
457107
457264
457328
457419
457491
457499
457546
457661
457688
457706
457734
457764
457958
458031
458098
458510
458532
458625
458646
458727
458847
458860
458905
458992
459196
459211
459290
459574
459601
459708
459721
459796
460068
460181
460312
460403
460447
460836
460878
461366
461427
461485
461498
461697
461700
461709
461731
461931
461988
461994
462042
462330
462395
462409
462506
463103
463148
463198
463326
463459
463510
463575
463630
463893
463929
463960
464110
464114
464199
464341
464390
464469
464510
464511
464743
464822
464853
464908
465001
465015
465023
465058
465086
465114
465345
465348
465372
465396
465733
465761
465796
465911
465929
466030
466180
466384
466489
466544
466556
466657
466695
466763
466876
467065
467165
467319
467335
467576
467588
467820
467886
467909
467953
468030
468039
468158
468236
468443
468472
468596
468765
468778
469067
469183
469294
469572
469595
469790
469819
469885
470062
470538
470701
470819
470843
471126
471128
471150
471254
471292
471314
471342
471348
471375
471425
471443
471455
471505
471533
471666
471732
471741
471883
472444
472518
472580
472586
472722
472839
472875
472878
472942
472948
472991
473013
473060
473075
473124
473175
473336
473488
473545
473604
473668
473913
473916
473925
473966
474287
474345
474371
474482
474576
474712
474868
474873
475511
475569
475672
475705
475753
476063
476079
476193
476274
476321
477114
477238
477280
477287
477293
477303
477326
477439
477440
477457
477524
477616
477672
478053
478103
478339
478463
478536
478608
478670
478695
478896
478937
478952
479006
479017
479197
479223
479353
479473
479518
479651
479741
479783
479886
479897
479910
480060
480149
480247
480353
480402
480466
480616
480861
480950
481006
481308
481430
481481
481506
481542
481571
481726
481795
481935
482052
482059
482253
482433
482446
482509
482584
482622
482675
482796
483085
483115
483136
483185
483435
483601
483712
483861
484037
484107
484120
484121
484151
484380
484412
484421
484594
484619
484621
484631
484647
484662
484825
484991
485201
485310
485659
485781
485792
485794
485861
485915
486050
486270
486290
486392
486516
486942
487030
487043
487175
487294
487352
487426
487437
487637
487715
487754
487818
487964
488028
488064
488089
488116
488154
488199
488245
488255
488353
488354
488363
488560
488700
488803
488896
488947
488974
489044
489059
489084
489097
489170
489281
489298
489471
489667
489757
489829
489830
489854
489898
489957
490015
490105
490106
490210
490383
490431
490683
490690
490729
490785
491020
491062
491124
491203
491224
491302
491323
491580
491844
492154
492395
492405
492544
492705
492745
493002
493156
493288
493457
493517
493823
493842
493994
494048
494086
494156
494260
494446
494459
494466
494500
494740
494835
494988
495026
495082
495123
495148
495288
495369
495422
495487
495542
495769
495812
495814
495902
495982
496033
496047
496112
496290
496313
496435
496548
496794
496838
497022
497095
497272
497517
497523
497538
497577
497719
497723
497837
497901
497926
498102
498223
498300
498405
498562
498575
498614
498663
498712
498730
498753
498833
498925
499087
499117
499199
499255
499273
499749
499825
500065
500145
500172
500174
500231
500289
500298
500423
500567
500627
500877
500972
501162
501169
501209
501221
501386
501483
501542
501610
501730
501748
501749
501759
501773
501832
502017
502036
502094
502163
502342
502633
502642
502756
502823
502847
502959
503012
503013
503096
503250
503332
503372
503567
503571
503771
503830
503927
504036
504111
504187
504535
504553
504564
504619
505261
505460
505469
505471
505482
506005
506226
506246
506308
506371
506398
506431
506491
506579
506610
506616
506906
507035
507123
507132
507133
507273
507451
507452
507474
507481
507600
507784
507858
507881
507968
508032
508076
508116
508141
508266
508323
508366
508648
508666
508808
508888
508905
508939
509113
509177
509392
509668
509729
510115
510418
510650
510965
511048
511117
511129
511131
511269
511331
511397
511411
511454
511520
511768
511850
511880
511942
511981
512000
512111
512157
512199
512212
512240
512507
512890
512996
513026
513055
513149
513329
513442
513709
513758
513781
513806
513849
513909
514151
514329
514683
514748
515074
515097
515194
515344
515396
515433
515575
515605
515613
515638
515767
515863
515981
516215
516226
516560
516576
516619
516695
516819
516881
517039
517068
517141
517163
517211
517212
517437
517465
517755
517873
517970
518046
518557
518564
518614
518687
518762
518903
519013
519138
519162
519205
519282
519320
519326
519487
519605
519677
519723
519847
519979
520081
520141
520436
520512
520639
520660
520705
520744
520867
520972
521026
521158
521188
521209
521549
521779
521813
521892
522037
522126
522219
522223
522230
522335
522441
522460
522682
522703
522964
523031
523038
523096
523262
523295
523398
523421
523493
523716
523871
524214
524253
524303
524328
524671
524736
524791
525195
525217
525294
525331
525465
525526
525652
525692
525718
525767
526051
526182
526373
526396
526419
526514
526563
526573
526622
526694
526980
527181
527196
527219
527253
527419
527420
527429
527583
527653
527787
527843
527954
528148
528248
528493
528506
528579
528594
528605
528693
528942
528979
529260
529471
529579
529665
529696
529820
529837
529850
529888
529899
529930
529966
530120
530356
530366
530439
530611
530671
530787
530850
531137
531486
531516
531536
531587
531604
531656
531756
532008
532085
532149
532174
532272
532375
532416
532483
532590
532714
532717
532835
533038
533145
533210
533922
533931
534116
534130
534190
534256
534278
534472
534491
534571
534587
534631
534681
534700
534838
534918
535138
535221
535255
535333
535534
535618
535678
535965
536026
536183
536243
536245
536258
536323
536339
536423
536514
536544
536666
536764
536810
537030
537040
537106
537145
537167
537236
537325
537404
537426
537473
537491
537500
537542
537596
537681
537698
537865
537929
537931
538044
538103
538114
538146
538168
538521
538546
538856
538908
539347
539429
539511
539533
539658
539669
539675
539689
539804
540075
540093
540197
540253
540276
540457
540751
540800
541195
541294
541396
541437
541451
541729
541746
541794
541812
542022
542072
542276
542311
542558
542678
543318
543321
543350
543526
543602
543628
543704
543755
544000
544177
544310
544319
544337
544424
544467
544493
544567
544571
544765
544922
545001
545055
545095
545172
545216
545221
545251
545339
545515
545572
545644
545860
545960
545971
546167
546317
546325
546344
546375
546422
546428
546501
546502
546562
546657
546755
546801
546902
547255
547259
547306
547342
547374
547422
547447
547663
547714
547763
547835
547898
548364
548458
548614
548617
548664
548733
548816
549061
549078
549284
549333
549406
549418
549509
549633
549805
549889
549897
549980
550534
550698
550770
550877
551093
551191
551220
551357
551505
551687
551755
551808
551927
551933
552117
552156
552161
552292
552386
552430
552543
552637
552948
552979
553040
553047
553067
553081
553182
553186
553242
553305
553539
553686
553688
553785
553869
553916
553982
554035
554076
554186
554386
554445
554557
554582
554593
554712
554880
554900
554966
555279
555302
555397
555466
555620
555693
555740
555753
555769
555795
555901
555920
555974
555993
556095
556310
556334
556387
556473
556534
556552
556636
556653
556691
556706
556818
556830
556851
556918
556970
557125
557161
557383
557483
557827
558104
558157
558261
558379
558451
558520
558528
558609
558627
558736
558796
558991
559080
559166
559295
559296
559564
559598
559669
559788
559899
559980
560109
560182
560218
560524
560855
561162
561172
561329
561356
561383
561464
561623
561751
561860
562064
562086
562178
562254
562255
562281
562571
562637
562700
562870
562912
563115
563117
563166
563243
563590
563779
563916
563953
564163
564171
564633
564717
564841
564903
565062
565115
565118
565227
565330
565731
565758
565875
565936
565953
566049
566114
566135
566184
566566
566583
566604
566611
566625
566637
566756
566767
566873
566929
566953
567143
567455
567636
567739
567792
567855
567965
568045
568101
568288
568345
568670
568807
568978
569041
569070
569074
569093
569160
569320
569427
569609
569633
569930
569962
570017
570171
570204
570274
570305
570334
570437
570791
570825
570828
570990
571121
571171
571361
571427
571478
571560
571579
571748
572026
572096
572128
572209
572258
572295
572381
572450
572479
572503
572508
572589
572727
572793
572836
572912
572937
572963
573036
573039
573040
573056
573066
573284
573356
573382
573441
573493
573606
573648
573738
573797
573848
573873
574111
574150
574190
574346
574373
574510
574526
574528
574771
574795
574809
574894
575281
575366
575411
575450
575569
575573
575710
575715
575795
575853
575947
576081
576155
576182
576253
576343
576379
576387
576464
576641
576696
576892
576894
576897
576911
576976
576978
577094
577154
577241
577527
577741
577850
577891
577898
577938
578005
578031
578296
578306
578360
578361
578410
578425
578529
578586
578587
578830
578844
578967
578975
579214
579309
579361
579448
579526
579561
579755
579820
579879
580033
580353
580435
580571
580612
580683
580748
580827
580882
580929
580983
581101
581216
581219
581366
581404
581467
581528
581642
581668
581705
581721
581923
581954
581962
582051
582061
582112
582175
582177
582251
582345
582359
582401
582464
582649
582663
582690
582730
582749
582750
582826
582899
583102
583384
583485
583524
583563
583768
583909
583990
584180
584364
584450
584496
584505
584626
584674
584965
584982
585059
585097
585128
585285
585351
585721
585913
586241
586285
586289
586381
586478
586486
586515
586580
586633
586949
587083
587279
587382
587385
587456
587627
587664
587812
587840
587958
588050
588129
588194
588240
588283
588502
588614
588622
589091
589153
589560
589694
589934
590175
590321
590678
590687
590753
590846
590922
590989
591188
591230
591313
591329
591368
591421
591517
591549
591604
591816
591945
591964
591972
592222
592228
592511
592514
592540
592548
592682
592830
592848
593199
593292
593296
593582
593619
593832
593851
594007
594024
594291
594373
594453
594504
594515
594531
595210
595464
595475
595499
595565
595666
595690
595884
595969
596040
596285
596344
596374
596495
596662
596715
596743
596804
597051
597185
597558
597582
597777
597796
597903
597977
597978
597996
598092
598131
598156
598229
598259
598479
598615
598753
598823
598831
599184
599222
599256
599309
599329
599351
599374
599394
599478
599661
599667
599695
599838
600017
600118
600324
600665
600808
600894
601006
601015
601126
601344
601505
601741
601868
602002
602013
602094
602165
602242
602276
602299
602355
602369
602545
602779
602846
602902
603059
603084
603085
603219
603485
603646
603721
604071
604129
604143
604344
604514
604584
604874
604924
605479
605519
605561
605598
605932
606006
606069
606132
606222
606522
606585
606825
606861
607047
607083
607091
607323
607450
607494
607672
607702
607748
607899
608070
608272
608299
608436
608585
608757
608799
609027
609115
609132
609170
609174
609331
609333
609502
609740
609751
609789
609869
610010
610074
610086
610263
610286
610435
610437
610524
610581
610600
610737
610776
611051
611060
611064
611069
611104
611335
611438
611549
611827
612083
612156
612277
612373
612401
612431
612534
612537
612656
612657
612687
612922
612958
613022
613185
613389
613401
613412
613482
613494
613523
613639
613666
613745
613803
613851
613861
613897
614100
614382
614515
614613
614685
614952
614961
615030
615108
615185
615321
615391
615394
615404
615512
615631
615656
615793
615831
615897
615903
615928
616011
616091
616241
616309
616314
616339
616692
616947
616992
617079
617155
617162
617230
617288
617424
617846
617895
618170
618307
618480
618521
618566
618712
618753
618825
618846
618972
618978
619025
619224
619235
619581
619625
619665
619813
619925
619981
620272
620310
620358
620512
620601
620694
620777
620905
620926
620953
621174
621197
621219
621512
621664
621717
621726
621742
621793
621813
621821
621824
621889
621922
622074
622115
622141
622261
622336
622482
622598
622673
622677
622682
622947
623415
623583
623590
623715
623751
623818
623820
623934
624047
624112
624163
624171
624202
624655
624722
624816
624844
625020
625048
625074
625082
625101
625188
625205
625315
625347
625543
625620
625634
625682
625691
625834
625892
625981
626197
626275
626398
626590
626613
626649
626923
626938
627105
627107
627195
627237
627692
627716
627855
627971
628411
628454
628516
628525
628596
628632
628670
628701
628783
628794
629060
629079
629170
629259
629346
629363
629409
629871
629894
629923
629942
630057
630064
630241
630326
630393
630653
630773
630784
630823
630918
631216
631275
631372
631405
631712
631740
631760
631943
632212
632368
632385
632393
632418
632458
632467
632507
632661
632783
632817
633089
633460
633608
633650
633752
634002
634020
634188
634486
634580
634719
634956
634959
635091
635136
635183
635185
635584
635656
635665
635741
635846
635908
635911
635946
635991
636176
636189
636268
636524
636549
636592
636628
637174
637249
637385
637462
637562
637638
638077
638131
638139
638216
638250
638265
638298
638427
638455
638532
638690
638737
638752
638765
639053
639055
639059
639345
639349
639447
639451
639465
639700
639711
639754
639792
639828
639939
640095
640102
640300
640338
640455
640845
640950
641093
641095
641124
641147
641253
641312
641392
641426
641509
641616
641815
641839
641885
641949
641955
642010
642113
642176
642435
642737
642844
643048
643116
643455
643471
643672
643703
643758
643814
643833
643928
644045
644090
644432
644500
644504
644667
644750
644805
644832
644919
644949
644966
645060
645134
645302
645330
645417
645521
645550
645555
645556
645573
645604
645700
645828
645851
645862
645952
645963
646077
646262
646283
646411
646591
646671
646672
646839
646866
646924
647018
647087
647265
647302
647352
647469
647577
647608
647674
647707
647744
647769
647835
647960
648008
648071
648081
648101
648111
648435
648532
648745
648748
648770
649003
649058
649123
649232
649234
649507
649564
649634
649741
649752
649879
650077
650157
650220
650225
650248
650413
650417
650792
650851
650856
650949
650984
651186
651202
651309
651397
651587
651596
651842
651959
652082
652668
652717
652846
652847
652868
652954
653011
653042
653108
653228
653419
653487
653558
653596
654042
654137
654348
654420
654491
654538
654618
654913
655088
655151
655220
655294
655337
655366
655483
655662
655689
655860
655871
656008
656443
656794
656898
657074
657300
657422
657805
657834
657863
657981
658049
658134
658277
658338
658364
658680
658714
658735
658922
659142
659145
659245
659510
659923
659927
659993
660232
660256
660259
660414
660453
660630
660931
661009
661045
661187
661226
661559
661581
661782
662021
662187
662323
662572
662671
662913
662965
662973
663032
663253
663507
663564
663677
663715
663830
664145
664245
664313
664346
664373
664511
664641
664646
664708
664862
664929
665020
665039
665067
665126
665156
665362
665370
665399
665424
665431
665436
665790
665947
666081
666141
666326
666346
666354
666394
666410
666439
666449
666490
666545
666772
666896
666937
666938
667008
667018
667077
667105
667228
667497
667521
667538
667634
667777
668257
668332
668448
668472
668501
668638
668678
668762
668787
668896
668944
668973
668985
669255
669545
669712
669752
669755
669909
669986
670299
670301
670428
670475
670571
670819
670840
670859
670877
670940
671162
671271
671298
671360
671394
671423
671463
671553
671752
671761
671970
672148
672360
672361
672429
672443
672518
672798
673185
673237
673392
674099
674162
674278
674370
674502
674678
674725
674747
674773
674805
674880
674912
674987
674994
675040
675303
675344
675442
675529
675683
675902
675991
676088
676189
676214
676312
676331
676469
676545
676603
676607
676633
676679
676889
677261
677446
677600
677613
677650
677695
677950
677979
678075
678145
678327
678408
678411
678537
678757
678838
678973
679234
679245
679276
679333
679367
679417
679424
679696
680094
680142
680208
680248
680372
680409
680659
680758
680901
680922
681009
681080
681222
681231
681275
681366
681372
681497
681506
681526
681531
681755
681757
682245
682294
682414
682643
682715
682797
682804
682859
682922
683105
683111
683235
683293
683321
683453
683509
683591
683782
683862
683879
683880
684024
684154
684236
684382
684498
684563
684625
684651
684671
684724
684809
684872
684898
684972
685111
685154
685223
685482
685624
685653
685694
685944
686019
686140
686308
686334
686374
686385
686533
686542
686635
686665
686678
686843
686896
686947
687197
687351
687386
687402
687429
687571
687885
687906
688007
688008
688080
688186
688210
688212
688265
688274
688341
688357
688636
688914
689076
689097
689145
689187
689197
689203
689331
689359
689440
689697
689754
689805
689855
689997
690042
690173
690382
690474
690801
691119
691406
691407
691484
691491
691541
691577
691620
691674
691870
691925
692401
692460
692496
692618
692661
692960
693194
693311
693719
693752
693843
694084
694558
694601
694906
694944
695047
695218
695255
695259
695357
695383
695389
695393
695479
695486
695839
695863
695910
696154
696316
696392
696396
696460
696531
696766
696779
696818
696909
696922
696924
697003
697039
697295
697402
697521
697539
697622
697679
697754
697808
698072
698368
698437
698724
698732
698839
698867
698943
699039
699046
699121
699196
699293
699310
699568
699611
699661
699733
699899
699924
699977
700134
700136
700239
700293
700446
700572
700680
701041
701103
701202
701450
701731
701853
702157
702287
702474
702527
702531
702638
702929
702936
703009
703012
703015
703190
703345
703505
703603
703676
703741
703826
703910
704007
704376
704397
704476
704498
704552
704602
704613
705096
705175
705193
705323
705339
705437
705513
705517
705547
705664
705765
705884
705908
705911
705960
706010
706177
706277
706316
706370
706378
706577
706629
706819
706918
707141
707204
707264
707313
707429
707502
707640
707709
707742
707746
707829
707867
707871
707968
708016
708057
708078
708139
708149
708342
708372
708463
708519
708680
708765
708766
708774
708876
708971
708982
709011
709071
709176
709216
709257
709272
709583
709628
709658
709660
709779
709781
709856
710103
710111
710143
710179
710297
710307
710409
710532
710562
710841
711132
711167
711230
711270
711347
711361
711372
711423
711537
711675
711779
711828
711868
712116
712125
712201
712263
712330
712361
712414
712474
712483
712519
712814
712915
712945
712953
713093
713129
713615
713703
713712
713734
713801
714011
714040
714502
714580
714745
714765
714935
715024
715108
715121
715159
715204
715218
715370
715394
715409
715554
715667
715820
716018
716029
716071
716252
716280
716409
716620
716621
716642
717125
717178
717211
717398
717515
717519
717643
717701
717758
717831
717899
717904
717908
718132
718183
718318
718330
718345
718432
718500
718582
718653
718766
718932
718940
719005
719030
719148
719175
719207
719259
719300
719400
719451
719607
719674
719747
719799
719853
719939
720022
720108
720140
720211
720307
720388
720582
720671
720715
721054
721135
721176
721179
721208
721217
721237
721607
721667
721702
721872
722039
722247
722417
722492
722522
722751
722783
722828
722976
723021
723233
723245
723343
723417
723603
723741
723846
723880
723897
724210
724403
724448
724457
724467
724576
724807
724831
724922
725013
725267
725626
725747
725777
725879
725955
726108
726121
726278
726368
726503
726608
726828
727083
727314
727374
727836
727837
727844
727913
727948
728111
728137
728521
728541
728580
728991
729062
729127
729141
729220
729689
729867
729885
729916
730097
730100
730123
730180
730251
730253
730273
730388
730595
730714
730850
730866
731062
731081
731090
731181
731345
731514
731586
731640
731648
731683
731839
731852
731972
732147
732171
732320
732400
732405
732756
732777
732796
732825
732940
732948
733029
733112
733364
733393
733405
733457
733732
733787
733833
734042
734050
734077
734348
734385
734399
734444
734704
734762
734780
734873
734896
734976
735548
735572
735582
735587
735790
735818
735874
735932
736078
736134
736279
736475
736492
736619
736641
736758
736818
736876
736934
736964
737002
737347
737481
737522
737943
738119
738171
738296
738572
738634
738636
738742
738751
738929
739361
739455
739667
739811
740017
740022
740055
740344
740348
740400
740448
740474
740587
740589
740644
741153
741218
741385
741574
741707
741709
741729
741782
741791
741882
742044
742062
742479
742493
742556
743084
743159
743271
743409
743544
743660
743862
743888
744099
744175
744213
744451
744513
744553
744588
744673
745089
745323
745331
745464
745564
745719
745958
746049
746126
746254
746269
746641
746696
746725
746856
746894
746957
747102
747290
747316
747487
747490
747548
747737
747749
747818
748003
748061
748302
748365
748388
748478
748669
748780
748798
748903
749350
749351
749361
749373
749409
749559
749798
749964
750083
750375
750532
750779
750824
750915
750936
751288
751324
751443
751567
751579
751616
751737
751837
751865
751957
752120
752221
752317
752456
752633
752823
752858
753000
753228
753343
753472
753579
753869
753981
754057
754089
754131
754168
754306
754317
754357
754373
754695
754700
754786
754794
754814
755114
755124
755209
755417
755457
755470
755575
755845
755889
755893
756164
756170
756233
756238
756264
756282
756335
756461
756512
756560
756935
756958
757060
757358
757732
757822
757990
758029
758368
758379
758423
758595
758687
758696
758702
759067
759124
759390
759491
759580
759770
759885
759897
759979
760195
760319
760447
760564
760932
761055
761170
761266
761348
761383
761487
761498
761510
761520
761637
761672
761703
761868
762214
762834
762835
762861
762934
763023
763285
763413
763513
763605
763766
763773
763928
763950
764011
764027
764248
764284
764363
764540
764577
764676
764725
765285
765452
765774
765792
766098
766141
766388
766643
766646
766706
766771
766801
766909
766943
767007
767019
767140
767141
767173
767301
767394
767419
767501
767523
767579
767786
768031
768057
768074
768161
768205
768258
768275
768402
768462
768642
768799
768805
768824
769020
769102
769147
769179
769244
769287
769366
769472
769524
769739
769939
770149
770215
770289
770317
770365
770534
770548
770610
771063
771154
771184
771239
771307
771358
771469
771520
771594
771688
771878
771961
771978
772314
772315
772417
772483
772517
772806
772809
772859
772868
772873
772964
773116
773225
773500
773547
773742
773864
774029
774258
774281
774284
774291
774303
774320
774335
774348
774414
774433
774493
774753
774825
774843
774886
775034
775285
775304
775547
775769
775780
775988
776338
776457
776474
776634
776639
776756
776778
776811
777178
777255
777402
777420
777457
777619
777846
778018
778121
778423
778517
778527
778696
778887
778894
778955
779183
779199
779279
779501
779504
779619
779641
779697
779712
779834
779935
780016
780050
780079
780093
780157
780295
780354
780471
780834
780939
781160
781176
781356
781380
781475
781613
781702
781810
781818
781887
781960
782010
782378
782393
782496
782540
782598
782688
782713
782855
783023
783094
783197
783572
783744
783830
783873
783907
783915
784007
784265
784447
784488
784612
784639
784819
784895
785041
785064
785501
785555
785578
785657
785686
785774
785863
786063
786159
786195
786556
786588
786838
786856
786936
787021
787384
787456
787649
787697
787857
787862
787870
788098
788120
788269
788329
788388
788423
788450
788508
788515
788581
788687
788713
788725
788736
788820
788854
788952
789089
789378
789427
789556
789570
789648
789693
789719
789763
789899
789955
789985
790009
790054
790059
790247
790304
790308
790348
790474
790484
790485
790504
790528
790601
790744
790871
791006
791198
791262
791380
791561
791571
791850
791854
791898
792102
792141
792212
792228
792280
792371
792454
792583
792807
792810
792961
793111
793116
793217
793478
793534
793788
794035
794237
794584
794625
794639
794871
794939
795009
795020
795061
795109
795317
795409
795424
795493
795674
795781
795860
796000
796025
796100
796149
796169
796361
796447
796540
796642
797024
797091
797508
797534
797581
797781
797887
797918
798348
798350
798385
798519
798678
798793
798933
798954
799027
799090
799243
799383
799398
799417
799506
799936
800030
800039
800301
800383
800412
800524
800552
800881
800931
800936
800937
801005
801117
801605
801665
801680
801794
801848
801858
801863
801960
802002
802090
802402
802552
802609
802623
802679
802707
802925
803035
803153
803449
803483
803872
803963
804075
804087
804312
804478
804730
804742
804917
804981
805022
805156
805254
805266
805337
805581
805641
805699
805881
805921
805934
805983
806015
806037
806340
806367
806549
806708
806736
806762
806840
807055
807162
807238
807249
807314
807343
807480
807552
807611
807798
807880
807998
808049
808061
808091
808184
808369
808554
808898
809128
809401
809435
809515
809523
809745
809836
809966
810039
810323
810442
810660
810684
810747
810764
810839
811025
811037
811076
811097
811311
811390
811515
811527
811610
811638
811655
811664
811788
811893
811897
812029
812059
812335
812342
812360
812383
812685
812818
812840
812844
812884
812903
813049
813054
813149
813271
813847
813865
813907
814105
814133
814295
814362
814499
814532
814814
814846
815086
815092
815401
815498
815547
815569
815657
815853
815964
816188
816204
816222
816398
816516
816662
816686
817119
817156
817195
817210
817359
817432
817479
817512
817522
817981
818043
818124
818172
818219
818263
818300
818464
818554
818623
818687
818743
818760
818886
818888
818918
819034
819219
819303
819336
819648
819992
820018
820048
820472
820588
820653
820663
820778
820927
820939
821086
821174
821399
821478
821481
821592
821596
821601
821637
821838
821855
821914
822220
822272
822273
822363
822399
822440
822535
822636
822654
822918
822923
822974
823111
823158
823235
823305
823376
823428
823467
823529
823617
823772
823794
823848
823919
824138
824318
824494
824513
824604
824737
824779
824793
825286
825298
825343
825344
825468
825755
825774
825887
825931
826086
826284
826325
826360
826387
826499
826527
826554
826591
826690
826781
826809
827097
827207
827279
827412
827456
827460
827765
827908
828322
828392
828500
828596
828704
828767
828927
828946
829185
829194
829277
829443
829476
829580
829584
829604
829660
830088
830090
830122
830127
830137
830229
830249
830322
830386
830521
830578
830626
830822
830824
831011
831064
831115
831129
831228
831380
831420
831529
831575
831580
831658
831741
832103
832133
832160
832175
832191
832199
832310
832368
832386
832618
832773
832784
832802
832866
832964
833009
833178
833200
833245
833293
833308
833336
833566
833850
833966
834000
834161
834199
834260
834524
834560
834791
834881
834905
834962
835034
835110
835246
835270
835418
835526
835620
835667
835775
835810
836089
836175
836219
836323
836332
836619
836636
836675
836795
836823
836943
836993
837021
837037
837043
837074
837121
837148
837199
837236
837416
837471
838036
838126
838196
838323
838340
838486
838548
838769
838863
838876
838897
838944
839071
839096
839099
839135
839210
839236
839722
839809
840157
840252
840638
840670
840754
840772
840852
841131
841154
841171
841202
841268
841387
841393
841608
841759
841944
842135
842181
842305
842331
842348
842503
842532
842855
842979
843110
843149
843481
843548
843598
843787
843923
843933
843998
844033
844242
844266
844358
844407
844516
844811
845030
845324
845403
845420
845452
845566
845828
846217
846306
846314
846518
846783
846809
847043
847134
847208
847252
847423
847498
847792
847972
848000
848025
848052
848178
848235
848332
848359
848415
848484
848592
848687
848924
849006
849020
849247
849264
849270
849293
849344
849346
849774
849839
850010
850175
850244
850447
850605
850751
850755
851053
851096
851234
851287
851496
851509
851761
851825
851866
851916
852046
852176
852181
852458
852553
852872
852906
852911
852913
853205
853315
853321
853520
853563
853677
853760
853825
853934
853948
854033
854038
854114
854248
854325
854471
854475
854500
854663
854912
854962
854965
855094
855180
855298
855382
855437
855461
855485
855547
855633
855657
855697
855858
855914
855945
856050
856132
856233
856302
856359
856403
856536
856598
856602
856818
857022
857147
857306
857414
857457
857461
857622
857642
857865
857880
858019
858287
858362
858485
858613
858952
859189
859246
859282
859286
859375
859438
859639
859749
859786
859795
859865
860083
860109
860265
860656
860661
860813
860902
860992
861139
861392
861418
861609
861693
861704
862044
862138
862183
862262
862682
862749
862794
862866
862980
863104
863143
863451
863536
863678
864094
864135
864520
864534
864753
864785
864791
864809
864856
864906
864947
865115
865153
865326
865562
865612
865755
865945
866217
866251
866451
866524
866609
866619
866628
866638
866696
867125
867174
867294
867315
867532
867705
867706
867776
867804
867817
867953
867980
868157
868280
868296
868425
868466
868596
868679
868764
868922
868961
869004
869053
869148
869211
869316
869511
869518
869563
869580
869663
869753
869973
870009
870244
870288
870345
870644
870661
870690
870724
871036
871125
871246
871361
871462
871486
871647
871689
872055
872107
872262
872322
872327
872405
872418
872574
872758
872828
872879
872942
873234
873304
873399
873518
873543
873661
873769
873839
874067
874435
874452
874545
874612
874667
874672
874737
874812
874816
874918
874979
875152
875156
875243
875337
875412
875514
875724
875752
875783
875846
876001
876037
876142
876321
876377
876397
876447
876472
876517
876551
876798
876896
876924
876991
877002
877029
877045
877078
877172
877218
877519
877602
877716
877748
877779
877799
877818
877827
877937
878001
878454
878458
878514
878548
878915
878936
878942
878995
879061
879371
879386
879508
879657
879793
880382
880464
881085
881136
881157
881192
881210
881301
881428
881505
881520
881539
881810
881876
881912
881922
881940
881988
882260
882400
882520
882705
882752
882798
882835
882840
882850
882910
882946
882952
883095
883152
883287
883392
883745
884100
884147
884212
884261
884298
884398
884520
884683
884829
884858
884901
885111
885338
885439
885479
885757
885768
885956
885997
886066
886081
886093
886405
886579
886854
886907
887022
887048
887099
887326
887423
887568
887604
888012
888073
888138
888206
888260
888310
888363
888563
888683
888710
888738
888876
888892
888963
888998
889075
889110
889193
889232
889239
889254
889319
889487
889688
889787
889803
889831
889892
889972
890140
890226
890287
890447
890661
890851
890888
891112
891239
891291
891488
891503
891630
891695
892131
892230
892523
892558
892597
892606
892647
892651
892929
892949
893192
893266
893413
893422
893479
893527
893573
893595
893622
893746
893962
894015
894073
894103
894140
894199
894383
894415
894517
894674
894745
894754
894766
894791
894807
894911
894951
895460
895461
895485
895505
895619
895643
895663
896107
896194
896435
896679
896692
896701
896741
896748
896752
896993
897007
897013
897015
897140
897157
897196
897216
897387
897408
897437
897517
897608
897706
897900
898335
898356
898687
898951
899102
899121
899143
899239
899271
899519
899648
899791
899813
899843
899872
899902
899908
899923
899945
900034
900131
900241
900381
900441
900492
900617
900709
900898
900943
900965
901055
901158
901369
901590
901605
901676
901764
901768
901889
901910
902058
902106
902117
902215
902459
902539
902676
902759
902836
902919
903005
903066
903549
903570
903606
903765
903776
903784
904137
904235
904361
904380
904415
904470
904537
904664
904818
904821
904846
905068
905072
905412
905850
905888
906083
906233
906234
906273
906360
906678
907060
907263
907457
907458
907531
908161
908297
908619
908651
908940
909016
909069
909106
909141
909177
909321
909363
909458
909491
909501
909533
909716
909721
909822
909911
910033
910076
910104
910180
910219
910380
910409
910464
910471
911007
911009
911138
911227
911403
911404
911470
911598
911682
911804
911858
911874
911991
912172
912208
912374
912491
912637
912998
913041
913087
913090
913120
913131
913594
913692
913885
913976
914155
914182
914186
914311
914484
914534
914576
914577
914578
914645
914691
914768
914808
915080
915097
915125
915168
915237
915263
916030
916083
916246
916337
916640
916643
916732
916812
917005
917010
917216
917226
917249
917427
917495
917556
917712
917754
917777
917929
918233
918285
918351
918520
918603
918654
918671
918705
918709
918779
918870
918892
918972
919100
919129
919219
919241
919261
919441
919542
919627
919687
919790
919917
920068
920071
920231
920289
920599
920737
921082
921147
921313
921449
921510
921686
921715
921749
921792
921859
921876
922029
922397
922413
922422
922483
922497
922747
922833
923017
923425
923585
923589
923681
923690
923702
923842
923861
923877
923992
924030
924295
924806
924933
925009
925212
925376
925445
925600
925645
925687
925693
925889
925913
926091
926238
926459
926569
926615
926706
926739
926756
926910
926938
926940
926973
927113
927114
927125
927202
927250
927500
927554
927638
927832
927844
927847
927870
927982
928264
928295
928296
928310
928406
928421
928437
928531
928579
928844
928878
929059
929083
929220
929259
929292
929306
929350
929426
929623
929634
929720
929902
930042
930174
930236
930241
930291
930328
930381
930416
930456
930613
930681
930878
930982
931012
931139
931195
931275
931527
931795
931933
932176
932288
932322
932327
932369
932522
932669
932680
932704
932705
932711
932760
932845
932934
933022
933395
933414
933420
933427
933595
933623
933660
933705
933823
933837
933914
933968
934005
934223
934542
934890
934925
935192
935397
935428
935512
935591
935847
935853
935886
936007
936077
936135
936166
936415
936426
936591
936598
936638
936740
936833
936960
937038
937047
937158
937264
937384
937467
937475
937817
937892
937979
938021
938068
938106
938147
938217
938383
938631
938662
938744
938801
938891
938899
938918
938967
939007
939276
939338
939439
939464
939471
939550
939655
939685
939889
939900
939907
940072
940131
940142
940241
940380
940597
940618
940708
941107
941122
941237
941546
941692
941771
941787
941821
941838
942319
942628
942647
942681
942705
942741
942798
942871
942883
943116
943187
943195
943260
943555
943599
943659
943718
943727
944280
944302
944399
944432
944484
944676
944737
944768
944788
944930
945014
945086
945319
945519
945526
945640
945705
945801
945863
945984
946183
946346
946508
946518
946538
946557
946584
946750
946951
947174
947247
947255
947272
947438
947456
947481
947499
947774
947805
947818
947841
947872
947888
947933
947963
948137
948158
948169
948306
948720
948773
948792
948793
948925
948961
949061
949360
949455
949684
949822
949880
949883
950029
950126
950307
950398
950906
950916
950917
951189
951213
951214
951285
951317
951416
951434
951442
951489
951877
951879
951918
952030
952109
952342
952352
952419
952518
952553
952570
952759
953206
953219
953405
953429
953454
953560
953607
953732
954013
954080
954089
954103
954538
954706
954722
954826
954840
955180
955214
955282
955521
955663
955711
955770
955820
955875
956012
956125
956199
956279
956280
956411
956507
956730
956876
956887
956958
956999
957042
957077
957241
957334
957435
957455
957531
957567
957597
957618
957735
958095
958111
958195
958411
958481
958551
958615
958751
958902
958918
959083
959212
959373
959380
959401
959579
959649
959653
959770
959918
960259
960335
960473
960566
960649
960668
960672
960840
960888
961020
961303
961374
961533
961584
961598
961732
961780
961785
961802
961938
962026
962065
962364
962392
962403
962470
963253
963275
963378
963743
963784
963798
963992
964020
964109
964113
964243
964270
964450
964454
964455
964498
964538
964543
964621
964668
964696
964735
964880
964944
964970
965105
965151
965367
965383
965387
965459
965579
965744
965842
966115
966167
966174
966192
966205
966218
966527
966557
966569
966575
966591
966654
966841
967021
967152
967396
967440
967465
967533
967613
967744
967756
967769
968253
968311
968370
968435
968553
968612
968769
968818
968949
968965
969020
969296
969513
969542
969712
969952
969980
970298
970334
970427
970547
970555
970571
970613
970739
970813
970921
971087
971140
971440
971517
971604
971731
971775
971812
971857
971907
971981
972022
972053
972196
972332
972736
972792
972830
972883
973001
973057
973253
973276
973327
973351
973406
973566
973670
973756
973783
974011
974071
974285
974323
974383
974436
974446
974461
974493
974607
974612
974645
975006
975056
975159
975277
975281
975363
975364
975366
975405
975629
975730
975782
975913
975980
976189
976202
976248
976301
976409
976584
976785
977301
977383
977480
977786
977789
977844
978351
978740
978918
978978
979142
979235
979341
979442
979843
979950
980056
980070
980463
980466
980544
980691
980800
980875
981050
981215
981221
981255
981402
981575
981653
981665
981838
981850
981895
982001
982118
982145
982150
982353
982520
982533
982556
982858
982905
982919
982942
983000
983054
983075
983460
984073
984092
984113
984157
984166
984186
984353
984511
984515
984544
984628
984732
984803
984955
985002
985055
985060
985150
985455
985514
985567
985568
985656
985662
985811
985961
985984
986147
986198
986481
986513
986542
986605
986897
986975
986985
987048
987050
987358
987521
987624
987635
987683
987709
987946
987997
988059
988105
988199
988346
988487
988550
988580
988587
988593
988825
988964
989147
989364
989398
989550
989595
989669
989717
989766
989868
989937
989972
989973
990186
990219
990334
990344
990391
990401
990475
990500
990520
990586
990849
990957
991014
991126
991163
991234
991303
991332
991397
991407
991544
991597
991627
991693
991908
991930
991996
992012
992154
992189
992247
992322
992366
992421
992527
992595
992662
992769
992850
993218
993219
993231
993324
993360
993382
993389
993477
993614
993632
993700
993730
993860
993919
994013
994120
994143
994192
994194
994211
994387
994455
994611
994743
994752
994926
994965
994991
995005
995038
995116
995174
995203
995233
995299
995342
995413
995436
995546
995552
995860
995958
996078
996125
996228
996247
996378
996593
996648
996691
996738
996793
996855
996897
997042
997160
997169
997188
997528
997547
997794
997836
997925
997931
997947
997953
997996
998089
998108
998156
998174
998190
998231
998324
998395
998490
998607
998615
998721
998791
998902
998937
999076
999168
999263
999268
999294
999405
999596
999604
999673
999854
999982
