60
340
375
549
651
691
718
723
791
1185
1196
1217
1270
1662
1776
1803
1810
1857
1913
2114
2153
2170
2291
2446
2450
2489
2516
2686
2837
2921
2992
3077
3158
3459
3606
3640
3742
3848
3879
4020
4156
4231
4237
4270
4283
4339
4477
4508
4657
4693
4890
5007
5038
5153
5348
5492
5530
5586
5610
5622
5725
5943
5950
6133
6235
6489
6600
6946
7061
7063
7748
8292
8618
8866
8952
8969
9071
9128
9275
9282
9390
9422
9636
9728
10062
10103
10162
10186
10249
10252
10477
10622
10810
10865
10923
10936
10938
10972
11016
11032
11059
11183
11201
11354
11617
11766
11812
11919
11932
12065
12088
12112
12289
12363
12593
12780
12815
13092
13117
13168
13182
13199
13483
13580
13658
13668
13845
14130
14140
14320
14324
14328
14338
14605
14634
14697
14836
14881
15033
15263
15274
15364
15435
15472
15646
15782
15788
15838
15990
16230
16349
16792
17041
17192
17244
17257
17569
17647
17697
17760
17782
17898
17924
18008
18009
18100
18126
18216
18254
18267
18423
18580
18674
18692
18712
18726
18747
18843
18961
19026
19096
19219
19385
19671
19681
19768
19925
19975
20065
20198
20318
20510
20639
20748
20751
20908
20980
21011
21021
21275
21297
21367
21412
21440
21520
21531
21663
22001
22026
22233
22287
22433
22468
22603
22700
22735
22798
22881
23077
23083
23196
23210
23238
23249
23258
23420
23628
23638
23690
23712
23758
23773
23775
23848
23906
23939
24128
24161
24282
24478
24556
24601
24661
24772
24821
24950
24991
25005
25064
25174
25316
25327
25353
25401
25591
25652
25896
26036
26180
26266
26279
26325
26394
26404
26407
26527
26668
26678
26687
26715
26725
26803
27144
27353
27380
27461
27753
27870
27899
27909
27931
27959
28128
28166
28286
28305
28621
28622
28717
28842
28848
29336
29372
29401
29461
29779
29869
29894
30071
30343
30492
30739
30796
30858
30984
31124
31152
31218
31448
31672
31747
31933
31962
31980
32071
32104
32151
32326
32363
32503
32613
32684
32785
33009
33079
33080
33238
33284
33343
33418
33456
33534
33541
33654
33706
33800
34068
34228
34393
34394
34817
34840
34932
34956
35024
35032
35144
35347
35361
35410
35648
35735
35983
36130
36145
36221
36230
36350
36508
36557
36668
36761
36846
37162
37167
37235
37581
37638
37644
37791
37854
37886
38025
38064
38226
38264
38400
38511
38558
38572
38604
38681
38751
38833
38887
39014
39297
39511
39550
39623
39624
39705
39808
40060
40170
40173
40237
40289
40342
40503
40617
40680
40752
40761
40764
40793
40801
40844
40929
41064
41098
41113
41116
41441
41479
41700
41791
41942
41977
42008
42092
42204
42241
42667
42740
42763
42837
42992
43101
43245
43356
43462
43498
43770
44045
44064
44080
44124
44160
44318
45015
45172
45288
45313
45363
45453
45669
45701
45725
45771
45912
45983
46034
46076
46083
46205
46347
46456
46527
46584
46653
46794
46920
47236
47343
47357
47407
47588
47651
47925
48215
48563
48585
48796
48803
48870
48972
48974
49176
49264
49483
49626
49708
49819
49970
49979
50180
50245
50480
50507
50594
50599
50625
50629
50659
50661
50713
50760
50781
50782
50855
50919
50945
50972
51292
51346
51590
51594
51794
52031
52104
52171
52211
52232
52249
52317
52565
52668
52680
53133
53336
53401
53402
53450
53507
53526
53527
53638
53765
53904
53958
54217
54461
54649
54652
54821
54830
54836
54936
54978
54982
55046
55110
55357
55516
55649
55907
55959
56010
56130
56158
56298
56343
56699
56843
56844
56919
56931
56945
57013
57016
57354
57374
57461
57482
57548
57619
57650
57710
57998
58015
58041
58324
58483
58684
58876
58903
58966
59078
59116
59232
59375
59443
59450
59487
59516
59559
59916
60065
60264
60390
60572
60693
60769
60978
61068
61096
61097
61419
61423
61526
61727
61800
61819
62001
62005
62179
62184
62260
62359
62366
62631
62696
62735
62864
63346
63659
63721
63887
63912
64107
64116
64118
64212
64225
64284
64361
64412
64429
64432
64788
64866
64882
64918
64929
64964
65063
65320
65385
65510
65683
65696
65737
65800
66329
66353
66498
66865
66893
66895
67128
67171
67265
67368
67382
67467
67506
67689
67762
67862
67909
67939
67948
67983
68073
68098
68129
68316
68387
68426
68511
68529
68595
68644
68708
68774
68877
68992
69086
69089
69157
69212
69273
69347
69385
69434
69496
69625
69788
70013
70285
70388
70412
70516
70567
70748
70843
70852
71253
71388
71553
71606
71631
71678
71842
71888
71889
71941
72064
72324
72395
72486
72590
72681
72743
72776
72875
72878
72902
72958
73064
73195
73216
73523
73580
73611
73612
73825
73876
73896
73921
73976
74113
74153
74220
74378
74535
74611
74658
74803
74915
75070
75092
75128
75179
75211
75310
75403
75533
75851
76091
76130
76376
76455
76461
76672
76747
76923
77163
77309
77375
77460
77656
77765
77959
77977
78046
78295
78540
78739
78913
79069
79180
79226
79269
79301
79330
79355
79408
79642
79686
79860
79943
80063
80090
80137
80142
80218
80413
80432
80542
80743
80827
80982
81052
81089
81122
81137
81191
81193
81388
81411
81551
81558
81640
81641
81714
81840
81944
81958
81985
82022
82278
82403
82586
82670
82724
82727
82748
82885
83087
83183
83290
83476
83505
83510
83715
83805
83906
83909
84162
84338
84508
84530
84531
84540
84759
84848
85027
85195
85202
85268
85390
85684
85744
85873
85934
86048
86252
86461
86466
86490
86498
86621
86813
87107
87218
87243
87381
87383
87404
87577
87583
87766
87768
87950
87988
88176
88215
88260
88289
88460
88519
88559
88648
88674
88833
88875
88953
88959
89292
89299
89592
89643
89689
89807
89860
89881
89910
89928
90017
90056
90061
90076
90141
90204
90267
90304
90322
90522
90544
90645
90743
91110
91406
91481
91598
91693
91709
91825
91857
91994
92045
92180
92368
92516
92643
92767
92901
93019
93048
93056
93143
93156
93361
93373
93432
93449
93635
93732
93742
94023
94090
94150
94255
94298
94369
94400
94414
94503
94536
94677
94700
94795
94811
94924
95070
95167
95390
95396
95408
95460
95465
95514
95525
95557
95610
95643
95651
95734
95762
95785
95912
96193
96242
96469
96602
96773
96871
96878
96951
97054
97166
97310
97314
97609
97656
97738
97860
97911
97969
98013
98027
98069
98256
98447
98463
98566
98622
98663
98957
99097
99144
99238
99341
99422
99538
99845
100022
100040
100239
100289
100324
100484
100586
100701
100857
101147
101148
101224
101339
101390
101425
101435
101975
102170
102184
102193
102198
102199
102217
102320
102389
102423
102483
102925
102993
103001
103173
103296
103309
103376
103500
103578
103604
103667
103789
103803
103855
103915
103948
103986
103990
104185
104197
104226
104443
104446
104574
104667
104725
104794
104976
105110
105115
105124
105158
105288
105349
105366
105524
105553
105588
105621
105689
105722
105976
105985
106174
106371
106437
106991
107069
107070
107307
107314
107363
107390
107452
107474
107536
107545
107565
107649
107735
107997
108147
108217
108401
108485
108553
108570
108687
108958
109023
109163
109206
109266
109300
109517
109518
109835
109888
109996
110089
110139
110369
110384
110493
110569
110702
110710
110843
110845
110942
111163
111272
111370
111424
111468
111474
111479
111491
111625
111737
111762
111873
112229
112318
112373
112388
112533
112605
112747
112794
112810
112846
112950
113152
113196
113399
113524
113953
114152
114291
114398
114431
114448
114641
114904
114958
115005
115008
115036
115038
115065
115093
115154
115349
115457
115464
115547
115773
115781
115788
115914
115969
116010
116128
116151
116272
116357
116382
116469
116503
116585
116932
117329
117433
117487
117515
117591
117648
117687
117759
117799
117873
117943
117953
117970
118098
118175
118242
118289
118293
118306
118389
118609
118623
118726
118763
118903
119011
119035
119144
119353
119367
119371
119378
119398
119427
119435
119509
119639
119690
119745
119754
119834
119882
119944
120081
120474
120524
120763
120855
121083
121093
121102
121150
121421
121666
121734
121769
122072
122113
122125
122342
122426
122528
122565
122782
122999
123112
123147
123227
123270
123294
123347
123509
123531
123726
124103
124119
124399
124447
124448
124548
124631
124646
124870
124875
124885
124957
124994
125198
125355
125623
125902
125982
126178
126179
126387
126447
126585
126681
126778
126904
126924
127017
127190
127263
127447
127453
127773
127791
127812
127827
127846
127931
128087
128118
128209
128281
128381
128388
128595
128856
128879
128881
128956
128970
129012
129021
129031
129436
129472
129718
129733
129801
129802
130036
130059
130164
130296
130298
130362
130425
130525
130587
130721
130906
130964
131021
131228
131342
131486
131503
131509
131555
131581
131744
132053
132173
132220
132266
132284
132355
132430
132569
132690
132920
133028
133103
133154
133164
133288
133640
133743
133780
133983
133993
134225
134281
134290
134604
134628
134735
134854
134864
134894
134912
134944
135042
135064
135126
135202
135268
135340
135368
135447
135612
135920
135962
136301
136497
136512
136558
136589
136623
136653
136702
136705
136733
136786
136952
136958
137084
137161
137239
137510
137538
137576
137647
137769
137804
137894
137983
138062
138386
138592
138613
138658
138704
138813
138847
138868
139106
140049
140101
140113
140134
140249
140271
140288
140343
140361
140434
140459
140471
140599
140646
140796
140928
140973
141128
141176
141219
141241
141337
141390
141584
141734
142625
142626
142714
143099
143114
143228
143231
143303
143305
143347
143377
143528
143817
144074
144111
144130
144179
144236
144323
144331
144411
144485
144486
144696
144723
144830
144926
144961
145053
145113
145343
145481
145740
145749
145768
145798
145848
145852
145896
145905
145936
146059
146094
146245
146344
146377
146420
146437
146749
146811
146845
147190
147216
147228
147488
147496
147538
147539
147589
147848
147884
148284
148337
148366
148376
148398
148451
148530
148637
148642
148901
149138
149344
149447
149492
149637
149756
149820
150025
150117
150319
150441
150718
150788
150820
150870
150895
151000
151048
151094
151155
151183
151189
151240
151369
151537
151680
151709
151743
151767
151887
151903
151949
152011
152224
152236
152368
152384
152430
152444
152484
152544
152596
152786
152807
152941
152976
152994
153163
153262
153276
153362
153526
153573
153698
153724
153771
153871
153902
153959
154053
154277
154292
154304
154485
154536
154566
154652
154692
154709
154806
154893
154979
155077
155162
155187
155364
155417
155573
155656
155716
155717
155951
156191
156202
156209
156228
156313
156347
156536
156540
156823
156990
157047
157165
157422
157839
157897
157899
158097
158165
158169
158174
158262
158430
158571
158693
158876
159287
159362
159394
159719
159738
159880
159890
159948
159997
160049
160094
160161
160168
160568
160644
160711
160751
160773
160851
160944
160977
160979
161039
161251
161343
161360
161376
161521
161596
161603
161641
161654
161745
161890
161976
162082
162262
162530
162695
162723
162793
162803
162820
162839
163048
163151
163548
163776
163843
163844
163870
163887
163902
163923
164003
164050
164128
164153
164199
164226
164300
164509
164735
164862
164965
164996
165042
165092
165098
165119
165127
165132
165304
165384
165602
165707
165729
165825
165840
165937
165967
166132
166211
166667
166731
166759
166881
166917
167079
167228
167270
167303
167371
167403
167517
168011
168033
168086
168213
168377
168383
168450
168582
168776
168863
168883
169029
169313
169407
169429
169516
169637
169663
169675
169852
169881
169954
169967
170062
170154
170171
170242
170249
170379
170499
170532
170604
170619
170666
170696
170699
170825
170997
171012
171296
171309
171411
171479
171569
171679
171732
171735
171738
171833
171865
172191
172196
172211
172247
172358
172439
172482
172506
172640
172705
172748
172759
172832
172913
172952
172983
173018
173186
173274
173674
173756
173984
174425
174434
174568
174628
174655
174690
174806
174944
174992
175094
175201
175205
175233
175283
175389
175479
175560
175666
175739
175867
175888
176110
176111
176223
176227
176307
176522
176583
176676
176703
176761
176895
177010
177022
177329
177331
177364
177486
177489
177649
177691
178007
178132
178188
178201
178223
178338
178407
178588
178661
178672
178868
178952
178996
179078
179126
179167
179255
179375
179478
179569
179580
179681
179685
179811
179832
179850
180098
180120
180346
180376
180395
180432
180499
180608
180895
180977
181163
181169
181325
181395
181444
181618
181766
181875
181883
181888
181958
182081
182082
182088
182109
182290
182350
182360
182368
182465
182597
182645
182783
182839
182972
182994
183086
183195
183493
183556
183588
183793
183816
184081
184275
184295
184480
184586
184710
184839
184895
185065
185105
185131
185139
185145
185350
185472
185525
185565
185592
185652
185909
185983
185985
185989
186061
186140
186143
186339
186382
186659
186966
187001
187009
187072
187082
187116
187169
187174
187322
187370
187422
187504
187554
187780
187781
187824
187877
187944
188025
188150
188208
188212
188345
188566
188802
188818
188920
189041
189059
189101
189104
189343
189411
189574
189741
189744
189809
189870
190000
190042
190123
190149
190250
190262
190292
190395
190497
190513
190519
190582
190627
190724
190742
190779
191010
191025
191157
191215
191266
191303
191346
191394
191469
191504
191583
191595
191694
191732
191756
191959
192018
192255
192426
192586
192608
192626
192740
192893
192970
193037
193046
193066
193269
193490
193599
193762
193787
194021
194075
194082
194084
194187
194289
194305
194593
194692
194792
195112
195151
195155
195199
195220
195268
195370
195373
195385
195535
195749
195782
195808
195921
196037
196128
196140
196156
196274
196417
196642
196649
196735
197025
197038
197329
197502
197538
197588
197780
197793
197815
197831
197874
197966
198261
198332
198423
198732
198797
198814
199164
199372
199572
199643
199695
200172
200180
200215
200284
200296
200570
200729
200751
200765
200782
200924
200938
200994
201096
201468
201511
201524
201571
201637
201779
201879
201898
201900
201933
202078
202192
202201
202299
202304
202409
202452
202534
202584
202695
202717
202754
202855
202942
203160
203357
203401
203554
203585
203609
203615
203825
204121
204231
204252
204297
204314
204335
204433
204712
204805
204830
204859
204874
204914
205010
205119
205182
205258
205360
205452
205457
205463
205814
205869
205876
205930
206269
206374
206473
206510
206656
206725
206740
206837
206948
207048
207191
207198
207576
207770
207897
208008
208043
208077
208129
208220
208223
208326
208384
208522
208525
208684
208808
208936
209006
209011
209021
209329
209621
209629
209838
209965
210001
210107
210133
210276
210287
210289
210307
210336
210411
210454
210485
210514
210602
210800
211044
211258
211290
211293
211354
211427
211445
211560
211707
211812
211910
211980
212318
212405
212428
212438
212468
212565
212622
212658
212700
212796
212903
213016
213038
213076
213097
213152
213169
213218
213327
213424
213434
213576
213613
213830
213836
213853
213934
214127
214214
214478
214503
214517
214550
214684
214827
214829
214845
214913
215044
215097
215132
215145
215386
215394
215425
215684
215717
215771
215815
215860
215903
215944
216022
216329
216368
216632
216633
216695
216844
217085
217123
217185
217343
217549
217572
217583
217833
217971
218282
218309
218421
218490
218582
218732
218875
218999
219003
219539
219558
219582
219667
219868
219884
219937
219958
220043
220205
220338
220729
220767
220859
220945
221085
221089
221109
221119
221127
221157
221365
221366
221421
221422
221557
221589
221645
221710
221720
221768
222029
222066
222076
222083
222196
222246
222521
222583
222584
222653
222713
222762
222809
222817
223039
223107
223201
223437
223608
223774
223878
223918
224055
224212
224224
224268
224301
224449
224656
224779
224816
224841
224989
225006
225044
225054
225227
225238
225292
225350
225676
225712
225913
226055
226480
226540
226543
226651
226840
226874
226899
226956
227246
227253
227446
227499
227539
227568
227594
227613
227664
227789
227863
227868
227966
228103
228145
228185
228278
228547
228595
228610
228841
229168
229192
229215
229229
229259
229422
229423
229511
229548
229669
229969
229981
230217
230258
230274
230307
230333
230387
230412
230598
230631
230727
230839
230898
231004
231693
231711
231865
231873
231928
232002
232021
232309
232488
232490
232527
232567
232572
232773
232786
232889
232900
232974
233090
233342
233354
233406
233518
233653
233662
233712
233769
234270
234313
234525
234621
234746
235021
235033
235299
235350
235370
235467
235487
235497
235538
235622
235680
235694
235842
235873
236027
236034
236225
236328
236487
236504
236624
237002
237053
237314
237370
237392
237427
237631
237653
237738
237835
238118
238352
238508
238531
238709
238977
239014
239017
239088
239097
239198
239346
239599
239773
239799
239818
239835
239882
240049
240160
240317
240330
240403
240486
240515
240573
240725
240741
240912
240959
241115
241243
241319
241362
241385
241410
241562
241643
241704
241732
241771
241776
242014
242309
242335
242346
242570
242692
242851
242885
242903
242944
243317
243428
243528
243738
243870
244076
244167
244180
244289
244299
244347
244469
244511
244555
244677
244785
245129
245306
245314
245350
245603
245713
245776
245854
245938
245985
246088
246214
246505
246676
246785
246788
246926
246963
246976
247123
247221
247255
247336
247596
247650
247720
247977
247979
248021
248159
248485
248519
248560
248815
248900
248967
249011
249024
249048
249142
249440
249457
249522
249748
249823
249884
249908
250156
250293
250334
250486
250513
250547
250615
250710
250771
250817
250922
251018
251026
251050
251067
251085
251089
251095
251139
251166
251310
251441
251483
251750
251761
251823
251863
251938
251971
252076
252150
252170
252240
252244
252348
252443
252490
252590
252715
252870
253010
253030
253168
253266
253339
253401
253427
253433
253616
253630
253652
253687
253768
253793
254081
254093
254141
254145
254166
254287
254317
254461
254476
254529
255193
255373
255396
255440
255786
255901
255960
256039
256221
256448
256451
256540
256594
256803
256893
257217
257306
257414
257433
257476
257565
257628
257790
257937
258108
258121
258218
258219
258229
258371
258383
258537
258661
258684
258818
258968
259044
259061
259098
259271
259476
259504
259824
259845
259851
259877
259878
259879
259931
260067
260068
260084
260153
260175
260184
260318
260386
260505
260680
260687
260931
260972
260974
261281
261331
261362
261429
261545
261653
261660
261751
261994
262074
262184
262322
262366
262478
262830
262885
262924
262925
262948
263173
263193
263201
263222
263240
263281
263482
264177
264477
264591
264723
264726
264808
264981
265064
265128
265133
265151
265253
265270
265346
265486
265794
265841
265913
266047
266354
266419
266504
266570
266624
267154
267205
267807
267838
267849
268060
268075
268170
268174
268219
268283
268385
268424
268578
268697
268759
268914
268919
268967
268997
269076
269113
269303
269346
269435
269504
269524
269655
269694
269786
269792
269864
270075
270088
270407
270414
270417
270957
271017
271043
271212
271393
271398
271480
271712
271731
271736
271836
271864
272039
272076
272084
272201
272235
272380
272469
272498
272537
272547
272630
272704
272786
272941
273065
273160
273257
273335
273569
273725
273776
273849
273857
274340
274462
274550
274553
274746
274866
274897
274898
274998
274999
275032
275043
275105
275218
275321
275331
275335
275482
275586
275656
275658
276058
276194
276195
276229
276343
276392
276596
276626
276632
276747
276975
277048
277063
277147
277167
277305
277418
277596
277837
277994
278050
278182
278208
278422
278488
278492
278494
278659
278689
279057
279098
279217
279411
279678
279744
279777
279781
279838
279854
279949
280193
280303
280557
280624
280675
280682
280714
280793
280907
281225
281366
281510
281641
281670
281749
281829
281832
281878
281903
282018
282058
282063
282241
282423
282453
282458
282467
282585
282604
282691
282770
282958
283066
283104
283165
283265
283268
283354
283481
283492
283636
283818
283826
283868
283948
284051
284544
284590
284595
284649
284694
284787
284965
284971
284980
285002
285094
285189
285469
285544
285578
285622
285722
285759
286145
286296
286667
286718
286835
287044
287075
287248
287379
287518
287632
287686
287706
287743
287970
287988
288067
288099
288128
288138
288169
288219
288274
288347
288438
288692
288704
288765
288847
288881
289305
289459
289533
289692
289895
290049
290116
290319
290355
290568
290826
290843
290892
290934
290941
290969
291018
291079
291314
291340
291346
291375
291539
291667
291693
291879
291899
291933
292199
292265
292371
292514
292548
292599
292652
292765
292857
292919
293078
293241
293341
293356
293361
293362
293397
293509
293511
293616
293822
293915
294047
294059
294094
294104
294147
294256
294360
294503
294630
294734
294828
294907
294940
295056
295214
295385
295446
295457
295540
295569
295627
295652
296098
296139
296224
296236
296273
296288
296305
296363
296368
296459
296557
296774
296798
296837
296864
297005
297069
297132
297140
297184
297280
297328
297433
297526
297531
297575
297598
297719
297735
297792
297921
297966
298008
298215
298530
298547
298651
298658
298691
298761
298772
298907
299073
299082
299115
299212
299490
299527
299634
299639
299739
299763
299873
299885
299892
300149
300264
300345
300383
300407
300429
300469
300567
300750
300761
300964
300981
301220
301350
301658
301660
301926
301950
301956
301984
302040
302193
302232
302253
302278
302280
302311
302318
302506
302604
302877
303029
303056
303071
303143
303391
303567
303579
303700
303782
303868
303951
304097
304134
304200
304252
304409
304478
304738
304921
305202
305203
305299
305381
305508
305520
305536
305568
305659
305708
305781
305829
305997
306248
306309
306408
306524
306788
306869
306893
307165
307198
307240
307329
307349
307372
307726
307939
308113
308202
308220
308266
308287
308323
308334
308398
308427
308473
308509
308606
308729
308835
308863
308884
308898
309112
309162
309274
309321
309345
309421
309431
309436
309562
309640
310772
310996
311111
311142
311153
311174
311280
311380
311543
311690
311997
312155
312191
312213
312309
312454
312505
312838
312847
312882
312922
313183
313285
313295
313305
313371
313431
313502
313531
313596
313608
313661
313708
313730
313967
313998
314004
314120
314128
314323
314438
314473
314483
314520
314548
314556
314601
315066
315085
315311
315416
315444
315618
315721
316340
316359
316460
316487
316505
316692
316709
316754
316782
316912
317019
317120
317254
317286
317493
317553
317560
317590
317761
318000
318041
318158
318264
318274
318542
318684
318720
318723
318764
318857
318859
318870
318877
319076
319078
319197
319280
319309
319564
319634
319723
319921
319982
320147
320159
320205
320221
320420
320440
320493
320498
320564
320572
320586
320631
320658
320784
320787
320836
320847
320969
321058
321063
321505
321633
321697
322044
322078
322193
322481
322679
322726
322739
322764
322818
322983
323083
323182
323191
323194
323202
323252
323682
323836
323887
323958
323989
324061
324140
324213
324533
324936
325027
325092
325229
325260
325322
325364
325430
325443
325457
325478
325482
325522
325524
325756
325757
325779
325782
325816
325872
325994
326134
326285
326386
326391
326526
326664
326735
326749
326845
326940
326993
327026
327100
327334
327518
327676
327679
328002
328058
328116
328242
328267
328528
328545
328551
328647
328728
328770
328851
328958
329022
329090
329123
329210
329231
329365
329460
329464
329493
329499
329671
329813
329880
330099
330159
330243
330265
330297
330378
330661
330730
330766
330828
330994
331037
331168
331179
331203
331285
331545
331599
331811
331876
331996
332001
332051
332073
332240
332241
332244
332278
332286
332374
332615
332711
332733
333110
333299
333374
333391
333513
334272
334322
334323
334350
334412
334594
334808
334815
334908
335312
335406
335683
335692
335961
336138
336262
336362
336395
336400
336427
336580
336732
336892
336987
336989
337033
337037
337143
337168
337334
337423
337521
337524
337594
337605
337610
337612
337737
337866
337882
337982
338097
338244
338283
338449
338658
338773
338859
338897
338906
338938
339209
339221
339246
339434
339439
339686
339713
339739
339788
339967
340002
340207
340211
340269
340328
340372
340444
340743
340823
340952
340995
341063
341087
341176
341251
341320
341501
341511
341599
341611
341615
341661
341940
342199
342568
342649
342694
342883
342903
342941
343069
343114
343163
343338
343610
343853
343917
343947
343968
344015
344078
344108
344127
344146
344475
344494
344609
344689
344728
344990
345227
345244
345262
345524
345533
345582
345599
345644
345772
345838
345843
345878
345914
345965
346003
346024
346050
346062
346065
346076
346093
346377
346455
346477
346514
346591
346592
346688
346836
346988
347091
347172
347243
347266
347545
347614
347617
347732
347763
348065
348113
348544
348688
348839
348891
348898
349102
349114
349128
349213
349498
349725
349954
350042
350046
350346
350438
350469
350494
350625
350719
350761
350905
351042
351069
351116
351281
351379
351391
351478
351486
351506
351757
351970
352012
352076
352106
352228
352278
352350
352366
352444
352466
352674
352682
352686
352811
352844
353050
353061
353240
353260
353387
353516
353595
353624
353683
353710
353743
353911
353940
354070
354123
354180
354275
354556
354736
354780
354947
355206
355331
355403
355473
355496
355517
355524
355551
355983
356174
356222
356498
356507
356732
356766
356825
357150
357221
357610
357706
357952
357994
358034
358048
358261
358456
358570
358596
358622
358702
358796
358829
358875
358938
358987
358991
359402
359568
359571
359586
359692
359787
359803
359929
359972
359991
360078
360086
360132
360171
360296
360367
360566
360640
360656
360817
360860
360895
360940
360961
361030
361069
361096
361222
361435
361497
361522
361531
361603
361794
362082
362118
362138
362139
362260
362750
362785
362913
362973
363293
363299
363497
363671
363693
363754
363918
363962
363967
363971
364133
364160
364279
364472
364541
364582
364870
365000
365088
365122
365167
365288
365430
365546
365626
365768
365869
366028
366170
366193
366248
366309
366323
366475
366639
366672
366733
366761
366814
366948
367014
367307
367313
367401
367430
367522
367693
367765
367943
368034
368067
368072
368189
368205
368335
368352
368401
368497
368543
368547
368622
368705
368710
368740
368973
369085
369113
369124
369243
369249
369369
369430
369446
369557
369656
369657
369680
369820
369823
369957
370046
370342
370626
370650
370667
370797
370879
370908
370981
371139
371193
371268
371388
371393
371573
371800
372018
372114
372426
372742
372983
373090
373144
373227
373231
373232
373293
373355
373513
373637
373660
373692
373772
373779
373792
373793
373891
373918
374197
374380
374393
374442
374477
374588
374599
374681
374708
374711
374799
374860
374912
375064
375128
375420
375482
375498
375510
375573
375596
375598
375628
375722
375729
375798
375899
375925
375980
376038
376353
376414
376459
376541
376747
376870
377068
377233
377274
377288
377289
377314
377358
377542
377598
377791
377839
378100
378168
378235
378401
378536
378576
378607
378689
378976
378978
379007
379021
379209
379311
379511
379557
379774
379784
379834
379913
380252
380580
380665
380769
380986
381037
381211
381455
381459
381642
381880
382000
382053
382069
382166
382181
382319
382357
382566
382661
382667
382868
382921
383093
383153
383381
383574
383648
383706
383797
383896
383968
384108
384129
384216
384318
384323
384348
384361
384375
384608
384615
384735
385036
385082
385085
385120
385152
385161
385176
385324
385394
385426
385444
385501
385508
385517
385543
385623
385643
385811
385834
385872
386207
386238
386252
386356
386371
386404
386426
386475
386503
386592
386594
386631
386681
386688
386758
386775
386795
386851
387015
387038
387538
387737
387867
387936
387947
388259
388276
388413
388748
388795
388802
388807
388816
388843
388859
389003
389112
389163
389168
389291
389331
389361
389424
389488
389597
390022
390048
390119
390298
390303
390351
390502
390539
390564
390636
390648
390751
390761
390824
390957
390981
391007
391055
391232
391332
391611
391832
392147
392155
392395
392444
392673
392675
392744
392865
392870
392927
393081
393237
393305
393315
393364
393603
393645
393783
393849
393976
394050
394181
394184
394348
394577
394578
394589
394751
394767
394812
395002
395117
395169
395177
395275
395345
395422
395473
395702
395875
395951
396227
396312
396412
396535
396539
396567
396609
396796
396928
397127
397210
397214
397226
397230
397530
397619
397660
397704
397771
397803
397936
398110
398154
398291
398304
398329
398407
398605
398637
398666
398686
399002
399008
399061
399128
399173
399728
399737
399748
399749
399818
400185
400276
400377
400429
400716
400793
400817
400906
401095
401355
401357
401673
401706
401837
401942
402007
402049
402293
402617
402640
402735
403009
403153
403190
403329
403510
403656
403884
403944
404146
404268
404353
404377
404820
404857
404921
405100
405211
405248
405289
405326
405369
405418
405562
405612
405684
405706
405715
405812
405836
405851
406042
406062
406115
406135
406302
406342
406355
406454
406577
406621
406706
406931
407103
407321
407360
407428
407568
407643
407759
407835
408225
408352
408680
408856
409133
409139
409170
409236
409259
409287
409372
409419
409734
409977
410031
410168
410290
410317
410368
410518
410550
410656
410733
410767
410779
410788
410966
411098
411173
411421
411461
411491
411560
411613
411620
411660
411848
412302
412317
412336
412362
412411
412455
412710
412766
412883
412989
413001
413032
413105
413160
413266
413315
413330
413714
414035
414175
414212
414363
414389
414640
414733
414764
415050
415072
415150
415229
415258
415348
415373
415383
415417
415422
415480
415724
415936
416025
416029
416111
416224
416251
416282
416570
416966
417402
417420
417425
417426
417462
417485
417496
417507
417625
417668
417722
417782
417841
417868
417870
418041
418168
418332
418352
418355
418358
418855
418874
418934
419005
419074
419094
419170
419204
419592
419627
419659
419887
420108
420109
420192
420216
420249
420322
420432
420437
420449
420578
420615
420765
420835
421067
421082
421401
421588
421807
421976
421988
422015
422200
422238
422275
422313
422621
422696
422723
422782
422828
422880
422920
423286
423302
423325
423327
423574
423629
423678
423727
423764
423784
423923
424015
424071
424097
424295
424539
425019
425267
425284
425433
425499
425628
425749
425760
425881
425925
425969
425996
426143
426192
426263
426324
426551
426610
426623
426781
426929
426985
427008
427153
427168
427356
427394
427550
427574
427602
427775
427832
427847
427965
428113
428116
428129
428280
428438
428861
428969
429009
429111
429215
429298
429374
429453
429585
429614
429682
429839
430072
430138
430141
430186
430207
430305
430431
430520
430745
430819
430993
431000
431190
431229
431325
431347
431380
431441
431506
431526
431576
431714
431733
431865
431874
432025
432054
432089
432190
432201
432250
432325
432599
432677
432745
432770
432821
432841
432866
432915
433010
433024
433091
433165
433241
433372
433392
433408
433766
434241
434285
434340
434396
434533
434594
434889
435133
435240
435484
435615
435636
435968
435986
436075
436242
436393
436521
436622
436800
436884
437018
437245
437269
437375
437398
437631
437746
437814
437927
437961
437991
438122
438148
438168
438181
438188
438223
438227
438484
438680
438684
438789
439025
439212
439227
439390
439763
440070
440136
440165
440209
440231
440271
440381
440511
440715
440759
440801
440954
441121
441328
441577
441692
441718
441800
441852
441875
441998
442145
442163
442177
442386
442488
442572
442585
442807
442823
442948
442994
443281
443395
443409
443723
443846
443934
444021
444091
444136
444186
444220
444304
444356
444415
444416
444547
444634
444806
444812
444854
444884
444965
445046
445225
445323
445342
445370
445458
445501
445597
445665
445706
445729
445732
445832
445904
446050
446081
446099
446144
446592
446768
446831
446961
446970
447185
447664
447819
447917
447925
447929
448004
448073
448108
448327
448348
448425
448596
448609
448628
448635
448642
448767
448981
449067
449425
449456
449507
449715
449738
449924
449932
450003
450095
450211
450429
450518
450644
450661
450684
450725
450804
450972
451119
451120
451172
451232
451374
451471
451505
451518
451618
451643
451961
452042
452075
452086
452101
452108
452133
452150
452238
452262
452309
452316
452511
452684
452772
452795
452977
453077
453372
453728
453776
453785
453908
454003
454142
454287
454381
454410
454513
454530
454584
454837
454871
454879
454950
455020
455300
455467
455783
455952
456095
456172
456308
456585
456621
456959
457080
457239
457321
457437
457714
457729
457857
457991
458039
458044
458066
458100
458149
458161
458281
458522
458563
458566
458595
458725
458926
459218
459441
459542
459608
459681
459885
459903
459906
459943
459977
460021
460249
460266
460294
460638
460716
460748
460751
460938
461141
461166
461185
461270
461280
461284
461323
461466
461505
461790
461794
462091
462096
462135
462176
462406
462427
462471
462582
463129
463315
463425
463438
463739
463743
463760
463862
463894
464018
464022
464028
464259
464344
464366
464584
464633
464804
464824
465255
465257
465373
465542
465878
465998
466021
466076
466206
466430
466475
466666
466698
466716
466785
466791
466948
467098
467260
467323
467380
467477
467505
467715
467792
467802
468282
468361
468368
468964
469046
469226
469267
469310
469333
469353
469451
469475
469726
469983
470084
470146
470170
470240
470253
470273
470328
470360
470504
470614
470704
470910
470926
470998
471002
471295
471494
471715
471905
472055
472154
472328
472543
472622
472704
472713
472979
473292
473478
473597
473638
473745
473941
474114
474152
474222
474292
474354
474445
474526
474683
474686
474720
474735
474817
474848
474991
475023
475040
475345
475383
475389
475438
475654
475709
475782
475783
475955
476068
476305
476323
476363
476498
476554
476560
476955
476987
477194
477241
477417
477526
477749
477822
478101
478190
478191
478318
478325
478347
478472
478494
478568
478739
478800
478985
479136
479148
479254
479336
479397
479529
479752
479842
479913
480025
480034
480062
480172
480340
480349
480372
480431
480487
480643
480757
480835
481070
481138
481195
481230
481316
481427
481505
481551
481630
481730
481731
481825
481841
482001
482012
482019
482154
482160
482294
482337
482399
482597
482859
483067
483183
483386
483432
483562
483924
484003
484061
484129
484295
484339
484716
484738
485316
485317
485421
485665
485666
485760
485773
485875
485879
485946
485952
486056
486112
486118
486182
486212
486321
486518
486520
486733
486818
486825
486858
486866
486879
486950
486985
487321
487441
487459
487531
487532
487568
487593
487621
487682
487923
488000
488207
488306
488369
488473
488494
488662
489087
489111
489200
489271
489302
489670
489775
489881
489954
490062
490104
490122
490129
490132
490153
490190
490344
490868
490918
490956
490966
491011
491244
491268
491521
491680
491774
491881
492166
492239
492272
492300
492342
492435
492473
492716
492799
492890
492906
493205
493236
493587
493623
493882
493909
493913
493966
494029
494072
494116
494118
494162
494222
494254
494430
494554
494579
494655
494677
494787
495012
495363
495417
495557
495811
495821
495884
495998
496029
496044
496050
496091
496120
496180
496226
496448
496482
496610
496632
496636
496762
496777
496780
496857
496870
496911
496989
496993
497210
497267
497398
497509
497648
497662
497760
497832
498135
498237
498283
498584
498675
498994
498995
498997
499136
499218
499549
499599
499751
499861
499952
500002
500315
500408
500571
500857
501025
501220
501474
501609
501684
501753
501764
501826
502098
502199
502214
502347
502441
502503
502610
502682
502991
503060
503104
503114
503160
503283
503320
503377
503413
503451
503475
503613
503629
503700
503879
503884
503897
503993
504117
504230
504302
504314
504578
504875
504942
505011
505083
505370
505459
505548
505596
505605
505623
505676
505766
505818
505940
506028
506049
506146
506161
506250
506567
506661
506938
507297
507365
507412
507415
507466
507559
507692
507834
507977
508066
508184
508210
508284
508318
508320
508631
508723
508757
508797
508968
509157
509462
509591
509698
509726
509785
509827
509834
509919
509920
509921
509943
510020
510353
510477
510596
510682
510754
510848
510938
510984
511065
511290
511301
511313
511407
511516
511754
511846
511868
511873
512138
512281
512411
512619
512824
512869
513090
513188
513213
513242
513250
513298
513504
513520
513596
513677
513891
514028
514072
514175
514232
514252
514306
514526
514531
514563
514607
514634
514678
514831
514887
514913
515126
515152
515357
515492
515522
515577
515656
515669
515684
515717
515808
515843
515857
515900
515911
515975
516316
516367
516527
516533
516767
516815
516899
516917
517034
517214
517583
517649
517725
517750
517777
517800
517820
517834
517854
517925
518017
518059
518122
518150
518541
518542
518575
518625
518666
518740
518746
518758
518924
518963
519006
519040
519130
519267
519288
519439
519750
519811
519908
519952
520041
520139
520349
520477
520806
520834
520886
520980
521214
521219
521285
521488
521543
521707
521740
521893
521932
522063
522122
522151
522166
522319
522426
522452
522625
522713
522768
522790
522992
523058
523067
523331
523509
523582
523610
523750
523762
524130
524147
524212
524243
524451
524592
524632
524765
524891
524990
525023
525084
525245
525254
525382
525496
525550
525643
525773
525896
525936
525947
526026
526457
526494
526532
526597
526744
526861
526938
526989
527010
527114
527133
527362
527365
527414
527426
527628
527694
527916
527924
528034
528144
528216
528280
528292
528392
528417
528520
528528
528582
528750
528760
528798
528808
528958
529089
529417
529481
529493
529637
529649
529798
530010
530024
530047
530069
530183
530212
530241
530313
530418
530531
530617
530629
530919
531191
531216
531219
531457
531561
531580
531620
531625
531662
531825
531856
531890
532047
532166
532427
532460
532472
532594
532618
532779
532792
532813
532881
532941
532948
533127
533148
533236
533392
533631
533707
533712
533844
533963
533966
534014
534045
534060
534131
534166
534380
534390
534432
534475
534523
534601
534717
534786
534900
534909
534936
534966
534991
535051
535102
535412
535443
535468
535571
535815
535846
535865
535900
536149
536172
536358
536479
536490
536495
536498
536768
536935
536953
537034
537066
537133
537182
537212
537231
537354
537383
537460
537876
538170
538197
538290
538309
538433
538537
538566
538622
538918
538921
538991
539089
539098
539125
539160
539180
539370
539462
539586
539845
540058
540623
540737
540759
541171
541189
541305
541364
541393
541552
541585
541618
541652
541683
541697
541738
541761
541853
542091
542112
542492
542533
542545
542571
542691
542841
542953
542980
543067
543129
543264
543270
543470
543536
543561
543580
543621
543700
543857
543874
543917
543921
543980
544065
544234
544259
544294
544439
544448
544517
544771
544944
544948
544950
544970
545092
545360
545375
545400
545457
545606
545701
545707
545962
546102
546293
546582
546721
546792
546905
547096
547236
547265
547325
547456
547516
547592
547872
547934
547967
548040
548054
548152
548180
548229
548284
548342
548382
548443
548450
548670
548796
548927
549046
549118
549197
549200
549320
549487
549533
549987
549993
550148
550215
550316
550601
550607
550780
550866
550883
551092
551380
551447
551484
551491
551618
551756
551836
551862
551935
551995
552010
552092
552312
552317
552369
552544
552592
552642
552835
552841
552896
552925
552973
553004
553012
553074
553083
553120
553294
553381
553400
553426
553483
553574
553744
553846
553865
553929
554024
554493
554503
554611
554731
554772
554889
555134
555396
555446
555522
555553
555598
555691
555859
556110
556283
556313
556491
556614
556847
556868
556924
557003
557089
557162
557288
557449
557530
557536
557682
557798
558070
558083
558167
558233
558308
558423
558481
558493
558615
558715
558783
558878
558930
559227
559250
559313
559462
559664
559941
560149
560205
560407
560463
560682
560737
560801
560959
561039
561102
561137
561143
561342
561514
561519
561566
561602
561607
561629
561662
561869
561990
562014
562116
562485
562502
562595
562685
562720
562810
562907
563023
563037
563042
563092
563354
563363
563608
563626
563637
563810
563915
563940
564033
564051
564058
564167
564193
564241
564276
564434
564463
564559
564561
564658
564672
564808
564934
564997
565055
565065
565132
565247
565358
565406
565497
565567
565655
565768
565777
565879
565900
566065
566068
566118
566362
566503
566539
566603
566751
566782
566861
567030
567072
567165
567216
567266
567608
567736
567780
568052
568173
568230
568445
568554
568582
568687
568924
568935
569264
569313
569352
569515
569519
569553
569590
569727
570063
570123
570348
570517
570645
570768
570946
570987
571125
571300
571389
571416
571617
571683
571724
571779
571871
571881
572006
572176
572340
572407
572590
572635
572636
573160
573514
573592
573629
573756
573759
573800
573813
574218
574276
574348
574463
574587
574743
575066
575175
575218
575340
575564
575695
575815
575954
576140
576239
576393
576397
576422
576446
576491
576722
576841
576877
576904
576958
577002
577022
577025
577321
577490
577587
577636
577694
577801
577833
578049
578267
578592
578762
578798
578811
578888
578921
579194
579266
579282
579285
579489
579518
579608
579769
579784
579802
579906
579976
580025
580132
580320
580329
580531
580666
580804
580831
580847
580898
580910
580948
580961
581289
581479
581499
581520
581823
581831
581834
581969
582045
582076
582165
582206
582302
582365
582397
582435
582562
582574
582725
582888
582938
582946
583003
583039
583096
583167
583195
583253
583278
583288
583414
583427
583713
583883
583919
584044
584109
584151
584236
584411
584413
584437
584539
584550
584556
584843
584873
584998
585003
585172
585353
585434
585485
585549
585623
585661
585665
585731
585829
586192
586275
586422
586445
586479
586913
587012
587277
587302
587367
587447
587496
587502
587831
587924
587963
588221
588226
588418
588631
588675
588694
589058
589117
589121
589123
589313
589444
589458
589565
589811
589936
590004
590385
591079
591172
591304
591375
591432
591484
591833
591900
591908
591955
591970
592076
592154
592294
592433
592483
592525
592648
592687
592771
592953
592957
593096
593165
593255
593438
593468
593473
593503
593626
593697
593792
593928
594074
594081
594181
594312
594338
594431
594642
594703
594873
594882
594905
594932
595030
595095
595391
595405
595441
595549
595707
595984
596158
596440
596453
596722
596736
596894
596946
597011
597088
597107
597414
597445
597622
597775
597963
598247
598330
598419
598905
599213
599220
599414
599581
599590
599673
599684
599719
599818
599922
599930
599957
600245
600306
600434
600564
600658
600767
600787
600863
600957
601078
601139
601297
601419
601625
601740
601850
602039
602050
602105
602283
602361
602368
602396
602431
602524
602533
602592
602643
602710
602752
602827
602942
602957
603143
603290
603344
603492
603547
603582
603665
603740
604112
604158
604242
604440
604515
604600
604681
604719
604782
604869
604882
604916
604962
604966
605101
605151
605255
605293
605338
605414
605545
605707
605732
605769
605977
605986
605994
606106
606206
606467
606584
606644
606707
606812
606871
606977
607069
607197
607199
607262
607351
607439
607504
607543
607606
607757
607772
607801
608189
608459
608497
608572
608638
608762
608812
608865
609004
609090
609137
609193
609293
609408
609540
609584
609790
609894
609942
609995
610118
610130
610133
610195
610208
610266
610284
610326
610460
610470
610638
610719
610817
610841
610911
610956
610991
611111
611268
611280
611284
611437
611604
611672
611678
611880
612123
612321
612330
612460
612639
612761
612798
612807
613097
613187
613245
613409
613465
613471
613503
613579
613607
613715
613845
613940
614083
614091
614098
614122
614217
614238
614281
614434
614626
614651
614656
614692
614709
614835
615012
615040
615287
615328
615356
615385
615501
615612
615852
615870
616104
616211
616247
616524
616589
616716
616728
616841
616883
616934
616965
616997
617060
617216
617351
617377
617404
617426
617562
617768
617834
617950
617953
618152
618220
618410
618834
618857
618870
618919
618942
618975
619396
619398
619498
619514
619594
619687
619736
619774
619957
620084
620104
620151
620191
620195
620198
620202
620452
620484
620575
620821
620892
621034
621209
621235
621334
621522
621582
621633
621956
621986
622215
622305
622306
622370
622475
622572
623179
623369
623395
623500
623559
623658
623705
623760
623921
624146
624390
624420
625324
625456
625583
625627
625679
625741
625799
625994
626007
626119
626127
626134
626179
626181
626196
626227
626252
626355
626395
626426
626712
626875
627024
627262
627436
627545
627721
627759
627818
628056
628165
628201
628392
628429
628676
628814
628941
628985
629117
629154
629272
629333
629536
629551
629650
630036
630040
630130
630277
630343
630403
630522
630529
630639
630722
630837
630874
630944
631020
631055
631129
631174
631252
631258
631287
631299
631389
631543
631568
631746
631786
631970
632037
632042
632080
632557
632933
632952
633553
633560
633662
633751
633912
633943
634344
634352
634554
634630
634725
634745
635003
635169
635303
635325
635336
635411
635431
635462
635513
635589
635601
635885
635939
635998
636099
636208
636224
636240
636311
636342
636392
636494
636532
636553
636659
636688
636864
636944
636976
637118
637523
637635
637835
637848
637871
637936
637950
638151
638222
638275
638286
638430
638445
638484
638762
638802
638825
638837
638858
639015
639135
639364
639444
639537
639549
639573
639650
639706
639755
640052
640195
640235
640270
640274
640609
640671
640820
640861
640891
640943
640967
641123
641240
641498
641675
641926
641977
641990
641997
642115
642229
642287
642334
642337
642445
642540
642713
642741
642791
642825
642855
642906
642969
643062
643127
643289
643466
643487
643526
643578
643805
643878
644097
644156
644282
644391
644563
644581
644669
644819
644844
644920
645551
645583
645589
645611
645659
645679
645885
646027
646147
646164
646188
646222
646300
646334
646379
646443
646553
646637
646688
646851
646923
646943
646982
647039
647161
647175
647179
647210
647251
647670
647696
647965
648163
648233
648384
648411
648457
648497
648537
648691
648736
648754
648865
649039
649057
649113
649186
649338
649360
649421
649493
649656
649731
649775
649788
649804
649821
649850
649889
649892
650109
650378
650501
650519
650579
650729
650737
650823
651055
651058
651122
651124
651149
651167
651196
651455
651592
651812
651820
652028
652053
652113
652162
652180
652235
652262
652263
652351
652550
652812
652828
652890
652893
653151
653279
653302
653313
653459
653483
653488
653510
653633
653910
654118
654444
654524
654570
654673
654755
654756
654844
654915
654926
654952
654986
654989
655043
655113
655275
655335
655372
655548
655952
656118
656130
656253
656295
656382
656677
656783
656927
657002
657094
657188
657207
657345
657665
657860
657931
657948
658220
658371
658418
658480
658542
658713
658723
658837
659066
659215
659316
659392
659397
659644
659738
659771
659941
659982
660022
660091
660121
660261
660262
660469
660538
660770
660775
661020
661081
661281
661289
661630
661825
661849
661852
661853
661976
662167
662204
662293
662673
662675
662767
662784
663045
663108
663136
663215
663327
663337
663406
663466
663487
663558
663612
663655
663806
663837
663940
663944
664054
664085
664148
664461
664462
664532
664569
664573
664643
664777
664855
664865
664898
665034
665266
665268
665336
665381
665509
665566
665840
665889
665959
665996
666008
666068
666165
666381
666471
666912
667229
667267
667387
667867
667914
668189
668299
668381
668395
668627
668736
668801
668803
668854
668880
668963
669587
669588
669886
669927
670044
670069
670139
670450
670501
670506
670764
671027
671070
671080
671429
671449
671521
671820
671828
671883
672043
672146
672230
672281
672399
672453
672489
672554
672614
672704
672717
672754
672872
672876
672929
673065
673129
673153
673310
673469
673506
673528
673608
673697
673755
673800
673820
673913
674104
674109
674270
674321
674356
674369
674504
674598
674634
674685
674894
675157
675208
675396
675479
675578
675660
675744
676043
676153
676176
676199
676255
676344
676404
676497
676498
676642
676660
676736
676904
677203
677404
677469
677610
677643
677781
677810
677914
677993
678332
678564
678990
679015
679078
679510
679750
679759
679815
679850
679879
679952
680258
680404
680431
680434
680609
680705
680821
681012
681285
681479
681519
681537
681681
681705
681937
681956
682138
682351
682359
682364
682422
682550
682561
682668
682728
682771
682918
682955
683120
683189
683354
683365
683475
683567
683631
683732
683800
683882
683907
684121
684347
684401
684460
684503
684609
685015
685021
685046
685132
685155
685177
685283
685334
685736
685760
685797
685947
686108
686223
686312
686358
686458
686493
686512
686549
686818
686842
686939
687042
687140
687319
687396
687428
687530
687641
687734
687942
687957
688167
688241
688493
688523
688571
688727
688826
688887
688908
688934
688939
689012
689045
689239
689453
689627
689776
689810
689879
689991
690017
690034
690055
690060
690115
690271
690349
690864
690896
690917
690983
691172
691201
691239
691259
691333
691514
691542
691730
691856
692018
692036
692222
692240
692261
692387
692417
692591
692703
692762
692774
692775
692908
692954
692994
693254
693336
693345
693519
693599
693621
693803
693846
693918
693938
694064
694526
694529
694553
694594
694734
694736
694774
694779
694930
695067
695185
695362
695433
695463
695587
695825
695912
695961
695973
695996
696169
696191
696223
696332
696342
696363
696529
696661
696980
697038
697086
697272
697488
697534
697543
697641
697770
698148
698467
698557
698667
698928
698930
699163
699181
699207
699294
699349
699440
699520
699609
699626
699671
699685
699736
699743
699970
700028
700057
700130
700145
700202
700269
700345
700395
700516
700625
700695
700732
700824
700877
700949
701185
701301
701412
701453
701643
701720
701800
701827
701917
702057
702154
702286
702302
702331
702351
702442
702487
702614
702912
702963
703062
703177
703355
703470
703536
703763
703912
703978
704079
704230
704273
704302
704325
704357
704493
704544
704562
704649
704721
704895
704965
705021
705168
705267
705272
705301
705454
705749
705977
705988
706028
706072
706144
706269
706346
706389
706486
706496
706647
706746
706808
706983
707184
707198
707505
707509
707688
708024
708049
708126
708243
708246
708383
708465
708573
708584
708719
709147
709219
709311
709325
709403
709467
709556
709565
709596
709649
709740
709859
709878
710059
710108
710121
710149
710208
710355
710478
710580
710623
710664
710871
711023
711058
711846
712096
712214
712326
712341
712387
712550
712575
712638
712721
712821
712832
712833
713005
713025
713075
713138
713202
713234
713249
713478
713489
713536
713608
713692
713982
714207
714391
714409
714455
714547
714582
714724
714859
714907
714914
714949
714986
715080
715095
715572
715581
715862
715882
715978
716082
716129
716155
716362
716468
716505
716531
716539
716597
716770
716832
716903
716918
717026
717159
717176
717257
717283
717526
717588
717644
717888
717893
718150
718527
718587
718715
718926
718939
718957
718982
719116
719139
719255
719310
719456
719478
719503
719615
719713
719945
719946
720171
720319
720357
720417
720425
720709
720755
720819
720856
720895
721071
721152
721184
721294
721354
721531
721568
721676
721682
721862
721869
722130
722277
722392
722398
722480
722550
722608
722641
722725
722924
722950
723216
723283
723416
723498
723623
723687
723775
723794
723843
723965
723993
724039
724046
724108
724199
724274
724383
724385
724429
724508
724538
724918
724989
725127
725139
725151
725261
725503
725510
725553
725600
725875
725882
725907
725965
726013
726079
726626
726675
726709
726720
726731
726843
726923
726984
727091
727236
727526
727531
727623
727673
727778
727859
728075
728110
728239
728664
728734
728831
728852
728915
728925
728966
728983
729060
729061
729072
729162
729291
729332
729516
729643
729686
729727
729824
729950
729966
730115
730160
730254
730334
730396
730609
730791
730978
731185
731214
731242
731334
731703
731930
732040
732086
732088
732104
732112
732203
732367
732657
732790
732906
732921
732974
733050
733082
733348
733384
733527
733621
733644
733938
733948
734282
734308
734325
734497
734573
734592
734859
735071
735202
735236
735354
735467
735576
735631
735683
735848
735863
735875
735967
735990
736036
736069
736117
736309
736441
736653
736846
736956
737215
737256
737340
737434
737515
737530
737588
737692
738169
738256
738353
738363
738430
738454
738533
738538
738577
738710
738820
738870
738952
739000
739034
739105
739114
739174
739183
739267
739272
739417
739524
739571
739573
739675
739704
739766
739785
739959
739980
740144
740146
740369
740590
740701
740784
740900
741056
741076
741173
741302
741702
741859
741860
741953
742002
742247
742282
742336
742392
742596
742744
742791
742864
743085
743196
743264
743365
743371
743618
743624
743764
743853
744004
744070
744093
744112
744255
744703
744738
744798
744894
745009
745365
745446
745539
745604
745662
745672
745681
745778
746027
746047
746057
746094
746232
746315
746661
746666
746844
747104
747248
747336
747756
747850
747983
747990
748008
748052
748101
748139
748199
748424
748506
748524
748536
749052
749114
749156
749191
749261
749542
749564
749570
749573
749687
749691
749708
750098
750179
750337
750406
750849
751103
751140
751213
751457
751495
751497
751546
751555
751626
751929
751938
751947
752011
752035
752099
752102
752159
752319
752367
752383
752457
752524
752764
752779
752790
752848
752870
752889
753213
753340
753517
753733
753777
753883
754014
754102
754144
754156
754352
754385
754447
754602
754605
754623
754688
754746
754942
754954
755016
755025
755058
755083
755288
755364
755483
755571
755586
755749
755762
755774
755802
756039
756041
756166
756336
756826
756895
757125
757227
757305
757407
757445
757472
757884
757943
758473
758512
758586
758678
758768
758928
759043
759104
759134
759142
759274
759454
759583
759642
759802
759839
759932
760044
760048
760053
760077
760220
760275
760472
760505
760567
760603
760631
760810
760872
761027
761112
761251
761258
761272
761398
761478
761563
761663
761675
761896
761907
761939
762015
762091
762412
762423
762452
762500
762613
762735
762830
763045
763068
763084
763185
763396
763414
763442
763532
763551
763587
763818
763871
763912
763938
763984
764068
764141
764478
764535
764541
764746
764767
764770
764802
764977
764996
765013
765119
765333
765339
765490
765491
765495
765513
765664
765676
765677
765710
765740
765910
765950
766034
766070
766172
766249
766350
766427
766499
766744
766854
766869
767130
767237
767260
767311
767478
767680
767703
767719
767829
767856
767917
767924
767952
767970
768144
768152
768178
768235
768369
768398
768608
768722
768815
769068
769143
769229
769532
769638
769726
769747
769785
770063
770091
770209
770308
770791
770793
770974
770988
771092
771547
771616
771621
771678
771765
771826
771855
771951
771970
771985
772001
772204
772467
772549
772609
772716
772892
773056
773319
773416
773524
773567
773590
773640
773656
773668
773737
773759
773795
773799
773881
773902
773945
774004
774223
774362
774501
774552
774632
774792
774816
774820
774827
774909
774915
774955
775002
775075
775207
775324
775360
775734
775748
775864
775949
776013
776027
776127
776135
776172
776253
776395
776431
776514
776558
776663
776765
776775
776801
776941
777039
777515
777532
777572
777677
778025
778045
778048
778108
778151
778256
778291
778471
778599
778709
778724
778764
778781
778934
779172
779189
779220
779364
779368
779426
779499
779651
779714
779723
779726
779850
779895
779917
779996
780117
780175
780269
780422
780472
780562
780636
780718
780793
780816
781076
781097
781278
781364
781398
781650
781676
781786
781787
781854
781870
781882
781954
782088
782119
782162
782184
782218
782313
782362
782747
782813
782828
783029
783203
783265
783427
783529
783575
783955
784023
784024
784059
784396
784550
784586
784792
784922
784955
785058
785127
785188
785244
785339
785369
785483
785495
785647
785903
785975
785983
786047
786239
786343
786356
786361
786469
786667
786689
786765
786842
787011
787093
787260
787576
787746
787763
788211
788288
788307
788352
788490
789039
789110
789124
789208
789282
789468
789522
789586
789625
789683
789688
789714
789927
789964
789974
789986
789993
790058
790191
790236
790237
790270
790368
790370
790439
790497
790612
790613
790748
790911
790980
791111
791225
791240
791244
791285
791450
791573
791716
791951
791965
792060
792117
792159
792172
792186
792293
792330
792351
792477
792494
792512
792540
792616
792630
792662
792770
792845
792890
792929
793021
793151
793425
793464
793476
793576
793648
793658
793770
793824
793945
794011
794124
794145
794185
794327
794369
794458
794471
794474
794483
794502
794524
794849
795285
795351
795415
795511
795734
795775
795858
795914
795937
796136
796236
796320
796371
796435
796464
796487
796506
796778
796851
796855
797184
797240
797634
797689
797885
797914
798322
798382
798389
798654
798860
798882
798930
798965
798970
799105
799154
799176
799295
799307
799403
799455
799500
799530
799571
799621
799638
799660
799791
799842
799909
799969
800047
800360
800564
800718
800722
800724
800760
800870
800886
800892
800903
800981
800993
801029
801147
801255
801363
801395
801515
801539
801750
802018
802286
802387
802455
802539
802700
802738
803112
803116
803139
803159
803305
803333
803478
803497
803622
803634
803717
803833
804285
804326
804364
804369
804395
804433
804438
804655
804697
804801
804860
804885
804916
805490
805638
805771
805801
805803
805811
805837
806205
806309
806557
806622
806645
806749
807002
807021
807209
807233
807350
807405
807457
807667
807702
807717
807781
807956
807968
808247
808338
808363
808376
808694
808748
808779
808908
808942
808961
808988
809064
809245
809511
809524
809627
809722
809848
809935
810000
810008
810216
810228
810297
810397
810400
810624
810697
810757
810768
810781
810805
810880
811055
811096
811290
811414
811517
811641
811643
811746
811862
811988
812034
812066
812122
812164
812248
812297
812432
812531
812555
812800
813073
813322
813323
813715
813726
813921
813935
814093
814118
814145
814165
814228
814376
814442
814681
814710
814832
814882
814944
815064
815257
815493
815617
815863
815936
816086
816109
816128
816474
816483
816485
816556
816569
816611
816661
816673
816724
816888
817004
817201
817245
817469
817510
817609
817766
817803
817917
818091
818212
818419
818436
818496
818728
818732
818737
818856
818858
819059
819065
819199
819269
819419
819581
819667
819743
819932
819972
820049
820134
820225
820244
820496
820684
820942
821021
821059
821151
821433
821472
821631
821641
821712
821714
821930
821965
822149
822225
822255
822269
822294
822309
822311
822632
822649
822657
822921
823105
823265
823330
823515
823599
823674
823688
823775
824364
824382
824440
824575
824585
824794
824823
824844
824896
824970
825064
825108
825290
825357
825439
825506
825573
825763
825889
825978
826061
826272
826303
826396
826421
826506
826594
826697
826738
826790
826906
827163
827340
827397
827436
827542
827567
827591
827878
828059
828157
828209
828319
828769
829040
829170
829191
829450
829485
829545
829747
829815
829840
830110
830185
830306
830485
830568
830627
830644
830656
831038
831170
831264
831472
831489
831499
831516
831581
831681
831755
831994
832054
832206
832402
832485
832550
832558
832602
832764
832841
832921
833010
833027
833034
833135
833272
833291
833348
833442
833504
833691
833722
833766
833940
834174
834253
834590
834596
834634
834674
834724
834819
834845
834982
835091
835369
835582
835639
835726
835986
836060
836088
836257
836353
836567
836579
836631
836801
836828
836856
836906
836922
836942
836969
836987
837050
837060
837082
837223
837269
837288
837377
837484
837593
837683
837887
837957
837993
838062
838078
838155
838287
838312
838403
838547
838557
838698
838737
839002
839061
839136
839159
839411
839554
839577
839610
839632
839668
839767
839768
839956
840092
840783
841061
841092
841120
841182
841536
841761
841809
841824
841839
841918
842010
842036
842046
842170
842201
842520
842603
842633
842674
842760
843003
843035
843155
843208
843582
843663
843702
843742
843829
843873
843938
843966
844044
844081
844130
844156
844234
844299
844441
844601
844701
845122
845376
845473
845479
845555
845578
845709
845829
845853
845907
845962
845975
846035
846175
846250
846404
846665
846759
846772
846838
846902
846939
847400
847538
848012
848244
848250
848380
848425
848475
848476
848699
848706
848768
848778
848815
848823
848855
848864
848866
848936
849009
849105
849148
849153
849282
849382
849425
849516
849589
849618
850124
850202
850270
850279
850504
850559
850620
850717
850810
850928
850969
851107
851115
851279
851408
851445
851596
851621
851625
851642
851780
851881
852008
852055
852086
852502
852558
852577
852800
852871
853064
853103
853469
853695
853784
853827
853926
854008
854009
854025
854458
854530
854633
854662
854761
855087
855101
855127
855133
855195
855207
855266
855598
855866
855917
856001
856008
856081
856109
856142
856307
856509
856641
856795
856798
856827
856874
856919
857006
857174
857206
857320
857518
857590
857666
857669
857701
857767
857820
858018
858220
858234
858274
858456
858473
858536
858587
858794
858795
858988
859178
859414
859480
859504
859549
859608
859626
859672
859695
859774
860001
860537
860613
860753
860869
860916
861039
861149
861234
861292
861369
861478
861529
861540
861550
861775
862023
862083
862142
862175
862281
862496
862501
862513
862574
862638
862646
862692
862891
862955
862960
863070
863213
863238
863313
863350
863476
863531
863667
863850
863889
864070
864156
864199
864206
864365
864478
864517
864654
864690
864954
864955
865019
865072
865132
865337
865403
865526
865695
865819
865882
866089
866106
866227
866973
867053
867146
867189
867232
867666
867836
867939
868045
868076
868102
868190
868275
868496
868735
868789
869070
869134
869188
869391
869393
869590
869709
869932
869933
870029
870044
870265
870385
870460
870474
870513
870788
870967
871223
871340
871403
871640
871648
871753
871920
871948
872061
872137
872209
872210
872265
872363
872378
872402
872477
872487
872490
872770
872783
872811
872933
872961
873115
873206
873247
873496
873542
873616
873630
873744
873747
873752
873838
873853
873913
873938
874126
874167
874179
874264
874283
874467
874500
874507
874552
874558
874661
874750
874834
874902
874962
875163
875239
875263
875340
875371
875449
875467
875474
875501
875533
875695
875794
875838
875856
875864
875965
875978
875979
876114
876171
876180
876241
876285
876294
876441
876522
876531
876601
876850
876892
876903
876988
877041
877084
877153
877233
877535
877597
877701
877808
877972
877998
878067
878082
878405
878563
878851
878924
879033
879280
879364
879398
879432
879446
879473
879596
879679
879719
879779
879834
879845
879912
879916
880008
880098
880367
880442
880509
880536
880635
880646
880723
880787
881076
881117
881141
881255
881316
881365
881551
881553
881560
881685
881866
882212
882412
882661
882757
882782
882881
882906
882912
882913
882960
882981
883726
883737
883801
883983
884040
884250
884258
884332
884452
884508
884559
884756
884876
885069
885104
885226
885261
885292
885296
885403
885528
885670
885766
885903
885912
885941
886087
886089
886113
886168
886296
886530
886561
886602
886655
886735
886993
887009
887019
887506
887750
887846
888011
888309
888653
888654
888692
888694
888824
888913
889054
889108
889109
889148
889200
889259
889440
889587
889623
889685
889731
889864
890099
890189
890223
890282
890359
890453
890469
890514
890529
890606
890677
890680
890746
890815
890916
890923
890955
890997
891021
891194
891209
891216
891306
891396
891433
891465
891570
891696
891770
891973
891984
892123
892161
892178
892318
892454
892507
892584
892661
892675
892791
892907
892909
893092
893411
893430
893541
893617
893624
893992
894049
894052
894117
894385
894387
894507
894830
894881
894882
894894
894986
895297
895378
895394
895543
895953
896191
896290
896296
896475
896597
896630
896647
896718
896745
896750
896858
896931
897002
897076
897086
897122
897163
897184
897225
897234
897357
897444
897554
897599
897682
897908
897920
898155
898241
898254
898273
898604
898631
898737
898810
898824
898837
898866
899322
899371
899433
899512
899613
899664
899807
899888
899922
900114
900259
900269
900310
900331
900363
900372
900376
900458
900468
900498
900653
900846
900853
900941
900977
901136
901302
901317
901321
901358
901427
901452
901472
901549
901747
902172
902182
902409
902731
902793
902811
902829
902834
902889
902913
902958
903096
903107
903215
903292
903317
903348
903418
903616
903628
903697
903704
904034
904229
904290
904453
904527
904771
904784
904827
904893
905104
905329
905346
905381
905387
905427
905530
905562
905590
905661
905716
905793
905984
906079
906095
906096
906152
906187
906256
906290
906347
906409
906411
906508
906517
906537
906691
906779
906978
907047
907142
907185
907287
907292
907340
907536
907545
907704
908006
908067
908131
908233
908278
908348
908544
908549
908608
908639
908674
908726
908728
908808
908994
909097
909098
909202
909233
909283
909342
909679
909751
910370
910582
910650
910841
910859
911051
911184
911186
911239
911338
911476
911691
911779
911827
911845
912075
912102
912105
912468
912482
912500
912824
912901
912963
913000
913009
913045
913187
913215
913275
913492
913555
913556
913616
913660
913721
913848
913853
913965
914042
914120
914163
914306
914399
914439
914505
914544
914598
914934
915049
915051
915081
915098
915291
915317
915682
915797
915933
916072
916112
916133
916411
916523
916559
916887
917020
917070
917161
917202
917348
917560
917722
917723
917937
917974
918169
918441
918458
918610
918692
918887
918912
918983
919185
919244
919346
919409
919493
919569
919640
919842
919954
919998
920048
920258
920284
920297
920324
920421
920600
920886
920958
921261
921464
921606
921648
921649
921694
921731
921905
921959
921984
922108
922143
922156
922393
922426
922479
922587
922669
922744
922856
922875
922892
922953
923049
923380
923596
923988
924023
924070
924180
924220
924234
924400
924771
924821
924838
924848
924876
924921
925119
925200
925362
925397
925756
926011
926136
926182
926290
926360
926390
926550
926752
926807
927063
927291
927357
927455
927472
927631
927680
927689
927878
928015
928199
928254
928275
928728
929146
929179
929275
929335
929341
929357
929416
929429
929622
929624
929663
929692
929760
929885
930015
930124
930139
930151
930322
930754
930821
930892
930901
931154
931242
931444
931493
931530
931627
931693
931779
932232
932268
932392
932419
932444
932804
932994
933218
933231
933426
933428
933635
933713
933751
933766
933841
934000
934280
934296
934400
934466
934589
934642
934649
934752
934801
934852
935106
935154
935216
935229
935724
935730
935813
935941
936383
936467
936589
936610
936628
936630
936721
936779
936840
936997
937207
937237
937345
937609
937622
937739
937746
937763
937800
938135
938166
938181
938339
938343
938385
938419
938495
938571
938614
938619
938653
938825
938897
939026
939363
939412
939521
939780
939788
939924
939926
939973
940134
940172
940388
940472
940530
940827
940947
941078
941217
941364
941395
941401
941415
941539
941633
941697
941776
941860
942133
942240
942485
942662
942954
942975
942987
943173
943279
943312
943416
943586
943770
943988
944024
944296
944304
944429
944675
944703
944715
944790
944802
944822
945077
945090
945227
945323
945421
945460
945506
945562
945578
945780
945947
946255
946730
946883
947135
947205
947222
947306
947369
947407
947538
947607
947609
947644
947726
947911
947914
947976
948101
948406
948474
948518
948679
948696
948770
949045
949325
949327
949597
949802
949904
949923
949984
950002
950133
950416
950477
950532
950578
950592
950595
950635
950652
950940
950958
950960
951081
951225
951236
951292
951431
951530
951550
951557
952002
952060
952167
952242
952354
952633
952908
952990
953235
953259
953325
953406
953660
953771
954243
954358
954372
954413
954489
954537
954612
954795
955056
955343
955445
955644
955732
955833
955859
955864
955916
956058
956068
956071
956301
956358
956380
956437
956575
956877
956894
956972
957316
957554
957568
957588
957652
957694
957825
957863
957876
957913
958154
958289
958347
958585
958789
958845
958857
958869
958963
959356
959399
959543
959572
959602
959726
959820
959880
960048
960126
960225
960239
960299
960364
960556
960629
960670
960741
960856
960944
961024
961093
961170
961174
961179
961211
961272
961365
961458
961653
961705
961936
961945
961946
962233
962373
962662
962788
962958
963111
963328
963411
963617
963770
963837
963885
963982
964205
964214
964248
964360
964364
964869
964901
964916
964959
965094
965178
965322
965330
965440
965602
965854
966005
966010
966041
966130
966181
966236
966263
966282
966371
966383
966431
966458
966615
966683
966697
967130
967174
967190
967230
967252
967606
967655
967898
967982
968097
968208
968273
968365
968453
968478
968545
968546
968630
968674
968759
968780
968874
968912
968968
969060
969109
969305
969455
969467
969486
969536
969537
969567
969597
969649
969845
969969
969976
970020
970388
970761
970784
970835
970843
970856
970965
970973
971330
971372
971414
971689
971745
971749
971753
971839
972010
972358
972397
972442
972702
972809
972831
972999
973036
973145
973150
973206
973304
973315
973648
973672
973782
973834
973870
973932
973942
974081
974106
974115
974121
974124
974204
974403
974512
974617
974641
974755
974794
974974
975131
975144
975151
975437
975459
975499
975509
975547
975613
975719
975727
975781
975917
975934
975948
975953
976079
976091
976130
976138
976140
976161
976400
976452
976468
976599
976601
976842
977049
977151
977329
977481
977538
977660
977666
977771
977803
978034
978041
978095
978401
978412
978413
978495
978632
978696
978767
978789
978830
979223
979295
979304
979675
979719
979971
980278
980547
980591
980768
980778
980857
980954
981057
981251
981290
981313
981344
981464
981668
981898
981982
982055
982296
982468
982650
982659
982673
982940
982946
983025
983042
983045
983073
983224
983287
983333
983388
983485
983702
983761
983788
983996
984018
984160
984219
984491
984708
984918
985090
985224
985352
985415
985549
985660
985710
985716
985768
985919
985939
985999
986102
986249
986544
986714
986812
986952
986987
987244
987263
987401
987454
987499
987587
987866
987886
987901
988155
988247
988287
988417
988525
988620
988648
988948
989010
989041
989075
989305
989379
989462
989512
989522
989555
989726
989774
989786
989800
989917
990033
990488
991429
991492
991503
991516
991539
991560
991668
991698
991824
992010
992088
992232
992554
992764
992775
992815
992826
992961
993120
993148
993195
993246
993359
993399
993405
993458
993548
993572
994110
994222
994252
994742
994940
994942
995211
995256
995497
995498
995680
995682
995827
995890
996012
996175
996592
996650
996760
996830
996847
997034
997302
997326
997337
997387
997468
997550
997569
997586
997704
997881
997915
998027
998316
998381
998392
998440
998458
998532
998836
999230
999346
999433
999507
999563
999636
999841
999948
