14
32
170
246
308
329
336
533
536
787
941
1043
1078
1290
1342
1400
1505
1545
1616
1630
1666
1767
1833
1904
2160
2284
2343
2346
2418
2613
2622
2637
2767
2816
2912
2926
3121
3236
3319
3343
3866
3911
4152
4289
4309
4382
4501
4567
4600
5140
5154
5308
5371
5377
5527
5599
5706
5821
5889
5944
6286
6348
6379
6397
6427
6506
6538
6585
6671
6699
6838
7075
7114
7218
7333
7340
7497
7498
7804
7835
7955
7967
8046
8106
8136
8171
8192
8367
8630
8808
8853
8854
8861
8890
9014
9079
9132
9210
9324
9424
9431
9474
9582
9713
9856
9865
9935
10133
10254
10436
10512
10590
10775
10920
11190
11230
11321
11442
11546
11663
11760
11999
12094
12137
12506
12590
12613
12628
12634
12673
12787
12950
13104
13409
13425
13526
13601
13745
14032
14368
14375
14590
14827
14991
15164
15256
15601
15752
15822
16001
16099
16164
16191
16305
16366
16476
16533
16588
16645
16784
17047
17094
17276
17278
17477
17526
17601
17757
17792
17793
17868
17955
18049
18237
18251
18376
18426
18546
18584
18607
18858
18907
19019
19126
19155
19167
19224
19242
19271
19346
19386
19550
19664
19698
19777
19876
19940
20127
20132
20164
20192
20408
20440
20514
20591
20711
20846
20927
21044
21135
21274
21292
21336
21358
21469
21490
21647
21723
21918
21954
22274
22285
22368
22451
22584
22838
22983
23040
23195
23215
23314
23326
23424
23640
23716
23718
23796
23826
23843
24069
24078
24182
24339
24340
24365
24554
24616
24653
24691
24839
24907
24978
25111
25160
25222
25380
25462
25847
25868
26032
26125
26184
26198
26637
26996
27096
27125
27161
27182
27269
27399
27872
27911
28013
28074
28248
28377
28420
28457
28503
28544
28579
28629
28648
28723
28833
29302
29307
29311
29320
29373
29382
29407
29592
29693
29793
29839
29875
29988
30001
30107
30176
30227
30587
30715
30729
30886
31036
31334
31539
31555
31590
31746
31752
31791
31860
32009
32085
32159
32408
32598
32712
32848
32990
33095
33121
33123
33183
33205
33293
33498
33772
33863
34019
34022
34031
34220
34293
34388
34453
34649
34733
34742
34837
34857
34961
34997
35165
35206
35440
35463
35464
35493
35567
35630
35827
35844
35954
36059
36255
36309
36313
36405
36488
36737
37183
37280
37379
37484
37506
37536
37554
37608
37799
37897
37951
38116
38128
38173
38454
38627
38769
38807
38835
38868
39061
39070
39225
39530
39610
39631
39726
39745
39810
39905
39923
39969
39982
40216
40279
40294
40475
40476
40511
40516
40704
40724
40737
40779
40951
41087
41090
41107
41194
41236
41400
41548
41554
41735
41834
41923
41949
41967
41982
42004
42065
42068
42353
42920
42966
43001
43228
43496
43582
43649
43812
43847
43908
44133
44232
44316
44339
44414
44637
44668
44705
44806
44877
44938
44958
45116
45177
45289
45306
45473
45490
45551
45674
45712
45769
45932
46080
46096
46152
46414
46496
46630
46671
46832
46860
46977
47072
47125
47390
47442
47630
47683
47725
47740
47779
47816
47822
47848
47959
47996
48006
48039
48067
48098
48195
48253
48260
48371
48480
48612
48704
48773
48775
48810
48858
48901
48913
49183
49197
49237
49318
49422
49602
49645
49676
49704
49723
49842
49885
49944
50025
50039
50240
50450
50528
50536
50597
50610
50869
50932
50992
51017
51034
51045
51170
51227
51496
51523
51688
51750
51883
51914
51949
52002
52217
52281
52360
52434
52633
52751
52787
52918
52938
53163
53171
53214
53270
53384
53435
53520
53584
53589
53664
53795
53847
53994
53999
54072
54207
54280
54514
54673
54761
54979
55174
55196
55244
55266
55300
55365
55508
55571
55759
55789
55975
56036
56044
56356
56415
56445
56500
56539
56570
56642
56678
56811
56852
56875
56918
56975
56987
57061
57130
57252
57458
57513
57563
57603
57733
57765
57823
57927
58005
58033
58057
58126
58175
58425
58497
58553
58564
58570
58577
58659
58795
58916
58931
58973
58997
59337
59497
59655
59803
59834
59911
60306
60432
60606
60866
61079
61121
61153
61297
61465
61602
61630
61671
61689
61738
61758
62258
62277
62328
62369
62497
62682
62685
62708
62774
62794
62815
62858
63037
63183
63258
63378
63473
63536
63851
63875
64041
64104
64251
64438
64601
64674
64718
64803
64953
65050
65119
65234
65426
65489
65562
65609
65677
65992
66007
66279
66288
66374
66532
66554
66612
66811
66846
66861
67034
67043
67208
67221
67786
67825
68040
68135
68174
68189
68241
68362
68508
68672
68730
68765
68997
69207
69223
69531
69532
69632
69655
69727
70222
70266
70334
70372
70446
70486
70889
70935
71013
71039
71062
71355
71464
71537
71658
71801
71811
71920
72028
72068
72246
72268
72362
72402
72482
72661
72793
72809
72982
73077
73194
73200
73323
73606
73615
73654
73693
73725
73937
74132
74231
74333
74603
74770
74939
75188
75278
75514
75570
75628
75675
75786
75790
75795
75805
75978
76035
76037
76389
76472
76618
76764
76865
76965
77023
77082
77199
77315
77380
77510
77605
77713
77864
77909
78228
78290
78469
78555
78732
78787
79221
79392
79628
79683
79732
79767
79889
80003
80058
80097
80169
80292
80334
80346
80354
80355
80480
80487
80540
80707
80856
80962
81012
81148
81176
81326
81354
81373
81436
81476
81497
81589
81891
82083
82231
82330
82680
82718
82736
82737
82949
82984
83022
83060
83286
83330
83332
83374
83413
83444
83496
83869
83911
83938
84056
84589
85037
85045
85049
85109
85227
85272
85397
85607
85746
85869
85940
85972
86057
86317
86357
86450
86499
86523
86617
86667
86757
86815
86854
86858
86944
87101
87122
87124
87537
87697
87705
87711
87817
88077
88110
88156
88327
88375
88379
88423
88435
88541
88737
88768
88830
88905
88923
88927
89129
89204
89313
89317
89378
89419
89463
89518
89697
89778
89830
89847
90022
90032
90448
90835
91172
91230
91250
91255
91556
91626
92160
92194
92225
92437
92452
92492
92683
92877
92980
93062
93134
93196
93223
93238
93285
93369
93462
93521
93638
93647
93772
93823
93868
93897
93995
94171
94423
94463
94596
94607
94647
94892
95192
95524
95540
95717
95824
95866
95899
95979
96151
96186
96187
96322
96347
96354
96464
96585
96635
96677
96785
97023
97175
97209
97211
97224
97242
97243
97263
97282
97456
97680
97690
97897
97990
98116
98123
98196
98249
98405
98424
98461
98464
98465
98641
98803
98806
98885
99260
99288
99516
99699
99830
100025
100050
100126
100194
100197
100418
100449
100520
100734
100739
100797
100823
100827
100954
101019
101125
101149
101163
101212
101412
101459
101462
101603
101607
101624
101679
102196
102287
102306
102498
102566
102689
102765
102820
102904
102950
102956
103085
103120
103175
103178
103517
103624
103762
104102
104251
104290
104502
104583
104909
104949
104970
104993
105087
105257
105277
105371
105387
105452
105483
105683
105877
106140
106683
106695
106792
106841
106987
106994
107101
107137
107380
107507
107611
107671
107765
107879
107909
108011
108023
108024
108145
108148
108186
108303
108368
108599
108818
109001
109473
109578
109598
109718
109789
109824
109886
109901
110099
110123
110349
110461
110584
110594
110696
110730
110767
111082
111232
111239
111476
111505
111550
111713
111817
111895
111926
111936
112142
112273
112410
112625
112641
112974
113137
113372
113468
113499
113531
113556
113676
113736
113749
113755
114019
114162
114240
114318
114442
114493
114820
114974
114984
115050
115095
115278
115356
115409
115518
115801
115842
115852
115876
116203
116276
116378
116392
116541
116611
116643
116653
116671
116889
117014
117084
117117
117178
117228
117696
117802
117821
117996
118252
118262
118453
118470
118491
118493
118514
118639
118847
118875
118966
119182
119238
119279
119344
119395
119558
119819
119822
119906
119954
120051
120087
120103
120141
120170
120225
120333
120578
120789
120884
120971
120999
121249
121272
121290
121399
121592
121643
121774
121847
121908
121990
122056
122454
122536
122621
122635
122666
122917
122964
122976
123044
123120
123150
123161
123327
123371
123561
123566
123618
123623
123630
123688
123748
123764
123815
123925
124000
124262
124280
124579
124822
124838
124872
124882
124892
124935
124948
124988
125129
125376
125493
125524
125577
125831
125843
125862
126006
126039
126127
126191
126201
126228
126427
126706
126820
126996
127020
127106
127183
127244
127259
127422
127591
127593
127625
127683
127766
127926
127973
128088
128507
128554
128576
128643
128799
128846
128893
129015
129017
129053
129134
129179
129196
129321
129423
129542
129567
129635
129740
129911
129947
130167
130299
130414
130531
130610
130835
130878
130910
130962
131040
131062
131217
131226
131242
131283
131362
131513
131550
131578
131746
131925
132438
132508
132648
132660
132800
133030
133132
133143
133293
133362
133413
133470
133542
133671
133734
133914
133918
133940
133941
133945
134511
134603
134715
134732
134784
134792
134911
134928
135016
135267
135273
135307
135351
135508
135714
135848
136000
136022
136394
136405
136586
136775
136777
136805
136962
137312
137344
137352
137382
137403
137493
137496
137501
137748
137827
137907
137995
138007
138119
138283
138290
138336
138382
138437
138716
139013
139092
139127
139164
139254
139462
139730
139764
139768
139816
139946
139971
140204
140285
140347
140496
140542
140585
140590
140631
140677
140710
140794
140823
141325
141364
141413
141646
141905
141961
142039
142210
142455
142530
142674
142764
142795
143357
143406
143511
144051
144149
144231
144341
144355
144526
145038
145070
145286
145289
145391
145458
145484
145560
145621
145653
145929
145946
145981
145985
146184
146277
146358
146368
146394
146458
146502
146515
146591
147005
147157
147221
147426
147470
147616
147654
147820
147838
147887
147950
148071
148104
148113
148318
148341
148447
148454
148499
148613
148648
148701
148823
148830
148831
148911
148956
148994
149093
149233
149270
149298
149306
149505
149558
149596
149656
149709
149862
149887
150028
150247
150386
150467
150489
150510
150524
150554
150624
150713
150719
151029
151182
151433
151469
151618
151825
151921
151968
152017
152074
152248
152380
152528
152587
152591
152785
152822
152826
152855
152864
152907
152979
152986
153166
153224
153236
153269
153349
153423
153514
153612
153947
153981
153983
154102
154395
154476
154504
154542
154593
154607
154613
154872
154935
155130
155140
155208
155278
155311
155363
155366
155391
155413
155444
155523
155551
155688
155809
155924
155936
156065
156095
156237
156272
156367
156408
156560
156645
156712
156767
156813
156819
156852
156954
157154
157368
157486
157534
157687
157715
157757
157928
158077
158080
158210
158656
158660
158798
158971
158984
159026
159064
159124
159268
159336
159387
159476
159661
159691
159759
159869
160066
160290
160305
160395
160433
160508
160631
160679
160684
160696
160753
160881
160964
161023
161032
161075
161153
161178
161361
161436
161656
161767
161840
161917
161934
161963
161988
162003
162031
162138
162152
162219
162362
162416
162572
162664
162701
162745
162823
162836
162894
162929
163030
163204
163224
163320
163348
163509
163536
163645
163660
163673
163722
163780
163882
163979
164063
164141
164278
164279
164303
164332
164353
164383
164652
164838
164944
164988
165065
165255
165313
165423
165467
165584
165626
165635
165643
165674
165745
165771
165905
165989
166140
166188
166278
166327
166335
166343
166383
166478
166542
166697
166711
167066
167232
167331
167729
167831
167836
167921
167984
168077
168079
168318
168504
168554
169074
169142
169365
169371
169678
170000
170593
170673
170725
170979
171067
171097
171141
171712
171801
171935
172025
172074
172124
172425
172446
172511
172520
172543
172569
172638
172738
172746
172794
172801
173035
173120
173137
173421
173428
173572
173715
173747
173768
173839
173931
174056
174065
174100
174172
174224
174268
174327
174408
174441
174523
174598
174706
174759
174894
174914
174953
174958
175054
175128
175145
175191
175288
175337
175383
175500
175551
175744
175769
175774
175861
175938
175991
176006
176181
176186
176203
176288
176299
176366
176371
176373
176435
176500
176610
176712
176806
176970
176977
177069
177257
177422
177717
178085
178140
178205
178349
178533
178699
178730
178882
178923
178987
179015
179240
179248
179257
179290
179337
179505
179511
179513
179691
179761
179767
179818
180008
180013
180064
180131
180282
180362
180526
180711
180831
181026
181049
181093
181127
181194
181302
181320
181561
181632
181670
181815
181886
181917
181997
182091
182184
182260
182369
182544
182596
182742
182818
182951
182975
183053
183092
183108
183187
183377
183408
183614
183691
183789
183973
184025
184057
184124
184470
184616
184637
184664
185014
185064
185087
185127
185197
185419
185502
185750
185836
185857
185917
185960
186021
186096
186389
186748
186792
186940
187065
187097
187291
187304
187471
187472
187594
187611
187915
188144
188244
188334
188386
188554
188679
188715
188784
188829
188864
188868
188888
188901
188938
189028
189360
189454
189506
189641
189768
190263
190281
190389
190597
190662
190811
190814
190900
191015
191048
191211
191367
191528
191578
191604
191632
191775
192009
192032
192450
192458
192699
192944
193208
193423
193438
193500
193686
193811
193897
193989
194155
194168
194210
194354
194365
194427
194499
194669
194824
195030
195164
195276
195299
195331
195494
195567
195663
195858
196228
196452
196461
196475
196727
197008
197117
197174
197197
197300
197327
197341
197375
197521
197567
197721
197791
197864
197903
198113
198120
198276
198286
198399
198468
198532
198671
198833
198875
198891
199101
199192
199286
199310
199438
199523
199648
199727
199780
199847
199895
199927
200077
200275
200468
200635
200726
200743
200822
201097
201219
201337
201529
201792
201858
201894
201977
202433
202780
202828
202848
202882
202914
202989
203016
203135
203232
203352
203385
203405
203494
203546
203561
203674
203687
203719
203755
203797
203842
203861
204106
204129
204207
204334
204357
204496
204516
204526
204612
204700
205134
205269
205335
205495
205575
205754
205786
205887
206021
206118
206218
206250
206336
206412
206418
206466
206518
206523
206653
206710
206739
206763
206827
206956
206959
207088
207183
207574
207625
207648
207683
207687
207744
207828
207872
207979
208138
208153
208175
208562
208577
208580
208629
208731
208827
208919
209041
209058
209149
209192
209382
209478
209571
209586
209744
209843
209981
209991
210093
210132
210303
210322
210346
210415
210459
210597
210719
210863
210930
210963
211033
211227
211286
211419
211456
211461
211602
211744
211845
211881
211918
212351
212430
212644
212735
212749
212773
212847
212854
213124
213130
213202
213232
213329
213533
213643
213677
213739
213840
213843
213987
214112
214277
214336
214403
214582
214590
214602
214814
214825
215129
215161
215352
215406
215543
215739
215807
215907
216008
216016
216137
216310
216376
216438
216448
216463
216686
216796
216946
217039
217206
217392
217450
217460
217546
217607
217666
217719
217850
217859
217981
218340
218348
218386
218442
218458
218580
218598
218620
219044
219229
219295
219325
219460
219547
219616
219768
219870
219999
220003
220103
220149
220336
220406
220417
220429
220530
220555
220573
220747
220809
221152
221195
221258
221338
221368
221515
221722
221756
221796
221806
222117
222118
222220
222406
222524
222544
222556
222570
222633
222702
223139
223273
223371
223612
223615
223686
223740
223790
223950
223959
224001
224040
224064
224157
224396
224465
224505
224525
224700
224771
224840
224937
224994
225126
225203
225275
225309
225468
225528
225588
225751
225785
225841
225855
225872
225988
225990
226022
226041
226242
226361
226427
226477
226505
226606
226847
226923
226984
227055
227173
227233
227252
227280
227292
227358
227377
227580
227606
227658
227663
227667
227670
227754
227777
227889
227933
228033
228359
228561
228652
228959
229158
229202
229213
229306
229390
229489
229684
229736
229835
229881
229900
229956
230067
230299
230343
230372
230426
230494
230677
230686
230784
231151
231168
231283
231521
231528
231788
231813
231882
231883
231980
232174
232215
232338
232404
232673
232946
232966
233089
233158
233220
233300
233413
233471
233583
233982
234140
234380
234717
234929
234980
234995
235118
235125
235249
235289
235445
235602
235638
235656
235747
235754
235760
235806
235812
236026
236169
236189
236345
236442
236588
236678
236768
237027
237037
237065
237119
237229
237407
237457
237473
237556
237940
238096
238172
238368
238497
238695
238727
238733
239028
239272
239387
239521
239884
239920
239974
240058
240064
240215
240348
240404
240429
240513
240560
240608
240636
240690
240744
240767
240881
240914
240917
240937
240994
241086
241165
241183
241256
241380
241564
241628
241886
242008
242055
242065
242102
242165
242273
242518
242549
242595
242600
242683
242720
243011
243111
243137
243143
243452
243571
243850
243911
244033
244057
244143
244363
244567
244574
244692
244717
244733
244885
245191
245367
245492
245506
245607
245612
245655
245866
245885
245902
245962
245975
246047
246135
246346
246387
246432
246563
246599
246669
246778
246873
246934
247089
247184
247190
247465
247533
247911
247912
247997
248089
248377
248456
248499
248559
248682
248886
248998
249105
249116
249333
249389
249418
249656
249660
249702
249805
250029
250036
250078
250180
250345
250362
250542
250650
250655
250948
250979
251027
251064
251129
251479
251484
251504
251521
251832
251923
252067
252081
252105
252130
252156
252183
252266
252271
252322
252331
252454
252632
253116
253149
253166
253300
253386
253542
253665
253677
253823
253865
253867
254089
254218
254234
254416
254458
254558
254761
255145
255220
255324
255374
255608
255651
255994
256057
256159
256168
256346
256410
256593
256693
256855
257135
257271
257299
257324
257368
257583
257647
257976
258036
258065
258259
258303
258325
258489
258533
258793
258856
258974
259243
259272
259436
259642
259653
259656
259750
259936
259966
260229
260415
260427
260534
260659
260713
260863
260870
260908
260963
261407
261451
261453
261515
261527
261535
261601
261670
261822
262054
262082
262217
262293
262369
262370
262752
262810
263044
263305
263338
263607
263788
263999
264057
264062
264162
264462
264545
264656
264697
264773
264789
265103
265444
265506
265556
265557
265726
265982
266122
266304
266394
266471
266620
266862
267030
267146
267227
267312
267392
267812
267825
267837
267961
268016
268180
268194
268210
268224
268304
268346
268407
268418
268461
268807
268901
268986
269109
269140
269165
269573
269903
269938
269945
270125
270244
270251
270350
270449
270522
270592
270612
270638
270706
270742
270812
270837
270844
270875
270932
271129
271197
271208
271260
271378
271414
271499
271647
271978
272068
272122
272127
272131
272552
272829
272877
272923
272972
273028
273050
273077
273197
273250
273355
273478
273595
273713
273746
274076
274096
274105
274388
274399
274448
274453
274569
274675
274722
274757
274765
274845
274887
275065
275342
275420
275467
275801
276002
276111
276388
276393
276398
276753
276817
276917
277132
277362
277411
277481
277589
277799
277812
277826
277986
278004
278013
278048
278066
278251
278328
278428
278438
278509
278635
278636
278753
278806
278853
278889
279109
279117
279131
279146
279166
279219
279241
279324
279684
279774
279830
280533
280545
280674
280736
280763
280805
280954
280970
281125
281230
281438
281470
281529
281585
281932
282124
282301
282303
282428
282461
282746
283214
283231
283253
283596
283712
283748
283900
284246
284269
284274
284385
284438
284603
284838
284991
285583
285589
285624
285750
285894
285941
286159
286193
286434
286621
286657
286879
286971
287150
287154
287182
287208
287232
287314
287424
287433
287510
287561
287628
287819
287834
287946
288041
288168
288289
288331
288469
288789
288942
289039
289131
289152
289275
289381
289386
289514
289564
289568
289704
289957
290073
290167
290414
290687
290776
290932
290995
291003
291036
291107
291147
291200
291215
291296
291351
291353
291542
291622
291646
291681
291717
291735
291765
291878
291950
292162
292182
292186
292208
292240
292249
292281
292345
292480
292586
292594
292653
292774
292797
292803
292848
293166
293168
293348
293458
293493
293510
293787
293997
294066
294208
294254
294459
294478
294486
294551
294577
294654
294818
294849
294988
294997
295071
295132
295141
295183
295196
295390
295523
295641
295887
295925
296026
296264
296446
296621
296644
296676
296724
296742
296808
296850
297396
297569
297584
297693
297696
297698
297754
298014
298102
298103
298149
298386
298420
298445
298655
298724
299353
299404
299493
299505
299605
299632
299817
299822
300045
300094
300096
300133
300246
300330
300408
300834
301043
301095
301211
301218
301230
301375
301497
301530
301565
301584
301783
301896
301928
302005
302162
302196
302464
302522
302556
302571
302884
302885
302995
303005
303170
303181
303214
303271
303639
303757
303825
303857
303960
303986
304502
304607
304625
304918
305016
305023
305220
305383
305632
305762
305777
305959
306008
306075
306121
306403
306410
306655
306767
306852
306992
307163
307243
307269
307381
307407
307631
307765
307858
307954
307955
307983
308019
308191
308260
308409
308769
309005
309031
309216
309319
309410
309433
309474
309496
309613
309633
309695
309920
309933
309938
309945
310217
310432
310653
310688
310782
310837
311006
311070
311076
311236
311270
311271
311342
311437
311483
311696
311811
312005
312099
312150
312207
312225
312274
312432
312567
312694
312849
312918
312943
313050
313085
313088
313140
313161
313165
313366
313393
313486
313505
313518
313634
314023
314164
314308
314577
314594
314687
314917
315082
315155
315186
315247
315291
315471
315472
315549
315613
315639
315668
315840
315885
316067
316079
316172
316312
316433
316439
316489
316498
316554
316593
316613
317216
317321
317589
317655
317744
317804
317931
318172
318227
318416
318510
318609
318763
318766
319140
319232
319287
319718
319762
319886
319917
319947
319987
320004
320018
320237
320266
320364
320521
320559
320583
320621
320627
321395
321428
321465
321623
321627
321710
321787
321901
321908
321934
321962
321976
322179
322236
322356
322387
322390
322464
322466
322552
322631
322642
322682
322697
322807
322865
322945
322980
323002
323256
323327
323415
323427
323500
323547
323671
323761
323920
324139
324181
324450
324452
324651
324798
324846
324862
324883
325035
325205
325272
325314
325386
325398
325535
325591
325642
325878
325960
325964
326096
326456
326501
326520
326734
326737
326830
326869
327173
327204
327238
327282
327398
327494
327647
327708
327719
327736
327814
327882
327902
327930
327943
328001
328138
328299
328453
328477
328483
328514
328591
328822
328899
329062
329064
329128
329130
329246
329494
329720
329723
329802
330318
330565
330693
330714
330749
330765
330801
330863
330892
331063
331206
331211
331560
331562
331584
331653
331703
331757
332039
332148
332612
332628
332748
333014
333411
333450
333632
333707
333759
333828
333979
334035
334090
334146
334189
334207
334223
334237
334292
334470
334558
334782
334968
335071
335237
335399
335408
335473
335588
335685
335842
335860
335979
336024
336162
336224
336442
336713
336757
336859
336901
336920
336926
337069
337286
337311
337410
337482
337569
337992
338009
338248
338255
338276
338805
338822
338883
339118
339128
339242
339817
339850
340039
340078
340108
340219
340300
340506
340558
340605
340611
340624
340711
340715
340959
341041
341065
341164
341323
341334
341450
341527
341528
341698
341734
342016
342038
342283
342572
342586
342885
342921
343071
343137
343203
343398
343596
343689
344011
344027
344029
344055
344147
344170
344252
344410
344424
344456
344602
344719
344754
344798
344827
344835
345209
345278
345305
345369
345909
346032
346117
346137
346179
346208
346294
346355
346368
346448
346449
346525
346570
346580
346621
346808
346872
346935
347023
347324
347412
347415
347462
347538
347563
347740
347761
347770
347918
347979
348013
348278
348287
348610
348640
348646
348938
349037
349052
349097
349182
349296
349409
349558
349668
349832
349875
349897
349909
349920
349958
350023
350047
350249
350275
350276
350347
350393
350664
350890
350978
351180
351290
351376
351423
351539
351955
352176
352230
352343
352391
352659
353080
353098
353104
353155
353218
353245
353282
353449
353569
353751
353793
353838
353841
354243
354296
354448
354545
354826
354870
355010
355321
355411
355436
355815
355884
355916
356140
356170
356264
356417
356556
356559
356569
356596
356607
356888
356956
357040
357178
357338
357394
357456
357571
357642
357716
357763
357847
357868
357871
357924
358012
358118
358174
358239
358308
358396
358421
358698
358735
358826
358848
358915
359012
359046
359049
359309
359447
359496
359591
359660
359886
360199
360254
360567
360678
360683
360782
360789
360868
360875
361036
361101
361158
361279
361337
361362
361428
361477
361643
361758
361933
362046
362292
362299
362362
362574
362619
362631
362715
362844
362872
363062
363146
363154
363170
363195
363230
363302
363452
363563
363784
363891
363946
363979
364004
364012
364056
364198
364284
364326
364476
364485
364551
364561
364594
364640
364854
365190
365203
365343
365464
365667
365705
365706
365742
365769
365898
366127
366209
366274
366349
366423
366517
366529
366574
366708
366716
366725
366730
367042
367177
367182
367227
367282
367497
367502
367614
367670
367686
367860
367878
367995
368040
368097
368147
368160
368234
368308
368350
368362
368498
368583
368585
368733
368919
368945
369017
369103
369119
369151
369218
369266
369308
369414
370056
370057
370165
370171
370173
370179
370295
370370
370517
370926
370999
371049
371116
371133
371279
371425
371448
371539
371719
371813
371912
371965
371991
372116
372175
372217
372227
372295
372373
372569
372654
372744
372881
372981
372994
372995
373086
373110
373162
373179
373230
373373
373439
373922
373948
374063
374419
374469
374590
374814
374970
375020
375030
375330
375467
375571
375844
375857
376217
376453
376463
376523
376544
376572
376659
376664
376831
376979
377031
377040
377144
377158
377254
377306
377373
377843
377876
377917
377992
378027
378171
378205
378570
379261
379287
379356
379773
379857
379981
380011
380062
380155
380200
380414
380525
380732
380854
381019
381082
381098
381163
381191
381334
381556
381660
381876
381907
381930
381958
381983
381984
382002
382054
382064
382129
382291
382359
382382
382452
382538
382540
382560
382696
382805
383050
383163
383171
383252
383329
383548
383748
384010
384021
384041
384103
384296
384391
384472
384498
384535
384552
384626
384957
385191
385192
385388
385481
385677
385840
385855
386140
386203
386290
386324
386331
386384
386481
386486
386738
386986
387125
387323
387366
387469
387681
387701
387732
387837
387941
388047
388115
388156
388191
388229
388300
388338
388361
388375
388402
388496
388835
388980
389089
389286
389311
389413
389459
389514
389736
389757
389766
389978
390075
390250
390255
390268
390332
390345
390369
390486
390521
390718
390831
390842
390863
391074
391083
391317
391326
391338
391348
391447
391456
391620
391753
391864
391907
391952
392095
392110
392135
392482
392488
392560
392573
392618
392759
392761
392767
392828
392934
392948
392953
393020
393045
393073
393144
393231
393283
393359
393433
393709
393730
393871
393889
394313
394371
394430
394437
394548
394587
394596
394735
394766
394882
394905
394980
395004
395016
395252
395309
395328
395366
395376
395707
395842
395853
395872
396048
396143
396206
396264
396328
396351
396417
396470
396593
396645
396768
396791
397132
397241
397293
397632
397643
397671
397981
398127
398141
398181
398272
398336
398479
398509
398560
398663
398780
398827
398833
398965
399119
399137
399285
399335
399440
399464
399739
399756
399760
399778
399801
399908
400041
400414
400427
400496
400510
400533
400535
400805
401020
401024
401192
401240
401343
401403
401450
401486
401548
401595
401739
401964
402055
402109
402134
402279
402455
402515
402600
402982
403051
403054
403180
403279
403290
403313
403635
403965
404003
404068
404088
404222
404226
404345
404347
404465
404572
404614
404634
404928
404944
404954
405033
405118
405119
405219
405341
405401
405467
405670
405707
405757
405937
406006
406487
406535
406678
406740
406832
406947
407066
407264
407366
407596
407655
407713
407770
407896
407979
408006
408031
408047
408055
408059
408127
408138
408149
408196
408231
408334
408478
408581
408666
409011
409116
409144
409314
409439
409443
410067
410128
410294
410449
410495
410502
410568
410844
410908
411092
411418
411448
411699
411764
411777
411906
412089
412355
412713
412724
412837
413134
413153
413189
413258
413402
413756
413829
413895
413911
413932
413952
414078
414086
414188
414198
414201
414214
414215
414405
414458
414482
414780
414995
415014
415036
415043
415219
415224
415264
415339
415441
415658
415743
415934
416035
416366
416414
416452
416492
416498
416518
416611
416674
416821
416848
416940
417024
417149
417257
417321
417401
417445
417477
417555
417562
417592
417650
417677
418047
418131
418275
418517
418527
418591
418715
418758
418953
419402
419573
419704
419781
419817
419906
420026
420150
420331
420517
420664
420707
420819
420827
420873
420965
421046
421171
421236
421342
421353
421399
421432
421449
421502
421645
421665
421670
421895
422058
422116
422351
422465
422481
422672
422742
422850
422902
423108
423132
423220
423340
423676
423677
423799
423820
423905
423943
424058
424135
424187
424212
424231
424303
424495
424652
424956
425027
425101
425300
425434
425470
425574
425701
425710
425799
425811
425994
426145
426160
426322
426359
426574
426703
426837
427057
427171
427395
427414
427447
427481
427528
427629
427647
427669
427699
427752
427801
427987
428142
428194
428323
428367
428437
428447
428639
428662
428755
428994
429024
429268
429360
429580
429629
429661
429744
429856
429867
429891
429945
429947
430133
430154
430308
430320
430380
430513
431103
431143
431274
431349
431397
431444
431577
431731
432034
432155
432212
432268
432271
432563
432634
432788
432917
432939
433045
433088
433128
433342
433407
433578
433690
433694
433889
433998
434074
434181
434275
434411
434443
434507
434651
434878
434947
434958
434959
434977
435163
435322
435464
435833
435837
435943
436152
436185
436195
436206
436306
436336
436346
436392
436451
436477
436492
436543
436650
436698
436748
436766
436916
437190
437207
437216
437225
437424
437484
437498
437518
437625
437762
437763
437821
437839
437921
438009
438226
438239
438263
438450
438453
438658
438665
438683
438697
438716
438746
438786
438795
438816
438936
439162
439306
439418
439533
439649
440007
440072
440106
440152
440437
440456
440535
440560
440678
440697
440960
440973
441060
441118
441263
441287
441357
441411
441482
441556
441832
441930
442119
442134
442205
442504
442528
442557
442676
442758
442848
443032
443145
443207
443230
443235
443431
443452
443461
443644
443691
443696
443758
443803
443879
444000
444026
444028
444117
444197
444284
444293
444467
444501
444520
444641
444670
444753
444902
444926
444929
444966
444967
445023
445138
445199
445202
445211
445344
445373
445541
445671
445690
445953
446165
446198
446403
446505
446588
446860
446951
446975
447176
447180
447222
447281
447357
447411
447538
447646
447714
447748
448008
448021
448060
448127
448166
448177
448274
448532
448605
448644
449000
449190
449355
449508
449947
450244
450305
450395
450520
450552
450616
450928
450996
451256
451418
451485
451753
451808
452024
452109
452279
452371
452722
452788
452887
452948
453258
453410
453450
453463
453538
453668
453734
453769
453801
453808
453834
453853
454031
454147
454190
454204
454206
454212
454399
454493
454527
454767
454824
454898
454907
454976
455408
455584
455595
455754
455905
456137
456277
456436
456471
456895
456945
456982
457017
457220
457252
457269
457489
457526
457573
457662
457925
457933
458002
458337
458374
458423
458445
458494
458556
458596
458649
458668
458752
458880
458983
459121
459146
459167
459511
459567
459695
459702
459912
459949
460020
460146
460311
460324
460434
460494
460599
460691
460984
461144
461187
461206
461432
461488
461520
461532
461536
461538
461601
461603
461653
461687
461782
461845
461946
462097
462222
462260
462377
462465
462505
462532
462542
462570
462591
462595
462599
462622
462814
462821
462885
463039
463107
463415
463455
463527
463574
463706
463930
463959
464105
464139
464160
464504
464766
464991
465242
465291
465552
465613
465640
465643
465720
465880
466160
466215
466511
466577
466586
466820
466836
466954
467097
467141
467222
467339
467730
467737
467864
468040
468060
468103
468190
468242
468256
468310
468454
468534
468811
468854
468866
469051
469092
469095
469287
469315
469660
469672
469751
469802
469827
469865
469902
469977
470013
470086
470151
470210
470233
470262
470596
470612
470681
470702
470759
470834
470860
470890
471284
471340
471344
471372
471479
471536
471574
471595
471639
471661
471922
471926
472038
472053
472067
472130
472347
472375
472501
472571
472575
472587
472645
472767
472797
473066
473109
473127
473211
473269
473429
473444
473713
474018
474356
474465
474475
474790
474871
474979
475084
475135
475305
475352
475796
476028
476084
476314
476364
476924
476927
477049
477158
477407
477473
477575
477590
477600
477698
477918
477964
478015
478115
478258
478320
478480
478652
478726
478819
478837
478844
479077
479080
479121
479156
479605
479689
479708
479764
479779
479789
479840
479975
480268
480299
480387
480561
480789
481121
481300
481407
481497
481566
481660
481820
481857
481969
481974
482140
482254
482272
482500
482551
482577
482643
482720
482782
482813
482842
482847
482895
483072
483239
483355
483356
483621
483661
483814
483925
483944
483952
483988
484292
484394
484407
484696
484792
484814
485236
485556
485616
485660
485704
485757
485893
486123
486303
486324
486383
486543
486565
486665
486791
486932
486946
486969
486999
487024
487187
487475
487513
487580
487615
487760
487764
487860
488088
488185
488298
488400
488559
488702
489046
489098
489219
489366
489370
489403
489432
489590
489686
489759
489794
489800
489833
489861
489884
490029
490072
490119
490186
490352
490492
490512
490663
490718
490758
490774
490779
490906
491041
491263
491538
491548
491588
491699
491816
491856
491866
492039
492074
492234
492536
492635
492718
492789
492820
493001
493141
493324
493328
493329
493359
493385
493488
493504
493573
493584
493646
493692
493855
493948
494093
494167
494189
494362
494479
494569
494802
494941
494969
494991
495063
495085
495170
495183
495207
495213
495234
495324
495544
495559
495731
495768
495816
496038
496135
496185
496260
496321
496324
496413
496447
496578
496631
496643
496785
496786
496841
496868
496956
497070
497235
497393
497438
497439
497569
497975
498071
498098
498131
498159
498222
498318
498711
498792
498873
498883
498926
498937
498956
499067
499371
499524
499532
499548
499597
499713
499740
500122
500266
500319
500356
500382
500769
500792
500797
500885
500911
500928
501011
501444
501659
501752
501809
501859
501934
502113
502309
502403
502406
502411
502486
502500
502529
502649
502659
502731
502742
502747
502784
502802
502932
503054
503074
503174
503199
503435
503455
503494
503605
503813
503925
503947
504033
504163
504168
504251
504418
504613
504668
504827
505134
505233
505436
505462
505578
505645
505806
505837
505890
505959
506030
506038
506040
506218
506528
506650
506653
507050
507211
507340
507348
507360
507480
507573
507594
507615
507618
507870
508264
508404
508561
508798
509151
509226
509244
509261
509477
509683
509722
509741
509742
509797
509821
509911
510229
510317
510381
510424
510775
510855
510952
510985
511017
511057
511086
511137
511179
511263
511637
511690
511995
512037
512215
512383
512391
512492
512744
512766
512768
512857
512885
512899
512931
513014
513044
513076
513155
513305
513317
513470
513482
513740
513787
513805
514056
514130
514180
514439
514964
514986
515014
515129
515151
515183
515292
515332
515365
515457
515591
515616
515682
515722
515746
515794
515837
515957
516004
516028
516029
516057
516099
516147
516261
516334
516412
516514
516673
516731
516740
517290
517502
517534
517960
518115
518198
518215
518236
518446
518482
518498
518535
518536
518566
518719
518780
518854
518965
518979
518990
519065
519094
519594
519609
519755
520015
520020
520078
520193
520217
520305
520470
520546
520559
520718
520859
520918
520995
521032
521415
521619
521637
521690
521778
522007
522049
522109
522139
522178
522188
522264
522399
522454
522648
522662
522706
522861
522980
523034
523161
523171
523185
523376
523472
523660
523911
523912
524031
524226
524242
524463
524491
524513
524570
524617
524620
524755
524777
525045
525159
525636
525928
525968
525978
525982
526007
526012
526676
526725
526810
527000
527044
527085
527099
527159
527188
527201
527263
527354
527478
527726
527931
527997
528005
528024
528069
528088
528278
528364
528368
528401
528505
528517
528522
528830
528878
528960
528988
529036
529129
529192
529206
529208
529274
529343
529371
529444
529507
529532
529565
529567
529720
529744
529810
529890
529920
530032
530044
530053
530098
530233
530236
530294
530334
530491
530525
530582
530857
530880
531042
531071
531211
531397
531513
531575
531677
531752
531879
531982
531997
532063
532082
532120
532294
532361
532421
532661
532691
532936
533005
533229
533241
533371
533373
533536
533603
533618
533619
533640
533666
533696
533705
533730
534236
534610
534651
534690
534888
534921
535060
535302
535483
535497
535661
535700
535713
535821
536092
536497
536523
536631
536734
537095
537223
537235
537261
537297
537388
537510
537699
537760
537815
537820
538025
538102
538259
538269
538353
538378
538425
538576
538598
538661
538734
538863
539066
539229
539336
539338
539487
539582
539682
539810
539943
540044
540302
540543
540671
540898
540933
540989
541225
541248
541257
541300
541327
541458
541504
541516
541531
541713
541830
541936
541941
542144
542200
542246
542256
542399
542450
542566
542604
542661
542720
542724
542735
543123
543153
543198
543508
543760
543779
543789
543913
544011
544083
544286
544405
544499
544557
544601
544715
545421
545476
546210
546252
546512
546653
546664
546686
546728
546963
546994
547113
547178
547277
547371
547446
547481
547597
547734
547801
547850
548008
548016
548189
548237
548367
548392
548565
548650
548685
548722
548864
548892
548943
549021
549080
549133
549181
549187
549347
549514
549520
549522
549567
549649
549655
549705
549749
549791
549873
550020
550030
550047
550068
550284
550552
550666
550682
550714
550753
550788
550798
550935
550995
551058
551253
551541
551545
551607
551614
551790
551891
552009
552250
552263
552347
552554
552580
552978
553042
553143
553208
553276
553312
553341
553603
553646
553689
553771
554141
554182
554402
554431
554444
554498
554860
554960
554991
555373
555504
555509
555535
555538
555542
555596
555719
555779
555909
555982
556142
556218
556520
556676
556821
556892
557165
557192
557290
557435
557491
557734
557950
557989
558072
558143
558580
558647
558695
558820
559013
559097
559114
559160
559499
559573
559577
559587
559782
559876
560079
560228
560264
560641
560721
560865
560954
561084
561199
561262
561298
561312
561372
561375
561413
561529
561601
561609
561627
561653
561654
561665
561686
561884
561910
562006
562207
562303
562376
562417
562420
562443
562521
562565
562575
562655
562755
562761
562833
562839
562959
563003
563096
563139
563449
563746
563785
563788
564037
564080
564202
564426
564573
564709
565052
565203
565411
565622
565816
565822
565880
565951
565982
566038
566072
566212
566294
566357
566405
566737
566867
566937
567020
567134
567217
567244
567285
567463
567487
567583
567712
567834
567859
567946
568017
568077
568315
568703
569066
569149
569152
569204
569340
569580
569781
569929
569960
570016
570153
570195
570223
570456
570557
570621
570968
571250
571423
571437
571528
571543
571609
571704
571854
572230
572409
572604
572735
572840
572885
572889
572902
573058
573255
573295
573310
573585
573731
573766
574014
574133
574189
574225
574259
574312
574385
574386
574404
574521
574606
574663
574717
574818
574829
574866
574926
574930
575017
575111
575130
575386
575433
575588
575670
575934
576044
576047
576244
576299
576324
576659
576717
576790
576919
576983
577000
577221
577239
577256
577312
577381
577408
577524
577701
577715
577920
578025
578337
578422
578679
578683
578694
578696
578723
579295
579329
579378
579458
579538
579551
579589
579653
579679
579689
579795
580270
580304
580428
580551
580553
580692
580702
580740
580913
580938
580988
581045
581067
581115
581327
581409
581432
581438
581588
581626
581701
581707
581719
581790
581987
582006
582213
582230
582256
582261
582281
582346
582372
582591
582667
582705
582741
582834
582995
583123
583125
583219
583250
583379
583388
583513
583594
583643
583693
583771
583868
583956
584199
584238
584247
584352
584535
584579
584763
584840
584915
584956
585014
585183
585194
585230
585395
585417
585546
585641
585700
585866
585956
586136
586159
586312
586323
586385
586594
586653
586753
586844
586991
587677
587721
587891
587905
588045
588083
588254
588299
588419
588681
588894
588970
589009
589031
589163
589172
589294
589342
589568
589707
589800
589906
590088
590209
590631
590650
590814
590827
591058
591202
591232
591390
591442
591541
591543
591588
591843
591927
592284
592323
592405
592765
592804
592827
593082
593346
593372
593385
593994
594114
594146
594163
594227
594358
594401
594455
594518
594523
594655
594830
595086
595182
595250
595307
595327
595573
595753
595888
595964
596069
596091
596109
596128
596147
596201
596237
596304
596324
596332
596338
596358
596690
596702
596900
597019
597147
597211
597217
597272
597332
597382
597421
597456
597538
597556
597600
597641
597701
597828
598035
598193
598246
598321
598343
598481
598486
598574
598748
599013
599096
599120
599641
599847
599891
600407
600601
600714
600741
600862
600869
600990
601172
601467
601530
601632
601666
601742
601764
601775
601794
601808
601877
602207
602213
602304
602427
602453
602682
602800
602803
602919
602924
602936
603193
603387
603427
603557
603588
603589
603596
603820
603912
604026
604109
604139
604166
604193
604253
604438
604444
604512
604627
604685
604721
605115
605143
605201
605508
605614
605668
605698
605993
606081
606128
606141
606169
606414
606481
606555
606747
606755
606974
607097
607462
607557
607563
607620
607849
607853
607960
608253
608256
608437
608438
608478
608754
609015
609066
609289
609415
609771
609955
609966
610025
610091
610242
610321
610501
610525
610552
610690
610747
610997
611223
611291
611316
611434
611591
611634
611747
611984
612078
612131
612400
612781
612881
612887
612890
612928
612944
612950
612956
613031
613099
613118
613214
613506
613589
613837
613946
614002
614008
614048
614077
614304
614354
614367
614622
614707
614745
614786
614915
614933
614973
614989
614992
615064
615464
615528
615655
615680
615832
615959
615991
616142
616163
616442
616482
616598
616647
616748
617007
617086
617193
617198
617225
617413
617561
617872
618006
618029
618089
618122
618273
618428
618538
618777
618966
619246
619356
619641
619717
619818
619879
620006
620050
620062
620133
620199
620217
620278
620383
620553
620741
621156
621207
621475
621680
622098
622361
622496
622576
622607
622671
622979
623113
623122
623158
623217
623270
623448
623481
623858
623922
624147
624287
624320
624441
624549
624611
625380
625469
625544
625551
625709
625725
625728
625889
625921
625963
626094
626216
626241
626265
626367
626508
626561
626663
626704
626844
626870
626963
626979
627000
627020
627032
627203
627226
627350
627481
627654
627707
627718
627817
627834
627837
627956
627967
628073
628107
628170
628207
628303
628395
628474
628545
628686
628880
628926
629045
629119
629262
629366
629434
629613
629657
629724
629854
630015
630037
630080
630188
630255
630287
630557
630564
630692
630897
631063
631185
631256
631270
631296
631502
631535
631542
631554
631627
631701
631717
631759
631903
631930
632038
632132
632226
632248
632262
632355
632377
632588
632606
632778
633018
633022
633102
633400
633518
633701
634082
634120
634196
634624
634676
634732
635207
635257
635385
635494
635684
635761
636325
636368
636401
636525
636544
636662
636674
636708
636735
636896
637188
637193
637196
637232
637338
637404
637410
637564
637649
637687
637751
637781
637828
637930
638268
638715
638748
638814
638878
638880
638976
639045
639198
639221
639307
639511
639672
639685
639722
639902
639955
640093
640138
640236
640250
640273
640289
640328
640571
640690
640947
640953
641073
641210
641270
641435
641561
641585
641591
641644
641663
641668
641923
642050
642052
642230
642477
642602
642663
642803
642829
642830
642836
642852
642875
643047
643207
643393
643492
643588
643674
643823
643988
644021
644175
644192
644334
644455
644524
644714
644928
645026
645105
645144
645309
645375
645646
645792
645884
645993
646005
646094
646163
646190
646427
646437
646520
646549
646679
646702
646728
646738
646760
646774
646775
646853
646895
646945
647036
647065
647120
647196
647273
647319
647327
647331
647466
647601
647703
647732
647807
647863
647949
647980
648014
648084
648125
648330
648363
648590
648614
648851
648857
648891
649046
649118
649557
649572
650003
650245
650286
650781
650794
650911
650962
651135
651166
651234
651313
651352
651461
651522
651663
651732
651744
651833
651995
652089
652120
652206
652502
652503
652507
652548
652553
652572
652678
652797
652915
652941
652959
653032
653307
653352
653549
653625
653763
654007
654012
654072
654094
654243
654269
654290
654297
654385
654446
654493
654553
654659
654729
654806
654998
655124
655259
655431
655535
655963
656401
656416
656422
656665
656715
656735
656779
657059
657149
657168
657239
657252
657316
657413
657435
657588
657831
657896
657912
658078
658102
658293
658358
658429
658556
658626
658738
658742
658961
659094
659477
659519
659613
659654
660219
660466
660470
660489
660492
660595
660824
660831
660888
660899
660968
660994
661047
661136
661227
661310
661318
661432
661472
661661
661666
661717
661789
661830
662019
662076
662337
662413
662435
662452
662710
662726
662794
662867
662943
663135
663242
663277
663335
663541
663769
663826
663828
663948
664136
664314
664441
664963
665008
665015
665133
665296
665512
665638
665647
665710
665810
665850
665967
666056
666143
666304
666330
666333
666379
666402
666455
666797
666919
666953
666958
667020
667343
667694
667868
667945
667985
668058
668196
668691
668938
668957
669112
669170
669200
669215
669271
669273
669449
669463
669661
669769
669809
669843
669934
669976
670104
670158
670287
670494
670591
670597
670604
670735
670801
670860
670951
670982
671028
671175
671240
671381
671487
671552
671581
671649
671664
672044
672080
672321
672423
672505
672533
672618
672932
672959
672963
673057
673113
673141
673264
673305
673460
673526
673922
674025
674050
674076
674091
674281
674347
674375
674400
674416
674628
674710
674795
675084
675146
675185
675322
675482
675528
675673
675708
675767
675794
675861
675909
675911
675935
676061
676107
676109
676159
676177
676320
676389
676423
676492
676728
676769
676837
676880
676994
677001
677112
677181
677209
677210
677236
677301
677323
677455
677537
677567
677573
677582
677848
677877
677986
678134
678159
678241
678382
678830
678833
678889
678904
678976
679166
679173
679183
679190
679207
679303
679478
679484
679688
679935
679962
679979
680089
680216
680257
680284
680288
680460
680526
680589
680712
680723
680766
680794
680957
680978
681102
681334
681540
681603
681638
681639
681769
681853
682108
682252
682259
682514
682572
682659
682670
682718
683076
683079
683158
683336
683360
683388
683418
683565
683671
683731
683869
684015
684112
684132
684133
684286
684331
684391
684428
684579
684731
684732
684798
684952
685353
685356
685411
685443
685534
685702
685744
686143
686155
686162
686217
686418
686432
686442
686491
686547
686585
686770
686821
686828
687011
687190
687277
687538
687695
687770
687809
687863
687954
687993
688063
688068
688201
688259
688277
688290
688536
688572
688833
688838
688861
688936
688946
688988
689051
689132
689140
689201
689374
689641
689878
689894
690043
690168
690172
690199
690234
690326
690403
690560
690648
690757
691121
691272
691405
691643
691652
691653
691818
691910
691930
692006
692014
692040
692355
692513
692582
692645
692747
692807
692861
693368
693408
693909
694060
694139
694253
694396
694404
694497
694517
694765
694789
694808
694856
694871
695041
695105
695308
695367
695391
695430
696002
696017
696241
696419
696510
696571
696672
696695
696743
696855
696899
697001
697019
697053
697085
697191
697269
697382
697930
697964
698093
698149
698164
698206
698355
698398
698532
698564
698635
698784
698796
698799
698821
698841
698924
698976
699212
699250
699389
699464
699584
699634
699900
699969
699980
700114
700179
700606
700724
700944
700951
700974
701320
701395
701475
701687
701761
702103
702131
702489
702553
702562
702680
702683
702694
702777
702783
702832
703075
703102
703187
703211
703363
703440
703477
703529
703761
704027
704098
704289
704588
704666
704715
704735
704768
704894
704988
705049
705060
705242
705314
705395
705506
705574
705657
705660
706024
706276
706398
706406
706481
706520
706599
706842
706891
706900
706929
706960
707002
707063
707146
707406
707631
707750
707781
707797
707832
707897
707898
707903
708104
708138
708189
708414
708439
708556
708675
708764
708815
708866
708868
709167
709269
709523
709888
709900
709987
709995
710072
710210
710452
710460
710481
710983
711111
711164
711384
711460
711555
711582
711700
711723
711760
711838
711899
711900
711973
712266
712304
712368
712372
712384
712526
712657
712733
712748
712819
713008
713073
713082
713167
713290
713306
713540
714027
714078
714248
714309
714383
714445
714482
714628
714789
714893
715071
715382
715405
715429
715527
715719
715791
716000
716030
716102
716120
716235
716416
716507
716781
716945
717053
717096
717139
717244
717536
717623
717816
718135
718136
718167
718368
718454
718717
718801
718924
718929
718965
718987
719131
719160
719245
719543
719649
719663
719761
719830
719852
720028
720067
720076
720217
720218
720237
720278
720288
720402
720512
720566
720754
720774
720918
720981
721416
721486
721628
721652
721754
721848
721979
722074
722083
722115
722280
722403
722428
722457
722578
722587
722633
722777
722881
722883
722964
723085
723183
723315
723456
723476
723491
723531
723558
723568
723592
723922
723994
724061
724072
724204
724269
724574
724705
724804
724828
724883
725134
725207
725308
725354
725425
725477
725537
725592
725704
725710
725743
725806
726139
726151
726381
726388
726470
726565
726669
726932
726971
727095
727216
727317
727377
727404
727632
727649
727704
728017
728084
728106
728118
728222
728241
728333
728427
728490
728501
728519
728554
728613
728628
728741
728759
728859
728962
729008
729017
729048
729074
729091
729164
729560
729642
729702
729913
729993
730043
730148
730176
730241
730278
730439
730517
730544
730571
730621
730664
730684
730872
730949
731040
731043
731077
731096
731221
731294
731600
731844
731903
731934
732131
732188
732278
732321
732381
732525
732557
732600
732630
732715
732795
732910
732989
733291
733743
734008
734016
734031
734073
734130
734195
734246
734319
734547
734781
735226
735294
735430
735442
735460
735533
735569
735699
735814
735910
735965
736087
736190
736191
736233
736262
736302
736384
736411
736457
736739
736835
737008
737041
737129
737278
737465
737488
737510
737600
737610
737655
737667
738073
738338
738379
738414
738466
738467
738490
738495
738498
738566
738656
738661
738721
738737
738763
738885
739011
739035
739266
739459
739565
739709
739998
740004
740019
740116
740267
740287
740439
740494
740501
740597
740659
740708
740714
740831
740898
740982
741075
741129
741186
741203
741276
741286
741481
741503
741534
742132
742133
742301
742338
742706
742748
742992
743061
743078
743221
743222
743286
743308
743514
743645
743825
743874
743957
743980
743993
744203
744417
744578
744629
744664
744675
744877
744886
745007
745140
745171
745262
745298
745511
745832
745916
746306
746385
746484
746522
746570
746653
746664
746898
746930
747031
747134
747145
747259
747262
747288
747612
747695
747840
748108
748149
748305
748495
748502
748633
748773
748891
749297
749327
749652
749774
749796
749823
749894
749907
749976
750041
750059
750204
750205
750268
750395
750478
750790
751062
751097
751240
751517
751520
751522
751669
751745
751859
752021
752223
752224
752361
752627
752655
752706
752721
752846
753378
753727
753863
754074
754209
754309
754315
754560
754765
754850
754933
754994
755039
755142
755182
755283
755398
755623
755664
755835
755867
755934
755972
756044
756050
756186
756409
756410
756453
756524
756663
756692
756949
757069
757086
757157
757247
757268
757486
757552
757619
757637
757661
757737
757764
757854
757893
758061
758166
758251
758324
758396
758401
758517
758736
758769
758837
758852
758919
758966
759027
759082
759137
759257
759314
759344
759478
759513
759595
759702
760029
760037
760072
760116
760280
760353
760459
760518
760535
760711
760794
760901
760920
761000
761069
761154
761167
761225
761354
761381
761508
761519
761533
761582
761616
761838
761841
761894
762013
762078
762136
762450
762462
762549
762645
762707
762712
762738
762787
762827
762883
762998
763039
763075
763080
763092
763152
763164
763247
763342
763380
763431
763502
763526
763802
763853
763972
764125
764184
764205
764300
764582
764608
764714
764761
764797
764871
764962
765072
765231
765275
765407
765475
765568
765634
765854
765944
765967
766040
766068
766117
766339
766345
766361
766362
766382
766446
766570
766821
766824
766877
766890
766930
767047
767269
767426
767645
768153
768203
768210
768445
768459
768494
768674
768710
769016
769038
769116
769139
769271
769441
769680
769692
769717
769893
769978
770090
770491
770554
770556
770575
770600
770657
770676
770693
770726
770891
771024
771037
771273
771331
771383
771565
771620
771756
771800
771931
772021
772220
772399
772472
772681
773068
773076
773077
773093
773130
773163
773194
773282
773318
773325
773347
773600
773923
774151
774332
774341
774356
774504
774529
774577
774603
774741
774807
775032
775116
775124
775231
775325
775333
775374
775441
775500
775582
775583
775666
775984
776060
776167
776250
776266
776337
776506
776565
776586
776666
776791
776858
776873
776956
777051
777087
777093
777275
777438
777477
777573
777627
777662
777798
777915
777922
778036
778224
778305
778380
778422
778470
778474
778575
778738
778767
778917
779041
779059
779100
779125
779358
779449
779592
779605
779611
779709
779776
779797
779970
779973
780059
780188
780442
780615
780743
780847
780863
780953
780954
781048
781226
781518
781833
782076
782126
782217
782336
782404
782511
782614
782686
782740
782807
782879
782885
783106
783249
783262
783400
783516
783620
783643
783646
783649
783652
783659
783927
784065
784133
784229
784471
784532
784703
784750
784929
784971
785059
785112
785445
785542
785556
785602
785637
785748
785750
785852
785912
786099
786417
786542
786708
786849
786969
787020
787138
787323
787340
787409
787436
787441
787495
787527
787546
787567
787708
787846
787852
787917
788117
788122
788249
788284
788530
788701
788722
788845
788914
789069
789075
789096
789111
789189
789212
789663
789759
789860
789975
790273
790404
790707
790815
790842
791156
791159
791310
791314
791326
791337
791366
791481
791651
791671
792005
792107
792113
792251
792336
792513
792544
792562
792840
792865
792971
792994
793014
793143
793266
793494
793565
793602
793792
793830
793911
794084
794212
794342
794537
794605
794609
794630
794739
794791
794850
794948
795113
795169
795233
795278
795292
795364
795389
795417
795420
795458
795468
795556
795844
795856
796017
796111
796383
796387
796480
796516
796706
796782
796900
796907
796933
797085
797254
797285
797346
797359
797388
797647
797682
797703
797708
797841
797975
798345
798364
798504
798574
798633
798717
798754
798826
798837
799037
799107
799149
799335
799336
799493
799502
799558
799662
799731
799817
799851
799888
799990
800219
800462
800610
800624
800647
800655
800660
800747
800755
800914
800917
801112
801183
801480
801763
801896
801921
801929
801930
801934
801971
802115
802153
802287
802296
802500
802778
802885
803163
803213
803226
803655
803661
803742
803801
803896
803899
804147
804149
804159
804317
804331
804393
805045
805060
805114
805222
805374
805421
805593
805687
806083
806092
806302
806458
806484
806553
806624
806698
806727
806956
807096
807257
807349
807402
807467
807489
807493
807618
808006
808055
808070
808238
808249
808504
808588
808604
808636
808642
808862
808905
809021
809168
809211
809374
809385
809429
809438
809594
809718
809865
809993
810031
810044
810146
810189
810273
810396
810536
810597
810679
810696
810715
810788
810814
810851
810972
810998
811181
811196
811255
811264
811487
811591
811619
811647
811726
811931
811984
811994
812144
812196
812201
812362
812474
812542
812608
812756
812938
813004
813242
813408
813476
813729
813881
813927
814155
814262
814288
814308
814326
814375
814384
814501
814619
814628
814634
814757
814858
814891
814912
814971
815080
815089
815200
815293
815365
815411
815508
815660
815703
815995
816049
816106
816180
816435
816559
816624
816681
816698
816847
816922
816933
817009
817046
817063
817204
817380
817420
817448
817485
817597
817649
817706
817725
817761
817764
817902
817954
817955
817962
818125
818331
818395
818438
818545
818597
818719
818742
818752
818887
818900
819132
819172
819194
819249
819262
819383
819387
819535
819585
819589
819695
819807
820016
820082
820161
820514
820576
820763
820767
820855
820947
820953
821117
821375
821401
821493
821597
821775
821779
821819
821824
821826
821828
821883
821885
821903
822031
822282
822374
822507
822541
822555
822599
822630
822795
822929
823023
823295
823334
823608
823646
824351
824437
824551
824591
824830
824987
825196
825423
825579
825788
825964
826075
826269
826296
826304
826518
826537
826669
826709
826742
826972
827068
827134
827417
827452
827479
827559
827637
827722
827825
827909
828007
828243
828344
828363
828453
828565
828592
828818
828844
828908
828931
828951
829106
829155
829197
829217
829570
829780
830106
830273
830280
830281
830296
830346
830525
830607
830642
830719
830737
830759
830795
830853
830893
831143
831217
831478
831504
831519
831621
831865
832035
832059
832178
832196
832205
832239
832333
832579
832610
832645
832688
832720
832837
832879
833007
833246
833387
833512
833639
833793
833821
833944
834074
834146
834230
834294
834477
834642
834705
834719
835208
835243
835427
835460
835524
835541
835580
835625
835660
835803
835889
835975
836270
836325
836388
836419
836454
836463
836486
836554
836593
836599
836725
836895
836915
837072
837120
837200
837286
837475
837488
837591
837607
837652
837692
837760
837836
837850
837894
838056
838082
838180
838325
838366
838427
838976
839064
839088
839154
839200
839343
839618
839689
839717
839733
839864
839920
839938
839939
840214
840277
840500
840542
840546
840860
840862
840864
841025
841147
841152
841192
841357
841480
841572
841610
841620
841872
841929
842037
842104
842277
842583
842679
842719
842878
843066
843295
843412
843517
843581
843757
843981
843995
844153
844178
844273
844354
844464
844529
844574
844698
844810
844859
844988
845031
845072
845247
845378
845457
845596
845775
845851
845932
846127
846128
846304
846380
846397
846502
846602
846808
846810
846978
847040
847170
847406
847460
847944
847978
848023
848208
848402
848530
848596
848683
848999
849072
849094
849520
849697
849840
850150
850230
850259
850564
850596
850646
850849
850875
851153
851179
851340
851407
851411
851477
851678
851988
852023
852175
852209
852572
852597
852608
852682
852912
853069
853134
853209
853383
853471
853496
853843
853899
853920
854102
854185
854200
854232
854403
854412
854446
854487
854493
854527
854564
854614
854654
854675
854696
854710
854961
855032
855117
855166
855263
855316
855431
855487
855542
855607
855619
855683
855733
855769
855962
855985
856057
856166
856252
856427
856489
856518
856671
856725
856797
856862
857030
857119
857369
857672
857825
857900
857918
858007
858031
858056
858126
858138
858190
858196
858226
858273
858620
859092
859130
859152
859196
859366
859533
859630
859646
859793
859827
859929
859969
860000
860225
860271
860333
860361
860416
860600
860876
860904
860990
861030
861068
861303
861325
861402
861460
861467
861645
861666
861675
861694
861809
861858
861900
861941
862008
862070
862176
862228
862263
862372
862378
862380
862440
862469
862541
862617
862665
862689
862690
862709
862762
862790
862819
863089
863202
863221
863268
863390
863487
863567
863725
864091
864244
864460
864488
864523
864602
864675
864781
864851
864855
865107
865198
865247
865336
865348
865407
865686
865721
865733
865894
866001
866212
866242
866414
866499
866627
866704
866806
866844
866975
867007
867194
867215
867297
867488
867515
867564
867696
867787
867904
867926
868167
868310
868712
868831
868836
868893
869017
869087
869113
869265
869429
869449
869531
869566
869635
869651
869739
869751
869929
870012
870251
870324
870335
870435
870452
870479
870493
870506
870554
870797
870894
871044
871051
871124
871128
871190
871220
871231
871371
871393
871443
871683
871719
871938
872074
872187
872213
872243
872336
872489
873342
873434
873858
874188
874200
874248
874307
874384
874444
874475
874610
874881
875037
875077
875118
875127
875130
875271
875459
875499
875555
875616
875665
875721
875776
875801
875832
875851
875852
875935
876025
876385
876488
876495
876965
877008
877101
877134
877212
877249
877303
877318
877335
877413
877693
877892
877926
878112
878266
878277
878283
878427
878455
878530
878788
878944
879052
879199
879273
879292
879348
879361
879603
879641
879952
880084
880130
880150
880157
880247
880282
880569
880609
880652
880776
880804
880845
880976
880988
881037
881090
881098
881121
881242
881244
881249
881360
881650
881762
881814
882022
882035
882129
882165
882274
882299
882319
882567
882747
882982
883025
883089
883109
883125
883208
883477
883502
883624
883702
883789
884266
884377
884524
884879
884911
885075
885109
885291
885370
885541
885618
885620
886051
886060
886112
886137
886151
886183
886234
886442
886648
886699
886754
886803
886917
887029
887141
887210
887279
887439
887482
887498
887525
887627
887632
887647
887736
888104
888330
888407
888713
889150
889389
889412
889553
889652
889668
889944
890060
890457
890852
890952
890999
891106
891190
891762
891822
891883
892028
892600
892613
892621
892826
892848
892894
892982
893063
893194
893224
893263
893267
893307
893320
893574
893618
893689
893714
893728
893803
893858
894006
894266
894420
894431
894450
894479
894525
894656
894703
894794
894806
894987
895022
895147
895210
895324
895417
895706
895947
895958
895995
896080
896120
896183
896184
896348
896398
896433
896680
896707
896716
896863
896976
897010
897239
897264
897272
897590
897667
897727
897737
897741
897747
897752
897802
897810
897974
898115
898119
898167
898211
898317
898323
898580
898741
898885
898896
898898
898941
899185
899347
899423
899511
899544
899606
899742
899831
899856
900292
900379
900462
900556
900592
900666
900811
900827
901282
901337
901375
901553
901712
902015
902038
902112
902192
902214
902430
902514
902777
902799
902881
903187
903202
903253
903333
903442
903885
903956
904006
904106
904140
904196
904201
904429
904520
904706
904736
904878
904976
905151
905290
905321
905462
905491
905494
905649
905717
905719
905786
905864
905945
906128
906184
906194
906683
906828
906924
906968
907133
907191
907225
907283
907295
907328
907349
907361
907447
907629
907682
907787
907846
908001
908121
908135
908146
908203
908211
908449
908460
908507
908594
908636
908967
909209
909238
909291
909330
909364
909481
909485
909542
909549
909598
909722
909813
909840
910086
910145
910215
910364
910617
910649
910729
910856
911008
911014
911047
911084
911091
911197
911240
911395
911486
911543
911557
911775
911785
911839
912243
912441
912526
912591
912626
912786
912875
913022
913076
913101
913143
913160
913478
913479
913494
913507
913667
913996
914046
914146
914414
914596
914730
915022
915231
915232
915327
915390
915565
915625
915669
915709
915892
915944
916131
916156
916263
916434
916555
916583
916603
916611
916650
916940
917116
917126
917137
917225
917440
917519
917572
917690
917748
917808
917833
917883
917910
917958
918093
918373
918995
919032
919058
919157
919240
919318
919355
919501
919510
919659
919829
919948
919983
920054
920067
920383
920453
920609
920853
921061
921124
921131
921164
921264
921373
921423
921427
921559
921655
922134
922785
922807
923117
923173
923176
923296
923315
923329
923365
923462
923616
923708
923719
923802
923820
923848
924082
924191
924299
924356
924579
924633
924728
924774
924828
924836
924842
925001
925015
925203
925479
925481
925548
925777
925898
925910
926120
926263
926446
926545
926656
926666
926722
926842
926848
926968
927007
927037
927061
927201
927630
927746
927937
928121
928224
928456
928472
928549
928669
928689
928787
928961
929164
929381
929408
929425
929548
929657
929952
930159
930344
930408
930459
930471
930476
930655
930714
930776
930797
930802
930831
930879
930900
930903
930996
931024
931067
931175
931206
931404
931448
931481
931765
931790
932041
932406
932488
932515
932600
932693
932815
932877
932973
933130
933435
933458
933487
933526
933616
933668
933732
934219
934245
934328
934383
934440
934696
934815
934991
935070
935108
935274
935303
935404
935408
935436
935448
935486
935617
935655
935659
935706
935744
935768
935852
935858
935985
936000
936005
936039
936227
936282
936299
936349
936393
936419
936423
936439
936464
936530
936618
936676
936707
936728
936731
936807
936986
937108
937297
937307
937391
937410
937504
937539
937604
937688
937709
937956
938007
938057
938081
938184
938192
938274
938464
938652
938683
938695
938796
938875
938913
938936
938953
938963
939087
939090
939186
939401
939452
939538
939549
939789
939824
939936
939979
940011
940141
940171
940273
940294
940346
940449
940535
940969
941307
941396
941451
941499
941500
941504
941581
941616
941941
942113
942135
942425
942596
942783
942785
942814
942974
943060
943467
943664
943715
943757
943759
943829
943836
943849
943938
944125
944151
944190
944281
944372
944784
945049
945075
945580
945618
945715
945949
946101
946207
946669
946781
946932
947089
947522
947832
947844
947939
948113
948484
948546
948657
948757
948797
948984
949055
949097
949127
949206
949418
949523
949624
949666
949745
949786
949791
949857
950202
950227
950551
950678
950727
950762
950884
950955
951112
951280
951443
951514
951527
951635
952082
952105
952246
952270
952377
952489
952516
952530
952764
953014
953024
953043
953172
953187
953321
953404
953435
953507
953514
953629
953655
953794
953837
953856
953872
953888
953910
953927
953941
954149
954183
954203
954233
954273
954311
954340
954551
954613
954737
954760
954878
955047
955341
955465
955508
955594
955704
955799
955848
955929
955933
955959
956054
956067
956069
956384
956424
956556
956563
956682
956987
957007
957018
957024
957150
957354
957368
957686
957729
957773
957823
957937
957962
958139
958317
958337
958342
958475
958507
958639
958652
958769
958786
958919
958990
959242
959286
959324
959423
959470
959520
959657
959761
959906
959986
960170
960190
960228
960461
960482
960545
960549
960574
960749
960750
960780
960794
960844
961004
961229
961247
961329
961445
961557
961582
961662
961699
962086
962107
962193
962426
962507
962577
962603
962613
962688
962914
962916
962962
962995
963156
963162
963230
963279
963397
963681
963829
964069
964132
964155
964247
964409
964423
964451
964580
964618
964711
964803
965245
965253
965290
965390
965688
965787
965825
965836
965872
966028
966217
966513
966572
966703
966734
967027
967052
967173
967457
967535
967592
968034
968109
968257
968312
968326
968356
968392
968542
968595
968795
968921
969171
969285
969324
969357
969360
969590
969615
969675
969805
969858
969956
969987
970001
970127
970148
970204
970227
970330
970343
970352
970358
970469
970599
970710
970961
971192
971198
971236
971262
971442
971674
971682
971754
971794
971830
972034
972532
972671
972782
972921
972930
972952
973072
973084
973169
973278
973390
973465
973755
973771
973846
974127
974155
974199
974251
974298
974525
974530
974793
974809
974915
974971
975105
975146
975152
975715
975790
976003
976054
976194
976548
976581
976643
976757
976817
976913
976963
977229
977291
977568
977614
977674
977724
977793
977808
977871
978029
978133
978166
978402
978486
978489
978544
978745
978909
979168
979262
979546
979563
979710
979727
979760
979802
979814
979845
979855
979953
980006
980063
980249
980448
980493
980494
980504
980679
980710
980867
980978
981038
981099
981269
981368
981469
981501
981605
981657
981864
981880
981919
982110
982352
982410
982477
983110
983161
983173
983256
983356
983601
983613
983825
984478
984943
985044
985091
985190
985507
985586
985622
985679
985737
985840
985913
985990
986054
986078
986112
986538
986560
986644
986666
986816
986882
986999
987094
987544
987872
987891
987953
987991
988083
988112
988168
988234
988246
988265
988310
988369
988419
988426
988430
988590
988594
988638
988724
988896
988999
989038
989261
989360
989437
989500
989528
989631
989743
989802
990007
990028
990079
990233
990323
990365
990384
990420
990453
990501
990701
990749
990817
990907
990930
991015
991048
991182
991194
991200
991288
991289
991301
991502
991728
991936
991955
992024
992052
992132
992306
992371
992418
992428
992590
992738
992741
992932
992958
993115
993366
993396
993431
993446
993448
993575
993581
993611
993661
993679
993683
993703
993710
993717
993775
994148
994178
994430
994575
994856
994865
995120
995250
995334
995378
995469
995564
995651
995663
995894
995960
996072
996267
996290
996349
996496
996558
996651
996721
997299
997304
997319
997407
997665
997684
997705
997743
997774
998151
998444
998689
998897
999083
999154
999292
999421
999426
999449
999510
999682
999735
999761
999788
999828
999848
999871
999976
