509
595
635
688
935
1106
1435
1629
1676
1774
1842
1851
1982
2058
2083
2189
2877
2931
2978
3149
3279
3398
3434
3491
4081
4123
4125
4137
4178
4179
4249
4398
4536
4603
4702
4943
4959
5019
5021
5044
5103
5134
5168
5270
5650
5700
5731
5786
5990
6042
6079
6093
6285
6297
6375
6433
6557
6560
6590
6642
6686
6725
6847
6924
7142
7192
7495
7511
7568
8074
8178
8274
8276
8331
8392
8624
8653
8716
8768
9056
9082
9286
9333
9393
9547
9555
9702
9752
9754
9841
10092
10093
10205
10304
10733
10747
10952
11068
11109
11169
11196
11335
11459
11543
11695
11724
11741
11749
11797
12275
12414
12437
12488
12614
12721
13037
13087
13133
13218
13272
13393
13521
13556
13656
13870
13908
14097
14107
14229
14254
14347
14358
14388
14401
14459
14502
14507
14559
14612
14698
14770
14806
14823
14846
14878
14961
15082
15179
15284
15515
15534
15553
15680
15689
15802
15995
16007
16085
16221
16396
16416
16468
16598
16669
16709
16733
16779
16821
16918
17088
17168
17226
17327
17571
17577
17762
17839
17853
18322
18491
18551
18565
18599
18662
18705
18745
18755
19143
19174
19393
19471
19556
19604
19709
19902
20104
20112
20341
20428
20585
20660
20694
20793
20898
21100
21110
21164
21289
21516
21585
21644
21757
21824
21912
22023
22103
22124
22126
22161
22263
22284
22444
22455
22494
22570
22843
23211
23463
23539
23547
23548
23587
23680
23696
23780
23855
24095
24210
24251
24300
24416
24606
24658
24728
24791
24856
25093
25107
25163
25213
25386
25413
25490
25533
25643
25706
25805
26089
26102
26171
26197
26216
26305
26334
26405
26638
26739
26826
27034
27123
27181
27528
27556
27632
27957
28054
28071
28079
28299
28400
28421
28610
28695
28846
28858
28896
28921
29019
29287
29367
29413
29545
29727
29771
29772
30015
30082
30117
30159
30209
30435
30489
30560
30664
30671
30740
30761
30769
30794
30924
30935
31039
31182
31205
31333
31443
31503
31754
31771
32055
32111
32121
32223
32646
32887
32961
33170
33198
33447
33463
33520
33631
33701
33909
34051
34137
34188
34506
34511
34561
34656
34740
34814
35002
35006
35271
35337
35354
35430
35606
35682
35686
35698
35914
35960
36003
36053
36181
36188
36216
36423
36446
36451
36531
36547
36590
36651
36674
36773
36966
37181
37382
37467
37491
37930
37977
37988
38021
38143
38183
38316
38349
38479
38492
38571
38871
38918
38949
39016
39025
39288
39396
39424
39457
39460
39577
39589
39648
39659
39920
39944
40167
40214
40386
40402
40491
40714
40757
40931
40987
41272
41346
41389
41437
41461
41534
41637
41674
41685
41732
41864
42020
42109
42414
42605
42739
43203
43248
43482
43519
43676
43699
43845
43851
44027
44108
44348
44681
44708
44735
44882
44885
45025
45368
45475
45622
45661
45744
45768
45969
46191
46356
46371
46515
46751
46864
46922
46929
46942
46962
46975
47130
47139
47309
47446
47454
47603
47669
47673
47914
47957
48000
48301
48383
48437
48526
48609
48650
48861
48900
48914
49246
49290
49548
49915
49921
50176
50251
50310
50374
50494
50521
50546
50705
50784
50823
50996
51120
51145
51396
51604
51654
51733
51736
51829
51872
52251
52312
52528
52839
53019
53306
53378
53692
54676
54890
54913
54953
55004
55044
55069
55100
55203
55219
55742
55744
55785
55814
55852
55874
56059
56146
56206
56308
56411
56430
56464
56543
56546
56682
56832
56872
56938
56995
57006
57132
57308
57381
57503
57515
57538
57550
58071
58208
58226
58232
58268
58646
58892
58901
59066
59194
59303
59401
59562
59627
59819
60312
60354
60416
60801
60810
61065
61195
61396
61464
61598
61617
61641
61722
61775
62148
62198
62281
62472
62546
62605
62784
63009
63363
63452
63453
63507
63524
63564
63673
63870
63872
63987
64029
64074
64091
64211
64823
64986
65000
65020
65058
65076
65145
65553
65652
65722
65819
65841
65884
66081
66125
66181
66241
66477
66516
66631
66635
66661
66701
66775
66788
66810
67011
67098
67326
67426
67670
67676
67688
67764
67855
67874
67908
68112
68234
68249
68325
68396
68507
68584
68648
68676
68687
68716
68754
68888
69070
69140
69160
69208
69226
69316
69550
69658
69715
69737
69740
69911
70418
70429
70458
70614
70729
70785
70802
70930
70969
70972
71110
71191
71350
71428
71661
71680
71756
71795
71840
71845
72132
72226
72227
72242
72312
72413
72497
72615
72676
72788
72797
72969
73016
73352
73377
73581
73647
73677
73740
73827
73924
73954
73972
74002
74081
74124
74199
74354
74452
74462
74605
74639
74685
74886
75130
75307
75712
75723
76301
76342
76348
76418
76507
76681
76791
76862
76905
76909
76991
77071
77275
77415
77501
77502
77561
77595
77695
77807
77833
77975
78124
78247
78502
78517
78650
78710
78854
78981
79058
79100
79130
79354
79422
79568
79681
80023
80027
80123
80141
80192
80276
80557
80585
80641
80804
80812
80816
80921
81027
81113
81127
81164
81276
81383
81609
81739
81888
81949
82149
82199
82230
82239
82322
82614
82689
82699
82765
82914
83334
83426
83537
83616
83754
83795
83831
83883
83959
84067
84339
84432
84434
84518
84567
84980
85302
85402
85846
85872
86022
86090
86137
86146
86648
86709
86904
86906
86972
87016
87450
87637
87949
87973
88072
88142
88151
88183
88373
88422
88526
88789
88832
88848
88886
88894
89032
89076
89302
89306
89342
89696
89703
89705
89786
89837
89951
90051
90181
90192
90228
90261
90356
90360
90368
90393
90404
90417
90502
90581
90603
90691
90930
91069
91203
91266
91306
91496
91539
91661
91664
91727
91885
91910
91922
91926
91928
92020
92105
92130
92340
92382
92482
92589
92690
92812
92899
93013
93100
93350
93374
93445
93528
93597
93716
93725
93811
93899
93934
94028
94462
94543
94972
95054
95195
95292
95295
95367
95438
95479
95617
95738
95941
95968
96006
96121
96129
96158
96262
96284
96356
96379
96442
96501
96657
96780
97083
97113
97177
97250
97271
97440
97600
97882
98014
98025
98134
98208
98252
98280
98359
98363
98382
98399
98460
98537
98545
98655
98770
98787
98884
98934
98948
99126
99127
99145
99324
99335
99342
99453
99476
99611
99654
99721
99843
100069
100605
100608
100720
100754
100806
100825
100864
100985
101043
101129
101182
101205
101371
101644
101693
101712
101804
101830
101837
101842
101993
102132
102228
102584
102673
102756
102786
102841
103191
103200
103328
103417
103497
103747
103784
103814
103894
103965
104077
104153
104311
104351
104444
104472
104503
104554
104679
104747
104819
104859
104887
105055
105171
105321
105436
105438
105664
105758
105825
105948
106038
106051
106192
106357
106420
106546
106613
106644
106733
106917
106930
107373
107527
107553
107557
107780
107786
107924
108144
108249
108253
108449
108457
108731
108825
108857
108890
108996
109006
109088
109140
109153
109306
109325
109505
109719
109765
109768
109830
109943
110020
110100
110103
110335
110439
110455
110497
110601
110714
110735
110747
110776
110777
110988
111040
111223
111231
111367
111426
111432
111442
111551
111631
111691
111836
111899
111955
112000
112060
112110
112343
112357
112436
112459
112614
112624
112734
112749
112783
113164
113202
113243
113287
113581
113880
113883
113915
113917
113966
114079
114134
114177
114203
114520
114623
114922
115185
115527
115528
115758
115770
115802
116111
116256
116279
116329
116353
116430
116442
116572
116599
116704
116763
117175
117331
117344
117527
117620
117677
117816
117837
117862
117934
118005
118032
118190
118322
118339
118473
118503
118829
118840
118944
119232
119266
119276
119294
119423
119528
119722
119946
120042
120207
120238
120244
120290
120300
120324
120494
120641
120644
120796
120930
120940
121040
121055
121098
121126
121273
121306
121364
121520
121559
121653
121738
121776
121835
121898
122047
122253
122422
122493
122531
122628
122751
122896
123415
123569
123588
123601
123626
123768
123788
123944
123995
124411
124413
124439
124561
124667
124744
124750
124809
124945
125025
125196
125285
125292
125364
125469
125668
125741
125781
126067
126298
126380
126445
126470
126546
126548
126649
126676
126844
126850
126978
127132
127133
127181
127298
127390
127500
127566
127808
127870
127880
128055
128313
128339
128351
128620
128634
128659
128701
128708
128887
128947
128974
129023
129046
129112
129127
129168
129302
129412
129494
129521
129548
129673
129865
129905
130007
130014
130033
130054
130077
130154
130207
130638
130711
130761
130837
130847
130894
130905
131147
131207
131216
131237
131307
131463
131557
131589
131604
131615
131709
131737
131808
131936
131993
132174
132407
132499
132539
132603
132653
132769
132865
132872
133381
133432
133440
133501
133653
133700
133761
133859
134050
134128
134207
134450
134761
134825
134865
134988
135140
135254
135257
135373
135420
135479
135603
135606
135641
136165
136220
136461
136588
136721
136753
136893
136934
136993
137023
137033
137160
137436
137609
137726
137973
138075
138078
138079
138514
138520
138583
138639
139047
139100
139122
139239
139352
139513
139733
139742
139857
140015
140079
140124
140260
140266
140405
140408
140516
140568
140637
140889
140948
141036
141208
141335
141475
141690
141748
141837
141864
141881
142022
142236
142333
142407
142431
142479
142509
142660
142723
142738
142746
142824
142872
142875
142945
142952
142955
142967
142996
143042
143141
143174
143182
143313
143370
143392
143442
143480
143486
143688
143738
143827
144351
144514
144601
144694
144983
144992
145005
145031
145045
145123
145146
145383
145486
145540
145546
145689
145832
145884
145909
145966
145987
145993
146036
146364
146431
146465
146495
146610
146611
146651
146734
146850
146923
146941
146945
146981
147064
147130
147269
147734
147869
147984
148013
148355
148378
148509
148671
149046
149053
149171
149207
149357
149454
149477
149488
149539
149605
149632
150065
150178
150267
150401
150617
150665
150715
150794
150953
151172
151441
151667
151768
151886
151917
151951
152075
152106
152129
152215
152272
152320
152621
152753
152819
152843
152889
152898
153034
153090
153214
153272
153286
153548
153599
153630
153713
153850
153903
154250
154486
154604
154636
154772
154776
154999
155032
155044
155200
155273
155429
155465
155614
155663
155666
155937
156018
156030
156152
156300
156765
156864
157009
157016
157424
157506
157637
157705
157806
157837
157862
157901
157908
157975
158457
158469
158484
158541
158592
158598
158822
158855
158856
158997
159006
159068
159078
159105
159225
159312
159397
159408
159439
159480
159512
159655
159676
159713
159772
159988
160187
160297
160312
160349
160359
160451
160706
161092
161372
161424
161434
161455
161733
161766
161871
162075
162139
162248
162273
162529
162878
163209
163258
163270
163431
163446
163558
163671
163711
163760
163777
163872
163942
164085
164274
164275
164295
164313
164480
164536
164561
164650
164855
164883
165037
165305
165365
165393
165487
165513
165567
165662
165719
165721
165743
165952
166005
166088
166341
166380
166495
166549
166609
166614
166856
167081
167109
167132
167255
167275
167615
167660
167810
167935
168184
168277
168309
168340
168490
168535
168536
168627
168820
169107
169113
169120
169367
169484
169496
169748
170509
170554
170680
170724
170858
170880
170886
171070
171153
171179
171230
171432
171436
171448
171603
171887
171980
172038
172153
172233
172362
172477
172525
172535
172621
172708
172850
172994
173042
173132
173257
173474
173556
173615
173994
173996
174165
174189
174253
174358
174474
174573
174582
174593
174674
174675
174857
174951
175183
175287
175317
175486
175517
175534
175537
175583
175610
175709
175921
176034
176133
176200
176236
176282
176335
176355
176372
176403
176477
176536
176815
176920
177012
177238
177243
177313
177335
177414
177694
177760
177875
177955
178030
178282
178422
178488
178512
178619
178864
178891
178907
178921
179017
179022
179243
179383
179420
179606
179611
179622
179664
179835
179996
180258
180529
180714
180741
180869
180898
181087
181154
181228
181740
182053
182113
182165
182293
182330
182435
182479
182524
182604
182657
182674
182703
182906
182935
182953
182990
183124
183193
183272
183321
183339
183447
183481
183684
183830
183911
183985
184174
184537
184620
184635
184867
184883
185461
185494
185508
185605
185607
185642
185677
185719
185724
185800
185936
186112
186172
186249
186347
186368
186375
186648
186686
186745
186829
186866
186872
186893
186900
186983
187165
187365
187411
187489
187756
187853
187887
187963
188112
188172
188374
188484
188583
188621
189128
189225
189301
189432
189492
189831
189991
190097
190109
190114
190160
190198
190225
190348
190353
190370
190469
190482
190544
190644
190674
190948
190986
191007
191072
191090
191108
191216
191235
191325
191480
191522
191564
191651
191917
191976
191980
192132
192254
192323
192333
192464
192718
192759
192841
192992
193381
193419
193565
193707
193724
193845
194005
194128
194266
194415
194443
194532
194607
194613
194777
194789
194807
195239
195251
195307
195397
195461
195478
195569
195615
195624
195924
195949
195994
196113
196193
196283
196323
196557
196792
196897
197512
197545
197547
197777
197820
197844
198077
198091
198208
198227
198232
198426
198530
198621
198623
198858
198947
198966
199049
199066
199209
199352
199387
199487
199584
199609
199690
199692
199703
199851
199864
199886
199955
200004
200020
200080
200153
200227
200298
200324
200415
200524
200551
200565
200692
200755
200764
200864
200951
200953
200984
201246
201320
201390
201426
201620
201630
201770
201775
201788
202108
202143
202371
202514
202836
202945
202984
203000
203103
203293
203349
203448
203456
203669
203681
203978
204101
204234
204456
204544
204635
204721
204937
205215
205264
205266
205318
205326
205334
205348
205366
205396
205492
205532
205714
205788
205838
205971
206090
206197
206263
206361
206462
206703
206719
206721
206877
206955
206997
207276
207485
207510
207519
207593
208208
208313
208402
208406
208434
208517
208518
208554
208592
208884
208897
209027
209100
209212
209284
209311
209312
209330
209583
209602
209669
209726
209783
209900
209956
210282
210365
210387
210468
210531
210661
210815
211146
211176
211247
211248
211296
211383
211497
211631
211737
211742
211820
211900
211905
212359
212551
212587
212617
212629
212639
212716
212753
212913
212919
213367
213382
213682
213814
213895
213899
214056
214155
214220
214241
214263
214327
214355
214431
214612
214929
215083
215136
215142
215327
215381
215434
215453
215508
215535
215582
215694
215735
215812
215874
215895
216004
216030
216188
216253
216265
216268
216532
216607
216847
216893
217033
217080
217146
217207
217231
217336
217403
217588
217832
217855
217857
217911
217925
217948
218001
218003
218035
218052
218693
218749
218900
219053
219139
219192
219208
219225
219524
219599
219628
219649
219659
219718
219734
219984
220033
220148
220514
221036
221044
221153
221232
221435
221496
221826
221920
221976
222023
222205
222211
222319
222419
222736
222910
222917
223019
223157
223171
223177
223232
223355
223476
223603
223652
223690
223693
223876
223879
223882
224023
224054
224182
224347
224463
224543
224590
224632
224655
224806
224821
224837
224946
224969
225226
225240
225364
225471
225589
225598
225900
225980
226048
226124
226126
226608
226728
226814
226886
226945
227023
227112
227135
227274
227338
227403
227420
227566
227605
227683
227714
227821
227890
228062
228247
228272
228326
228339
228597
228666
228689
228706
228748
228803
228848
228899
229059
229107
229134
229187
229248
229255
229257
229282
229325
229597
229802
229989
230020
230073
230238
230321
230391
230480
230601
230769
230795
230815
231027
231042
231049
231187
231337
231344
231345
231518
231554
231664
231684
231807
231890
232000
232024
232047
232192
232211
232273
232281
232299
232415
232709
233023
233024
233068
233148
233237
233247
233340
233727
233942
233958
234035
234304
234359
234474
234594
234617
234819
234884
235110
235192
235295
235305
235357
235521
235942
236007
236046
236433
236451
236544
236590
236607
236647
236677
236683
236693
236727
236791
236987
237048
237190
237504
237527
237660
237728
237750
237763
237793
237804
237932
238110
238149
238209
238287
238463
238633
238734
238738
238746
239184
239231
239553
239708
239871
239969
240035
240290
240539
241118
241133
241158
241333
241336
241660
241663
241791
241962
242032
242261
242344
242386
242473
242535
242550
242641
242907
243196
243215
243241
243245
243274
243448
243454
243558
243831
243837
243951
243968
244037
244067
244223
244397
244417
244524
244543
244563
244791
244843
244913
245190
245235
245263
245305
245347
245403
245436
245479
245739
245801
245996
246020
246157
246168
246198
246289
246583
246656
246866
246951
247147
247155
247430
247606
247750
247831
247857
248093
248140
248149
248174
248189
248195
248367
248434
248470
248562
248601
248614
248656
248791
248820
248839
249157
249163
249259
249339
249534
249628
249729
249821
249933
250035
250074
250175
250326
250441
250453
250455
250499
250664
250677
250679
250782
250789
250970
250989
251145
251158
251191
251376
251381
251385
251421
251664
251771
252121
252146
252279
252302
252552
252583
252594
252703
252724
252760
252785
252901
252996
253085
253099
253229
253250
253312
253441
253576
253578
253639
253694
253761
253926
253988
254074
254393
254408
254429
254829
254973
255011
255028
255158
255284
255293
255432
255457
255467
255623
255634
255701
255751
255809
255968
255973
256083
256252
256330
256331
256365
256379
256405
256494
256704
256718
256783
257080
257086
257136
257154
257157
257592
257605
257688
257777
257826
258021
258048
258277
258511
258545
258687
258758
258987
259006
259034
259479
259594
259600
259683
259688
259837
259902
259984
260136
260311
260317
260620
260843
260911
260947
260959
261020
261140
261224
261226
261233
261268
261285
261296
261496
261640
261732
261982
262030
262138
262159
262238
262327
262386
262457
262473
262635
262641
262805
262840
262911
262965
263052
263131
263184
263190
263199
263279
263450
263543
263624
263653
263699
263755
263916
264052
264068
264072
264183
264327
264428
264483
264605
264778
264844
264915
264957
265000
265010
265136
265369
265403
265482
265535
265616
265691
265757
265766
265853
265865
265924
265965
266082
266352
266508
266752
266849
266933
266942
267021
267262
267287
267306
267383
267467
267486
267528
267573
267704
267710
267859
267947
268344
268824
268844
268960
269207
269290
269300
269321
269506
269561
269571
269662
269727
269815
269910
269999
270186
270206
270333
270698
270721
271148
271180
271182
271246
271249
271535
271567
271637
271752
271898
271910
271947
271994
272059
272173
272221
272229
272297
272427
272511
272530
272656
272677
272815
272819
272903
272950
273046
273165
273411
273682
273761
274174
274175
274219
274441
274486
274590
274861
275041
275245
275354
275360
275382
275397
275463
275573
275583
275602
275745
275792
275842
275848
275864
275878
275946
276227
276294
276481
276509
276538
276637
276653
276897
276978
277207
277299
277325
277377
277769
277883
277933
277989
277999
278097
278178
278195
278235
278248
278348
278366
278389
278392
278432
278485
278695
278922
279026
279118
279226
279355
279420
279494
279618
279669
279728
279791
279793
279901
279918
279921
279984
280010
280098
280135
280144
280435
280526
280635
280652
280659
280665
280729
280747
280949
281471
281515
281570
281791
281844
281986
281995
282015
282087
282097
282188
282289
282372
282397
282477
282564
282677
282790
282849
282959
283023
283027
283227
283401
283475
283691
283856
283876
283984
284164
284440
284453
284474
284515
284614
284708
284715
284804
284805
284864
284995
285142
285174
285223
285334
285397
285570
285663
285685
285725
285738
285852
286063
286088
286249
286286
286335
286340
286569
286574
286610
286790
286838
286871
287050
287102
287112
287128
287156
287321
287382
287468
287732
287739
287831
287897
287964
288057
288087
288088
288134
288288
288584
288619
288841
288887
288890
288903
288967
289048
289097
289119
289137
289143
289168
289284
289509
289543
289553
289717
289760
289812
289843
289860
289923
289937
289959
289996
290096
290103
290199
290227
290281
290283
290505
290565
290931
290988
291051
291085
291210
291391
291425
291441
291515
291588
291732
291972
292013
292115
292195
292213
292253
292322
292368
292451
292584
292623
292712
292778
292832
292989
293061
293117
293286
293298
293374
293659
293670
293681
293777
293792
293863
293893
293958
293988
294115
294172
294200
294416
294495
294581
294667
294696
294804
294902
294930
294939
294942
295127
295211
295277
295396
295484
295807
295979
296013
296178
296290
296351
296352
296464
296492
296507
296527
296583
296615
296619
296791
296978
296995
297007
297092
297196
297351
297521
297624
297688
297703
297790
298313
298321
298414
298646
298674
298816
299005
299222
299281
299307
299514
299560
299695
299713
299780
299837
299888
299936
299983
300030
300356
300937
300984
301092
301107
301144
301150
301280
301521
301745
301942
302328
302442
302486
302493
302566
302644
302691
302694
302807
302896
302917
303131
303205
303267
303294
303312
303316
303348
303368
303381
303483
303557
304165
304182
304303
304308
304463
304679
304753
304785
304854
305223
305232
305317
305565
305978
306109
306114
306122
306129
306211
306315
306318
306357
306363
306431
306501
306535
306654
306684
306708
306924
307058
307131
307218
307233
307298
307338
307451
307707
307786
307788
307970
308080
308084
308170
308285
308440
308462
308564
308567
308654
308744
308788
308879
309025
309082
309351
309448
309456
309470
309576
309605
309670
309697
309746
309830
309874
310029
310135
310574
310698
310900
311051
311152
311274
311290
311376
311458
311526
311680
312008
312159
312166
312219
312244
312533
312573
312963
313010
313018
313042
313056
313212
313286
313424
313455
313468
313719
313748
313760
313806
313904
314065
314096
314211
314472
314504
314935
315099
315141
315168
315169
315360
315424
315487
315498
315777
315779
315782
316029
316032
316047
316049
316100
316101
316140
316287
316441
316486
316495
316606
316637
316641
316735
316838
316909
317095
317131
317336
317433
317629
317837
317852
317934
318268
318434
318520
318548
318737
318964
319047
319236
319387
319432
319449
319478
319757
320059
320342
320367
320490
320503
320667
320792
320802
320845
320863
320945
321046
321210
321242
321297
321306
321399
321467
321629
321658
321744
321789
321841
321923
321963
322012
322054
322084
322109
322149
322254
322261
322306
322359
322410
322864
322924
322954
323004
323054
323331
323373
323412
323521
323635
323638
323784
323786
323846
323859
323927
324285
324312
324417
324470
324475
324757
324778
324948
325025
325079
325125
325156
325357
325362
325376
325383
325423
325468
325498
325825
325850
325866
326105
326140
326149
326176
326267
326337
326529
326624
326759
326932
327055
327354
327552
327565
327704
327776
327786
327811
327874
328099
328278
328302
328322
328520
328777
328805
328888
329004
329127
329219
329232
329311
329371
329407
329425
329665
329686
330239
330363
330372
330376
330402
331345
331445
331465
331621
331731
331938
331986
332084
332202
332270
332348
332351
332526
332913
332939
332994
333033
333092
333287
333291
333351
333388
333431
333551
333672
333849
333904
333970
333972
334197
334232
334284
334489
334680
335033
335074
335120
335175
335183
335188
335316
335414
335428
335757
335908
335956
336143
336293
336308
336593
336626
336631
336875
336978
337142
337197
337245
337246
337260
337453
337767
337823
338016
338130
338134
338146
338313
338331
338346
338350
338394
338583
338795
338809
338872
338920
339192
339410
339465
339526
339563
339806
339824
339918
339931
340013
340109
340117
340278
340346
340394
340532
340577
340770
340842
340903
340906
341085
341300
341459
341620
341737
342116
342543
342640
342896
343050
343059
343073
343156
343183
343360
343427
343439
343453
343515
343792
343859
344226
344236
344279
344329
344593
344705
344711
344823
344831
344833
344912
345039
345201
345208
345292
345451
345494
345709
345825
345942
346020
346039
346047
346073
346150
346297
346354
346372
346399
346507
346652
346661
346664
346671
346676
346774
347094
347438
347692
347954
348060
348121
348206
348306
348489
348509
348782
348801
348806
348929
349327
349329
349473
349491
349675
349689
349955
349961
350111
350199
350203
350261
350269
350341
350344
350470
350485
350738
350940
350972
351015
351061
351062
351090
351179
351208
351298
351404
351405
351407
351427
351428
351734
351873
351921
351941
352002
352014
352135
352538
353011
353029
353049
353057
353296
353331
353503
353729
354008
354152
354206
354345
354363
354376
354383
354418
354523
354530
354608
354701
354751
354814
354953
355014
355114
355151
355244
355264
355359
355387
355400
355444
355461
355602
355663
355684
355811
355918
355978
356004
356114
356136
356419
356570
356582
356634
356638
356660
356953
356979
356991
357020
357098
357130
357344
357389
357503
357679
357719
357779
357930
357931
357967
358010
358028
358315
358447
358502
358738
358825
358855
359097
359209
359275
359310
359466
359616
359895
360096
360213
360231
360294
360318
360724
360728
360806
360834
360966
361041
361105
361196
361289
361363
361455
361598
361637
361717
361780
361862
361870
362144
362173
362206
362226
362497
362547
362658
362832
362953
363060
363186
363500
363557
363604
363700
363725
363778
363782
363791
363802
363858
364210
364290
364394
364423
364525
364532
364618
364693
364744
364755
364772
364930
365081
365096
365160
365302
365387
365505
365639
365697
365739
366074
366130
366166
366255
366271
366381
366462
366588
366773
366793
367048
367136
367208
367381
367576
367882
367906
367909
367944
367952
367958
368068
368251
368329
368378
368421
368440
368456
368630
368667
368690
368741
368907
369006
369157
369161
369215
369334
369538
369766
369787
370004
370106
370143
370255
370447
370575
371057
371088
371302
371378
371445
371548
371734
371859
372046
372332
372680
372785
373014
373022
373050
373225
373302
373351
373393
373461
373520
373617
373728
373732
373796
373807
373826
373957
374033
374118
374193
374211
374226
374252
374376
374411
374694
374702
374759
374763
374956
375083
375209
375362
375435
375475
375713
375717
375795
375868
376051
376092
376107
376170
376718
376894
376923
376966
377042
377378
377638
377971
378083
378218
378262
378471
378562
378754
378763
378790
379039
379132
379136
379383
379562
379697
379996
380229
380256
380323
380443
380558
380715
380770
380883
380907
380926
381016
381024
381218
381454
381516
381527
381550
381644
381688
381689
381728
381747
381750
381753
381826
381839
381892
382041
382363
382434
382529
382544
382598
382633
382698
382745
382765
382849
382898
382919
382999
383092
383165
383167
383195
383392
383404
383727
383996
384058
384094
384156
384233
384329
384406
384412
384440
384471
384568
384630
384682
384702
384773
384953
384972
384978
385078
385213
385239
385570
385627
385743
385815
386037
386111
386263
386314
386497
386505
386578
386614
386733
386774
386920
386998
387051
387068
387098
387107
387140
387355
387393
387489
387525
387546
387728
387762
387788
388009
388022
388037
388342
388355
388368
388410
388481
388602
388655
388684
388689
388708
389177
389254
389258
389351
389586
389681
389827
389910
389932
390157
390161
390184
390221
390458
390512
390683
390686
390729
390756
390881
390913
390929
390954
390998
391035
391036
391098
391218
391415
391550
391567
391642
391652
391908
392003
392092
392201
392362
392430
392448
392790
393119
393225
393846
393892
393986
394190
394368
394383
394387
394773
394911
394974
395135
395176
395367
395375
395425
395511
395758
395846
395867
395881
395889
395994
396033
396049
396157
396170
396311
396324
396337
396404
396578
396735
396824
396881
396925
396979
397211
397220
397288
397309
397401
397442
397655
397828
397831
397834
397859
397991
398119
398256
398312
398330
398346
398352
398475
398490
398527
398893
398963
399027
399043
399054
399077
399313
399336
399587
399589
399599
399642
399686
399876
399920
400007
400399
400462
400637
400998
401021
401194
401229
401328
401398
401634
401746
401750
401763
401895
401922
402029
402054
402155
402215
402338
402405
402512
402579
402610
402823
402873
402920
402990
403142
403295
403314
403326
403366
403383
403582
403682
403697
403734
403736
403774
403802
403950
404004
404058
404085
404124
404163
404254
404403
404497
404557
404749
404860
404934
405044
405047
405077
405097
405134
405243
405397
405675
405831
405929
405967
406080
406090
406214
406293
406418
406473
406507
406556
406574
406632
406810
406880
406910
406997
407012
407283
407310
407332
407469
407479
407612
407649
407712
407804
407877
407903
408035
408131
408159
408160
408226
408551
408815
408920
409019
409032
409248
409457
409644
409806
409918
409954
410053
410192
410364
410809
411021
411386
411462
411522
411713
411820
411887
411912
411940
412175
412230
412312
412338
412481
412528
412632
412692
412802
412836
413058
413073
413253
413278
413320
413504
413620
413639
413878
413980
414161
414241
414344
414365
414547
414608
414734
414800
414871
415193
415207
415214
415235
415358
415370
415800
415831
415857
415872
416156
416212
416256
416354
416473
416512
416577
416765
416780
416827
417033
417045
417069
417135
417191
417287
417298
417479
417502
417557
417654
417717
418040
418162
418246
418392
418412
418520
418535
418601
418665
418703
418736
418753
418755
418871
418916
419014
419216
419315
419521
419555
419794
419899
419934
420063
420170
420231
420309
420456
420606
420613
420672
420836
421288
421463
421465
421488
421536
421566
421867
421884
421972
422085
422176
422236
422262
422452
422574
422597
422954
422969
423106
423154
423265
423351
423404
423475
423599
423663
423949
424128
424152
424210
424224
424255
424296
424553
424766
424798
424898
425045
425099
425119
425565
425665
425830
425842
426188
426270
426483
426494
426530
426656
426691
426728
426853
426879
426968
427029
427073
427099
427222
427248
427361
427503
427543
427595
427611
428087
428147
428178
428232
428263
428297
428358
428390
428466
429098
429418
429464
429490
429607
429930
430034
430162
430311
430322
430333
430573
430716
431442
431801
431957
432009
432142
432165
432221
432315
432323
432332
432479
432485
432901
433004
433058
433319
433450
433523
433622
433810
433814
433942
433963
433969
433983
434161
434175
434313
434325
434484
434701
434710
434711
434719
434771
434821
434929
435237
435359
435427
435451
435477
435494
435528
435560
435575
435633
435734
435774
435931
435982
436009
436177
436198
436325
436422
436590
436627
436672
436779
437016
437112
437233
437262
437305
437350
437418
437589
437612
437671
437677
437733
437827
437895
437997
438061
438142
438182
438342
438458
438538
438631
439143
439167
439371
439576
439872
439964
440011
440046
440184
440198
440338
440622
440722
440881
440901
440993
441016
441031
441110
441138
441169
441434
441445
441456
441469
441472
441536
441610
441662
441757
441978
442107
442131
442243
442365
442384
442424
442464
442521
442913
442966
443028
443038
443093
443134
443449
443726
444211
444331
444398
444500
444715
444718
444761
445015
445060
445122
445142
445166
445263
445360
445439
445689
445737
445806
446153
446227
446305
446335
446377
446383
446506
446576
446805
446850
446897
446941
446964
447009
447227
447383
447425
447518
447540
447563
447701
447719
447743
447760
447808
447824
447843
447909
447935
448062
448084
448214
448447
448477
448545
448665
448685
448734
448856
448862
448937
449024
449055
449269
449338
449662
450110
450238
450248
450357
450364
450377
450489
450614
450720
450761
450777
451116
451331
451334
451878
451916
452043
452044
452141
452513
452531
452598
452848
453087
453217
453354
453480
453594
453682
453839
454491
454661
454665
454688
454777
454797
455307
455311
455421
455434
455493
455569
455893
455909
456122
456176
456199
456394
456409
456494
456716
456719
456729
456785
456837
456955
457046
457195
457209
457217
457783
457882
457883
458392
458480
458537
458546
458548
458691
458716
458848
459099
459288
459334
459586
459644
459778
459836
459934
459991
459996
460127
460214
460282
460343
460361
460380
460519
460805
460943
460960
461051
461446
461507
461576
461675
461767
461799
461972
462036
462226
462239
462370
462448
462510
462535
462606
462610
462656
462726
462737
462802
462835
462926
463019
463230
463267
463453
463748
463793
463806
463914
464095
464298
464325
464327
464340
464350
464372
464375
464385
464424
464614
464625
464703
464714
464870
464992
465028
465162
465393
465801
465856
465899
466255
466266
466303
466549
466594
467088
467104
467132
467283
467408
467484
467508
467707
467774
467780
467794
468398
468410
468417
468672
468723
468761
468888
468915
468946
469125
469202
469224
469242
469332
469374
469412
469529
469661
469664
470045
470616
470683
470830
470844
470857
470874
471011
471055
471259
471400
471403
471484
471499
471953
472060
472071
472111
472144
472284
472499
472547
472574
472596
472609
472717
472775
472849
472966
473107
473320
473338
473452
473484
473710
474001
474187
474403
474460
474642
474745
474805
474858
474984
475161
475176
475240
475354
475359
475380
475432
475489
475568
475920
476088
476234
476372
476397
476400
476556
476722
476726
476738
476776
476784
476811
476817
476822
477040
477089
477202
477240
477275
477322
477342
477364
477518
477548
477597
477633
477647
477774
477987
478149
478153
478267
478366
478460
478473
478801
478959
479070
479315
479393
479454
479456
479475
479523
479535
479577
479583
479661
479684
479777
479786
479818
480051
480141
480205
480221
480386
480429
480613
480745
480750
480929
481061
481071
481178
481312
481343
481365
481512
481668
481720
481865
481884
481900
482048
482070
482100
482453
482580
482586
482631
482926
482970
482975
483014
483019
483106
483250
483455
483530
483591
483782
483801
483927
484062
484074
484289
484732
484802
484881
485212
485261
485263
485326
485570
485609
485711
485730
485846
485865
485885
486032
486089
486197
486293
486311
486314
486465
486487
486598
486666
486767
486951
486961
487239
487308
487337
487395
487495
487557
487771
487903
488155
488201
488350
488441
488567
488627
488739
488752
488800
488908
488964
489057
489066
489104
489113
489239
489475
489481
489502
489558
489568
489631
489691
489712
489831
490016
490136
490252
490288
490507
490566
490627
490647
490694
490760
490860
491136
491265
491490
491518
491523
491852
491914
491957
491958
492157
492170
492219
492291
492394
492445
492496
492532
492613
492849
493027
493043
493214
493258
493290
493369
493413
493508
493539
493662
493865
493884
494001
494100
494119
494170
494303
494486
494726
494854
495041
495095
495236
495403
495502
495564
495636
495835
496048
496210
496242
496322
496403
496425
496446
496563
496618
496697
496773
496891
496960
497006
497039
497278
497464
497721
497783
497828
497886
497973
498085
498134
498194
498448
498518
498544
498568
498598
498696
498750
498848
498907
499025
499111
499118
499266
499428
499764
499797
499992
500147
500328
500333
500371
500379
500516
500898
500956
501124
501502
501550
501758
501797
501846
501893
502447
502469
502537
502637
502680
502705
502792
502826
502910
502938
503002
503210
503219
503441
503450
503452
503498
503703
503754
503757
503818
503899
503902
503945
503966
504103
504257
504548
504591
504825
504853
505179
505319
505492
505511
505569
505608
505644
505696
505779
505850
506023
506054
506136
506183
506195
506368
506406
506644
507000
507093
507231
507330
507470
507509
507730
507937
507941
508078
508107
508131
508244
508440
508722
508785
508912
508948
509315
509361
509382
509547
509854
509952
510018
510179
510226
510262
510403
510649
510662
510667
510675
510839
510928
511147
511209
511346
511519
511537
511548
511640
511817
511856
512161
512193
512563
512582
512592
512642
512686
512774
513022
513075
513109
513166
513462
513528
513530
513559
513672
513774
514274
514369
514434
514435
514438
514509
514567
514570
514720
514837
515002
515171
515533
515555
515578
515588
515658
516131
516166
516349
516624
516814
516903
516951
517162
517174
517191
517278
517297
517354
517484
517493
517513
517537
517614
517647
517683
517747
517794
517884
517984
518028
518125
518199
518266
518308
518320
518400
518435
518450
518603
518635
518814
518848
518892
518896
518909
518919
519066
519072
519106
519137
519196
519280
519281
519301
519473
519556
520023
520142
520373
520704
520826
520992
521076
521343
521387
521713
522087
522115
522160
522256
522345
522524
522777
522817
522885
522899
522915
522970
523126
523198
523203
523235
523280
523335
523423
523458
523464
523508
523856
523875
524027
524160
524368
524437
524483
524684
524708
524897
524898
524922
524961
525006
525033
525076
525103
525105
525251
525320
525590
525682
525811
525834
526102
526121
526358
526394
526425
526426
526462
526493
526538
526552
526582
526759
526765
526960
527053
527074
527112
527194
527264
527268
527304
527363
527369
527548
527592
527774
527816
527854
527953
527993
528014
528171
528172
528242
528439
528704
528813
528876
528978
529212
529238
529412
529672
529792
529885
529926
530049
530099
530127
530190
530261
530353
530483
530534
530686
530792
530806
530815
530824
531023
531099
531202
531309
531356
531410
531426
531477
531526
531569
531618
531721
531726
531802
531810
531884
532001
532070
532106
532218
532605
532706
532914
533106
533176
533231
533248
533533
533537
533578
533594
533598
533661
533713
533793
533803
533825
533869
533889
533954
534022
534061
534064
534118
534232
534291
534413
534635
534749
534751
534756
535172
535180
535466
535469
535507
535672
535683
535891
535920
536015
536222
536356
536533
536549
536614
536783
536790
536826
537002
537286
537563
537613
537687
537726
537737
537862
537898
538173
538277
538314
538366
538463
538538
538686
538744
538838
538844
538847
538878
538879
538926
538949
538988
539051
539078
539147
539210
539238
539260
539262
539275
539365
539367
539379
539454
539778
539838
539902
539951
540053
540118
540384
540459
540519
540701
540772
540788
540803
540830
540945
540968
540975
541157
541236
541308
541423
541464
541564
541629
541704
541753
541792
541926
542289
542341
542355
542363
542420
542459
542537
542820
542917
543159
543174
543395
543448
543581
543637
543707
543770
544031
544086
544089
544170
544175
544288
544372
544466
544784
544882
544891
544905
545018
545032
545147
545193
545347
545407
545426
545453
545626
545658
545741
545898
546076
546121
546359
546373
546476
546485
546677
546856
546919
547007
547060
547211
547222
547280
547286
547452
547514
547538
547761
547767
547769
547851
547911
547949
548001
548006
548139
548187
548242
548381
548442
548518
548521
548529
548558
548627
548737
548795
548811
548985
549154
549365
549464
549498
549535
549659
549739
549789
549939
550066
550095
550309
550365
550386
550564
550716
550735
551227
551229
551294
551306
551326
551412
551440
551530
551543
551577
551615
551672
551679
551704
551955
552099
552179
552333
552407
552509
552673
552726
552742
552956
553119
553200
553682
553715
553764
553889
554069
554094
554421
554515
554529
554594
554661
554716
554928
555140
555269
555324
555410
555519
555592
555726
555804
555887
556005
556020
556082
556222
556235
556421
556431
556440
556609
556710
556927
557002
557132
557232
557358
557387
557465
557492
557649
557896
558041
558269
558314
558322
558328
558453
558478
558525
558567
558572
558719
558746
558748
558790
558806
558879
558882
558893
559005
559068
559105
559176
559519
559557
559638
559673
559919
559924
559958
559976
559977
560016
560093
560235
560273
560350
560448
560566
560606
560711
560754
560790
560806
560889
560918
560999
561624
561684
561749
561810
561812
561853
561893
561896
561998
562134
562760
562850
562928
563068
563436
563825
563985
564019
564253
564298
564387
564475
564533
564563
564577
564587
564599
564612
564643
564750
564843
564871
565031
565205
565321
565338
565480
565489
565526
565603
565663
565765
565838
565902
565964
565983
566017
566046
566056
566311
566334
566354
566557
566666
566696
566838
566900
566982
567051
567110
567209
567428
567514
567530
567566
567833
567898
568030
568193
568207
568347
568363
568440
568441
568472
568520
568533
568552
568690
568740
568843
568876
568890
569012
569067
569089
569409
569421
569518
569536
569865
570219
570282
570287
570289
570440
570542
570546
570548
570610
570672
570685
570693
571143
571209
571230
571345
571365
571378
571509
571586
571599
571782
572023
572151
572308
572599
572674
572709
572968
572974
572987
573006
573333
573397
573662
573678
573680
573783
573849
573942
574048
574143
574239
574255
574272
574425
574437
574509
574545
574566
574692
574879
574969
575038
575068
575106
575124
575261
575269
575380
575412
575750
575796
575876
575994
576032
576123
576137
576185
576218
576266
576331
576564
576613
576691
576709
576954
577133
577235
577572
577723
577725
577793
578153
578180
578362
578471
578551
578554
578612
578754
578807
578822
578958
579026
579096
579210
579836
579917
580457
580480
580521
580539
580557
580637
580703
580762
580805
580816
580855
580909
580974
581427
581439
581510
581518
581693
581747
581928
581935
582007
582024
582042
582127
582168
582187
582198
582262
582409
582449
582469
582759
583297
583393
583432
583635
583724
583867
583892
583972
583975
584052
584076
584306
584327
584517
584545
584646
584649
584652
584688
584742
584849
585117
585361
585476
585513
585527
585626
585725
585735
585934
586127
586148
586196
586480
586730
586735
586867
586978
586988
587281
587321
587439
587554
587808
588110
588205
588276
588628
588644
588679
588693
588746
588899
589021
589173
589187
589257
589467
589482
589496
589510
589650
589666
589777
589894
589971
590106
590342
590443
590452
590453
590467
590538
590576
590868
590902
590988
591161
591269
591297
591309
591385
591389
591495
591676
591697
591774
591801
591871
591890
591906
592038
592052
592065
592084
592143
592159
592840
592919
593083
593280
593334
593460
593512
593648
593670
593678
593768
594348
594359
594426
594622
594690
594696
594820
594878
595081
595143
595185
595193
595261
595293
595367
595402
595408
595472
595519
595624
595978
596151
596191
596298
596309
596471
596574
596584
596622
596930
596934
597015
597040
597112
597238
597295
597327
597364
597404
597609
597612
597717
597848
597934
598296
598515
598580
598586
598819
598851
598920
598999
599045
599051
599052
599145
599157
599258
599279
599441
599492
599585
599631
599710
599781
599805
599888
600178
600240
600372
600447
600543
600576
600732
600757
600838
600873
600969
601082
601205
601257
601263
601274
601316
601359
601479
601563
601608
601703
601745
601834
602081
602100
602148
602199
602477
602481
602523
602877
603000
603019
603663
603862
603911
604159
604249
604416
604436
604443
604477
604510
604592
604614
604621
604647
604744
604775
604934
604943
604985
605172
605218
605263
605358
605543
605585
605597
605604
605833
605956
606179
606186
606238
606379
606436
606463
606498
606532
606691
606758
606760
607265
607445
607493
607499
607730
607743
607786
607830
607864
607995
608064
608113
608165
608179
608228
608239
608362
608432
608574
608593
608730
608965
609190
609303
609372
609475
609505
609534
609546
609554
609721
609866
609920
609950
610141
610229
610362
610380
610420
610586
610649
610699
610741
610790
610796
610894
611031
611525
611537
611568
611580
611674
611698
611805
611810
611823
611980
611988
612613
612785
612883
612981
612994
613115
613120
613297
613334
613574
613843
613984
614079
614201
614311
614349
614528
614603
614744
614864
614907
614975
615033
615243
615337
615386
615389
615451
615515
615605
615760
615878
616005
616123
616162
616429
616787
616936
617112
617234
617511
617689
618042
618569
618759
618835
619059
619188
619330
619395
619478
619543
619789
619859
619864
619917
619954
620026
620074
620106
620121
620273
620322
620340
620578
620584
620641
620648
620753
620784
620844
620873
621005
621049
621091
621173
621415
621435
621517
621613
621770
621811
622518
622692
622809
623082
623128
623141
623398
623527
623617
623693
623771
623793
623955
624529
624585
624743
624849
624927
624981
624998
625037
625044
625108
625110
625202
625402
625414
625503
625624
625630
626036
626099
626199
626270
626276
626410
626523
626960
627119
627223
627270
627351
627438
627532
627618
627675
627700
627790
627804
627841
627864
627964
627980
628043
628059
628070
628148
628153
628401
628438
628483
628739
628750
628908
628934
629229
629285
629374
629426
629436
629473
629519
629523
629779
630009
630084
630086
630392
631036
631509
631550
631781
631938
632322
632399
632423
632480
632547
632707
632721
632767
633141
633186
633314
633357
633519
633529
633758
633772
633849
634040
634211
634279
634442
634542
634648
634726
634801
634833
634977
635044
635253
635267
635271
635297
635369
635521
635680
635731
635737
635779
635857
635866
635969
636004
636084
636140
636209
636300
636449
636517
636654
636707
636715
636755
636789
636902
637243
637308
637435
637454
637522
637546
637586
637643
637907
637929
637968
638082
638169
638420
638456
638636
638722
638820
638826
638855
638984
639190
639267
639300
639337
639560
639830
640275
640311
640456
640648
640681
640903
640920
641207
641231
641339
641343
641372
641396
641475
641562
641627
641832
641924
641941
642086
642313
642375
642507
642533
642577
642671
642672
642838
642869
642944
643030
643144
643194
643231
643310
643357
643432
643541
643793
643889
643937
644273
644274
644278
644331
644419
644624
644927
644996
644999
645028
645241
645373
645388
645603
645661
645701
645755
645957
645960
645982
646036
646053
646090
646165
646282
646287
646299
646563
646676
646763
646808
646826
646915
647228
647237
647244
647379
647385
647537
647651
647721
647763
647937
648031
648288
648299
648396
648414
648482
648492
648667
648715
648915
649036
649056
649119
649222
649235
649293
649439
649567
649608
649699
649719
649733
649756
649814
649937
650007
650072
650080
650086
650133
650154
650216
650239
650465
650537
650588
650901
650917
650918
650990
651035
651042
651245
651275
651388
651546
651572
651707
651738
651780
651923
651987
652041
652145
652596
652757
652759
652972
652976
653440
653550
653593
653650
653728
653820
653878
653971
654096
654325
654360
654430
654608
654701
654783
654944
654990
655144
655156
655234
655250
655273
655390
655735
655980
656019
656158
656182
656236
656412
656433
656448
656504
656530
656577
656649
656709
656712
656812
656970
656977
656983
657232
657677
657823
657835
658219
658321
658486
658535
658603
658653
658671
658846
659009
659172
659232
659355
659372
659399
659404
659438
659442
659445
659545
659859
659879
659926
660128
660166
660205
660213
660249
660332
660345
660376
660530
660551
660728
660782
660857
660871
660978
661262
661534
661603
661676
661751
661805
661871
661915
661923
662042
662095
662289
662350
662434
662630
662812
662814
662970
662979
662991
663087
663293
663300
663385
663426
663542
663650
663676
663682
663772
663840
664416
664745
664828
664956
665071
665083
665140
665238
665429
665531
665594
665606
665692
665787
665856
665927
666097
666378
666409
666523
666571
666611
666642
666659
666662
666712
666872
666996
667088
667147
667338
667373
667555
667684
667833
667842
667853
667883
667967
668050
668131
668165
668234
668239
668371
668374
668463
668531
668609
668753
669075
669186
669390
669559
669585
669596
669726
669836
669890
670078
670109
670191
670358
670536
670595
670742
670858
670878
671051
671186
671195
671728
671748
671790
671894
671968
671969
672073
672100
672239
672481
672506
672655
672735
672832
672887
673098
673224
673372
673377
673614
673630
673685
674006
674073
674093
674146
674151
674194
674227
674432
674524
674636
674810
674817
675523
675813
675874
675998
676028
676078
676172
676221
676338
676362
676379
676393
676590
676620
676845
676875
676954
677102
677177
677256
677329
677625
677669
677722
677783
677888
678009
678026
678039
678339
678357
678412
678490
678770
678942
679029
679037
679308
679439
679512
679559
679564
679839
679860
679972
680007
680097
680290
680301
680305
680371
680450
680454
680461
680502
680666
680670
680805
680877
680983
681035
681175
681203
681641
681652
681671
681672
681741
681845
681964
682003
682082
682124
682260
682383
682450
682548
682610
682906
682965
682978
683298
683340
683401
683441
683589
683637
683846
683878
683910
684063
684076
684101
684106
684119
684148
684159
684410
684485
684781
684960
685003
685295
685320
685350
685500
685524
685673
685924
685986
685994
686116
686213
686236
686307
686539
686579
686582
686643
686655
686751
687068
687146
687295
687457
687626
687634
687666
687870
687901
687923
688020
688216
688273
688563
688714
688845
688873
688881
689091
689252
689308
689467
689578
689656
689849
689885
690053
690143
690298
690592
690673
690678
690726
690785
690918
690939
691103
691106
691219
691285
691309
691438
691569
691586
691710
691798
692056
692103
692130
692487
692508
692543
692728
692798
692824
693067
693100
693149
693230
693291
693470
693570
693598
693629
693639
693982
693998
694038
694074
694095
694138
694237
694360
694379
694845
694850
694955
694980
695017
695101
695176
695206
695361
695468
695618
695653
695714
695941
696032
696034
696124
696221
696244
696484
696654
696662
696732
696887
697006
697029
697147
697187
697201
697341
697455
697477
697540
697623
697683
697687
697727
697797
697891
697899
698059
698259
698262
698426
698473
698510
698858
698933
699035
699062
699084
699111
699162
699215
699443
699469
699735
699795
700089
700128
700483
700539
700683
700691
700735
700840
700989
701076
701112
701147
701233
701244
701393
701476
701606
701647
701724
701878
701945
702009
702013
702017
702070
702235
702337
702391
702485
702692
702822
702846
702850
703002
703115
703117
703118
703170
703329
703351
703515
703595
703630
703740
703802
704025
704188
704226
704240
704251
704519
704601
704714
704783
704853
704869
704870
704971
705032
705130
705133
705188
705263
705407
705411
705417
705522
705806
705814
705821
705824
706001
706251
706390
706442
706475
706510
706536
706586
706655
706661
706927
707170
707212
707221
707246
707326
707433
707465
707496
707788
707841
707846
707961
708056
708085
708153
708328
708503
708638
708891
709263
709266
709280
709307
709397
709593
709605
709648
709756
709799
709972
709976
710068
710265
710406
710541
710922
710927
710999
711124
711326
711509
711624
711665
711682
711818
711931
712049
712217
712365
712425
712607
712642
712791
712817
712896
712980
713030
713158
713217
713224
713621
713742
713928
714286
714289
714435
714458
714826
714879
714943
715053
715314
715453
715540
715735
715794
715887
715901
715920
716122
716128
716146
716216
716237
716315
716426
716481
716493
716605
716623
716763
716872
717017
717041
717093
717155
717171
717218
717225
717340
717354
717357
717382
717507
717584
717778
718066
718110
718274
718388
718396
718449
718499
718510
718552
718728
718802
718815
718851
719004
719200
719217
719238
719244
719399
719440
719570
719626
719666
719683
719741
719746
719754
719865
719920
719924
720040
720069
720236
720342
720445
720498
720556
720571
720782
720906
720911
721164
721342
721353
721668
721799
722070
722489
722693
722709
722748
722788
723212
723480
723485
723507
723584
723658
723729
723755
723802
723947
724000
724050
724075
724163
724209
724212
724470
724747
724778
725156
725190
725375
725686
725692
725827
725873
725950
725992
726114
726156
726169
726251
726285
726312
726493
726655
726699
726750
726813
726823
726831
726909
727039
727077
727080
727245
727268
727274
727359
727591
727628
727635
727638
727681
728033
728047
728208
728253
728297
728330
728383
728391
728400
728508
728529
728550
728804
729020
729064
729140
729267
729328
729509
729614
729653
729770
729817
729924
730140
730145
730228
730391
730435
730535
730539
730585
730697
731108
731168
731303
731373
731417
731469
731596
731729
732083
732100
732178
732390
732454
732546
732583
732991
733265
733321
733377
733492
733595
733719
733779
733826
733889
733923
734003
734064
734205
734344
734376
734400
734484
734485
734608
734706
734752
734758
734812
734843
734913
735027
735222
735293
735421
735484
735496
735623
735787
735831
736020
736039
736054
736101
736121
736196
736269
736305
736398
736456
736514
736733
736755
736762
736923
737100
737225
737290
737303
737551
737564
737577
737597
737683
737722
737771
737780
737784
737887
737898
738081
738110
738361
738417
738558
738646
738738
738832
738841
739083
739201
739278
739308
739342
739362
739394
739510
739570
739678
739724
739729
739734
739777
739995
740015
740140
740451
740533
740557
740570
740677
740715
740805
740849
741092
741185
741235
741257
741423
741467
741483
741498
741833
742144
742204
742382
742634
742671
742703
742709
742763
742979
743030
743100
743235
743321
743461
743643
743681
743710
743838
743876
744008
744273
744357
744374
744439
744440
744469
744928
744974
745040
745071
745083
745183
745237
745316
745405
745425
745785
745813
745845
745976
746000
746034
746079
746152
746205
746276
746400
746471
746529
746598
746714
746817
746838
746862
746924
747025
747177
747299
747415
747454
747638
747918
748041
748047
748081
748102
748142
748183
748185
748225
748313
748375
748638
748701
748765
748861
749093
749389
749394
749821
749834
749853
749936
749984
750062
750087
750287
750658
750796
750867
751266
751360
751442
751491
751617
751628
751702
751746
751913
751915
751963
751991
752153
752311
752423
752504
752750
752768
752797
752967
753020
753090
753376
753583
753699
753740
753814
753920
754861
754869
754888
755181
755235
755368
755373
755633
755907
755998
756038
756138
756286
756413
756432
756545
756654
756780
756827
757084
757112
757216
757272
757460
757495
757542
757609
757635
757665
757721
758010
758114
758358
758405
758443
758485
758666
758684
758746
758922
758955
758964
759157
759200
759233
759272
759383
759457
759517
759585
759765
759807
759933
759963
759981
759985
760063
760209
760233
760283
760297
760302
760325
760394
760480
760540
760602
760621
760871
760924
760945
761015
761088
761330
761698
761706
761766
761970
761977
762119
762155
762287
762505
762809
762979
763110
763184
763230
763272
763360
763432
763509
763514
763691
763740
763743
763837
763872
763936
763953
763966
764063
764143
764161
764429
764645
764666
764696
764803
764812
764853
765074
765199
765243
765650
765698
765811
765849
765922
765970
766007
766035
766247
766453
766472
766475
766483
766523
766533
766574
766697
766792
766856
766946
766986
767054
767112
767169
767309
767417
767434
767442
767493
767498
767630
767729
767778
767884
767915
768015
768168
768171
768406
768580
768792
769270
769390
769556
769732
769749
770026
770247
770337
770345
770371
770465
770580
770713
770764
771133
771305
771343
771914
771918
772017
772261
772456
772697
772763
772940
773008
773047
773113
773216
773287
773389
773636
773666
773695
773753
773809
774120
774218
774322
774373
774393
774427
774431
774496
774739
774786
774804
774929
774981
775063
775176
775183
775275
775279
775293
775383
775430
775645
775647
775878
775879
775945
776014
776094
776098
776332
776480
776680
776683
776696
776703
776742
776813
777133
777274
777426
777596
777766
777780
777826
777859
777959
777965
778160
778170
778178
778240
778416
778591
778694
778795
779238
779316
779361
779537
780087
780202
780318
780410
780478
780570
780618
780630
780791
780877
780932
780987
781450
781532
781538
781547
781599
781621
781740
781747
781764
781871
781883
782074
782492
782557
782613
782710
782733
782854
782993
783071
783088
783096
783123
783612
783758
783966
783985
784107
784342
784378
784473
784492
784511
784575
784746
784891
784916
784975
785342
785453
785591
785699
785878
785970
785986
786017
786165
786170
786286
786320
786378
786419
786420
786457
786743
786774
786791
786910
786940
787082
787169
787226
787542
787850
787986
788055
788102
788204
788213
788246
788403
788735
788843
788909
789046
789059
789176
789224
789372
789472
789499
789775
789807
790011
790050
790313
790355
790454
790745
790751
790887
790933
790937
791253
791256
791615
791658
792250
792481
792559
792622
792668
792769
792820
792829
793051
793150
793291
793400
793460
793596
793758
793904
794058
794350
794408
794911
794973
795120
795300
795330
795352
795396
795401
795442
795502
795609
795802
796075
796442
796503
796601
796672
796710
796796
796828
796846
796913
796947
797004
797060
797231
797259
797317
797337
797377
797648
797677
797730
797906
798027
798272
798334
798359
798365
798378
798492
798582
798635
798886
799003
799034
799062
799118
799135
799137
799138
799329
799793
799894
799939
799974
799985
800079
800139
800244
800426
800530
800534
800566
800596
800721
800864
800876
800912
800942
801023
801104
801114
801309
801498
801587
801655
801715
801787
802523
802571
802602
802709
802837
802893
803057
803082
803128
803413
803442
803444
803556
803689
803694
803830
803831
803878
803952
804068
804163
804278
804288
804360
804423
804487
804521
804745
804886
805139
805196
805359
805414
805478
805494
805602
806061
806178
806185
806281
806329
806580
806600
806663
806937
807203
807206
807382
807664
807913
807914
808000
808071
808122
808231
808259
808276
808282
808341
808442
808453
808706
809017
809169
809254
809319
809642
809708
809910
809916
810096
810123
810147
810205
810537
810822
810852
810889
810970
811140
811155
811276
811371
811428
811514
811667
811901
811928
812026
812092
812159
812171
812172
812194
812241
812243
812320
812403
812420
812478
812483
812693
812730
812803
812852
812865
812966
813231
813238
813334
813676
813684
813747
813770
813787
813825
814004
814111
814216
814225
814282
814319
814352
814685
814836
814940
814948
814973
815012
815018
815044
815232
815446
815563
815576
815768
815804
815862
816262
816383
816543
817185
817261
817307
817384
817388
817607
817701
817736
817751
818004
818041
818087
818112
818318
818336
818363
818372
818412
818432
818441
818557
818674
818769
819105
819274
819360
819438
819587
819611
819726
819731
819732
819769
819874
819888
819953
820104
820124
820182
820431
820702
820931
821064
821078
821560
821878
821932
821935
821948
821949
822006
822019
822121
822419
822666
822722
822865
822874
823055
823091
823182
823367
823625
823711
823779
823938
823952
823961
824023
824206
824313
824408
824530
824560
824732
824901
824928
824991
825156
825195
825203
825208
825266
825276
825523
825544
825726
825775
826037
826051
826358
826383
826397
826400
826487
826498
826525
826562
826640
826787
826873
826922
826956
826966
826969
826995
827014
827020
827325
827485
827500
827513
827553
827572
827694
827810
827873
827953
828091
828305
828333
828501
828562
828860
828961
828972
829520
829586
829761
829817
829821
829852
829918
830006
830192
830239
830416
830600
830887
830958
831007
831024
831081
831240
831275
831286
831291
831333
831432
831611
831622
831783
831846
831857
831869
831978
832077
832113
832202
832257
832283
832311
832354
832469
832635
832658
832749
832832
832880
832905
833039
833419
833585
833737
833750
833933
833934
833984
833986
834045
834051
834099
834138
834281
834293
834330
834366
834390
834406
834431
834493
834762
834878
835073
835100
835130
835133
835157
835287
835379
835590
835748
835818
835887
836003
836135
836154
836305
836424
836530
836669
836939
837069
837126
837152
837330
837357
837393
837547
837806
837989
838038
838143
838169
838205
838422
838463
838621
838743
838857
838917
838951
838982
839075
839187
839226
839342
839457
839477
839606
839627
839729
839732
839761
839769
840107
840123
840144
840342
840478
840599
840689
840807
840830
841020
841159
841275
841289
841408
841516
841625
841682
841684
842032
842193
842221
842334
842423
842538
842574
842711
842752
842868
842873
843183
843271
843345
843437
843588
843675
843720
843823
843827
843833
843851
843926
844038
844235
844307
844366
844478
844545
844865
844904
845093
845125
845490
845695
845730
845759
845765
846027
846097
846190
846209
846417
846423
846450
846580
846589
846596
846751
846806
846834
846961
846991
847178
847198
847392
847689
847755
847867
847873
847955
848028
848037
848094
848117
848191
848227
848239
848263
848355
848433
848506
848585
849092
849170
849212
849265
849396
849431
849791
849908
849909
850213
850238
850315
850400
850440
850454
850610
850661
850689
850754
850768
850842
850844
850869
850986
851095
851313
851471
851504
851506
851839
851959
851966
851970
852126
852310
852352
852359
852450
852666
852771
852847
852850
852879
853137
853659
853930
854050
854066
854155
854262
854336
854441
854537
854553
854688
854699
854904
854960
854997
855346
855393
855397
855529
855572
855624
855625
855640
855649
855678
855825
855901
856124
856247
856382
856434
856435
856471
856699
856712
856729
856805
856828
856934
857106
857132
857145
857177
857517
857623
857732
857951
858005
858211
858228
858243
858250
858354
858583
858774
858823
858924
858938
859407
859569
859590
859707
859720
859850
859920
859983
860241
860281
860396
860418
860481
860499
860583
860740
860755
860969
861013
861200
861298
861400
861488
861614
861638
861648
861737
862035
862058
862066
862184
862516
862606
862688
862844
862918
863085
863149
863241
863412
863443
863524
863529
863732
863795
863808
863814
863843
863919
864064
864110
864120
864320
864417
864829
864834
864875
864944
865001
865416
865905
865960
865987
866215
866322
866343
866368
866799
866931
866998
867184
867284
867343
867449
867486
867490
867794
867827
867861
867935
868112
868139
868341
868398
868507
868510
868562
868634
868879
869034
869056
869064
869110
869185
869251
869334
869517
869619
869642
869686
869823
869893
869901
870022
870031
870180
870186
870325
870496
870549
870733
870834
870857
870862
870956
870983
871038
871232
871332
871360
871382
871536
871654
871696
872006
872072
872117
872254
872284
872369
872442
872812
873088
873220
873360
873735
873876
873893
873894
874048
874172
874395
874516
874570
874815
875038
875064
875098
875393
875404
875418
876140
876201
876214
876313
876367
876430
876459
876489
876606
876630
876699
876789
876818
877143
877154
877219
877292
877450
877482
877557
877561
877612
877696
877724
877764
877782
877810
878091
878152
878269
878313
878680
878737
878811
878917
879067
879084
879291
879383
879433
879830
879945
879980
880043
880069
880187
880222
880245
880284
880327
880360
880395
880694
880766
880813
880865
880884
881032
881191
881268
881578
881612
881854
882194
882209
882242
882389
882421
882433
882496
882529
882535
882570
882614
882645
882662
882688
882806
883015
883077
883264
883301
883311
883367
883407
883414
883546
883723
883914
883974
883987
884232
884314
884329
884426
884542
884569
884574
884766
884913
885029
885070
885113
885134
885288
885407
885553
885749
885791
885828
885969
886034
886118
886165
886171
886309
886438
886505
886573
886955
886987
887026
887164
887301
887366
887379
887382
887402
887555
887569
887664
887755
887792
887820
887966
888124
888132
888181
888331
888440
888613
888724
888916
888996
889033
889227
889288
889462
889482
889607
889675
889709
889754
889772
889844
889889
890159
890374
890394
890418
890884
891010
891161
891245
891324
891352
891439
891510
891556
891565
891657
891911
891974
892114
892141
892198
892275
892296
892363
892435
892536
892562
892708
892807
892815
892914
892954
893012
893062
893073
893096
893122
893259
893567
893744
893752
893822
893929
893984
894031
894166
894186
894218
894293
894636
894663
894774
894809
894851
894991
895166
895363
895427
895456
895677
895770
895817
895894
895976
895990
895996
896027
896058
896143
896233
896358
896376
896457
896548
896626
896670
896698
896735
896768
896964
896989
897114
897233
897362
897542
897577
897582
897711
897712
897812
897838
897924
898015
898142
898187
898237
898308
898427
898459
898473
898543
898821
898930
898996
899039
899460
899486
899803
900089
900370
900485
900727
901040
901101
901161
901213
901414
901433
901458
901499
901526
901655
901669
901844
901845
901858
901946
902018
902151
902232
902274
902284
902317
902324
902370
902449
902498
902546
902683
902948
903014
903320
903385
903449
903717
903973
904004
904038
904055
904200
904255
904351
904375
904853
904903
904908
904919
905478
905570
905591
905929
906005
906006
906177
906343
906790
907015
907040
907151
907278
907322
907382
907623
908136
908622
908693
908758
908870
908893
908959
908987
908997
909042
909090
909099
909175
909362
909402
909428
909471
909482
909662
909748
910038
910129
910200
910662
910840
910945
910982
911049
911054
911059
911194
911229
911375
911432
911919
912004
912078
912169
912485
912641
912655
912656
912714
912809
912953
912954
912982
913003
913257
913541
913636
913676
913780
913850
913855
913916
913917
913999
914032
914085
914268
914326
914807
914819
914912
915105
915307
915375
915450
915571
915651
915699
915729
915826
916012
916215
916316
916395
916509
916578
916637
916766
916789
917026
917221
917229
917234
917246
917250
917356
917444
917729
917737
917738
917741
917926
917993
918083
918085
918223
918493
918549
918554
918621
918678
918963
919068
919183
919277
919422
919440
919539
919574
919617
919950
920018
920056
920104
920121
920196
920254
920255
920488
920492
920495
920546
920557
920570
920673
920734
921929
921948
921975
922112
922170
922300
922795
922805
922999
923040
923052
923147
923185
923227
923300
923352
923524
923562
923566
923701
923741
923959
924061
924098
924115
924259
924269
924340
924461
924511
924664
924719
925428
925907
925942
926181
926221
926247
926302
926416
926512
926769
926780
926819
927072
927216
927232
927234
927285
927453
927509
927708
927808
928098
928138
928169
928332
928333
928355
928448
928515
928747
928886
928896
929040
929229
929265
929417
929587
929722
929766
929773
929950
930023
930154
930201
930352
930433
930658
930785
930899
930954
930960
930989
931093
931151
931185
931278
931318
931410
931483
932020
932114
932172
932221
932560
932713
932754
932772
932876
933117
933179
933295
933383
933598
933945
934152
934275
934430
934530
934532
934595
934743
934772
934795
934859
934880
934940
934948
934953
935020
935064
935276
935302
935447
935500
935550
935561
935832
935906
936009
936178
936209
936350
936529
936681
936700
936757
937021
937097
937135
937181
937406
937535
937571
937611
937792
937794
937827
938025
938155
938221
938294
938478
938651
938789
938815
939018
939098
939356
939798
939969
940030
940356
940405
940455
940519
940837
941110
941112
941270
941272
941423
941493
941596
941743
941812
942064
942171
942295
942349
942499
942520
942527
942608
942661
942712
942901
942942
943000
943235
943361
943375
943590
943666
943817
943957
943958
944004
944055
944117
944159
944450
944457
944520
944579
944644
944645
944673
944701
944741
944863
944898
945123
945136
945430
945659
945661
945664
945886
945970
946023
946505
946619
946763
946934
947244
948001
948019
948175
948293
948535
948668
948746
948904
949040
949111
949119
949135
949138
949222
949270
949296
949309
949422
949601
949671
949867
950163
950277
950425
950439
950442
950459
950465
950729
950909
950931
950965
951075
951238
951255
951471
951727
951806
951869
951922
952090
952235
952281
952318
952365
952485
952528
952534
952554
952816
952877
953009
953087
953359
953502
953599
953675
953776
953948
954035
954180
954255
954429
954435
954516
954742
954757
955043
955152
955187
955202
955289
955629
955676
955764
955928
955932
955950
955984
956007
956051
956166
956510
956677
956772
956796
956920
957037
957121
957139
957284
957508
957541
957560
957670
957709
957721
957777
957981
957983
958000
958202
958263
958314
958369
958508
958563
958860
958931
959067
959204
959241
959280
959290
959325
959353
959545
959592
959716
959727
959728
959777
959800
959883
959933
960089
960183
960277
960281
960582
960656
960675
960693
960760
960795
960849
960966
961100
961249
961469
961513
961636
962017
962063
962330
962453
962544
962561
962635
962637
962674
962719
962811
962925
962972
962996
963129
963214
963216
963229
963317
963403
963496
963581
963638
963673
963723
963733
963754
963950
963996
964186
964353
964564
964639
964647
964651
964781
964890
964926
964958
965031
965049
965076
965335
965360
965452
965506
965580
965619
966060
966247
966258
966472
966485
966594
966666
966834
967033
967231
967378
967499
967632
967694
967906
967921
967931
968002
968374
968493
968509
968593
968816
968894
968942
969186
969379
969423
969495
969582
969623
969933
969946
969958
970140
970197
970267
970288
970387
970443
970526
970662
970756
970787
970837
970841
970962
970975
970998
971160
971169
971170
971181
971199
971213
971270
971550
971589
971642
971683
971700
971720
971893
971922
972106
972177
972270
972291
972465
972499
972734
973047
973172
973302
973404
973429
973556
973784
974008
974083
974084
974107
974227
974337
974340
974713
974833
974892
974910
974928
974944
975119
975138
975182
975193
975195
975247
975353
975388
975466
975684
975693
975812
975824
975846
975868
975878
976024
976048
976085
976090
976196
976233
976413
976471
976763
976795
976797
976973
976998
977028
977040
977293
977341
977408
977618
977647
977822
977833
977993
978115
978264
978268
978281
978298
978409
978433
978444
978548
978592
978739
978753
978790
978820
978864
978872
978965
979144
979186
979281
979363
979421
979870
979895
979993
980607
980624
980756
980808
980820
981007
981040
981502
981606
981793
981814
981828
981924
982354
982405
982473
982626
982745
982766
982869
983438
983462
983608
983801
983817
983863
983898
983915
984015
984294
984326
984381
984469
984471
984473
984481
984677
984786
984976
985007
985105
985162
985275
985349
985425
985449
985526
985649
985692
985702
985765
985859
985951
986108
986148
986162
986300
986330
986343
986494
986594
986736
986832
987116
987173
987176
987234
987433
987445
987508
987623
987645
987657
987686
987950
987990
988127
988189
988197
988278
988286
988292
988334
988389
988646
988651
988707
988738
989357
989501
989787
989827
989858
989899
990154
990199
990214
990256
990326
990350
990416
990443
990452
990454
990499
990576
990690
990871
990910
991081
991222
991367
991430
991513
991918
991931
992176
992355
992645
992673
992727
992857
992867
992944
993156
993238
993304
993378
993388
993461
994065
994519
994549
994628
994804
994924
994962
994984
995053
995186
995347
995432
995472
995548
995681
995838
996233
996385
996538
997059
997062
997112
997151
997166
997559
997611
997633
997699
997737
997749
997817
997839
997877
997893
997986
998263
998315
998329
998367
998382
998397
998481
998524
998598
998620
999138
999180
999187
999301
999369
999526
999874
999887
999907
