131
362
444
453
458
542
730
731
782
817
910
942
1101
1188
1257
1521
1534
1600
1621
1632
1656
1798
1831
1914
1991
2001
2230
2265
2317
2330
2459
2486
2600
2839
3278
3371
3512
3533
3574
3597
4042
4203
4229
4241
4336
4523
4680
4701
5039
5049
5185
5280
5323
5447
5556
5565
5566
5585
5601
5835
5967
6032
6100
6150
6460
6539
6584
6674
6675
6827
6869
6878
6973
7069
7071
7206
7251
7286
7291
7304
7326
7327
7361
7394
7506
7651
7890
8050
8219
8308
8426
8498
8530
8532
8643
8753
8847
9018
9023
9091
9307
9357
9515
9559
9598
9758
9839
9853
9883
10052
10117
10277
10592
10748
10835
10842
11152
11159
11175
11518
11810
12080
12135
12261
12342
12539
12658
12759
12802
12880
12899
12981
13016
13198
13374
13389
13680
13977
13982
13986
14021
14079
14228
14258
14466
14480
14488
14639
14870
15333
15340
15934
16291
16302
16456
16486
16553
16624
16742
16881
17209
17274
17464
17590
17859
18179
18234
18363
18482
18684
18791
18965
18999
19152
19178
19264
19340
19434
19528
19570
19679
19873
19907
19910
20004
20043
20171
20361
20365
20668
20744
20770
20953
20989
20997
21258
21283
21683
21748
21763
21913
22033
22051
22319
22528
22662
22704
22895
23016
23073
23156
23227
23694
23722
23988
23997
24094
24153
24202
24257
24512
24542
24547
24563
24720
24734
24795
24959
24998
25172
25271
25289
25293
25396
26526
26981
27140
27255
27445
27506
27626
27947
27972
27996
28053
28298
28325
28342
28356
28471
28513
28572
28634
28731
29028
29070
29134
29272
29517
29523
29610
29645
29650
29665
29692
29877
29892
30033
30062
30162
30214
30415
30441
30627
30736
30767
30843
30946
30997
31055
31091
31207
31249
31281
31592
31601
31673
31802
31828
31886
31939
32044
32049
32109
32235
32491
32584
32630
32641
32644
32703
32948
33007
33043
33233
33263
33450
33532
33558
33728
33806
33878
33921
33955
33973
34076
34155
34163
34196
34287
34759
34780
34803
34835
34851
34874
34942
34950
35307
35510
35689
35720
35979
36160
36217
36229
36373
36397
36482
36577
36628
36720
36809
36900
37132
37171
37395
37397
37499
37551
37583
37674
37794
37894
37924
37934
37969
38027
38031
38035
38063
38067
38120
38252
38339
38352
38396
38521
38624
38652
38869
38971
39064
39219
39275
39345
39421
39453
39514
39597
39722
39749
39999
40057
40062
40105
40364
40499
40500
40521
40566
40577
40644
40797
40800
40854
40937
40940
41192
41240
41291
41459
41485
41663
41696
41715
41771
41909
41983
42059
42083
42103
42284
42334
42358
42419
42420
42546
42578
42672
42932
43537
43700
43760
43789
43873
44006
44084
44126
44141
44230
44396
44768
44807
44838
44840
44859
44875
45100
45235
45246
45461
45538
45636
45756
45806
45989
46051
46433
46434
46537
46561
46639
46749
46773
46910
47093
47212
47228
47297
47383
47452
47496
47582
47626
47695
47722
47911
48010
48105
48127
48181
48184
48306
48445
48599
48761
48836
48907
48933
48980
49030
49106
49132
49238
49273
49459
49493
49539
49603
49679
49768
49795
50079
50091
50247
50488
50502
50554
50560
50814
50834
51033
51137
51249
51508
51792
51934
52022
52087
52156
52181
52535
52694
52759
52838
52875
53068
53141
53213
53268
53307
53382
53597
53679
53980
54001
54093
54239
54323
54360
54521
54529
54590
54645
54695
54737
54766
54844
54948
55048
55057
55245
55366
55549
55656
55845
55854
55912
55968
56009
56017
56196
56485
56488
56521
56948
57037
57128
57424
57444
57575
57638
57802
58020
58113
58158
58242
58283
58303
58381
58398
58738
58909
58913
58963
59100
59304
59404
59425
59474
59556
59619
59854
59889
59903
59983
60085
60092
60194
60224
60588
60596
60671
60703
60795
61029
61053
61165
61237
61255
61299
61443
61517
61923
61965
62009
62079
62204
62397
62665
62909
62924
62966
63182
63231
63278
63321
63356
63360
63737
63946
64186
64205
64381
64392
64470
64666
64698
64809
64810
64817
64927
65044
65124
65160
65314
65323
65521
65630
65672
65755
65765
65782
65791
65931
65998
66050
66106
66146
66774
66843
66957
66958
67049
67106
67203
67666
67715
67766
67854
67975
68063
68206
68259
68318
68323
68332
68538
68552
68686
68698
68953
69019
69067
69265
69338
69579
69589
69607
69769
69792
69873
69897
69955
69984
70197
70270
70310
70427
70440
70482
70661
70725
70825
70895
70911
70919
71108
71218
71256
71342
71407
71424
71466
71592
71679
71686
71700
71749
71757
71942
71984
72309
72400
72602
72848
72896
72920
72921
72930
72937
73107
73145
73199
73283
73299
73355
73518
73533
73561
73648
73766
73960
74103
74108
74187
74301
74363
74574
74641
74905
75031
75042
75097
75196
75448
75451
75463
75574
75787
75819
75864
75887
75904
76019
76122
76189
76234
76270
76288
76462
76500
76608
76710
76751
76902
77011
77069
77138
77219
77338
77366
77431
77543
77599
78131
78191
78229
78385
78533
78556
78702
78761
78842
79158
79245
79297
79353
79359
79566
79648
79679
79793
79850
79852
79876
79979
80002
80026
80194
80240
80270
80293
80406
80408
80442
80499
80586
80638
80777
80815
80987
81005
81134
81898
81942
81956
82038
82178
82375
82494
82876
82916
82928
83152
83163
83301
83338
83545
83620
83995
84017
84202
84241
84297
84305
84439
84571
84616
84784
84921
84999
85080
85159
85165
85220
85318
85504
85689
85735
85870
85876
85881
85906
86282
86456
86492
86646
86731
86950
87093
87281
87556
87578
87666
87716
87741
88160
88396
88406
88408
88569
88656
88816
88874
88949
88979
89329
89512
89560
89622
89714
89767
89851
89970
90047
90063
90219
90277
90315
90349
90415
90560
90698
90744
90960
91037
91089
91101
91197
91603
91820
91917
91998
92286
92483
92508
92832
92997
93026
93078
93492
93602
93677
94089
94097
94320
94442
94526
94829
95088
95210
95366
95586
95677
95718
95786
95948
95949
95984
96004
96028
96414
96572
96705
96880
96973
97000
97056
97306
97385
97565
97593
97917
97930
98021
98056
98078
98105
98166
98294
98788
98923
99128
99257
99283
99513
99722
99729
99941
100134
100234
100479
100602
100631
100710
100776
100805
100932
100981
101031
101127
101190
101511
101577
101619
101628
101846
101895
102159
102216
102227
102261
102285
102459
102731
102783
102789
102980
103205
103244
103291
103331
103353
103471
103515
103600
103630
103780
103832
103885
103970
104005
104043
104119
104437
104453
104659
104696
104702
104711
104826
105073
105159
105170
105388
105429
105550
105576
105928
106014
106113
106151
106202
106216
106237
106252
106530
106626
106676
106860
106881
106883
107175
107302
107465
107522
107766
107778
108026
108031
108157
108162
108335
108347
108377
108424
108509
108520
108580
108639
108654
108710
108956
109024
109129
109203
109860
109932
109945
109964
110014
110039
110048
110203
110541
110547
110635
110666
110915
110927
110965
111068
111116
111257
111274
111282
111419
111971
112329
112351
112377
112493
112514
112590
112839
113035
113059
113402
113460
113476
113492
113620
113811
113936
114049
114122
114258
114313
114464
114636
114650
114692
114813
114828
115102
115109
115241
115422
115469
115572
115782
115974
116087
116155
116340
116589
116663
116779
116870
116998
117070
117136
117158
117223
117245
117262
117320
117326
117650
117688
117827
117838
117851
117906
118189
118367
118411
118588
118612
118702
118738
118878
119154
119242
119381
119490
119543
119655
119672
119972
120501
120521
120525
120535
120569
120655
120676
120834
120880
120906
121075
121243
121332
121420
121660
121695
121735
121741
121773
121830
121901
121921
121960
122257
122330
122333
122401
122506
122589
122892
123053
123057
123092
123137
123246
123300
123330
123422
123431
123442
123506
123537
123675
123696
123758
123885
123941
124039
124204
124205
124357
124429
124451
124454
124652
124767
124808
124857
125062
125257
125264
125414
125746
126030
126103
126252
126273
126554
126682
126690
126694
126903
127163
127296
127486
127501
127893
128027
128049
128120
128338
128372
128565
128567
128652
128690
128693
128811
128959
129010
129104
129172
129180
129226
129329
129607
129700
129716
129727
129883
129890
129928
130194
130263
130428
130443
130499
130555
130677
130780
130826
130944
131076
131224
131346
131472
131675
131933
132095
132249
132262
133080
133093
133131
133188
133218
133276
133285
133405
133588
133601
133754
134148
134245
134382
134437
134503
134525
134571
134688
134826
135090
135148
135229
135444
135538
135577
135598
135836
136013
136330
136398
136633
136683
137110
137158
137251
137384
137509
137756
137829
137864
137935
138277
138696
138824
138829
138853
139038
139290
139546
139567
139617
139726
139765
139806
139864
139907
139970
140120
140199
140201
140270
140350
140397
140566
140584
140671
140722
140739
140742
140864
141058
141074
141167
141231
141398
141415
141426
141464
141728
141742
141752
141907
142438
142462
142516
142568
143156
143193
143410
143530
143610
143737
143784
143788
143802
143839
143873
144152
144161
144232
144267
144281
144303
144436
144490
144541
144573
144790
145049
145130
145200
145545
145606
145617
145684
145726
145727
145847
145882
145949
146124
146139
146170
146318
146429
146529
146555
146748
146757
146768
147242
147246
147287
147378
147501
147548
147811
147943
148026
148146
148207
148359
148414
148495
148729
148756
148799
148910
148923
149118
149126
149249
149520
149533
149607
149748
149838
149936
149951
149973
150080
150172
150177
150204
150330
150395
150779
150853
150885
151214
151286
151504
151598
151608
151716
152039
152046
152053
152107
152212
152303
152385
152475
152681
152686
152883
152953
153064
153093
153154
153310
153678
153801
153847
153924
153966
153980
154007
154028
154079
154375
154456
155097
155267
155735
155899
155915
156127
156231
156345
156427
156570
156589
156595
156840
156870
157048
157053
157108
157125
157190
157358
157476
157514
157593
157624
157649
157650
157712
158073
158196
158202
158310
158422
158622
158742
158792
158803
159033
159088
159114
159197
159199
159382
159390
159470
159709
159764
159903
159916
159937
160105
160157
160333
160343
160377
160482
160604
160667
160692
160729
160832
160876
161148
161264
161271
161297
161316
161477
161608
162014
162027
162045
162244
162322
162555
162615
162709
162724
162746
162795
162847
162858
162940
162969
163027
163185
163410
163435
163525
163621
163666
163742
163748
163758
163927
163981
164164
164179
164268
164359
164441
164531
164556
164613
164632
164636
164819
164874
164928
165011
165488
165495
165773
165819
165975
166036
166257
166300
166334
166336
166412
166418
166514
166624
166642
167023
167257
167298
167459
167467
167477
167509
167528
167537
167604
167666
167710
167908
167936
168128
168538
168726
168735
168736
168900
168932
168951
169016
169031
169119
169176
169218
169260
169272
169517
169545
169615
169641
169784
169808
169923
169943
169976
170032
170163
170184
170187
170257
170336
170372
170479
170559
170711
170716
170879
170917
170971
171203
171251
171382
171387
171764
171964
172564
172655
173074
173080
173484
173568
173610
173630
173776
173824
173897
173929
174022
174119
174209
174615
174673
174679
174888
174931
175139
175204
175311
175425
175711
175821
175881
175943
175971
176004
176169
176442
176459
176636
176679
176691
176758
177035
177077
177183
177234
177326
177408
177507
177542
177569
177958
178010
178238
178361
178620
178749
178857
178920
178954
179056
179059
179180
179214
179528
179572
179825
179853
179896
179972
179981
180106
180211
180234
180440
180448
180554
180609
180861
180893
181123
181185
181303
181483
181496
181549
181635
181737
181754
181924
182041
182066
182248
182287
182338
182429
182453
182710
182821
182993
183087
183148
183264
183304
183644
183798
183812
184160
184424
184449
184486
184500
184514
184688
184912
185142
185260
185266
185493
185530
185887
186048
186656
187049
187125
187182
187295
187302
187343
187470
187487
187589
187662
187911
187920
187931
188052
188059
188164
188430
188445
188464
188767
188815
188833
188863
189065
189511
189628
189889
190103
190139
190282
190412
190427
190459
190480
190590
190642
191050
191121
191256
191561
191652
191743
191806
191886
191973
192131
192231
192542
192566
192756
192764
192785
192816
192918
192942
193013
193096
193177
193425
193476
193514
193791
194076
194196
194306
194323
194456
194468
194469
194578
194674
194805
195093
195094
195188
195255
195266
195526
195600
195652
195724
195851
195928
196199
196256
196287
196298
196391
196756
196774
196806
196934
197024
197056
197213
197237
197265
197272
197351
197476
197669
197794
197977
197980
198068
198148
198233
198318
198374
198451
198474
198584
198707
198924
198934
199072
199091
199240
199270
199425
199550
199622
199725
199797
199855
199976
200152
200258
200493
200706
200759
200962
200981
201008
201199
201339
201704
201715
201886
202226
202447
202601
202624
202647
202683
202691
202699
202773
202869
202901
202928
203092
203359
203422
203436
203477
203540
203873
203972
203987
204245
204253
204281
204475
204517
204560
204795
204872
204897
205040
205112
205194
205200
205587
205705
205766
205921
205952
205967
206008
206119
206121
206291
206381
206390
206437
206528
206908
207027
207219
207256
207387
207626
207788
207941
208014
208057
208072
208312
208328
208495
208888
208892
209051
209126
209190
209324
209396
209475
209681
209833
209858
209874
210348
210469
210609
210675
210721
210741
210821
210850
210880
211181
211273
211400
211514
211612
211618
211639
212010
212022
212164
212262
212363
212671
212771
212782
212884
212926
212929
212987
213167
213257
213316
213323
213378
213398
213456
213551
213698
213789
213936
214034
214204
214206
214335
214497
214549
214562
214566
214577
214894
214995
215003
215133
215302
215555
215626
215642
215706
215808
215976
216273
216312
216538
216655
216697
216770
217180
217449
217494
217529
217554
217559
217744
217895
217936
217976
218189
218252
218481
218492
218629
218911
218988
219241
219353
219574
219677
219936
220036
220072
220140
220173
220187
220332
220365
220395
220655
220815
220868
220943
221014
221362
221439
221502
221528
221765
221887
221891
222121
222159
222202
222226
222612
222810
222932
223041
223099
223180
223260
223431
223455
223712
223778
223801
223841
223981
224015
224535
224606
224743
224762
224780
224808
224814
224951
224952
224963
225108
225308
225422
225483
225514
225547
225689
225740
225764
225945
226161
226179
226195
226213
226288
226304
226525
226838
227029
227041
227097
227145
227296
227483
227674
227685
227732
227927
227935
227946
228004
228132
228140
228158
228260
228279
228284
228321
228325
228490
228560
228804
228913
228999
229031
229150
229305
229377
229753
229782
229792
229948
230154
230203
230327
230329
230363
230368
230450
230614
230700
230914
231148
231174
231249
231307
231384
231463
231506
231594
231690
231752
231924
232143
232276
232310
232533
232733
232762
232812
232885
232903
232947
232968
233040
233108
233146
233196
233263
233699
233750
233799
233962
234231
234262
234357
234417
234544
234690
234820
234928
234986
235748
235878
236029
236154
236185
236192
236310
236512
236560
236562
236603
236609
236704
236737
236860
236966
236997
237125
237126
237333
237778
237788
237827
238019
238044
238077
238078
238119
238404
238415
238434
238436
238483
238564
238717
238799
238851
238854
239435
239473
239522
239724
239775
239816
239876
240268
240355
240364
240658
240733
240789
240858
240970
240975
241027
241221
241257
241382
241472
241615
241653
241928
241951
242280
242292
242297
242456
242547
242564
242604
242680
242760
242949
242971
243047
243208
243244
243472
243572
243730
244052
244084
244104
244405
244626
244747
244857
245024
245171
245195
245212
245382
245428
245468
245482
246036
246161
246415
246514
246698
246760
246821
246878
246924
247114
247274
247361
247416
247626
247748
247776
247840
247847
247881
248019
248033
248163
248198
248209
248220
248234
248305
248435
248524
248688
248788
248902
248924
249075
249332
249402
249407
249424
249570
249604
249653
249697
249870
249981
250145
250243
250464
250608
250609
250672
250800
250958
251032
251317
251355
251582
251735
251890
252294
252561
252684
252796
252910
253071
253143
253186
253249
253251
253318
253580
253612
253688
254018
254164
254446
254539
254719
254889
254890
255033
255062
255411
255521
255656
255722
255818
255828
255836
255966
256202
256266
256314
256631
256700
256795
256869
257226
257320
257551
257589
257866
257884
258050
258116
258173
258181
258232
258367
258680
258714
258829
258897
258904
259164
259169
259183
259184
259455
259464
259595
259626
259648
259743
259789
260080
260218
260269
260557
260665
260851
260858
261194
261354
261589
261716
261755
261857
261921
261975
262105
262215
262413
262421
262713
262826
262995
263020
263148
263169
263205
263210
263272
263393
263522
263662
263734
263742
263774
263955
263979
264074
264186
264245
264247
264442
264450
264464
264532
264688
265025
265087
265193
265262
265266
265324
265424
265503
265546
266003
266049
266091
266185
266456
266469
266502
266802
266821
266929
267132
267206
267335
267344
267660
267662
267731
267776
267989
268335
268390
268469
268506
268571
268589
268794
268861
269150
269254
269302
269412
269482
269502
269508
269700
269703
269866
269878
269912
270066
270143
270176
270253
270328
270403
270416
270429
270624
270635
270655
270703
271189
271203
271204
271376
271379
271859
271926
272047
272383
272470
272667
272672
272740
272748
272753
272868
272928
272997
273039
273225
273575
273625
273822
273880
274045
274139
274143
274162
274229
274402
274465
274466
274600
274933
274953
275055
275101
275135
275263
275417
275477
275551
275756
275817
275820
275896
276612
276841
276880
276988
277043
277153
277155
277187
277200
277873
278000
278012
278534
278608
278625
278685
278873
278930
279012
279167
279228
279454
279756
279757
279818
280055
280112
280121
280202
280286
280348
280467
281000
281059
281186
281293
281619
281627
281751
281948
282328
282379
282457
282511
282649
282750
282797
282891
282914
282945
282986
283107
283176
283279
283322
283337
283443
283754
283764
283861
283962
284004
284142
284259
284296
284617
284688
284714
284819
285139
285194
285221
285257
285273
285294
285336
285550
285561
285639
285700
285841
286043
286508
286670
286788
286793
286898
287041
287166
287195
287284
287565
287630
287752
288014
288052
288217
288328
288656
288774
288875
289042
289148
289340
289359
289445
289666
289676
289772
289822
289847
290147
290312
290526
290594
290621
290657
290678
290956
291060
291101
291202
291435
291450
291563
291722
291770
291817
291923
292209
292364
292559
292708
292729
292743
292825
292913
292973
293089
293164
293489
293667
293676
293771
293835
293899
294235
294385
294575
294714
294740
295101
295169
295282
295348
295410
295550
295558
295621
295809
295903
296004
296050
296127
296300
296490
296785
296869
296872
297443
297470
297537
297766
297975
297978
298024
298032
298086
298229
298311
298370
298564
298737
298867
298966
298972
299010
299012
299071
299083
299228
299313
299555
300181
300288
300347
300516
300857
300861
300926
301443
301595
301753
301760
301772
301799
301916
301921
301962
302086
302125
302366
302524
302666
303006
303047
303319
303334
303461
303493
303777
303783
303812
303866
303878
304129
304230
304325
304475
304489
304564
304797
304806
305119
305218
305235
305578
305998
306217
306268
306389
306407
306424
306580
306748
306832
306906
307044
307149
307197
307201
307219
307274
307387
307558
307680
307860
307937
307963
308065
308598
308902
308936
309085
309155
309270
309289
309366
309479
309529
309569
309582
309648
309690
309922
309951
310010
310142
310279
310392
310436
310539
310670
310700
310734
310780
310828
311241
311245
311304
311306
311573
311628
311654
311831
311866
311902
312130
312162
312275
312371
312504
312604
312631
312635
312801
312842
312859
312875
312983
313157
313193
313204
313278
313345
313360
313421
313463
313521
313583
313628
313705
313969
313982
314085
314207
314300
314511
314573
315092
315135
315170
315237
315319
315344
315598
315652
315660
315859
315905
316036
316062
316216
316246
316370
316373
316430
316478
316568
316651
316824
316977
317231
317308
317400
317627
317678
317680
317843
317878
317898
317993
318017
318315
318492
318495
318574
318704
319092
319143
319254
319352
319364
319476
319518
319614
319668
319703
319729
319743
319772
319910
320313
320382
320417
320541
320598
320636
320677
320796
320934
320947
321044
321082
321350
321716
321927
322007
322162
322240
322279
322332
322473
322586
322800
322828
322965
323079
323211
323309
323742
323750
323767
323970
324068
324259
324479
324542
324547
324587
324727
324761
324869
324876
325009
325103
325222
325232
325657
325671
325711
326042
326060
326077
326298
326361
326898
326921
327133
327218
327384
327479
327556
327648
327698
327843
327856
328010
328091
328200
328236
328287
328300
328363
328406
328502
328596
328744
328765
328782
328866
329046
329086
329133
329268
329578
329648
329873
330104
330135
330152
330311
330934
330937
331104
331204
331419
331450
331477
331531
331699
331707
331794
332071
332200
332494
332655
332740
332802
332823
333016
333758
333765
334026
334141
334159
334226
334229
334375
334402
334825
334970
334974
335031
335304
335354
335358
335542
335606
335709
335777
335789
335926
335954
335967
336033
336109
336205
336249
336289
336483
336754
336796
336815
337041
337066
337279
337364
337375
337713
337739
337774
337872
337888
338059
338389
338603
338757
338760
339164
339210
339241
339498
339540
339653
339930
339941
340536
340832
340841
340957
341050
341070
341101
341638
341972
342047
342101
342261
342429
342616
342659
342686
342863
342876
342902
343001
343125
343320
343333
343432
343654
343716
343717
343804
343880
344122
344152
344241
344315
344408
344434
344530
344659
344677
344838
344940
345091
345288
345426
345479
345512
345596
346210
346414
346569
346732
347463
347578
347707
347773
347858
347973
348025
348245
348285
348404
348552
349090
349143
349361
349480
349588
349692
349702
349785
349841
349918
350215
350379
350502
350580
350603
350798
350843
350886
350960
351178
351236
351375
351425
351513
352484
352494
352760
352916
352936
353127
353342
353380
353419
353560
353630
353631
353678
353968
353983
354205
354540
354651
354732
354813
355056
355388
355538
355596
355797
355898
355928
356075
356208
356229
356249
356250
356395
356414
356456
356499
356697
356720
356725
356814
357329
357345
357398
357598
357650
357971
358215
358280
358316
358653
358812
358836
359113
359534
359546
359575
359590
359600
360431
360446
360554
360650
360685
360694
360757
360829
360839
361319
361338
361459
361500
361625
361661
361778
361856
361939
361945
361988
361996
362300
362453
362651
362690
362713
362724
362752
362855
363277
363436
363657
363839
364036
364617
364645
364651
364662
364692
364712
364997
365282
365300
365324
365424
365629
365698
365760
366370
366510
366579
366732
366749
366776
366852
367258
367378
367419
367486
367584
367674
367718
367867
367888
367912
367973
367979
368014
368339
368370
368522
368551
368722
368881
368918
368970
369167
369273
369340
369568
369701
370045
370052
370279
370394
370409
370625
370832
370836
370963
371005
371123
371206
371235
371270
371310
371356
371404
371563
371584
371600
371903
372492
372510
372624
372697
372869
373211
373270
373379
373402
373475
373477
373560
373582
373622
373639
373645
373914
373927
374051
374052
374099
374134
374189
374341
374447
374474
374540
374551
374612
374673
374699
374733
374789
375402
375527
375646
375732
375761
376027
376140
376251
376283
376468
376635
376744
376753
376911
377003
377034
377073
377100
377224
377272
377410
377425
378013
378066
378129
378265
378453
378599
378697
378785
378815
378871
379080
379213
379225
379372
379510
379569
379663
379716
379756
379767
379796
379867
379873
379925
379969
379973
380077
380140
380646
380689
380906
380962
381020
381310
381331
381383
381581
381653
382119
382250
382387
382476
382527
382587
382622
382635
382721
382818
382951
383134
383246
383256
383520
383870
384033
384073
384252
384322
384431
384445
384503
385028
385323
385628
385675
385732
385812
385964
386195
386552
386686
386781
386847
386927
387001
387281
387467
387544
387635
387662
387714
387747
387797
388086
388118
388174
388217
388255
388330
388469
388518
388558
388639
388716
388756
388809
388860
388872
389030
389171
389466
389588
389968
389973
390045
390068
390334
390530
390590
390598
390668
390685
390798
391009
391272
391387
391788
391820
391853
392253
392255
392405
392414
392507
392660
392756
392892
392938
392975
392987
393006
393200
393387
393517
393637
393686
393756
393853
393869
393904
394131
394652
394690
394711
394791
394936
394977
395266
395373
395507
395550
395706
395757
395841
395928
395964
396213
396262
396373
396391
396478
396519
396543
396627
396847
396999
397217
397499
397527
397537
397690
397742
397780
397886
398018
398168
398226
398269
398434
398656
398876
399036
399364
399551
399648
399775
399792
400177
400266
400468
400717
400868
401163
401202
401245
401264
401532
401555
401715
401766
401772
401814
402132
402299
402502
402612
402686
402744
402769
402846
403129
403565
403626
403905
404040
404352
404849
404879
404923
404986
405165
405220
405239
405465
405604
405686
405697
405887
405953
406089
406390
406431
406517
406552
406643
406666
406776
407119
407259
407292
407319
407367
407445
407546
407606
408124
408349
408433
408475
408572
408669
408980
409069
409282
409315
409532
409536
409601
409674
409740
409824
409832
409846
409868
409899
409979
410140
410155
410200
410451
410571
410599
410695
410719
410766
410941
410988
411009
411032
411236
411296
411679
411692
411755
411822
411908
412358
412418
412507
412622
412668
412684
412855
413092
413196
413199
413303
413718
413827
413946
413974
414022
414083
414091
414180
414469
414551
414743
414842
414922
414951
415001
415119
415221
415291
415312
415395
415409
415549
415748
415755
415814
415900
415938
415972
416357
416426
416515
416626
416725
417027
417399
417543
417566
417576
417854
417952
418014
418200
418204
418273
418390
418507
418674
418995
419016
419066
419148
419176
419219
419351
419412
419550
419556
419576
419602
419763
420086
420091
420116
420398
420523
420766
420855
421206
421315
421356
421360
421593
421730
421732
421888
422191
422252
422388
422400
422444
423377
423791
423884
423934
423950
424033
424069
424132
424151
424577
424623
424740
424753
424774
424928
424976
425375
425615
425694
425905
425907
425938
426087
426285
426357
426682
426739
427013
427194
427220
427232
427268
427271
427420
427478
427552
427646
427753
427812
427845
428331
428878
428913
428992
429002
429315
429485
429542
429547
429593
429604
429734
429890
429936
430270
430345
430378
430433
430472
431096
431240
431396
431410
431418
431760
431770
431802
431851
431880
432110
432133
432137
432298
432828
433026
433044
433158
433340
433453
433460
433548
433570
433695
433842
433898
434009
434117
434139
434647
434648
434734
434932
435104
435347
435682
435746
436160
436322
436433
436435
436711
436847
436896
436958
436982
437049
437108
437189
437295
437345
437366
437683
437707
437794
437922
438038
438056
438141
438167
438202
438379
438529
438553
438583
438657
438929
439131
439165
439276
439433
439811
440006
440144
440647
440849
441446
441473
441714
441771
441775
441793
441951
441960
442062
442171
442218
442301
442458
442518
442622
442646
442675
443006
443086
443115
443121
443510
443547
443590
443859
444102
444856
444901
444923
445082
445118
445329
445349
445389
445490
445758
446111
446293
446297
446525
446552
446606
446742
446811
446823
447005
447153
447257
447493
447604
447608
447617
447904
447945
448158
448188
448195
448309
448473
448691
448804
448809
448842
449008
449021
449250
449485
449649
449783
449849
449961
450045
450184
450198
450245
450478
450680
450835
451130
451281
451341
451580
451640
451807
452085
452111
452116
452404
452570
452757
452971
452972
453144
453612
453687
453725
453750
453917
454118
454264
454336
454380
454711
454770
454915
455247
455397
455416
455470
455635
455709
456033
456173
456247
456367
456376
456391
456505
456513
456657
456690
456693
456707
456922
457121
457370
457654
458077
458128
458178
458290
458386
458468
458500
458501
458509
458607
458724
458741
458841
459381
459474
459529
459769
459781
459888
460420
460470
460660
460721
460812
460977
461111
461207
461248
461278
461554
461577
461581
461589
461719
461762
461842
461897
461944
462011
462055
462219
462340
462519
462559
462621
462628
462639
462921
463020
463517
463685
463908
464135
464438
464913
465008
465077
465089
465202
465226
465265
465282
465901
465941
465954
466012
466107
466131
466177
466188
466460
466512
466650
466743
466830
467012
467110
467375
467453
467647
467662
467677
467819
467913
468122
468494
468624
468743
468745
468769
469231
469786
470009
470051
470053
470128
470775
470923
471139
471449
471614
471821
471839
471899
471908
471998
472081
472171
472248
472295
472303
472795
472819
472898
472905
472939
473088
473265
473371
473524
474147
474158
474239
474350
474379
474558
474606
474611
474613
474692
474702
474733
474821
475308
475366
475727
475772
475877
475974
476086
476169
476387
476438
476478
476824
476856
476898
476942
476964
477304
477307
477477
477502
477676
477733
477753
477860
477881
477927
477934
478056
478062
478240
478282
478392
478566
478754
478762
478931
479007
479113
479203
479224
479432
479660
479670
479674
479694
479941
480017
480225
480274
480586
480612
480622
480827
480984
481019
481094
481234
481901
481918
481993
482122
482137
482266
482311
482390
482581
482656
482787
482793
482901
482979
483006
483052
483149
483152
483160
483390
483438
483466
483494
483577
483586
483600
483609
483675
483779
484141
484177
484224
484236
484300
484337
484479
484535
484646
484795
484994
485112
485276
485366
485509
485621
485790
485928
485937
486045
486054
486207
486274
486415
486424
486496
486799
487347
487384
487438
487507
487588
487727
487788
487805
488091
488168
488182
488237
488239
488283
488457
488639
488674
488938
488944
489212
489275
489439
489444
489526
489577
489661
490498
491172
491295
491305
491427
491568
491600
491941
492323
492368
492548
492603
492621
492646
492686
493231
493301
493380
493676
493788
494041
494648
494668
494679
495267
495335
495361
495380
495757
495890
496080
496129
496143
496201
496253
496456
496488
496493
496558
496695
496898
497277
497402
497448
497576
497700
497942
498226
498553
498654
498684
498732
498739
498823
498964
499034
499059
499208
499272
499363
499382
499429
499570
499719
499927
499982
500068
500072
500110
500135
500254
500545
500582
500864
501060
501118
501246
501249
501415
501418
501516
501619
501789
502239
502259
502286
502509
502593
502632
502721
502772
502808
502986
503130
503144
503641
503650
503785
503861
503913
504113
504233
504423
504482
504582
505008
505093
505154
505277
505424
505483
505521
505566
505571
505882
505947
506069
506196
506262
506352
506387
506936
507106
507130
507139
507162
507290
507400
507495
507797
508016
508094
508352
508652
508673
509143
509319
509332
509622
509880
510224
510300
510406
510641
510644
510695
510780
510817
510956
511188
511279
511452
511609
511906
512086
512182
512206
512242
512544
512861
512954
513192
513306
513350
513475
513541
513687
513729
513789
513945
513986
514023
514093
514127
514543
514673
514868
514955
515098
515189
515470
515497
515636
515762
516051
516116
516251
516504
516540
516582
516715
516834
516864
516912
517021
517544
517853
517911
518048
518134
518189
518276
518468
518509
518789
518824
518960
519166
519324
519499
519509
519737
519859
519883
519999
520047
520122
520322
520336
520485
520490
520642
520811
521086
521325
521376
521383
521561
521761
521766
521789
521840
521924
522000
522302
522395
522455
522569
522613
522733
522903
522938
523111
523153
523205
523244
523474
523546
524183
524220
524233
524275
524305
524312
524515
524563
524657
524762
524987
525158
525171
525192
525248
525498
525510
525735
525758
525872
525918
525955
526135
526147
526159
526298
526346
526372
526471
526504
526511
526656
526732
526806
526836
527229
527251
527345
527380
527394
527495
527558
528022
528253
528378
528409
528581
528632
528821
529145
529222
529323
529365
529369
529407
529414
529445
529451
529536
529588
529678
529753
530202
530560
530621
530869
530907
531002
531125
531461
531659
531682
531843
532090
532109
532193
532200
532450
532466
532512
532530
532734
532839
533135
533372
533472
533723
533765
533798
534154
534530
534769
534845
534913
535372
535718
535857
535863
536130
536453
536599
536683
536770
536867
536879
536959
537124
537161
537260
537328
537338
537695
537713
537764
537827
537967
538334
538491
538849
538963
539433
539536
539588
540001
540036
540076
540179
540315
540406
540549
540677
540911
540970
541243
541270
541469
541472
541505
541545
542048
542132
542240
542340
542395
542793
542957
542988
543029
543092
543168
543232
543247
543320
543379
543386
543603
543766
543938
543991
544112
544131
544250
544264
544304
544624
544674
544941
545029
545163
545287
545317
545364
545414
545433
545475
545918
546052
546465
546667
546804
546866
546885
547052
547054
547170
547289
547299
547312
547336
547492
547507
547530
547550
547988
548149
548556
548700
548777
548783
548787
548815
548895
549064
549113
549169
549380
549523
549624
549807
549985
550009
550156
550304
550401
550410
550439
550493
550506
550620
550897
550949
551378
551423
551847
552049
552114
552149
552362
553170
553259
553498
553792
554125
554542
554569
554650
554745
554833
555093
555275
555405
555528
555718
555777
555960
556029
556217
556227
556230
556236
556518
556543
556894
556990
557123
557214
557217
557260
557440
557455
557537
557548
557648
557703
557787
558028
558178
558355
558479
558515
558555
558738
558813
558886
559036
559475
559478
559545
559781
559849
559901
559918
559936
560061
560169
560274
560315
560419
560527
560613
560732
560780
560862
560971
560986
561009
561051
561474
561496
561536
561670
561786
562017
562403
562463
562626
562627
562771
563078
563267
563609
563869
564098
564511
564609
564765
564779
564837
564986
565266
565300
565370
565990
566007
566011
566115
566870
567040
567109
567273
567330
567412
567633
567667
567987
568093
568142
568256
568354
568368
568369
568381
568409
568483
568512
568645
568788
568821
568922
569025
569282
569392
569539
569706
569797
569861
570002
570099
570313
570451
570482
570488
570660
570807
570883
571014
571044
571049
571154
571208
571348
572064
572535
572543
572805
572853
573321
573360
573602
573810
573936
573968
574066
574241
574269
574318
574353
574873
574942
574998
575079
575276
575426
575501
575694
575899
575912
575938
576127
576306
576429
576525
576544
576817
577004
577042
577178
577258
577335
577488
577675
577700
577782
577841
578078
578162
578218
578261
578468
578507
578611
578614
578692
578716
579073
579177
579307
579334
579632
579987
580098
580258
580399
580416
580519
580720
580735
580773
581083
581356
581694
581788
582121
582151
582218
582321
582335
582404
582434
582488
582503
582555
582860
583157
583469
583553
583714
584032
584189
584337
584588
584654
584684
584690
584710
584877
584997
585358
585416
586070
586329
586453
586482
586882
587087
587631
587642
588277
588399
589379
589424
589758
590014
590091
590199
590253
590283
590314
590360
590599
591070
591299
591533
591537
591659
591849
591924
592045
592213
592236
592319
592398
592412
592776
592846
593139
593192
593394
593507
593545
593562
593767
593904
594097
594169
594176
594542
594581
594585
594834
594879
594895
595175
595379
595530
595650
595663
595728
595733
595833
595903
595961
595962
596168
596265
596349
596431
596478
596655
596696
596752
596873
597061
597110
597418
597617
597804
597854
597863
597926
597951
597982
598023
598074
598108
598159
598182
598333
598782
598809
598816
598893
598971
598982
599315
599350
599376
599461
599526
599536
599776
600169
600246
600516
600602
600834
600889
600947
601040
601090
601093
601355
601562
601804
601814
602057
602230
602869
602904
603055
603499
603976
604150
604200
604259
604303
604341
604460
604550
604733
604768
604935
605103
605144
605159
605183
605299
605313
605663
605714
605765
605803
605875
606292
606348
606387
606429
606627
606645
606673
606675
606682
607059
607694
608180
608213
608376
608584
608909
609020
609383
609565
609877
610174
610240
610651
610668
610864
610865
610896
611077
611089
611396
611417
611463
611738
611770
611818
612079
612228
612237
612252
612337
612402
612629
612903
613125
613177
613425
613426
613962
613965
614134
614260
614365
614619
614628
614663
614665
614762
614900
614999
615276
615561
615591
615858
616071
616197
616221
616291
616424
616560
616786
616815
617015
617136
617146
617159
617344
617471
617619
617943
618063
618100
618113
618217
618481
618499
618581
618784
618804
618901
618989
619061
619133
619507
619633
619867
619952
620059
620112
620122
620206
620297
620312
620339
620510
620807
620819
621018
621039
621070
621092
621123
621332
621746
621800
622178
622200
622234
622250
622313
622396
622659
622757
622758
622856
623336
623342
623595
623626
623763
624191
624314
624377
624680
624771
624830
624887
625128
625149
625300
625345
625432
625497
625538
625651
625822
625947
627022
627269
627446
627561
627641
627776
628231
628280
628443
628969
629011
629096
629129
629430
629681
629761
630112
630196
630201
630445
630469
630610
630785
630786
630810
630869
631047
631091
631170
631385
631430
631771
631776
631984
632085
632481
632576
632652
632807
632879
632916
632940
633138
633318
633534
633594
633851
634368
634578
634662
634699
634834
635147
635231
635252
635468
635571
635876
635977
635982
635989
636066
636082
636105
636247
636703
636765
636900
637197
637290
637334
637359
637412
637585
637594
637824
637992
638155
638296
638343
638630
638921
639857
640007
640100
640379
640664
640907
641225
641232
641575
641583
641692
641928
642274
642366
642444
642453
642593
642957
643121
643123
643206
643469
643490
643923
644276
644384
644409
644512
644821
644860
644965
645195
645248
645306
645709
645732
645789
646106
646433
646580
646838
647171
647198
647235
647503
647594
647705
647770
647944
648172
648359
648684
648693
648812
648929
648972
649047
649199
649400
649580
649661
649730
649778
649897
649944
650033
650054
650079
650084
650209
650346
650493
650648
650819
650843
651056
651418
651453
651482
651761
651871
652008
652466
652644
652666
652703
652808
652832
652988
653189
653602
653966
654024
654089
654437
654555
654571
654598
654830
654917
654935
655093
655179
655441
655634
656003
656499
656510
656598
656843
657226
657392
657399
657744
657985
658139
658243
658260
658354
658994
659281
659308
659968
660033
660035
660053
660184
660456
660742
661143
661497
661590
661874
662033
662063
662096
662245
662330
662369
662668
662761
662868
663395
663400
663460
663470
663548
663565
663594
663604
663664
663809
663890
664034
664288
664299
664766
664998
665007
665142
665185
665500
665524
665757
666031
666052
666300
666328
666485
666521
666718
666875
667195
667370
667947
667950
668272
668470
668838
669192
669362
669366
669440
669541
669546
669869
670315
670322
670545
670746
670830
670885
671010
671134
671250
671572
671682
672112
672204
672236
672279
672379
672560
672657
672672
672786
672843
672867
673015
673157
673425
673465
673587
673589
673611
673791
673851
674157
674318
674353
674585
675041
675050
675372
675430
675509
675565
676133
676175
676284
676388
676560
676635
676773
676932
677074
677107
677159
677345
677561
677712
677904
677961
678226
678246
678482
678483
678614
678744
678814
678966
678996
679116
679164
679280
679888
680176
680177
680352
680395
680459
680631
680799
680830
681142
681176
681404
681431
681486
681598
681884
682110
682892
683022
683058
683186
683187
683275
683352
683436
683574
683584
683853
684158
684294
684729
684840
684983
685001
685051
685197
685480
685840
685854
685953
686026
686148
686244
686457
686646
686684
686732
686767
686844
686877
686977
687307
687410
687454
687702
687711
687896
687988
688406
688587
688810
688841
688862
688925
688999
689174
689240
689300
689542
689587
689594
689782
689838
690029
690146
690150
690280
690294
690435
690517
690587
690823
691101
691260
691322
691567
691649
691763
691860
692304
692370
692448
692527
692652
692654
692707
692827
692925
692988
693026
693284
693963
693977
694258
694309
694351
694442
694572
694795
694914
695258
695314
695626
695724
696174
696546
696601
696659
696843
696946
696999
697200
697416
697546
697557
697645
697769
697815
698300
698523
698529
698602
698623
698642
698905
698953
699056
699174
699231
699302
699363
699400
699425
699514
699932
700036
700137
700158
700175
700198
700466
700842
701057
701142
701201
701282
701299
701306
701323
701525
701560
701711
701741
701855
702019
702123
702685
702887
702910
703162
703247
703379
703704
703830
703985
704224
704684
704829
705403
705462
705782
705904
705983
706259
706464
706519
706523
706600
706639
706777
706947
706966
707167
707177
707288
707305
707351
707453
707548
707876
707953
708932
708975
709001
709137
709350
709657
709746
709823
709999
710314
710401
710829
710907
711244
711474
711563
711581
711681
711801
711858
712025
712043
712065
712075
712415
712576
712609
712705
712929
713469
713791
714156
714357
714514
714701
714740
714741
714796
714825
714843
715448
715525
715604
715635
715736
715941
716053
716241
716296
716320
716395
716559
716680
716794
717119
717267
717277
717472
717669
717749
717882
717901
718049
718111
718123
718198
718341
718373
718442
718484
718967
719269
719302
719438
719655
720099
720304
720491
720510
720563
720609
720650
720668
720698
721308
721583
721675
721744
721764
721875
721941
722025
722174
722186
722191
722411
722635
722699
722712
722735
722754
722915
722930
722949
723299
723484
723703
723723
723767
724058
724234
724374
724712
724724
724772
724839
724853
724898
724980
725148
725240
725313
725366
725620
725785
725818
725913
726154
726196
726663
726937
727005
727282
727297
727370
727496
727665
727852
728032
728453
728515
728931
728940
729034
729214
729260
729389
729547
729555
729580
729680
729779
730104
730130
730432
730645
730903
731024
731416
731562
731724
731772
731788
731805
731892
732307
732335
732502
732508
732527
732707
733160
733189
733199
734207
734326
734579
734935
735054
735171
735175
735217
735873
736073
736292
736476
736508
736607
736702
736939
737214
737425
737478
737797
737839
737852
737857
737874
738100
738148
738534
738607
738793
738905
738949
738954
738975
739128
739158
739262
739367
739481
739522
739588
739975
740137
740408
740460
740475
740683
740783
741104
741463
741529
741694
741778
742061
742064
742421
742601
742609
742638
742640
742915
743050
743088
743288
743322
743632
743656
743734
743781
743923
743956
744539
744734
744870
744911
744942
744963
745117
745306
745354
745411
745577
745649
746341
746449
746729
746871
746929
747001
747168
747513
747530
747747
748120
748608
748724
748795
748948
749074
749097
749804
749840
750113
750231
750623
750839
750882
750935
751245
751334
751886
752090
752220
752297
752449
752552
752644
752657
752679
752731
752866
752876
752920
753101
753194
753253
753377
753394
753429
753713
753872
753994
754491
754513
754559
754604
756112
756148
756301
756476
756533
756588
756632
756708
757102
757443
757505
757535
757724
758097
758125
758130
758380
758438
758875
758992
758995
759020
759202
759333
759611
759989
760007
760256
760889
761192
761273
761283
761386
761445
761484
761551
762129
762241
762322
762387
762404
762514
762885
762937
762949
763012
763085
763147
763464
763489
763860
764100
764140
764253
764257
764522
764597
764623
764668
764707
765032
765083
765323
765360
765523
765569
765640
765804
765946
766167
766935
766942
766958
767127
767136
767243
767273
767293
767376
767683
767747
767855
768043
768128
768435
768660
769283
769476
769598
769932
769946
770062
770152
770205
770225
770352
770458
770487
770502
770563
770701
770908
771202
771270
771408
771729
771862
771897
771910
772250
772368
772461
772463
772547
772576
772980
773073
773124
773387
773501
773539
773545
773658
773908
773966
773983
774017
774167
774233
774531
774556
774567
774601
774654
775066
775496
775843
775947
776299
776364
776455
776574
776648
776893
776920
777906
778071
778167
778687
778815
778984
779028
780054
780085
780525
780526
780528
780540
780613
781030
781526
781569
781682
781715
781966
782002
782148
782177
782343
782382
782778
782803
782806
782912
782991
783214
783215
783324
783418
783437
783531
783976
784432
784697
785016
785154
785155
785473
785600
785913
786146
786249
786311
786346
786643
786841
786852
786911
786931
787019
787066
787128
787520
787593
787893
788216
788280
788579
788613
788652
788752
788989
789303
789477
789932
790178
790190
790214
790257
790489
790712
790894
790908
791048
791084
791289
791408
791448
791519
791548
791614
791674
791966
792091
792115
792175
792727
793025
793292
793332
793459
793503
793554
793590
793829
793986
794104
794115
794274
794306
794328
794456
794692
794785
794894
795148
795227
795615
795871
795877
796056
796096
796366
796409
796437
796481
796539
796648
796735
797246
797289
797401
797416
797496
797515
797650
797729
797818
797869
797939
798361
798371
798690
798889
798893
799143
799449
799561
799674
799821
799900
800190
800307
800531
800662
800906
800913
801065
801474
801752
801992
802135
802383
802482
802536
802686
802805
802944
802966
803200
803225
803251
803329
803352
803692
803760
804123
804153
804246
804253
804448
804657
804674
805123
805456
805519
805532
805874
805876
805925
806036
806249
806433
806595
806789
806967
807027
807200
807234
807359
807421
807472
807606
807612
807649
807852
807984
808187
808415
808452
808762
808798
808865
809219
809224
809349
810153
810723
811071
811091
811131
811300
811328
811396
811413
811496
811708
811711
811729
811799
811912
812040
812098
812237
812358
812498
812535
812638
812849
813293
813377
813420
813489
813598
813697
813722
814405
814964
815098
815413
815463
816022
816122
816247
816523
816723
816902
817031
817445
817813
817959
818054
818309
818316
818379
818796
818804
819119
819320
819466
819492
819820
819870
819993
820340
820718
821083
821119
821272
821600
821606
821758
822012
822096
822200
822215
822398
822534
822579
822691
822706
822784
822861
822906
823125
823129
823244
823485
823842
823853
823872
824076
824265
824438
824840
824891
824906
825162
825187
825211
825313
825690
825968
826042
826200
826434
826765
826965
827147
827276
827339
827346
827708
827781
828100
828114
828178
828479
828492
828503
828507
828544
828614
828650
828699
828782
828822
829282
829324
829399
829715
829768
829818
830053
830168
830264
830428
830667
830701
831153
831494
831650
831751
831772
831851
831959
832000
832066
832268
832353
832383
832719
832947
832960
833103
833147
833179
833363
833461
833558
833805
833834
833889
833897
834371
834451
834452
834847
834986
835051
835301
835447
835718
835729
835913
835962
836236
836646
836733
836763
836771
837036
837141
837169
837232
837327
837366
837440
837498
837568
837621
837642
837669
837906
837923
837980
838027
838171
838183
838225
838350
838526
838546
838686
838734
838828
838900
839380
839603
839640
839844
839970
840049
840053
840136
840158
840518
840532
840611
840639
841016
841260
841623
841700
841801
841996
842115
842326
842410
842491
842632
842715
842800
842905
842921
843130
843145
843170
843423
843632
844256
844304
844645
844776
844871
845254
845269
845395
845400
845539
845842
846051
846299
846324
846697
847176
847207
847249
847271
847465
847497
847611
847633
847957
847961
847975
848544
849115
849326
849533
849996
850609
850619
850687
850857
850886
850996
851067
851280
851451
851616
852053
852551
852687
852712
852810
852943
853042
853079
853212
853371
853421
853456
853654
853734
854201
854323
854548
854791
854874
855189
855403
855525
855544
855793
856015
856239
856817
856959
857082
857090
857113
857197
857365
857613
857616
857838
857973
858468
858533
858633
858700
859102
859279
859373
859431
859668
859753
859843
859952
860018
860501
860576
860693
860890
861127
861237
861446
861545
861811
862618
862816
862859
862950
863205
863367
863581
863700
863740
863763
863811
863882
863935
864101
864173
864243
864738
864780
864835
864952
865021
865152
865184
865384
866399
866785
866833
866937
867008
867574
867600
867889
867991
868033
868244
868808
869072
869174
869513
869630
869737
869772
869818
869843
870030
870045
870314
870431
870501
870647
870985
871109
871567
871793
871841
872067
872146
872325
872387
872778
872825
872997
873077
873302
873393
873617
873710
873822
873936
874042
874076
874089
874154
874242
874561
874595
874807
874963
875490
875498
875617
875627
875663
875736
875884
876007
876046
876112
876343
876796
876895
877023
877231
877273
877582
878104
878267
878419
878658
878974
879088
879230
879424
879621
879731
879828
880021
880515
880752
880762
881094
881229
881378
881634
881908
881995
882070
882282
882487
882606
882703
882825
882834
882950
883114
883489
883490
883956
884091
884168
884531
884783
884925
884928
885065
885163
885183
885532
885641
886026
886124
886266
887069
887107
887160
887221
887284
887290
887431
887714
887806
887866
887935
888040
888062
888559
888780
888899
889122
889219
889334
889417
889466
889499
889596
889621
889814
890193
890331
890349
890368
890430
891146
891336
891403
891409
891641
891729
891863
892014
892022
892089
892341
892421
892650
892863
893099
893258
893581
893838
894221
894576
894676
894822
895241
895255
895818
895899
896178
896284
896454
896616
896954
897039
897235
897443
897457
897529
897743
897914
898218
898230
898555
898820
898939
899008
899027
899281
899479
899513
899685
899814
899884
900518
900523
900908
901095
901975
902221
902389
902749
902753
902758
902933
903116
903273
903656
903744
904193
904220
904458
904881
904948
905073
905226
905568
905656
905660
905750
906049
906069
906124
906148
906275
906417
906713
906846
907166
907228
907743
908046
908199
908372
908486
908811
909086
909309
909367
909394
909460
909629
909778
909782
909903
910001
910029
910123
910507
910549
910964
910967
911003
911073
911159
911399
911890
912018
912210
912557
912931
913221
913279
913679
913956
913998
914248
914531
914839
914902
915088
915094
915255
915355
915394
915449
915452
915466
915689
915768
916121
916616
916700
916801
916966
917125
917553
918045
918750
918869
919465
919733
920266
920305
920614
920954
921069
921357
921415
921909
922153
922734
923312
923516
923550
924155
924264
924382
925056
925065
925080
925141
925174
925384
925442
925587
925629
926202
926530
926762
927104
927560
927581
927599
927782
927984
928213
928447
928506
928543
928873
929195
929695
929759
929870
929924
929949
930046
930257
930275
930399
930427
930434
930843
931004
931044
931108
931181
931514
931665
931912
931939
931995
932492
932498
932650
932659
933058
933064
933139
933155
933375
933482
933889
934207
934617
934706
934886
935142
935430
935504
935522
935571
935746
935890
936081
936092
936189
936344
936405
936660
936922
936999
937013
937271
937314
937373
937472
937502
937590
937644
937821
938056
938071
938223
938242
938364
938855
939227
939386
939490
940112
940337
940644
940848
941168
941194
941286
941437
941456
941867
941939
942175
942336
942531
942764
942765
942913
943137
943147
943204
943587
943596
943717
943755
943813
943845
943858
943956
944358
944388
944844
945082
945424
945679
945728
946204
947032
947056
947200
947232
947391
947813
947960
948310
948368
949020
949054
949220
949640
950017
950020
950038
950095
950287
950290
950363
950935
950983
950999
951237
951248
951494
951595
952439
952592
952599
952600
952641
952697
953282
953441
954000
954006
954106
954520
954938
954947
955072
955119
955383
955481
955566
955661
955722
955762
955788
955974
956010
956074
956141
957635
957769
957836
958059
958103
958128
958135
958345
958573
958848
958942
959076
959276
959747
959951
960108
960185
960420
960483
960504
961325
961396
961560
961591
961739
961784
961803
961985
962242
962293
962573
962785
962815
963003
963166
963296
963320
963377
963890
963966
964075
964200
964378
964541
964830
965707
965889
966027
966391
966512
966532
966578
966691
966891
967055
967246
967435
968060
968736
969012
969106
969368
969400
969444
969460
969470
969485
969525
969850
969897
970218
970249
970360
970550
970553
970617
970959
971083
971422
971853
971867
971882
972111
972216
972430
972444
972855
972874
972899
972949
973029
973106
973180
973594
973678
973823
973872
974271
974453
974594
974655
974703
974714
975117
975565
975574
975646
975877
976059
976390
976680
976726
976750
977337
977397
977610
977779
977787
977848
978261
978313
978443
978562
978566
978573
978634
978950
979002
979313
979477
980560
980567
980588
980843
980903
981000
981174
981331
981337
981398
981474
981821
982035
982336
982392
982456
982628
982790
982817
983148
983264
983279
983492
984187
984439
984543
984875
985145
985374
985535
985570
986109
986400
986516
986808
986826
986937
986984
987053
987705
987954
988227
988264
988513
988984
989139
989362
989421
989425
989450
989467
990013
990090
990134
990161
990291
990406
990736
990878
990959
991109
991119
991216
991468
991533
991545
991732
992346
992377
992556
992668
992880
992973
993282
993432
993784
993834
993927
994077
994098
994320
994429
994791
994799
994932
995158
995161
995499
995661
995670
995872
995904
995948
996051
996142
996392
996411
996589
996819
996844
996903
997080
997091
997298
997393
997686
998769
999134
999136
999280
999410
999418
999453
999520
999586
999589
999734
