167
245
326
352
422
596
674
685
893
997
1009
1039
1121
1131
1322
1399
1559
1619
1758
1889
1906
1990
2023
2138
2257
2288
2395
2588
2688
2719
2754
2962
3008
3589
3781
3995
4279
4282
4346
4735
4745
4900
4949
4995
5166
5363
5489
5598
5602
5662
5767
5917
5925
5999
6190
6308
6320
6435
6519
6657
6752
6881
7022
7194
7275
7475
7481
7793
7832
7885
7993
7999
8019
8121
8126
8229
8471
8569
8727
8804
8849
8880
8962
9007
9025
9055
9077
9187
9270
9279
9681
9691
9991
9996
10039
10044
10424
10478
10529
10656
10814
10895
11079
11116
11150
11217
11383
11407
11428
11586
11902
11912
11931
11984
12009
12176
12179
12248
12259
12304
12334
12462
12498
12574
12791
12970
13049
13410
13459
13509
13570
13981
14058
14197
14233
14282
14403
14429
14430
14556
14574
14615
14663
14744
14792
14801
14925
15032
15052
15058
15063
15086
15222
15369
15453
15644
15679
15703
15853
15878
15981
16045
16091
16222
16381
16436
16455
16558
16707
16781
16801
16872
16990
17015
17036
17052
17058
17079
17264
17305
17534
17605
17665
17677
17951
18099
18518
18729
18734
18830
18856
18879
18906
18951
19018
19080
19106
19472
19489
19543
19580
19815
19830
20438
20604
20641
20775
20780
21090
21127
21204
21249
21265
21308
21427
21493
21519
21554
21584
21851
22376
22420
22600
22651
22738
22796
22872
22885
22940
22951
23197
23328
23364
23527
23704
23756
23839
23934
24062
24213
24490
24564
24587
24643
24679
24844
24871
24916
25025
25074
25094
25143
25221
25631
25732
26011
26060
26304
26465
26530
26554
26666
26756
26768
26865
26926
26951
27039
27057
27145
27168
27266
27436
27543
27867
27936
27997
28047
28386
28903
28951
28990
29045
29086
29225
29243
29286
29355
29387
29458
29507
29670
29728
29730
29859
29885
29906
29956
29978
30061
30141
30244
30253
30368
30566
30876
30918
31074
31168
31199
31317
31362
31425
31565
31596
31693
31785
31804
32164
32312
32320
32341
32640
32691
32784
32875
32912
32913
33222
33285
33650
33697
33847
33876
33887
33892
34197
34200
34230
34346
34451
34464
34731
34818
34839
35007
35154
35161
35196
35242
35303
35355
35474
35857
35871
35913
35957
36017
36231
36271
36292
36366
36546
36589
36594
36730
36788
36827
36843
36848
36849
36910
36984
37027
37113
37204
37305
37381
37480
37532
37626
37717
37856
37987
38006
38151
38157
38195
38311
38477
38967
38991
39254
39414
39450
39451
39471
39616
39819
39830
39862
39927
39990
40159
40228
40263
40310
40359
40508
40634
40653
40824
40849
40885
40944
40952
40978
41108
41131
41146
41217
41320
41398
41600
41857
41913
42445
42461
42494
42673
42841
42951
43044
43076
43105
43276
43301
43317
43372
43612
43772
43814
43954
44014
44019
44132
44386
44531
44539
44590
44679
44707
44772
44917
45161
45249
45287
45314
45469
45497
45522
45553
45812
46011
46144
46264
46415
46504
46508
46770
46805
47207
47280
47392
47565
47649
47720
47865
47881
47903
47920
47939
48021
48027
48078
48256
48257
48463
48548
48603
48631
48644
48714
48739
48866
48975
49407
49438
49543
49561
49787
50007
50042
50098
50208
50343
50411
50537
50603
51041
51386
51389
51413
51465
51494
51636
51660
51670
51683
51761
51778
51831
51833
51984
52107
52303
52595
52720
52772
52914
53041
53062
53192
53369
53446
53542
53586
53604
53673
53749
53881
53937
54078
54387
54453
54594
54605
54632
54696
54738
54781
54798
54817
54823
54887
54919
55128
55162
55290
55403
55440
55581
55887
55946
56033
56051
56265
56788
56880
56917
56965
57012
57040
57093
57133
57196
57213
57265
57455
57489
57498
57582
57691
57781
57787
58076
58108
58323
58407
58621
58961
59021
59067
59087
59133
59270
59410
59570
59590
59641
59721
59849
59870
60079
60164
60174
60250
60394
60501
60585
60656
60733
60765
60778
60796
60812
60841
60883
61090
61113
61229
61672
62015
62033
62241
62298
62307
62351
62406
62540
62578
62693
62788
62874
62934
62969
62977
63068
63280
63504
63508
63807
63825
63843
63891
64112
64208
64529
64570
64586
64617
64787
64889
64925
65030
65098
65103
65330
65777
65990
66044
66142
66220
66235
66247
66305
66401
66529
66533
66534
66649
66717
66891
66946
67008
67059
67124
67263
67394
67419
67606
67631
67706
67936
68048
68095
68146
68194
68227
68243
68277
68297
68633
68658
68819
68830
68852
68897
69042
69068
69120
69677
69708
69928
70137
70162
70230
70342
70389
70620
70637
70658
70676
70849
70850
70878
71067
71078
71153
71161
71224
71525
71743
71776
72035
72134
72378
72415
72420
72512
72587
72675
72692
72785
72813
72894
72957
73125
73138
73140
73437
73452
73458
73477
73491
73595
73864
73888
74082
74131
74213
74215
74236
74256
74400
74634
74656
74697
74800
74839
74856
75220
75337
75372
75502
75650
75679
75737
75886
75916
76043
76125
76188
76248
76373
76514
76752
76863
76883
76918
76927
77094
77346
77399
77731
77827
78057
78099
78158
78341
78349
78380
78390
78548
78549
78661
78838
78886
78965
79118
79255
79418
79528
79636
79704
79780
79811
79878
79983
80309
80443
80525
80581
80608
80711
80832
80941
80954
81018
81025
81060
81200
81648
81795
81996
82377
82460
82601
82906
82983
83207
83295
83341
83587
83890
83998
84212
84217
84393
84725
84767
84874
84935
84953
85124
85144
85254
85399
85409
85474
85534
85641
85778
85826
85839
85887
85916
86291
86444
86465
86597
86774
86876
86907
87051
87065
87263
87323
87360
87402
87734
87869
87890
88178
88290
88392
88400
88407
88561
88639
88679
88772
88776
88841
88851
88853
88984
89281
89386
89488
89630
89754
89789
89917
90143
90216
90462
90512
90569
90609
90718
90790
91040
91066
91095
91171
91304
91434
91483
91486
91490
91605
91698
91805
91933
92030
92089
92117
92150
92234
92375
92469
92558
92760
92961
92966
93070
93177
93192
93443
93452
93560
93626
93642
93745
93760
93913
93959
93963
93976
93997
94019
94050
94134
94174
94190
94215
94234
94455
94695
94704
94743
94747
94782
94885
94953
95064
95242
95370
95436
95475
95530
95801
96257
96278
96383
96631
96651
96918
96981
96995
97026
97169
97210
97215
97299
97328
97402
97408
97409
97537
97702
97873
98190
98362
98542
98805
98866
98883
98887
98986
99057
99086
99151
99433
99556
99629
100031
100294
100497
100524
100529
100559
100592
100633
100830
101013
101338
101362
101398
101420
101466
101508
101657
101700
101768
101881
102109
102142
102351
102471
102656
103032
103068
103157
103158
103300
103341
103432
103653
103704
103726
103775
103875
103891
103924
103946
104022
104135
104242
104329
104683
104784
104964
105130
105276
105359
105433
105535
105569
105637
105818
105878
105911
105942
105991
106053
106179
106188
106207
106280
106290
106298
106323
106589
106659
106675
106702
106813
106833
106868
107135
107167
107342
107402
107408
107505
107510
107537
107563
107684
107861
107958
108043
108112
108304
108414
108475
108648
108653
108670
108673
108784
108864
109033
109328
109623
109666
109836
109862
109965
110079
110151
110258
110583
110719
110893
110908
111202
111289
111422
111564
111669
111704
111705
111773
111905
111973
112239
112243
112335
112424
112535
112560
112621
112736
112788
112838
112982
112988
113091
113115
113138
113150
113179
113225
113269
113272
113278
113323
113358
113490
113666
113754
113775
113793
114042
114048
114057
114106
114149
114161
114473
114583
114638
114672
114683
114741
114815
114926
114928
114975
115031
115194
115434
115603
115756
116028
116217
116233
116311
116711
116886
116989
117099
117265
117310
117413
117503
117826
117845
118017
118107
118181
118215
118348
118431
118466
118479
118516
118600
118739
118830
118852
119153
119311
119409
119420
119575
119580
119699
119766
119862
119914
119965
119969
120248
120359
120388
120453
120618
120627
120696
120968
121096
121110
121309
121349
121466
121569
121655
121797
121805
121854
121983
122014
122032
122087
122161
122286
122316
122430
122591
122680
122701
122775
122804
122842
123419
123458
123603
123615
123752
123985
124013
124372
124382
124660
124863
125192
125515
125611
125676
125906
125925
125951
125980
125999
126144
126204
126280
126361
126465
126732
126765
126947
127039
127269
127351
127395
127481
127552
127718
127748
127765
127768
127820
127972
127975
128020
128039
128163
128378
128386
128450
128463
128550
128569
128683
128710
128760
128862
128898
128902
129020
129109
129349
129359
129362
129420
129488
129492
129892
129904
129918
129974
130011
130114
130133
130179
130216
130242
130496
130599
130661
130807
130816
130892
130913
131118
131157
131180
131229
131326
131568
131597
131646
131845
131887
132059
132096
132132
132226
132322
132381
132391
132470
132482
132556
132734
132828
132946
132989
133038
133168
133228
133436
133452
133705
133752
133885
133970
134035
134041
134093
134104
134127
134147
134184
134208
134372
134598
134664
134665
134742
134971
135088
135158
135338
135386
135387
135400
135409
135460
135463
135548
135721
135734
135745
135772
135977
135992
136077
136093
136159
136164
136177
136433
136540
136609
136723
136825
136999
137014
137233
137262
137273
137698
137816
137857
137874
137956
137984
138063
138082
138201
138278
138423
138454
138574
138624
138647
138756
138819
138863
139007
139021
139037
139041
139077
139139
139815
139873
139939
140082
140100
140195
140447
140533
140544
140695
140905
141093
141138
141178
141273
141292
141358
141369
141382
141432
141542
141590
141605
141777
141990
142253
142303
142353
142498
142500
142528
142563
142564
142737
142910
143164
143217
143335
143402
143753
143789
143808
144049
144227
144353
144542
144568
144692
144698
144858
144991
145042
145136
145179
145196
145220
145229
145917
146116
146126
146174
146356
146416
146464
146602
146707
146836
147213
147316
147446
147615
147624
147755
147970
148111
148229
148334
148483
148501
148526
148547
148661
148667
148983
149038
149052
149153
149169
149216
149236
149311
149417
149648
149732
149813
149897
149969
150078
150282
150287
150355
150774
150898
150998
151098
151135
151337
151357
151509
151558
152027
152131
152415
152450
152478
152516
152541
152557
152562
152600
152745
152765
153170
153193
153241
153245
153259
153315
153550
153563
153568
153588
153703
153721
153756
153777
154069
154132
154236
154431
154465
154487
154497
154524
154584
154628
154650
154679
154704
154753
154817
154922
155004
155015
155107
155192
155225
155243
155414
155601
155707
155856
155934
155964
155985
156049
156060
156285
156382
156494
156556
156644
156648
156663
156736
156750
156800
157070
157270
157321
157346
157410
157577
157736
157826
157830
157945
157948
157960
157995
158003
158128
158154
158466
158850
159063
159150
159208
159266
159318
159332
159410
159490
159534
159541
159620
159714
159758
159769
159816
159823
159875
159915
159942
159990
160025
160089
160188
160276
160387
160422
160457
160555
160571
160675
160732
160739
160799
160940
160967
160994
161064
161318
161402
161437
161508
161555
161837
161864
161881
161914
162042
162336
162390
162448
162812
162840
163051
163290
163311
163345
163350
163477
163526
163556
163587
163611
163731
163799
163975
164019
164244
164288
164289
164477
164516
164668
164738
164931
164940
164958
165078
165137
165152
165315
165329
165358
165541
165557
165569
165667
165686
165715
165964
166032
166175
166307
166488
166523
166569
166690
166737
166754
166838
167020
167111
167169
167205
167239
167894
167906
167916
168175
168359
168480
168542
168701
168993
169228
169334
169474
169501
169642
169705
169841
170211
170315
170454
170726
170754
170767
170824
170850
170939
170967
171135
171317
171359
171843
171849
171992
172071
172244
172288
172499
172552
172681
172745
172847
172995
173004
173097
173369
173405
173497
173498
173524
173712
173807
173841
173870
173886
173935
174026
174129
174259
174291
174519
174693
174772
174787
174901
174964
174983
175039
175084
175112
175225
175305
175348
175368
175465
175917
176048
176090
176097
176158
176174
176242
176270
176318
176580
176808
176976
177024
177068
177084
177112
177163
177293
177317
177594
177702
177703
177725
177877
178033
178056
178066
178112
178123
178284
178339
178667
178767
178828
179035
179057
179288
179363
179379
179380
179423
179455
179484
179548
179551
179641
179843
179863
179887
180002
180014
180242
180244
180287
180392
180418
180730
180803
180818
180928
181239
181404
181624
181691
181783
181860
181877
181900
181943
182080
182552
182615
182817
183012
183050
183536
183774
183932
183954
184113
184155
184411
184512
184686
184713
184740
184975
185002
185159
185179
185203
185258
185311
185322
185427
185571
185624
185670
185707
185737
185781
185850
186325
186416
186426
186432
186525
186557
186598
186614
186676
186684
186715
186863
187037
187128
187299
187404
187479
187544
187557
187576
187612
187614
187704
187736
188001
188219
188462
188585
188832
188972
188988
188995
189040
189060
189087
189098
189106
189203
189338
189830
189926
189964
190143
190321
190360
190576
191019
191320
191323
191413
191519
191560
191588
191649
191736
192046
192252
192291
192414
192425
192644
192649
192689
192846
192857
192945
193089
193140
193233
193330
193447
193560
193633
193695
193840
194107
194134
194398
194535
194586
194600
194651
194787
194875
194954
195408
195771
195773
195829
196201
196427
196500
196592
196684
196705
197026
197090
197251
197254
197256
197274
197374
197420
197698
197719
197984
198353
198377
198513
198689
198812
198827
198945
199016
199238
199325
199436
199546
199642
199645
199742
199921
199930
199939
200070
200106
200135
200288
200319
200340
200563
200666
200693
200849
201058
201067
201213
201218
201242
201369
201517
201556
201578
201710
201856
201866
201951
202115
202232
202364
202389
202498
202654
202890
203195
203296
203640
203822
203874
203975
204012
204042
204213
204215
204249
204257
204315
204537
204539
204622
204763
205009
205079
205081
205309
205342
205392
205601
206044
206055
206102
206188
206488
206744
206765
206906
206966
207114
207253
207502
207536
207563
207824
207842
207889
207918
207964
208188
208238
208251
208441
208531
208534
208658
208663
208665
208671
208686
208711
208733
208739
208750
208788
208944
209032
209054
209274
209322
209341
209381
209536
209552
209675
209770
209917
210040
210042
210245
210400
210401
210592
210610
210663
210680
210779
210797
210847
210925
210931
211261
211311
211361
211568
211651
211683
211705
211873
211884
211957
212073
212151
212258
212341
212347
212369
212480
212493
212530
212726
212900
213000
213304
213425
213506
213662
213680
213697
213832
214036
214142
214166
214250
214251
214301
214310
214687
214747
214906
215168
215210
215333
215737
215932
215986
215998
216212
216235
216380
216394
216403
216459
216479
216802
216831
217029
217041
217106
217257
217517
217587
217659
217729
217768
217914
217982
218025
218031
218057
218258
218692
218733
218763
218850
218910
218925
218996
219038
219074
219171
219264
219300
219323
219449
219589
219612
219653
219720
219818
219924
219945
220267
220392
220420
220489
220561
220733
220759
221024
221029
221034
221043
221105
221146
221212
221271
221345
221358
221485
221540
221541
221616
221800
221881
221951
221967
222052
222060
222070
222079
222148
222582
222600
222717
222996
223072
223269
223306
223383
223487
223598
223877
223912
223977
224047
224252
224259
224279
224318
224399
224437
224540
224680
224759
224859
225137
225237
225304
225318
225334
225535
225583
225652
225730
225837
225892
226148
226155
226262
226405
226514
226570
226668
226701
226889
227002
227457
227519
227531
227585
227665
227864
227865
227955
227961
228014
228163
228646
228730
228770
228775
228828
228937
228966
229055
229317
229335
229527
229565
229644
229653
229692
229740
229917
230024
230102
230111
230167
230259
230401
230444
230474
230499
230504
230558
230637
230650
230726
230766
230959
231089
231134
231186
231220
231234
231255
231440
231707
231918
232387
232677
232741
233099
233279
233296
233323
233879
233889
233891
233894
233913
233941
233996
234127
234224
234296
234311
234330
234598
234736
234747
234803
234940
234970
235062
235084
235287
235335
235421
235506
235628
235879
235881
235922
235978
236068
236304
236459
236490
236580
236841
236863
236960
237020
237023
237086
237366
237558
237787
237943
238048
238213
238273
238284
238324
238355
238450
238655
238710
238912
238942
238988
238998
239139
239212
239483
239500
239544
239605
239872
239886
239991
240016
240390
240427
240484
240591
240627
240730
240737
240821
240922
240964
241033
241043
241222
241315
241363
241376
241429
241552
241816
241870
241960
242031
242068
242104
242318
242332
242370
242565
242607
242608
242628
242779
242955
243035
243052
243092
243239
243272
243323
243679
243712
243739
243753
243868
243900
243935
244089
244209
244261
244290
244357
244374
244597
244605
244611
244788
245097
245204
245441
245484
245642
245696
245824
246302
246347
246508
246534
246561
246592
246636
246692
246757
246789
246886
247010
247105
247138
247195
247199
247469
247517
247731
247834
248055
248170
248187
248307
248391
248449
248501
248503
248673
248701
248702
248750
248960
249017
249055
249143
249204
249261
249433
249578
249651
249664
249710
249738
249741
249791
249807
249839
249863
249894
249913
249916
249918
249924
249986
250097
250121
250356
250540
250586
250602
250740
250766
250980
251059
251203
251508
251623
251763
251836
251910
251999
252007
252165
252197
252570
252888
252908
252944
253023
253097
253306
253355
253358
253413
253501
253577
253627
253710
253819
253841
254406
254522
254725
254983
255350
255438
255460
255489
255565
255609
255641
255688
255726
255811
255899
256010
256098
256538
256725
256952
257012
257023
257043
257105
257126
257305
257338
257341
257367
257700
257714
257838
257939
257951
257954
258022
258086
258090
258097
258170
258197
258278
258505
258586
258721
258774
258909
259314
259559
259649
259706
259834
259940
259981
260051
260109
260341
260377
260465
260623
260836
260957
261011
261039
261146
261212
261320
261377
261446
261486
261565
261617
261649
261663
261682
262266
262543
262601
262716
262742
262791
262820
262824
262838
262931
262940
263115
263363
263366
263587
263606
263772
263973
263983
264007
264023
264026
264099
264109
264259
264353
264433
264619
264651
264748
264777
264848
264956
265302
265492
265512
265803
265827
265846
265878
265947
266140
266146
266163
266275
266316
266814
266822
266874
267041
267054
267163
267443
267581
267615
267925
268006
268008
268105
268198
268314
268413
268518
268556
268621
268640
268803
268940
268992
269017
269236
269621
269835
270051
270196
270260
270439
270561
270615
270771
270879
270914
270935
270996
271140
271173
271232
271261
271436
271530
271732
271740
271924
271962
271969
271977
272119
272309
272373
272456
272513
272557
272609
273262
273691
273811
273921
273953
273969
273988
274099
274144
274152
274180
274199
274251
274277
274440
274496
274655
274667
274822
274944
274947
274974
275090
275156
275351
275488
275559
275609
275739
275860
275874
275875
275925
276157
276177
276416
276443
276473
276544
276999
277001
277095
277149
277285
277501
277621
277623
277657
277854
277878
277964
278133
278185
278223
278376
278473
278563
278601
278701
278724
278734
278808
278879
279148
279236
279503
279580
279634
279683
279742
279807
279834
279938
279967
279995
280035
280102
280134
280147
280514
280737
280768
280813
280819
280836
280865
280977
281011
281099
281170
281174
281208
281273
281332
281441
281665
281680
281720
281822
281836
281933
282046
282067
282178
282184
282404
282504
282523
282735
282798
282808
283005
283116
283153
283236
283375
283434
283517
283598
283722
283958
284006
284105
284113
284141
284176
284265
284289
284326
284419
284457
284499
284504
284517
284518
284560
284681
284741
284993
285232
285261
285268
285292
285305
285367
285378
285392
285510
285659
285825
285859
285892
285997
286036
286058
286081
286245
286248
286382
286427
286515
286578
286616
286771
286868
286941
286966
287085
287115
287180
287201
287209
287302
287544
287720
287779
287806
287922
288085
288163
288177
288401
288489
288644
288732
288851
288889
288912
288996
289015
289018
289020
289213
289260
289337
289367
289468
289539
289606
289789
289924
290069
290162
290178
290372
291054
291412
291437
291785
291832
291943
292104
292305
292314
292319
292335
292383
292471
292500
292524
292583
292633
292717
292884
293030
293301
293358
293452
293668
293710
293782
294050
294067
294190
294195
294236
294288
294412
294448
294532
294614
294765
295046
295116
295201
295354
295398
295483
295768
295801
295812
296011
296079
296103
296118
296338
296443
296519
296550
296688
296801
296829
297002
297014
297177
297273
297360
297372
297458
297472
297513
297764
297873
298224
298247
298281
298438
298529
298534
298577
298592
298593
298606
298824
298872
298956
299021
299043
299060
299155
299194
299230
299236
299374
299384
299523
299839
300006
300047
300098
300190
300205
300269
300325
300346
300353
300382
300418
300481
300689
300729
300766
301159
301316
301339
301435
301469
301522
301607
301653
301727
301861
301895
302024
302421
302706
302754
302984
303109
303184
303208
303244
303430
303509
303582
303585
303609
303764
303803
303807
304172
304330
304407
304442
304470
304473
304532
304582
304683
304830
304993
305074
305153
305167
305171
305277
305789
305793
305887
305961
306074
306099
306132
306372
306422
306488
306541
306556
306590
306624
306919
307035
307094
307113
307260
307528
307569
307613
307695
307716
307766
307916
307969
307971
307994
308036
308247
308347
308438
308526
308588
308698
308847
308933
308953
309100
309276
309292
309306
309322
309712
309869
310148
310184
310281
310300
310341
310390
310393
310615
310635
310835
310845
310849
311090
311336
311466
311599
311647
311821
311903
312058
312061
312076
312299
312333
312497
312500
312603
312648
312746
312975
313041
313219
313262
313266
313511
313666
313698
313737
313770
313840
313894
313903
313980
314189
314228
314249
314440
314526
314558
314586
314842
314984
315285
315476
315555
315573
315597
315746
315808
315850
316135
316165
316189
316304
316427
316477
316563
316755
316820
316882
316932
316937
317071
317111
317253
317545
317549
317708
317752
317840
318197
318254
318260
318262
318284
318324
318342
318407
318409
318411
318658
318831
319211
319230
319249
319337
319602
319610
319942
319969
320041
320067
320112
320257
320567
320613
320653
320743
320808
320930
320989
321040
321051
321053
321054
321155
321291
321416
321424
321452
321586
321594
321595
321691
321831
321847
321925
321980
322047
322102
322126
322205
322353
322416
322479
322662
322672
322740
323067
323076
323305
323463
323574
323595
323753
323789
323809
323885
323947
323962
324011
324044
324081
324162
324186
324346
324378
324843
324944
325016
325120
325190
325299
325436
325537
325953
325958
326094
326188
326229
326317
326460
326506
326564
326622
326633
326663
326886
326894
327044
327086
327189
327249
327258
327327
327599
327759
327879
327909
328009
328061
328063
328193
328235
328254
328421
328501
328510
328627
328755
328830
328900
329030
329063
329149
329166
329235
329278
329295
329421
329433
329434
329503
329556
329664
329762
329774
329808
330084
330097
330142
330170
330235
330249
330295
330337
330443
330499
330927
331070
331265
331361
331391
331410
331475
331532
331558
331585
331734
332069
332111
332251
332257
332364
332587
332622
332760
332762
332772
332783
332808
332872
332906
332938
333280
333302
333452
333529
333597
333655
333725
333814
333959
334001
334122
334264
334383
334405
334446
334468
334686
334840
334922
334946
334976
335036
335096
335241
335242
335281
335567
335612
335883
335894
336008
336168
336228
336267
336283
336420
336522
336549
336764
336860
336924
336943
337006
337036
337296
337377
337419
337484
337650
337694
337744
337959
338004
338036
338063
338076
338096
338099
338575
338933
339251
339450
339510
339596
339663
339717
339880
340098
340252
340437
340509
340630
340661
340787
340980
340981
341036
341221
341321
341419
341547
341563
341616
341724
341834
342077
342179
342186
342289
342309
342612
342687
342770
342800
342871
342935
343012
343286
343431
343447
343743
343800
343810
343987
343994
344001
344067
344082
344149
344307
344384
344389
344504
344539
344617
344736
344738
344760
344794
345036
345176
345225
345330
345351
345374
345776
345917
346078
346166
346190
346211
346247
346361
346509
346693
346734
346771
346825
346908
346943
346980
347112
347398
347490
347625
347775
347885
347889
348018
348052
348239
348317
348348
348426
348457
348473
348518
348677
348685
348763
348897
349092
349124
349183
349340
349408
349470
349539
349540
349683
349852
349993
350143
350183
350348
350607
350690
350714
350757
351025
351122
351295
351469
351683
351752
351901
351990
352031
352048
352050
352051
352072
352075
352352
352406
352459
352536
352716
352835
352888
352891
352901
352966
353077
353130
353206
353344
353835
353937
354151
354162
354287
354553
354793
354919
355077
355154
355228
355309
355504
355506
355581
355648
355695
355702
355735
355878
356013
356038
356115
356117
356172
356183
356270
356320
356337
356385
356462
356603
356632
356672
356784
356846
356887
356919
357017
357022
357151
357220
357278
357295
357424
357448
357454
357560
357586
357781
357810
357904
357938
358016
358228
358292
358359
358364
358376
358387
358401
358491
358630
358635
358793
358852
358960
359026
359053
359085
359101
359144
359186
359369
359460
359545
359557
359632
359640
359655
359702
359782
359824
360243
360350
360393
360425
360454
360522
360526
360565
360619
360692
360721
360743
360744
360822
360844
360905
360932
360967
360980
361104
361180
361241
361242
361519
361762
361766
361848
361899
361975
361989
362048
362051
362069
362089
362225
362284
362377
362379
362388
362469
362539
362579
362584
362950
363615
363638
363672
363770
363806
363864
363889
364017
364409
364434
364441
364845
365017
365198
365319
365404
365412
365434
365447
365479
365625
365683
365740
365909
365968
365970
366027
366095
366261
366353
366795
366892
367315
367435
367448
367676
368115
368228
368357
368361
368395
368673
368694
368747
368762
368769
368865
368898
369018
369323
369493
369515
369690
369698
369802
369981
369991
370015
370127
370249
370345
370515
370543
370560
370679
370758
370801
370907
371013
371083
371216
371233
371256
371257
371333
371556
371723
371777
371779
371799
371805
371905
372180
372247
372256
372336
372356
372378
372424
372486
372635
372679
373156
373174
373390
373491
373606
373741
373757
373839
373997
374010
374071
374200
374436
374438
374550
374600
375005
375084
375269
375372
375408
375492
375518
375528
375630
375668
375720
375752
375793
376118
376178
376225
376371
376374
376377
376549
376571
376825
376849
376981
377017
377062
377142
377161
377170
377333
377426
377431
377452
377463
377479
377547
377731
377757
377953
378015
378068
378106
378175
378200
378290
378303
378357
378402
378514
378544
378655
378688
378738
378912
378933
379019
379068
379171
379298
379322
379376
379456
379501
379506
379642
379911
380047
380313
380350
380397
380597
381048
381101
381132
381144
381344
381399
381424
381501
381539
381540
381818
381841
382078
382111
382143
382221
382272
382302
382441
382500
382556
382582
382620
382645
382737
382759
382901
383179
383314
383343
383380
383463
383500
383501
383596
383722
383837
383868
383884
383902
383944
383958
384241
384340
384421
384453
384513
384588
384624
384727
384970
384991
385025
385048
385287
385339
385361
385405
385434
385502
385545
385584
385624
385690
385805
385982
386107
386333
386438
386499
386690
386770
386778
386850
386912
386969
387030
387054
387063
387365
387374
387473
387739
388159
388386
388418
388421
388450
388528
388867
388954
388969
389204
389234
389510
389520
389566
389599
389645
389711
390074
390202
390346
390589
390691
390883
390937
390982
391117
391282
391321
391356
391541
391631
391982
392079
392150
392393
392447
392679
392687
392907
392909
392944
393296
393386
393410
393598
393619
393632
393862
393951
394339
394370
394410
394439
394472
394542
394553
394632
394650
394656
394697
394729
395102
395125
395219
395494
395587
395615
395618
395704
395710
395887
396046
396224
396356
396580
396615
396885
396926
396936
396975
396981
397034
397231
397281
397359
397376
397429
397520
397563
397604
397639
397754
397761
397835
397901
398047
398082
398198
398252
398456
398472
398564
398653
398805
399022
399028
399074
399283
399509
399663
399687
399716
399992
400115
400235
400646
400680
400783
400934
400952
401146
401193
401221
401311
401508
401542
401549
401550
401552
401619
401646
401688
402121
402264
402396
402487
402504
402626
402671
402890
402893
402915
403072
403158
403252
403255
403438
403603
403629
403718
403983
404109
404175
404199
404301
404302
404370
404563
404658
404677
404686
404735
404937
405002
405063
405149
405508
405572
405734
405772
406094
406136
406199
406230
406291
406548
406790
406986
407154
407247
407256
407330
407416
407474
407484
407644
407721
407730
407732
408075
408189
408379
408556
408558
408589
408646
408650
408703
408734
408782
408877
408906
408911
409387
409427
409541
409639
409676
409966
410132
410213
410265
410435
410553
410584
410672
410800
410822
410924
411138
411381
411407
411473
411610
411631
411685
411951
412117
412120
412190
412316
412349
412428
412916
412917
413095
413154
413208
413546
413814
413898
413998
414024
414257
414272
414375
414795
414902
415060
415106
415293
415392
415504
415506
415544
415564
415728
415761
415820
415821
416042
416235
416270
416292
416379
416766
417006
417055
417105
417126
417142
417431
417503
417613
417967
418218
418361
418442
418561
418640
418907
419079
419114
419119
419285
419798
419955
420354
420383
420555
420629
420688
420907
420939
421077
421210
421249
421709
421790
421876
421914
422025
422286
422437
422483
422555
422561
422578
422582
422626
422705
422837
422845
422926
422934
422950
423034
423199
423213
423272
423299
423308
423393
423431
423449
423510
423548
423591
423731
423757
423812
423829
423869
423896
424044
424088
424091
424250
424445
424485
424609
424667
424677
424782
424786
424845
425000
425376
425405
425419
425650
425725
425835
425852
426137
426152
426166
426323
426514
426545
426583
426821
426888
427186
427245
427337
427456
427545
427615
427827
427834
427886
427913
428068
428070
428222
428258
428291
428407
428426
428636
428865
429019
429083
429249
429367
429451
429488
429504
429603
429728
429751
430170
430201
430439
430543
430565
430571
430575
430873
430874
430916
431482
431486
431501
431509
431744
431816
431842
432097
432139
432565
432620
432848
433015
433346
433381
433537
433569
433685
433774
433780
433789
433834
434008
434013
434099
434162
434334
434463
434486
434520
434555
434577
434579
434639
434662
435048
435098
435121
435198
435466
435591
435595
435619
435646
435783
435911
436020
436086
436191
436261
436399
436520
436763
436871
436926
436980
437002
437035
437238
437335
437483
437597
437681
437789
437803
437823
437872
437896
437926
438050
438095
438096
438106
438577
438579
438600
438601
438660
438728
438978
439274
439284
439376
439587
439781
440140
440220
440304
440505
440538
440549
440827
440871
440885
441325
441471
441602
441632
441807
441996
442030
442111
442233
442293
442363
442437
442902
442938
443045
443117
443127
443144
443172
443188
443259
443457
443526
443588
443603
443607
443670
443679
443704
443742
443762
444079
444336
444458
444460
444471
444493
444503
444669
444740
444838
444847
444891
444903
445235
445355
445504
445551
445686
445749
445839
445846
445849
445852
446218
446287
446361
446461
446484
446495
446533
446564
446615
446629
446770
446795
446900
446932
447092
447137
447225
447245
447292
447463
447468
447632
447655
447705
447790
447792
447924
447947
448055
448067
448394
448412
448460
448512
448786
449056
449152
449210
449303
449392
449398
449414
449499
449922
449967
449987
449992
450062
450104
450165
450389
450404
450440
450716
450920
450929
451025
451029
451163
451500
451638
451844
451940
451998
452155
452176
452333
452634
452787
452943
452946
453250
453311
453503
453621
453622
453774
453869
453872
453938
453970
454225
454417
454452
454540
454546
454581
454703
454858
454916
454937
454969
454988
455219
455546
455696
455760
455808
455810
455932
455961
456107
456198
456262
456275
456340
456352
456750
456868
456974
457023
457154
457208
457290
457313
457449
457757
457841
457876
457928
458256
458319
458361
458651
458663
458810
459442
459632
459683
459738
459771
459862
460100
460184
460454
460524
460697
460832
460837
460913
460945
460979
461018
461049
461072
461200
461259
461524
461683
461804
462144
462414
462428
462477
462521
462632
462674
462708
462716
462786
462889
463079
463084
463213
463353
463461
463485
463656
463729
463843
463849
463952
464073
464289
464407
464681
464699
464772
464800
464847
465195
465207
465223
465228
465430
465438
465481
465501
465709
465712
465736
465752
465787
465871
466250
466411
466523
466530
466560
466608
466626
466648
466655
466798
467072
467100
467191
467563
467638
467642
467770
467796
467857
467885
468155
468340
468447
468510
468693
469033
469188
469201
469244
469251
469589
469650
469674
469830
469851
469892
469988
470234
470294
470424
470435
470457
470588
470731
470778
470826
470912
470913
470952
471071
471114
471261
471279
471333
471349
471469
471550
471642
471654
471701
471759
471820
471830
471902
472185
472307
472422
472469
472491
472676
472681
472791
473072
473108
473135
473334
473628
473922
474135
474166
474170
474246
474818
474977
475047
475103
475181
475220
475332
475355
475447
475818
475873
475951
476020
476091
476224
476227
476368
476412
476475
476509
476617
476676
476679
476823
476851
476951
476953
477299
477490
477539
477546
477637
477756
477821
478294
478335
478367
478469
478629
478646
478741
478782
479452
479870
479905
480108
480117
480177
480242
480255
480436
480604
480660
480850
480876
480899
480954
481156
481298
481399
481463
481719
481849
482004
482213
482306
482485
483087
483109
483166
483318
483481
483646
483718
483765
483822
483830
484009
484025
484322
484353
484883
484909
484910
484977
485226
485259
485321
485443
485536
485783
485797
485882
486263
486339
486359
486449
486651
486660
486886
486903
486965
487047
487086
487117
487271
487613
487636
487640
487666
487687
487869
487959
488166
488291
488563
488585
488819
488891
488898
489015
489042
489195
489510
489513
489517
489572
489674
489809
489990
490039
490115
490298
490320
490416
490551
490757
490834
490998
491057
491078
491109
491139
491251
491416
491686
491718
492208
492302
492328
492352
492384
492486
492513
492553
492660
492822
492871
492908
492911
492924
493212
493302
493562
493746
493758
493866
493915
494051
494071
494231
494487
494515
494760
494923
494951
494973
495030
495103
495264
495270
495342
495414
495945
495970
496045
496057
496132
496239
496282
496320
496332
496342
496351
496353
496421
496491
496551
496653
496766
496854
496885
496994
497048
497075
497117
497164
497189
497223
497420
497428
497641
497986
498040
498058
498059
498265
498281
498771
498828
498852
498935
499058
499538
499619
499722
499733
499737
499853
499855
499867
500181
500403
500437
500642
500672
500744
500839
500909
501080
501298
501378
501533
501599
501767
501973
501974
502060
502168
502201
502242
502421
502559
502567
502734
502816
502942
502943
503053
503200
503340
503497
503630
503710
503753
503835
503917
504126
504258
504501
504533
504543
504747
504839
505004
505018
505284
505563
506078
506159
506330
506513
506584
506607
506765
506782
506967
507206
507528
507539
507827
507830
507872
507913
508237
508432
508585
508594
508838
508922
508959
509071
509075
509096
509136
509169
509555
509708
509743
509748
509878
510087
510209
510325
510356
510423
510466
510495
510658
510709
510733
510746
510955
510997
511178
511372
511468
511625
511749
511992
512093
512213
512357
512380
512408
512517
512540
512541
512555
512724
512732
512737
512870
512903
512993
513231
513502
513550
513589
513670
513722
513727
513752
513762
513946
514022
514085
514133
514370
514405
514759
514760
514772
514850
514983
515027
515263
515285
515300
515342
515413
515731
515740
515919
516031
516047
516050
516153
516158
516276
516446
516567
516677
516987
517249
517270
517299
517401
517726
517761
517928
518164
518177
518242
518567
518607
518683
518840
518859
519026
519052
519260
519270
519285
519438
519572
519596
519620
519739
519906
519917
519956
519975
520046
520075
520250
520298
520327
520433
520533
520615
520648
521073
521181
521221
521311
521340
521404
521546
521557
521578
521678
521922
522132
522220
522412
522473
522712
522789
522979
523142
523306
523315
523437
523440
523454
523514
523520
523575
523703
523810
523860
523957
524028
524033
524045
524265
524340
524367
524548
524577
524655
524804
524875
524911
525056
525062
525085
525178
525300
525726
526041
526269
526421
526472
526540
526572
526826
526852
527016
527055
527337
527409
527449
527473
528056
528085
528229
528307
528327
528473
528542
528599
528602
528927
529075
529078
529156
529240
529316
529531
529535
529543
529650
529701
529782
530023
530031
530164
530201
530412
530494
530808
531373
531559
531574
531680
531700
531801
531808
531826
531847
531889
532077
532145
532210
532250
532258
532384
532391
532404
532505
532517
532616
532619
532829
532889
532907
533061
533063
533064
533099
533111
533540
533604
533791
533868
534141
534202
534470
534498
534512
534590
534739
534755
534780
534789
534912
535186
535218
535251
535301
535522
535528
535805
535812
535884
536077
536304
536402
536427
536517
536679
536760
536907
536974
537091
537153
537245
537345
537393
537408
537793
537879
537988
537993
538253
538336
538344
538416
538427
538450
538548
538567
538586
538626
538641
538652
538759
538786
538800
538903
539027
539055
539150
539279
539489
539598
539679
539741
540063
540069
540132
540165
540267
540319
540399
540432
540443
540481
540587
540616
540619
540814
540832
541256
541276
541338
541369
541407
541445
541480
541499
541597
542115
542483
542513
542672
542775
542848
543065
543120
543214
543279
543375
543406
543437
543767
543804
543807
543876
544029
544178
544272
544317
544375
544377
544417
544488
544500
544583
544593
544744
544834
544972
544973
545079
545141
545164
545255
545332
545346
545374
545471
545485
545531
545848
545851
545961
546141
546195
546411
546698
546771
546803
546951
546977
546990
547087
547092
547262
547457
547794
547962
548020
548188
548289
548428
548462
548476
548487
548514
548532
548695
548759
548870
548945
549127
549192
549407
549536
549811
549953
550075
550155
550240
550476
550737
550764
550858
550868
550880
550941
550971
551033
551139
551260
551263
551535
551601
551934
552075
552080
552155
552294
552428
552545
552843
552891
552912
552967
552972
553010
553112
553117
553139
553654
553690
553859
553933
554266
554374
554584
554603
554681
554781
554873
554964
555065
555136
555198
555308
555552
555983
556019
556040
556066
556258
556328
556537
556561
556563
556580
556640
556816
556913
557007
557050
557095
557170
557177
557205
557344
557433
557639
557707
557860
557975
557995
558205
558207
558247
558395
558460
558523
558553
558586
558847
559032
559146
559385
559403
559428
559469
559514
559668
559704
559877
560036
560107
560331
560476
560852
560883
560886
560930
560939
561012
561127
561134
561227
561466
561664
561729
561772
561777
562060
562073
562214
562223
562408
562467
562656
562662
562853
563009
563336
563368
563570
563639
563657
563858
563959
563965
564177
564250
564260
564343
564361
564395
564775
565195
565232
565301
565570
565806
565997
566003
566012
566018
566069
566204
566208
566225
566336
566686
566697
566790
566828
566967
566968
567037
567045
567115
567123
567389
567391
567440
567476
567502
567549
567584
567606
567627
567715
567800
567897
568043
568049
568139
568237
568243
568352
568372
568487
568770
568778
568831
568987
569098
569279
569311
569344
569503
569619
569754
570003
570072
570083
570085
570358
570414
570421
570470
570752
570779
570870
570903
571073
571157
571221
571228
571405
571553
571584
571660
571810
572148
572202
572312
572375
572471
572494
572602
572659
572860
572909
573291
573294
573348
573352
573410
573505
573646
573827
573842
573980
574037
574086
574361
574410
574611
574671
574790
574909
574918
575069
575332
575611
575671
576508
576549
577080
577185
577209
577250
577253
577359
577401
577409
577686
577711
577713
577745
577824
578030
578188
578387
578564
578699
578821
578974
579205
579212
579252
579323
579347
579371
579373
579403
579470
579664
579670
579738
580051
580492
580533
580618
580626
580760
581143
581266
581397
581540
581799
581862
581909
581947
581999
582065
582090
582343
582405
582534
582561
582643
582717
582719
582734
582875
583196
583264
583268
583306
583338
583340
583366
583371
583629
583830
584067
584185
584340
584430
584527
584563
584610
584634
584636
584744
584794
584827
584850
584908
584987
585022
585121
585248
585274
585342
585404
585474
585716
585745
585822
585862
585961
585978
586006
586161
586209
586277
586316
586499
586564
586674
586697
586820
587043
587273
587388
587417
587459
587581
587797
588006
588008
588032
588398
588458
588557
588621
588876
588943
588953
588957
589094
589269
589372
589383
589395
589489
589541
589587
589839
589939
589969
590202
590269
590291
590539
591025
591086
591131
591206
591226
591262
591396
591486
591518
591592
591732
591734
591765
591855
591910
591928
592158
592216
592264
592335
592353
592416
592473
592734
592839
592858
592884
592942
592996
593104
593114
593131
593496
593552
593665
593672
593723
593834
593924
593939
594140
594152
594191
594224
594502
594790
595005
595171
595186
595311
595431
595757
595910
595942
596015
596153
596160
596186
596205
596438
596626
596697
596977
597141
597231
597294
597632
597668
597706
597724
597782
597814
597835
597857
597858
597986
598099
598322
598382
598561
598601
598825
598854
598908
598923
598926
599079
599210
599237
599266
599302
599308
599318
599348
599450
599724
599780
599785
599830
599858
599878
599951
600177
600202
600387
600424
600674
600734
600756
601047
601085
601122
601206
601264
601302
601351
601443
601561
601627
601652
601692
601825
601845
601858
602282
602325
602714
602854
602883
602972
603027
603152
603222
603325
603507
603587
603621
603769
603825
603888
603987
604425
604446
604496
604553
604577
604628
604630
604949
605311
605353
605383
605438
605488
605535
605544
605690
606363
606390
606559
606593
606724
606742
606788
606915
606920
607102
607182
607341
607388
607472
607599
607628
607641
607708
607821
608004
608151
608254
608309
608365
608434
608472
608512
608642
608646
608743
608797
608846
609353
609403
609645
609743
609915
609954
610003
610008
610069
610108
610181
610533
610554
611011
611012
611015
611148
611176
611377
611534
611543
611644
611651
611652
611822
611854
611904
611937
611962
612019
612375
612495
612503
612584
612610
612667
612710
612717
612851
613018
613045
613181
613243
613280
613343
613680
613783
613801
613816
613866
613914
614305
614417
614761
614787
614807
614831
615028
615172
615226
615626
615654
615893
615980
616045
616060
616072
616101
616138
616144
616175
616474
616554
616625
616674
616984
617094
617232
617269
617295
617650
617766
617781
617860
617871
618007
618052
618234
618287
618373
618458
618519
618704
618875
619146
619166
619197
619590
619924
619966
620027
620126
620168
620258
620369
620371
620386
620425
620431
620443
620486
620698
620751
620826
620855
620885
620886
621175
621342
621412
621493
621518
621681
621714
621836
622130
622235
622466
622554
622625
623009
623206
623222
623276
623310
623382
623475
623572
623652
623881
623917
624051
624106
624167
624212
624284
624288
624340
624687
624805
624841
625184
625194
625356
625377
625385
625437
625557
625695
625696
625703
625847
625903
626027
626143
626233
626335
626448
626656
626669
626684
626687
626785
626898
626941
627011
627043
627130
627362
627400
627427
627579
627683
627774
628057
628172
628323
628334
628549
628826
628888
628936
628974
629109
629792
629973
630055
630129
630143
630218
630284
630299
630312
630449
630450
630453
630673
630680
630688
630831
630866
631003
631159
631246
631370
631384
631439
631485
631487
631507
631899
632069
632078
632139
632535
632635
632781
632925
633044
633231
633317
633527
633537
633561
633659
633859
633971
633995
634037
634071
634222
634325
634398
634426
634437
634621
634771
634802
635157
635166
635293
635333
635361
635747
635955
636045
636161
636212
636219
636254
636306
636323
636431
636440
636450
636461
636516
636614
636676
636829
636920
637014
637097
637203
637418
637656
637776
637791
637868
637991
637997
638287
638571
638582
638589
638706
638912
639067
639077
639112
639368
639392
639588
639715
639782
639812
639911
639933
639963
640174
640179
640271
640429
640457
640610
640828
640916
640944
640951
641041
641243
641318
641464
641811
641834
641946
641959
642106
642108
642242
642277
642286
642307
642520
642623
642724
642930
642961
642970
642973
643004
643140
643152
643183
643233
643604
643638
643698
643733
643742
643785
643829
643862
643868
643938
643981
644007
644166
644172
644338
644341
644367
644470
644542
644556
644592
644757
644871
644886
644932
644952
645091
645137
645159
645357
645389
645719
645947
645954
645981
646196
646275
646351
646533
646560
646585
646657
646685
646718
646876
647212
647269
647463
647481
647508
647557
647772
647845
647922
648133
648211
648296
648528
648762
648776
648825
649120
649126
649337
649512
650010
650155
650337
650495
650656
650687
650711
650742
650852
650928
650978
651094
651111
651294
651338
651366
651391
651692
652566
652628
652682
652690
652702
653033
653140
653255
653280
653323
653328
653360
653373
653498
653520
653623
653779
653781
653988
654114
654178
654197
654281
654335
654496
654505
654664
654715
654780
654793
655048
655314
655523
655563
655603
655610
655688
655779
655867
655938
655969
656162
656187
656348
656370
656375
656454
656484
656550
656606
656613
656708
656772
656823
656991
657095
657157
657267
657410
657492
657541
657768
657868
658016
658023
658045
658081
658109
658221
658254
658272
658286
658292
658330
658406
658504
658541
658609
658635
658657
658827
658948
658982
659079
659147
659164
659379
659635
659757
659857
659952
659991
660009
660066
660086
660192
660247
660497
660571
660632
660650
660783
660807
660903
660953
661006
661041
661141
661484
661566
661708
661806
661858
661988
662022
662246
662442
662771
662825
663056
663066
663125
663138
663271
663364
663440
663597
663687
663690
663775
663792
663943
663986
664262
664309
664347
664655
664691
664719
664732
665031
665102
665222
665250
665530
665614
665663
665747
665808
665861
665949
666009
666147
666228
666258
666432
666484
666701
666704
666727
666935
666943
667073
667362
667382
667435
667487
667590
667631
667633
667728
667791
667952
667988
668123
668191
668396
668639
668794
668905
668920
668976
669056
669139
669253
669340
669376
669520
669536
669682
669768
670164
670165
670184
670231
670317
670351
670372
670483
670636
670656
670924
670971
671488
671611
671613
671657
671995
672370
672386
672433
672464
672472
672493
672552
672650
672721
672789
672897
672930
673027
673376
673404
673474
673497
673523
673564
673620
673846
673878
673921
674021
674027
674072
674354
674435
674622
674688
674709
674837
674838
674974
674996
674997
675100
675130
675159
675201
675231
675316
675317
675569
675604
675704
675711
675729
675762
676087
676120
676304
676865
676943
677090
677320
677527
677671
677715
677716
677823
677824
677845
677897
677968
677971
678096
678114
678288
678291
678303
678493
678513
678561
678585
678963
679020
679211
679344
679462
679606
679655
679675
679736
679811
679919
680036
680041
680098
680476
680616
680947
681073
681170
681183
681202
681260
681313
681316
681363
681416
681576
681686
681721
681888
681977
682000
682036
682090
682152
682444
682564
682569
682634
682731
682806
682812
682901
682907
682974
683040
683409
683443
683510
683532
683553
683558
683596
683614
683746
683818
683839
683942
684045
684072
684079
684196
684222
684272
684387
684457
684518
684592
684735
684742
684778
684959
684992
685022
685059
685174
685211
685365
685397
685701
685738
685928
685931
686211
686337
686382
686562
686711
686849
686883
687061
687093
687391
687556
687581
687608
687645
687670
687727
688065
688130
688143
688183
688232
688240
688262
688351
688522
688852
689004
689242
689293
689610
689637
689751
689820
689889
690097
690098
690109
690156
690285
690361
690622
690781
690924
690995
690998
691078
691123
691301
691308
691324
691360
691402
691430
691470
691501
691573
691792
691820
691848
691853
691865
692032
692121
692315
692375
692672
692787
692874
692886
693208
693240
693263
693411
693419
693534
693569
693756
693759
694126
694162
694212
694537
694612
694839
694941
694966
695074
695284
695286
695309
695360
695472
695797
695822
695871
695880
696086
696356
696412
696634
696664
696797
696977
697105
697367
697389
697433
697490
697507
697535
697647
697878
698001
698032
698037
698113
698416
698537
698615
698632
699042
699058
699117
699225
699232
699335
699664
699723
699912
700032
700245
700416
700440
700665
700716
700718
701060
701065
701346
701526
701655
701659
701807
701858
701908
701921
702090
702158
702193
702350
702354
702375
702504
702779
703003
703289
703383
703576
703609
703628
704012
704016
704077
704149
704182
704322
704338
704631
704635
704752
704834
705172
705557
705709
705771
705931
705948
705980
705989
706117
706275
706297
706375
706445
706525
706548
706736
706816
706855
707183
707216
707228
707324
707390
707395
707437
707588
708032
708142
708234
708517
708590
708669
708806
708882
709065
709226
709237
709268
709532
709617
709625
709636
709696
709821
709835
709847
709942
709982
710125
710133
710136
710233
710318
710382
710434
710729
710780
710801
711005
711066
711169
711187
711248
711374
711401
711421
711566
711670
711830
711897
712115
712124
712183
712280
712423
712427
712640
712950
713128
713399
713418
713436
713462
713593
713758
714038
714261
714341
714378
714395
714465
714539
714690
714730
714860
714868
715181
715213
715330
715355
715500
715550
715807
715835
715874
716076
716095
716101
716164
716291
716343
716566
716650
716711
716782
716825
716864
716877
717016
717046
717092
717181
717408
717440
717639
717775
717992
718191
718299
718342
718674
718706
718906
718981
719073
719075
719410
719463
719507
719580
719633
719661
719670
719690
719774
719863
719870
719933
720004
720055
720167
720290
720330
720440
720500
720660
721014
721088
721346
721541
721549
721564
721614
721646
721681
721737
721786
722075
722091
722107
722157
722344
722554
722586
722734
722802
723059
723145
723222
723310
723344
723749
723751
723862
723870
723996
724207
724266
724301
724519
724633
724670
724673
724745
724802
724810
724834
725019
725260
725287
725449
725610
725673
725773
725889
726019
726073
726118
726148
726159
726314
726406
726422
726760
726761
726894
726976
727929
727992
728157
728161
728339
728361
728384
728743
728796
728813
728885
728889
728933
728963
729049
729083
729132
729311
729342
729446
729463
729655
730071
730090
730138
730216
730414
730554
730562
730711
730739
730782
730855
730894
730898
730972
730983
731318
731338
731392
731526
731529
731602
731632
731834
731952
731992
732022
732032
732078
732091
732137
732342
732764
732772
732898
733141
733195
733362
733444
733501
733587
733649
733703
734055
734147
734227
734364
734381
734383
734412
734453
734491
734496
734566
734593
734668
734730
734971
734987
735073
735116
735207
735295
735470
735799
735928
735989
736002
736104
736122
736223
736224
736395
736701
736703
736708
736714
736743
737009
737025
737109
737124
737420
737556
737871
737914
738088
738112
738178
738391
738450
738804
738978
739138
739242
739351
739355
739637
739947
739960
740204
740289
740364
740374
740548
740571
740657
740740
740767
740997
741064
741145
741194
741435
741494
741544
741678
741682
741818
741848
741995
742272
742303
742404
742563
742604
742618
742710
742730
743027
743070
743104
743395
743426
743498
743672
744024
744049
744135
744304
744397
744540
744586
744764
744825
744993
745074
745076
745370
745417
745432
745964
746012
746266
746271
746489
746757
746803
746839
746853
746887
746896
747109
747250
747252
747727
747801
747880
747908
747951
748196
748222
748291
748386
748471
748626
748749
748754
748986
749086
749293
749388
749485
749620
749724
749837
749975
750153
750212
750266
750551
750605
750703
750752
750873
751010
751019
751070
751107
751174
751200
751570
751631
751748
751809
751992
752274
752404
752697
752770
753014
753061
753070
753206
753215
753333
753341
753468
753490
753492
753697
753701
753745
753795
753965
754020
754192
754230
754294
754326
754411
754430
754476
754520
754677
754703
754710
754887
754941
754970
755117
755208
755246
755414
755600
756078
756209
756218
756307
756597
756636
756696
756850
756888
756984
757205
757277
757399
757845
758073
758174
758280
758457
758532
758590
758799
758893
759164
759169
759199
759282
759385
759551
759628
759769
759782
759835
759869
760080
760140
760179
760235
760243
760260
760289
760392
760485
760707
760720
760770
760934
760966
761144
761157
761346
761399
761416
761448
761457
761649
761790
762102
762355
762527
762565
762646
762963
763161
763228
763331
763335
763358
763406
763450
763544
763696
764152
764323
764487
764508
764782
764857
764874
765278
765308
765498
765566
765571
765699
765728
765889
766151
766164
766215
766445
766582
766598
766707
766783
766828
766867
766967
767005
767329
767341
767375
767491
767739
767797
767922
767965
768008
768054
768186
768199
768212
768248
768315
768522
768527
768853
768895
768919
768927
768933
768951
768973
768984
769049
769071
769072
769236
769257
769277
769351
769417
769527
769711
769743
769781
769817
769843
769891
769950
769991
770035
770082
770139
770192
770250
770251
770501
770533
770543
770740
770910
770955
770982
771132
771370
771624
771748
771896
771952
772026
772055
772177
772280
772350
772435
772723
772754
772835
772901
773006
773016
773099
773305
773498
773577
773874
774071
774213
774455
774505
774575
774596
774698
774744
774845
774850
774934
775016
775084
775114
775154
775375
775387
775394
775402
775429
775473
775533
775621
775675
775691
775814
775838
775917
776093
776102
776256
776330
776340
776469
776532
776535
777015
777070
777077
777082
777179
777203
777228
777294
777446
777538
777936
777979
778075
778117
778186
778399
778403
778454
778668
778869
779072
779077
779142
779272
779399
779492
779500
779509
779521
779708
779772
780121
780271
780331
780522
780565
780572
780576
780700
780795
780873
780911
780934
780937
780940
781071
781225
781314
781436
781534
781605
781900
782391
782462
782566
782619
782630
782781
782906
783033
783047
783391
783397
783488
783563
783696
783984
783986
784008
784045
784094
784097
784182
784246
784253
784305
784314
784353
784428
784521
784525
784743
784831
784844
784966
784967
785103
785129
785254
785536
785572
785794
785819
785952
785994
786100
786268
786284
786509
786538
786589
786666
786724
786829
786848
786925
786930
786999
787031
787051
787053
787189
787282
787334
787460
787555
787652
787778
787825
787954
788161
788209
788260
788306
788366
788377
788536
788554
788667
788710
788785
788994
789047
789058
789117
789127
789138
789322
789354
789571
789608
789639
789821
790120
790179
790310
790406
790451
791001
791029
791068
791302
791510
791763
792002
792049
792087
792135
792185
792206
792276
792346
792506
792581
792629
792672
792688
793016
793034
793097
793274
793301
793779
793786
793813
793881
793949
793983
794239
794386
794708
794802
794945
794965
795042
795197
795255
795391
795533
795826
795955
795982
796103
796173
796212
796316
796330
796561
796567
796627
796674
796693
796701
796769
796772
796942
797003
797314
797331
797436
797592
797651
797667
797735
797751
798287
798406
798439
798450
798512
798521
798659
798693
798812
799000
799069
799084
799156
799234
799289
799315
799435
799584
799673
799769
799901
799906
800038
800052
800133
800197
800311
800464
800496
800504
800547
800557
800604
800671
800800
800805
800904
801022
801095
801097
801102
801166
801289
801291
801338
801354
801414
801519
801610
801743
801801
801871
801914
801973
802301
802385
802396
802608
802642
802672
802784
802796
802838
802996
803188
803464
803590
803627
803740
803803
803938
804015
804241
804405
804484
804636
804642
804767
804880
804941
804969
805051
805128
805214
805224
805265
805353
805366
805455
805584
805705
805895
806047
806127
806180
806229
806243
806272
806298
806407
806430
806569
806705
806940
806963
807004
807038
807084
807113
807172
807353
807584
807599
807651
807778
807884
807894
808003
808157
808213
808286
808299
808314
808448
808756
808773
808803
808844
808910
808947
809233
809236
809369
809475
809494
809681
809695
809771
809785
809798
810022
810068
810074
810186
810242
810249
810258
810283
810367
810410
810652
810666
810702
810937
811288
811926
811967
812170
812246
812488
812489
812511
812766
812882
813430
813443
813571
813693
813704
813771
813879
814082
814189
814374
814420
814445
814777
814852
815100
815187
815198
815299
815310
815484
815678
815941
815947
816113
816134
816242
816348
816417
816429
816727
816877
816915
816996
817181
817182
817252
817289
817470
817550
817579
817610
817614
817798
817859
817958
817978
818011
818134
818146
818261
818542
818912
818980
819058
819156
819178
819302
819389
819562
819584
819623
819747
819836
819843
820214
820284
820325
820388
820419
820531
820615
820650
820745
820801
820951
821158
821387
821509
821681
821790
822025
822047
822069
822297
822304
822308
822372
822483
822492
822564
822578
822693
822730
822770
822776
822797
822821
822901
822971
823095
823098
823172
823192
823382
823414
823501
823540
823703
823966
823971
824231
824362
824445
824482
824529
824621
824733
824735
824753
824980
825038
825101
825200
825236
825295
825310
825341
825431
825564
825577
825626
825679
825702
825727
825749
825871
826178
826391
826579
826886
827057
827228
827373
827984
828030
828085
828128
828131
828329
828359
828365
828523
828533
828566
828706
828751
828813
828950
829027
829122
829271
829484
829528
829539
829878
830008
830081
830230
830311
830399
830523
830533
830585
831033
831337
831448
831453
831515
831550
831599
831601
831666
831704
831797
831804
832197
832265
832289
832298
832435
832649
832852
833188
833234
833289
833526
833645
833699
833739
833842
833908
834027
834264
834491
834561
834637
834745
834755
834874
834877
834975
835094
835167
835269
835273
835428
835589
835691
835900
835907
836158
836159
836282
836372
836884
836899
837033
837054
837064
837240
837407
837510
837574
837594
837913
837956
838009
838490
838511
838678
838689
838735
838782
838870
838945
838979
839085
839157
839285
839496
839653
839673
839714
839887
839928
840057
840114
840124
840242
840434
840439
840519
840664
840675
841038
841052
841138
841281
841365
841370
841406
841459
841559
841566
841653
841663
841767
841776
841822
841908
841982
842045
842058
842191
842637
842745
842787
842866
842944
843025
843089
843254
843381
843453
843556
843563
843713
844213
844215
844229
844322
844348
844353
844595
844630
844714
844758
845079
845171
845558
845590
845602
845615
845617
845626
845640
845790
845968
846055
846216
846311
846482
846494
846648
846659
847030
847106
847157
847181
847571
847625
847739
847779
847811
847813
847924
847941
848004
848085
848118
848169
848481
848491
848570
848612
848644
848739
848752
848890
848911
849025
849179
849560
849701
849720
849971
850024
850130
850328
850343
850486
850518
850714
850785
851024
851056
851075
851092
851241
851390
851452
851472
851601
851872
851884
852034
852059
852226
852268
852269
852274
852299
852448
852689
852739
852804
852867
852978
853045
853090
853166
853210
853312
853346
853503
853644
853660
853667
853691
853777
853804
853852
853958
854006
854321
854421
854457
854505
854528
854681
854729
854943
854956
855028
855075
855105
855272
855560
855578
855601
855637
855668
855673
855864
855925
855971
855996
856174
856310
856345
856396
856407
856492
856607
856692
856978
857163
857328
857353
857418
857525
857610
857715
857966
858195
858206
858240
858327
858466
858576
858593
858601
859316
859317
859326
859369
859392
859557
859743
859747
859831
859862
859866
859912
859971
860032
860043
860178
860228
860235
860313
860489
860507
860510
860739
860770
860844
860908
861004
861133
861183
861184
861348
861386
861414
861457
861599
861841
861906
862136
862139
862179
862230
862276
862308
862487
862535
862536
862557
862573
863094
863105
863162
863167
863208
863638
863699
863716
864338
864466
864598
864777
864873
865046
865135
865207
865255
865320
865352
865395
865486
865528
865531
865865
865892
865956
866226
866299
866543
866625
866647
866709
866739
866890
866903
867257
867330
867415
867778
867894
867961
868016
868182
868397
868414
868420
868593
868890
868969
869026
869104
869144
869275
869307
869373
869431
869557
869575
869902
869904
869917
870072
870294
870312
870523
870626
870806
870829
870863
870919
870925
870972
871110
871273
871284
871738
871833
871980
872157
872314
872423
872453
872627
872675
872803
872813
872821
872831
873059
873067
873191
873279
873289
873316
873431
873444
873456
873528
873530
873601
873626
873687
873800
874070
874141
874288
874479
874601
874848
874878
875005
875036
875182
875236
875348
875543
875654
875797
876148
876172
876298
876317
876645
876762
876886
877076
877077
877278
877353
877515
877675
877894
877899
878044
878065
878206
878270
878433
878634
878655
878726
878756
879079
879095
879272
879375
879490
879686
879734
879787
879846
880068
880121
880125
880203
880280
880290
880302
880315
880739
880817
880911
880998
881026
881114
881241
881243
881267
881714
882117
882251
882325
882342
882376
882379
882429
883009
883054
883137
883171
883254
883265
883333
883423
883476
883708
883834
883860
884590
884617
884982
885060
885190
885191
885277
885351
885402
885426
885486
885666
885739
885800
885851
886145
886158
886475
886551
886688
886725
886761
886765
886802
886883
887133
887605
887767
887843
887953
887999
888332
888442
888459
888516
888520
888605
888618
888664
888684
888869
889057
889073
889118
889157
889162
889277
889303
889445
889505
889771
889873
889929
890104
890181
890404
890551
890655
890685
890795
890805
890986
891023
891074
891150
891179
891243
891250
891329
891524
891543
891559
891699
891721
891792
891844
891890
891919
892004
892134
892152
892219
892313
892315
892387
892460
892487
892489
892603
892648
892664
892733
892765
892890
893148
893155
893373
893579
893597
893735
893983
894105
894129
894131
894252
894300
894379
894702
894860
894968
895083
895148
895187
895329
895531
895562
895691
895764
895808
895908
895928
896001
896025
896162
896219
896292
896328
896346
896471
896689
896724
896769
896779
896897
897021
897048
897286
897336
897377
897719
897936
897941
897978
898232
898472
898525
898532
898709
898814
898830
898989
899041
899074
899117
899166
899303
899489
899523
899528
899554
899603
899622
899709
900002
900042
900083
900095
900204
900320
900326
900407
900578
900805
900961
900979
901034
901334
901350
901587
901756
901840
902245
902336
902352
902564
902624
902825
902830
903188
903225
903281
903361
903539
903630
903751
904000
904029
904052
904128
904169
904181
904259
904301
904409
904452
904558
904601
904828
904961
904984
905058
905071
905175
905510
905842
906106
906266
906314
906429
906459
906505
906541
906552
906820
907014
907019
907170
907241
907495
907521
907532
907757
907764
907812
908043
908128
908406
908671
908702
908733
908813
908827
908868
908963
909029
909095
909119
909323
909377
909424
909580
909652
909686
909752
909807
909808
910120
910193
910279
910862
910892
910894
910901
910926
911023
911366
911383
911473
911512
911798
911860
911878
911928
911941
911964
912359
912444
912664
912930
912970
913278
913287
913361
913409
913544
913624
913654
913671
913784
913920
913947
913948
913974
914030
914225
914456
914565
914602
914625
914641
914672
914733
914801
914845
914847
914891
915095
915225
915348
915577
915646
915653
916050
916077
916107
916172
916319
916414
916535
916551
916590
916709
916892
917280
917304
917322
917826
917911
918138
918168
918283
918490
918505
918578
918604
918721
918763
918786
918967
919394
919515
919807
919880
919991
920022
920191
920503
920586
920601
920815
920848
920864
921287
921337
921347
921497
921523
921558
921645
921699
921802
921838
921882
921911
922017
922018
922083
922104
922126
922509
922523
922768
922790
922843
922858
922914
923042
923284
923370
923428
923491
923624
923770
923782
923871
923931
924026
924033
924385
924414
924585
924778
924791
924908
925006
925061
925086
925154
925221
925280
925281
925568
925621
925893
925901
926003
926105
926232
926351
926516
926593
926681
926700
926740
926872
927065
927242
927263
927282
927306
927367
927411
927415
927520
927586
927592
927593
927596
927607
927649
927650
927664
927665
927758
927857
928157
928221
928610
928665
928885
928901
928929
928956
929103
929401
929606
929677
929727
930005
930146
930150
930290
930314
930562
930667
930860
931010
931085
931134
931182
931197
931270
931383
931420
931492
931515
931571
931597
931611
931694
931717
931950
932129
932142
932187
932344
932518
932562
932660
932688
932758
933162
933225
933272
933363
933481
933521
933626
933807
934276
934292
934687
934782
934790
934904
934954
935167
935251
935290
935350
935596
935606
935627
935637
935714
935800
935860
935866
935955
935991
936129
936169
936224
936336
936339
936449
936594
936596
936686
936720
936768
936778
936951
937004
937069
937104
937188
937219
937599
937690
937824
937889
937901
937909
938253
938265
938632
938904
939434
939486
939512
939571
939604
939769
939771
939793
939876
940090
940191
940226
940297
940327
940413
940415
940490
940571
940607
940823
940891
940972
941204
941317
941464
941550
941598
941627
941687
941864
941883
942014
942098
942110
942308
942383
942423
942658
942780
942804
942946
943016
943086
943119
943184
943337
943434
943543
943580
943648
943709
943751
943808
943837
943860
943861
943863
943965
944218
944289
944293
944345
944363
944635
944704
944922
944950
945028
945110
945113
945144
945153
945318
945443
945475
945531
945740
945839
945907
945926
946039
946089
946151
946261
946287
946292
946487
946546
946798
946887
946963
947021
947042
947046
947175
947234
947270
947357
947447
947487
947543
947590
947662
947815
947894
947945
947983
948080
948123
948183
948232
948393
948447
948468
948549
948595
948640
948729
948748
948758
948861
949244
949324
949402
949665
949816
949953
950066
950074
950157
950338
950671
950682
950693
950740
950923
951232
951245
951297
951339
951608
951757
951811
952116
952245
952266
952279
952283
952378
952502
952779
952858
953216
953352
953390
953492
953615
953658
953744
953777
953970
953982
954043
954063
954159
954389
954473
954492
954576
954621
954640
954726
954730
954769
954774
954800
954814
954950
954993
955030
955082
955153
955221
955249
955397
955547
955558
955695
955857
956234
956311
956532
956555
956611
956695
956729
956764
956817
956878
957041
957055
957064
957376
957427
957582
957659
958077
958079
958302
958362
958453
958468
958577
958665
958703
958706
958718
958831
958974
959008
959072
959250
959477
959566
959684
959693
959722
959729
959843
960074
960092
960120
960337
960509
960744
960867
960962
961011
961300
961312
961352
961407
961446
961508
961529
961540
961607
961894
961895
961927
962016
962161
962354
962581
962699
962721
962775
962825
963102
963157
963168
963276
963303
963309
963414
963481
963536
963616
963712
963817
963947
964219
964234
964286
964511
964589
964617
964630
964667
964695
964743
964769
964858
964908
964954
964990
964998
965032
965061
965145
965147
965170
965282
965311
965554
965992
966002
966179
966195
966232
966248
966255
966360
966659
966812
967068
967235
967256
967280
967307
967350
967376
967532
967596
967624
967831
967865
967910
968025
968145
968458
968473
968522
968579
968745
968788
968793
968828
968833
968888
968911
969015
969027
969298
969343
969464
969522
969554
969682
969739
969898
969910
970147
970175
970299
970354
970380
970408
970466
970564
970590
970713
970852
970884
970993
971293
971334
971548
971583
971672
971691
971724
971747
971994
972065
972421
972591
972722
972764
972846
972847
972976
973290
973310
973316
973361
973414
973532
973589
973625
973652
973881
973956
973961
973964
974063
974142
974160
974172
974216
974352
974505
974621
974676
974995
975258
975665
976034
976055
976236
976276
976384
976694
976784
977217
977289
977370
977858
977879
977979
978141
978165
978189
978510
978667
978682
978832
978849
978876
978953
979017
979072
979090
979287
979290
979555
979687
979924
980091
980215
980270
980284
980415
980570
980586
980596
980600
980688
980734
980751
980858
980893
981043
981085
981108
981291
981295
981374
981433
981492
981613
981614
981710
982047
982061
982169
982388
982425
983088
983167
983404
983419
983436
983458
983517
983568
983693
983778
983783
983839
983938
984009
984089
984242
984385
984590
984593
984614
984646
984667
985026
985098
985142
985181
985205
985299
985361
985467
985500
985546
985566
985590
985636
985667
985867
985996
986049
986318
986414
986440
986570
986632
986936
987038
987083
987123
987351
987442
987464
987514
987566
987681
987883
987894
987986
988087
988136
988151
988268
988437
988460
988671
988723
988744
988745
988789
988868
988913
988930
989165
989270
989271
989310
989382
989412
989661
989712
990111
990137
990191
990195
990415
990476
990606
990643
990705
990713
990880
990925
991020
991094
991291
991350
991364
991422
991511
991593
991677
991703
991846
991925
992140
992298
992467
992596
992651
993091
993117
993212
993225
993268
993325
993474
993688
993732
993759
993922
993947
994005
994031
994082
994334
994419
994529
994540
994564
994629
994636
994922
995077
995376
995584
995652
995713
995819
996156
996675
996798
996803
997007
997133
997157
997207
997352
997661
997688
998436
998496
998584
998857
998933
998941
999002
999079
999543
999645
999660
999902
999942
999945
