103
106
140
370
426
479
539
647
722
816
833
922
965
994
1032
1049
1138
1237
1327
1335
1385
1458
1635
1684
1954
2060
2190
2366
2566
2656
2697
2716
2776
3042
3044
3127
3421
3563
3710
3718
3728
3832
3903
3910
4003
4122
4245
4274
4323
4386
4397
4574
4589
4591
4661
4858
4865
5002
5055
5089
5236
5319
5488
5574
5575
5577
5596
5665
5666
5730
5865
5888
6046
6054
6099
6130
6147
6194
6289
6304
6369
6398
6679
6829
6842
7036
7103
7140
7259
7374
7386
7677
7930
8425
8603
8825
8865
8896
9011
9369
9386
9433
9489
9651
9664
9727
9898
9937
9976
10158
10220
10378
10392
10492
10513
10618
10683
10727
11072
11156
11275
11293
11435
11593
11609
11667
11687
11717
11951
12205
12226
12351
12387
12416
12552
12646
12679
12720
12775
12937
13013
13022
13330
13642
13720
13826
13960
14047
14071
14081
14256
14287
14392
14709
14730
14784
14893
15382
15549
15647
15751
16107
16300
16346
16612
16682
16757
16794
16909
17051
17114
17241
17373
17380
17388
17550
17632
17684
17743
17753
17785
17791
18044
18102
18151
18184
18277
18350
18457
18512
18824
18867
18890
18918
18981
19016
19101
19129
19142
19228
19298
19462
19600
19693
19924
20210
20216
20222
20225
20268
20371
20398
20495
20543
20670
20947
21136
21159
21293
21321
21413
21448
21788
22005
22008
22059
22113
22195
22275
22332
22370
22406
22596
22640
22660
22665
22695
22855
23135
23267
23327
23345
23435
23451
23546
23707
23907
23971
23973
24003
24148
24260
24285
24311
24316
24335
24469
24577
24596
24744
24822
24837
24922
25001
25119
25130
25176
25238
25269
25391
25440
25521
25593
25654
25833
25835
25931
26022
26135
26285
26456
26789
26899
27018
27064
27108
27115
27340
27383
27417
27469
27470
27651
27813
27907
27958
27993
28148
28289
28390
28642
28753
28838
28972
28989
29034
29059
29067
29112
29161
29194
29316
29378
29381
29414
29529
29559
29609
29786
29850
29861
29973
30152
30220
30323
30472
30499
30500
30621
30872
30998
31180
31374
31550
31619
31623
31636
31777
31895
31963
32008
32139
32266
32394
32601
32872
32893
32902
33012
33056
33162
33188
33300
33487
33616
33784
33883
33903
34097
34194
34329
34352
34379
34396
34576
34670
34681
34704
34827
34926
34937
34945
35062
35198
35203
35498
35745
35770
35822
35879
35944
35948
36030
36204
36314
36360
36382
36415
36665
36675
37049
37170
37537
37727
37792
38095
38185
38282
38490
38519
38538
38550
38793
39024
39047
39407
39695
39824
39961
40142
40186
40442
40636
40809
40846
40870
41138
41450
41514
41675
41730
41887
41985
42132
42150
42268
42340
42773
42807
42813
42879
43102
43103
43287
43418
43445
43609
43753
44034
44098
44169
44280
44289
44347
44452
44563
44631
44695
44846
44997
45279
45387
45484
45761
45860
46117
46132
46379
46396
46490
46525
46895
47050
47070
47217
47264
47368
47505
47560
47566
47678
47729
47868
47885
47896
48015
48164
48228
48244
48304
48334
48351
48524
48701
48772
48797
48816
48821
49028
49063
49102
49228
49436
49465
49558
49629
49687
49717
49725
50062
50069
50168
50241
50267
50363
50392
50518
50698
50725
50763
50879
50923
51024
51084
51142
51237
51398
51407
51420
51618
51646
51665
51709
52061
52221
52319
52333
52357
52709
52840
52942
53328
53348
53539
53633
53933
54031
54041
54155
54315
54470
54572
54607
54763
54958
55109
55180
55253
55375
55405
55531
55539
55554
55709
55827
55856
55993
56039
56055
56090
56290
56428
56630
56651
56690
56722
56762
57082
57161
57298
57338
57422
57463
57596
57762
57778
57788
57825
57828
57876
57889
57959
58030
58066
58087
58240
58288
58298
58486
58567
58580
58617
58629
58688
58743
58809
58849
59125
59190
59196
59248
59261
59279
59284
59378
59382
59492
59524
59617
59618
59718
59755
59848
59899
59955
60041
60170
60203
60234
60252
60437
60586
60830
60838
61041
61174
61437
61651
61892
61939
61943
61948
61966
61976
62017
62057
62089
62108
62219
62334
62346
62478
62548
62550
63350
63357
63465
63529
63933
63947
64071
64166
64223
64226
64308
64331
64355
64380
64481
64518
64557
64652
64720
64968
65108
65122
65132
65151
65187
65399
65471
65474
65668
65678
65770
66138
66151
66246
66655
66709
66939
66969
67064
67069
67253
67271
67352
67481
67554
67555
67636
67845
67887
67969
68003
68016
68111
68145
68252
68495
68663
68740
68955
68962
69016
69041
69104
69325
69429
69474
69557
69837
69865
70191
70225
70327
70329
70351
70415
70419
70669
70718
70753
70754
70763
70773
70835
71159
71262
71569
71633
71663
71664
71666
71705
71876
71895
71988
72000
72081
72140
72229
72364
72386
72442
72658
72728
72732
72765
72835
72857
72997
73544
73684
73688
73707
73857
73881
74004
74125
74421
74442
74511
74538
74669
74783
74826
74884
75041
75060
75115
75123
75131
75193
75302
75343
75427
75440
75665
75955
76135
76224
76236
76297
76517
76651
76670
76806
76924
76998
77181
77326
77384
77578
77608
77715
77736
77951
77997
78483
78592
78684
79163
79166
79183
79347
79497
79669
79786
79826
79933
80069
80131
80167
80206
80244
80279
80289
80380
80412
80428
80438
80486
80642
80677
80911
80992
81106
81268
81432
81443
81544
81602
81811
82000
82076
82201
82301
82646
82955
83168
83501
83512
83578
83766
83835
83956
84107
84155
84228
84263
84442
84746
84755
84807
84808
85033
85150
85177
85218
85337
85360
85489
85592
85685
85686
85691
85729
85771
85850
85952
86183
86215
86283
86287
86567
86588
86821
86974
86991
86998
87523
87561
87581
87676
87695
87833
88036
88412
88425
88514
88677
88680
88760
88879
89063
89269
89285
89876
89969
90195
90403
90423
90580
90624
90772
90782
90877
90904
90962
90973
91167
91252
91365
91597
91604
91612
91755
91959
91971
92001
92053
92088
92140
92224
92267
92333
92491
92648
92785
92861
92894
92938
92969
92992
93102
93232
93233
93541
93801
94113
94196
94281
94684
94737
94802
94862
94925
95482
95486
95520
95542
95577
95606
95783
95821
95873
96008
96042
96120
96149
96185
96256
96272
96337
96461
96530
96550
96551
96619
96843
96846
96948
97403
97452
97639
97773
97901
97934
98148
98213
98214
98322
98345
98477
98503
98508
98514
98824
98967
99022
99023
99039
99219
99376
99450
99499
99701
99787
99791
99844
99919
99952
100078
100155
100406
100624
100699
100732
100826
101009
101120
101155
101165
101438
101588
101629
101648
101711
101723
101840
101931
101936
101995
102112
102133
102158
102271
102283
102327
102332
102418
102490
102546
102902
102947
102969
103005
103279
103421
103483
103617
103743
103812
103819
103839
103846
104181
104385
104484
104586
104960
105102
105188
105570
105577
105671
105719
105893
106235
106262
106418
106464
106528
106708
106863
106966
107242
107285
107312
107371
107471
107533
107577
107730
107770
107930
108009
108018
108133
108322
108508
108587
108755
108832
109049
109060
109440
109491
109504
109583
109637
109658
109723
109903
110005
110024
110132
110305
110351
110374
110387
110636
110681
110810
110851
111153
111175
111199
111390
111439
111463
111554
111672
111860
111867
111872
112010
112015
112022
112179
112444
112544
112687
112809
113007
113047
113209
113245
113325
113561
113622
113629
113980
114222
114592
114628
114637
114758
114793
114795
114856
115026
115094
115274
115375
115505
115560
115668
115761
115806
115931
115973
116104
116298
116341
116347
116417
116522
116690
116817
116906
116970
117071
117151
117177
117219
117270
117369
117599
117636
117651
118041
118136
118268
118425
118435
118446
118465
118717
118845
118863
119008
119065
119112
119198
119237
119281
119352
119356
119400
119487
119583
119682
120338
120376
120606
120615
120636
120730
120775
121076
121314
121428
121447
121548
121553
121899
121911
121940
122106
122272
122371
122407
122480
122669
122827
122932
122990
123283
123325
123356
123393
123477
123547
123598
123633
123671
123797
123861
123929
124477
124564
124606
124614
124635
124699
124826
124950
125255
125385
125444
125691
125868
126084
126117
126249
126439
126675
126692
126719
126727
126976
127034
127153
127170
127280
127366
127629
127757
127760
127877
127957
128031
128190
128441
128515
128834
128941
128994
129090
129343
129352
129471
129679
129726
129753
129884
130045
130148
130184
130204
130215
130337
130589
130762
130833
131031
131149
131170
131209
131355
131405
131541
131640
131768
132115
132219
132314
132376
132467
132685
132851
132886
132904
132959
133102
133213
133240
133411
133494
133515
133651
133746
133886
134009
134038
134139
134203
134380
134386
134431
134458
134713
134871
134926
134992
135079
135147
135271
135280
135331
135483
135531
135591
135595
135695
135706
135764
135791
135881
135922
135945
136139
136315
136325
136744
136788
136980
137168
137186
137331
137334
137409
137497
137521
137612
137653
137696
137821
137910
137921
137939
137942
138019
138112
138172
138192
138194
138342
138358
138375
138417
138432
138510
138651
138657
138707
138774
138801
139114
139133
139428
139433
139476
139671
139719
139729
139737
139966
140091
140524
140557
140602
140629
140683
140698
140781
140888
140900
141056
141092
141120
141182
141263
141350
141353
141366
141549
141654
141830
141836
142178
142187
142193
142259
142422
142464
142494
142546
142623
142689
142896
143021
143063
143158
143192
143210
143371
143381
143606
143655
143770
143823
143853
143954
144146
144290
144313
144428
144434
144441
144681
144761
145312
145409
145503
145580
145587
145623
145696
145831
145960
146044
146076
146090
146134
146199
146287
146297
146512
146538
146653
146760
146765
146861
146982
146999
147151
147201
147204
147282
147306
147444
147682
147856
147905
147928
148053
148145
148279
148505
148532
148651
148665
148920
149034
149116
149183
149295
149418
149431
149460
149469
149582
149602
149610
149690
149779
149886
149962
150113
150219
150221
150261
150320
150488
150493
150538
150828
150887
150909
151024
151038
151044
151316
151442
151545
151547
151632
151749
151823
151954
152026
152047
152091
152104
152125
152260
152311
152337
152381
152432
152470
152479
152500
152575
152743
152880
153149
153385
153581
153636
153782
153863
153922
153929
154018
154065
154090
154203
154420
154595
154620
154690
154711
154770
154808
154809
154827
154952
154956
155001
155037
155120
155128
155137
155611
155816
155895
155976
155982
156298
156322
156407
156441
156512
156957
157127
157182
157193
157334
157373
157461
157491
157548
157574
157612
157823
158006
158035
158061
158186
158252
158333
158394
158426
158559
158587
158625
158653
158671
158722
159023
159097
159108
159149
159207
159272
159335
159344
159353
159431
159434
159537
159614
159711
159730
159746
159760
160031
160134
160158
160263
160346
160418
160714
160785
160827
161019
161053
161313
161481
161606
161662
161672
161756
161892
162033
162099
162148
162163
162200
162233
162235
162255
162489
162498
162550
162605
162715
162792
162880
163130
163179
163341
163440
163462
163524
163566
163700
163789
163836
163865
163905
164107
164421
164508
164642
164661
164742
164845
164935
165097
165262
165269
165517
165652
165704
165838
165844
165848
165895
165928
166078
166118
166333
166337
166372
166375
166437
166665
166869
166942
166943
167078
167151
167223
167264
167419
167476
167504
167524
167711
167863
167870
167876
168333
168363
168412
168443
168482
168634
168737
168770
168802
169130
169139
169222
169236
169295
169304
169342
169378
169455
169456
170031
170087
170104
170119
170228
170399
170430
170706
170756
170759
170785
170832
170875
171042
171080
171316
171372
171487
171640
171658
171729
171807
171967
171977
171995
172058
172163
172273
172434
172486
172666
172674
172724
172735
172743
173216
173359
173418
173504
173855
174045
174073
174124
174171
174213
174240
174286
174411
174416
174509
174572
174688
174989
175075
175081
175219
175324
175481
175524
175702
175968
176176
176204
176328
176352
176529
176620
176940
176957
176958
177018
177137
177209
177233
177393
177506
177584
177679
177900
177904
177940
177997
178042
178153
178251
178440
178790
178885
178979
179012
179014
179108
179166
179325
179756
179826
180028
180176
180292
180354
180461
180573
180591
180675
180787
181025
181213
181376
181666
181831
182016
182160
182247
182302
182345
182346
182451
182508
182521
182573
182581
182633
182651
182800
182812
182962
182987
183097
183114
183151
183472
183770
184062
184247
184289
184548
184554
184606
184615
184679
184764
184780
185043
185077
185205
185206
185281
185286
185310
185606
185640
185762
185788
185913
186045
186113
186121
186216
186263
186270
186344
186430
186471
186625
186640
186651
186729
186757
186943
187013
187305
187336
187633
187769
187950
188047
188061
188163
188466
188540
188582
188597
188626
188734
188804
188811
189275
189407
189433
189466
189491
189518
189573
189633
189747
189934
189940
189971
190038
190050
190061
190248
190326
190374
190575
190639
190983
191062
191127
191419
191452
191468
191541
191605
191726
191823
192170
192360
192378
192430
192545
192588
192979
193065
193092
193169
193190
193277
193290
193313
193452
193494
193510
193512
193568
193595
193598
193679
193731
193814
193830
193874
193875
193934
194101
194394
194431
194437
194503
194703
194705
194734
194738
194768
194816
194974
195038
195215
195223
195340
195636
195733
195798
195984
196008
196286
196448
196490
196559
196588
196610
196664
196729
196855
196907
196908
196972
197020
197078
197141
197165
197361
197518
197801
197813
197822
198070
198089
198217
198241
198328
198373
198471
198496
198568
198571
198637
198788
198820
198944
199038
199042
199422
199424
199548
199630
199829
199838
199924
199943
200434
200651
200695
200815
200827
200833
200916
200956
201119
201171
201209
201233
201263
201419
201457
201632
201680
201688
201689
201736
201756
201819
201921
201963
202043
202135
202237
202244
202334
202377
202591
202679
202772
202802
202839
203128
203188
203228
203348
203397
203537
203586
203631
203637
203678
203771
203845
203980
204030
204109
204182
204187
204259
204287
204455
204533
204628
204708
204732
204987
205043
205209
205259
205398
205438
205510
205564
205586
205590
205606
205716
205741
205765
205815
205916
205960
206131
206185
206224
206292
206305
206392
206675
206678
206981
207201
207787
207867
207877
207917
207959
208102
208205
208242
208275
208286
208318
208378
208458
209013
209039
209108
209345
209372
209399
209549
209558
209579
209595
209727
209765
209768
209828
209832
209944
209953
209993
210059
210355
210706
210804
210811
211008
211153
211202
211210
211217
211282
211399
211462
211473
211559
211581
211667
211875
211993
212000
212006
212289
212307
212677
212687
212775
212883
212936
212939
213027
213120
213270
213396
213408
213413
213475
213544
213626
213652
213773
213787
213976
214082
214207
214326
214539
214755
214769
214901
215014
215048
215089
215131
215202
215232
215275
215466
215545
215683
215749
215755
215832
216017
216045
216070
216085
216178
216362
216509
216590
216676
216750
216853
216978
217299
217349
217372
217384
217687
217872
217890
217941
217999
218010
218013
218074
218092
218256
218374
218376
218432
218522
218640
218798
219144
219422
219763
219848
220004
220012
220126
220206
220234
220317
220452
220591
220672
220706
220740
220750
220869
220887
221004
221023
221054
221118
221273
221291
221332
221333
221401
221465
221471
221985
222294
222343
222354
222372
222455
222625
222658
222748
222803
222838
222860
222861
222919
223049
223064
223108
223203
223250
223267
223268
223380
223423
223456
223485
223570
223609
223700
223748
223776
223895
223958
224124
224147
224403
224527
224822
224846
224878
225121
225133
225214
225383
225391
225406
225609
225655
225678
225704
225770
226038
226271
226344
226358
226364
226491
226696
226711
226717
226851
226950
226965
227336
227365
227522
227574
227845
227888
227892
228141
228202
228269
228308
228492
228518
228637
228698
228902
228988
229234
229239
229264
229274
229391
229441
229599
229951
229955
229998
230066
230190
230198
230261
230366
230523
230634
230745
230792
230846
230848
230929
231081
231410
231517
231552
231714
231793
232086
232357
232390
232394
232507
232768
232876
233000
233006
233021
233079
233171
233192
233421
233572
233589
233753
233773
233829
234020
234061
234066
234071
234115
234130
234136
234379
234396
234520
234602
234612
234698
234979
235114
235224
235279
235332
235334
235452
235612
235623
235853
235943
236160
236235
236309
236379
236403
236594
236631
236751
236785
236849
236898
236958
237026
237072
237281
237304
237435
237436
237454
237486
237736
237773
237871
238252
238328
238372
238397
238398
238481
238550
238584
238588
238589
238908
238957
238981
239056
239162
239244
239310
239433
239547
239647
239740
240166
240181
240213
240243
240262
240321
240899
241131
241180
241235
241310
241529
241630
241666
241758
241853
241859
241955
241999
242022
242191
242243
242375
242457
242625
242714
242807
243120
243155
243396
243446
243475
243507
243599
243628
243655
243665
243678
243701
243781
243800
243814
243901
244034
244088
244156
244205
244241
244313
244377
244452
244460
244497
244637
244676
245084
245159
245356
245372
245422
245466
245553
245693
245847
245926
245944
245966
245998
246158
246247
246270
246353
246365
246370
246520
246540
246647
246663
246915
246949
246980
247086
247117
247205
247317
247392
247419
247745
247870
247921
247982
248001
248002
248022
248027
248041
248054
248255
248337
248400
248497
248564
248592
248822
249002
249054
249099
249119
249212
249601
249667
249677
249853
249880
249998
250013
250058
250270
250460
250559
250790
250986
250996
251077
251155
251243
251361
251451
251465
251516
251554
251688
251742
251864
251880
251894
252062
252083
252151
252228
252299
252604
252628
252653
252695
252927
252964
253104
253120
253180
253200
253328
253450
253526
253587
253631
253650
253744
253752
253929
254098
254131
254286
254328
254387
254496
254595
254687
254735
254833
255023
255184
255335
255340
255512
255764
255797
255890
256150
256215
256223
256350
256513
256692
256694
256780
257057
257116
257183
257309
257383
257437
257446
257514
257546
257711
257748
257793
257865
257867
258340
258479
258493
258611
258664
258665
258701
258734
258741
258780
258879
258918
258969
258980
259026
259113
259149
259253
259638
259678
259767
259841
260047
260186
260260
260289
260366
260451
260464
260522
260578
260735
260774
260929
261122
261164
261176
261178
261241
261471
261505
261573
261761
261855
261882
262023
262065
262147
262475
262574
262784
263022
263221
263472
263487
263495
263608
263899
264022
264048
264116
264338
264345
264507
264930
265012
265298
265330
265923
266037
266215
266294
266330
266474
266528
266566
266675
266676
266697
266714
266797
266965
267036
267126
267127
267237
267269
267452
267602
267656
267706
267839
267919
268087
268117
268215
268274
268524
268548
268754
268907
269144
269339
269383
269430
269479
269546
270141
270149
270232
270662
270826
271141
271155
271370
271581
271683
271965
272231
272243
272334
272387
272435
272452
272540
272612
272631
272834
272961
272981
273231
273370
273372
273495
273556
273693
273805
274022
274138
274172
274515
274580
274585
274595
274835
274945
275133
275237
275436
275499
275557
275821
275998
276044
276298
276342
276434
276552
276714
276831
276833
276998
277060
277179
277463
277583
277619
277723
277795
277888
278005
278019
278227
278284
278413
278451
278598
278609
278783
278963
278978
279019
279055
279077
279218
279238
279387
279483
279544
279551
279784
279840
279877
280239
280411
280508
280641
280876
280925
281133
281155
281182
281296
281473
281505
281509
281651
281714
281799
281831
281863
281916
282098
282174
282344
282351
282393
282437
282476
282535
282616
282617
282818
282906
282915
283007
283050
283169
283211
283275
283369
283438
283625
283629
283678
283690
283768
283782
283841
283943
283985
284285
284368
284522
284538
284539
284723
284989
285190
285222
285290
285328
285580
285786
285801
286137
286170
286298
286303
286318
286351
286369
286428
286453
286491
286526
286639
286887
286906
287059
287113
287268
287310
287330
287493
287667
288031
288457
288676
288743
288831
288986
288988
289200
289215
289345
289485
289531
289599
289618
289644
289694
289902
290102
290139
290188
290256
290265
290360
290370
290423
290500
290701
290849
290853
290885
290981
291034
291111
291179
291203
291289
291455
291468
291531
291635
291771
291893
291995
292044
292174
292433
292597
292710
292794
292882
293043
293050
293189
293222
293226
293440
293483
293499
293738
293776
293840
293900
294159
294275
294793
294813
294935
295109
295343
295349
295502
295546
295918
295942
296073
296136
296155
296313
296440
296582
296721
296804
296891
297225
297226
297227
297247
297278
297424
297605
297639
297650
297740
297875
297919
297952
297974
298136
298298
298390
298906
298929
298967
299157
299192
299274
299507
299602
299653
299671
299726
299796
299869
299937
299952
300421
300459
300537
300660
300759
300772
300782
300888
301061
301275
301311
301389
301432
301462
301674
301888
301945
301973
302030
302064
302126
302180
302185
302200
302222
302270
302320
302348
302411
302436
302445
302588
302933
303020
303037
303296
303342
303384
303415
303476
303619
303688
304124
304358
304382
304384
304386
304604
304695
304711
304788
304829
304835
304934
304945
305019
305080
305096
305172
305420
305515
305525
305640
305658
305666
305731
305766
305834
306009
306151
306173
306183
306578
306608
306611
306692
306829
307116
307246
307353
307505
307593
307646
307823
308109
308161
308165
308230
308653
309307
309580
309646
309666
309681
309727
309729
309792
309936
310145
310149
310417
310466
310515
310534
310535
310584
310592
310634
310648
310658
310694
310805
310905
311140
311208
311209
311330
311340
311402
311475
311581
311586
311801
311878
311882
312020
312302
312376
312619
313112
313208
313348
313356
313408
313622
313789
313869
313995
314033
314202
314360
314459
314671
314977
314998
315008
315292
315301
315478
315694
315963
316048
316202
316223
316235
316365
316543
316690
316775
316910
316924
316954
317205
317345
317554
317621
317665
317786
317841
317877
317952
318271
318373
318438
318778
318816
319061
319176
319203
319214
319215
319216
319525
319580
319701
319852
319914
319980
320113
320283
320284
320405
320484
320494
320501
320694
321073
321182
321200
321373
321562
321654
321870
321876
322050
322118
322229
322287
322441
322470
322471
322560
322638
322683
322744
322748
322926
323028
323090
323151
323176
323188
323266
323422
323426
323446
323624
323696
323876
324025
324051
324216
324283
324493
324503
324517
324683
324685
324738
324769
325082
325142
325143
325371
325593
325716
325896
325972
325996
326167
326320
326347
326369
326388
326389
326592
326641
326828
326844
326887
327050
327161
327167
327286
327291
327322
327612
327658
327705
328004
328008
328057
328070
328101
328221
328274
328459
328540
328572
328648
328910
328995
329105
329113
329279
329286
329376
329403
329468
329497
329593
329595
329768
329786
329885
329955
330014
330348
330369
330465
330543
330596
330601
330663
330881
330920
330921
330926
330967
331021
331065
331131
331325
331346
331559
331655
331848
331943
331948
332099
332177
332194
332705
332768
332926
333069
333409
333430
333581
333837
333882
333950
334060
334138
334384
334473
334543
334655
334665
334694
334771
334957
334963
335080
335196
335550
335642
335723
335913
335915
335953
336186
336243
336281
336335
336579
336726
336769
336792
336823
336895
336919
337105
337169
337180
337302
337388
337508
337898
338094
338290
338618
338756
338835
338836
338884
338908
338909
338970
339012
339188
339340
339543
339649
339651
339681
339908
340070
340094
340148
340310
340315
340342
340413
340510
340648
340818
341061
341440
341452
341465
341505
341516
341640
341664
341829
341897
341979
342013
342112
342221
342343
342348
342356
342593
342676
342753
343123
343326
343385
343661
343993
344019
344099
344129
344193
344242
344248
344268
344472
344606
344761
345067
345116
345154
345182
345214
345294
345542
345606
345632
345746
345839
345882
345904
345910
345911
346142
346174
346209
346312
346417
346598
346759
346865
347027
347043
347095
347241
347356
347383
347502
347513
347612
348111
348296
348305
348527
348726
348818
348911
348999
349053
349154
349200
349305
349377
349468
349685
349811
349990
350029
350034
350228
350449
350465
350583
350592
350674
350834
350959
351102
351258
351284
351293
351342
351356
351472
351525
351556
351563
351672
351684
351690
351822
352101
352133
352355
352596
352637
352639
352710
352874
352957
352969
353067
353160
353189
353225
353237
353660
353717
353806
354051
354129
354157
354235
354270
354505
354524
354547
354607
354676
354678
354791
355193
355196
355212
355318
355373
355439
355465
355511
355514
355542
355667
355683
355733
355839
355881
356071
356370
356430
356516
356549
356595
356623
356917
357093
357241
357326
357367
357498
357692
357693
357739
357822
357955
357985
358050
358218
358482
358600
358780
358833
358941
359001
359076
359263
359282
359360
359548
359713
359792
359901
359928
359955
360079
360291
360344
360690
360766
360843
360938
361046
361135
361192
361260
361335
361605
361739
361768
361855
362005
362135
362243
362420
362490
362654
362708
362714
362716
362786
362897
363012
363144
363219
363597
363620
363650
363676
363710
363774
363880
363921
363989
364003
364066
364107
364155
364454
364461
364680
364759
364925
365168
365247
365251
365358
365394
365420
365517
365542
365544
365645
365654
365665
365878
365922
365960
365987
366123
366308
366804
366867
366957
367012
367157
367217
367527
367805
367980
367997
368145
368338
368444
368525
368652
368654
368702
368915
368996
369046
369209
369408
369447
369513
369594
369746
369777
369838
369847
369913
369949
370071
370094
370105
370314
370319
370379
370412
370454
370499
370573
370735
370803
370811
370837
371039
371055
371338
371434
371463
371531
371727
371882
371961
372097
372122
372214
372496
372501
372628
372714
372739
372884
373087
373146
373260
373264
373324
373384
373441
373571
373613
373708
373854
373887
373925
374035
374273
374366
374401
374506
374604
375075
375093
375223
375567
375705
376009
376132
376259
376422
376462
376583
376636
376651
376740
376779
376816
376897
376917
376946
376978
376985
377012
377249
377280
377334
377361
377391
377483
377517
377532
377573
377798
377869
377974
378064
378271
378370
378465
378678
378722
379041
379142
379160
379231
379265
379422
379598
379863
380001
380034
380118
380458
380898
381368
381373
381461
381572
381680
381730
381900
382008
382025
382034
382057
382067
382214
382260
382409
382444
382468
382485
382495
382534
382557
382595
382660
382754
382798
383015
383094
383370
383460
383541
383558
383629
383665
383731
383860
383865
383987
384297
384566
384589
384663
385105
385183
385238
385291
385368
385613
385636
385736
385814
385842
386125
386244
386756
386761
386828
386937
386980
387246
387670
387858
388019
388028
388039
388044
388078
388125
388198
388308
388357
388440
388482
388497
388819
388942
389281
389366
389464
389476
389564
389678
389795
390237
390373
390421
390488
390503
390527
390555
390632
390671
390902
390977
391352
391420
391436
391548
391557
391569
391595
392068
392226
392306
392313
392455
392458
392562
392655
392682
392688
392829
392984
393044
393397
393407
393411
393608
393671
393689
393699
393897
393925
394030
394039
394097
394145
394213
394331
394801
394975
395014
395145
395201
395222
395253
395258
395276
395304
395423
395545
395556
395570
395678
395714
395855
396103
396219
396260
396323
396696
396899
396988
397000
397021
397061
397282
397303
397328
397371
397390
397410
397583
398011
398033
398040
398240
398457
398608
398707
398779
398863
398880
398883
399025
399032
399076
399409
399420
399653
399704
399819
399853
400010
400104
400197
400274
400582
400594
400669
400711
400884
401010
401159
401395
401520
401582
401692
401800
401813
401827
401865
401896
401972
402021
402141
402194
402202
402256
402349
402529
402581
402645
402821
403043
403065
403119
403146
403244
403277
403293
403322
403339
403428
403610
403684
403992
404253
404285
404298
404307
404342
404668
404722
404763
405007
405061
405098
405123
405152
405275
405295
405303
405331
405356
405462
405464
405551
405631
405856
405878
406494
406593
406760
406793
406825
406900
406985
407223
407386
407395
407709
407816
407829
407937
407962
408048
408086
408093
408194
408360
408396
408430
408449
408592
408643
408667
408715
408963
409125
409436
409483
409625
409723
409792
409847
410042
410080
410122
410131
410150
410165
410250
410361
410429
410520
410532
410730
410731
410797
410866
410892
410929
410974
411093
411139
411376
411606
411647
411749
411783
411888
412018
412039
412191
412373
412374
412926
412972
412983
413036
413088
413109
413143
413359
413375
413393
413484
413587
413729
413875
413912
413972
414092
414191
414228
414245
414312
414318
414322
414338
414354
414378
414460
414619
414632
414966
414976
414985
415089
415228
415243
415362
415408
415457
415637
415670
415757
415759
415925
415952
415995
416038
416055
416191
416335
416429
416664
416750
416792
416857
416990
417280
417513
417569
417602
417631
417737
417751
417943
418034
418084
418136
418230
418325
418367
418418
418482
418732
418832
419037
419137
419212
419692
419711
419766
419814
419879
420035
420117
420138
420211
420260
420335
420388
420514
420573
420696
420852
421262
421292
421435
421471
421541
421658
421674
421775
422111
422266
422391
422470
422693
422822
422830
422985
423164
423223
423429
423600
423658
423758
423830
423844
423876
424147
424167
424229
424275
424311
424443
424487
424493
424602
424727
424729
424789
424858
424927
425290
425346
425453
425496
425730
425918
425922
425951
426063
426413
426495
426566
426594
426753
426759
426809
426841
426891
426956
427036
427075
427196
427582
427616
427709
427758
427851
427879
428002
428051
428061
428064
428075
428144
428410
428528
428649
428679
428730
428752
428858
428911
428984
429062
429131
429164
429245
429264
429304
429309
429379
429399
429413
429475
429525
429790
429796
430142
430198
430398
430578
430719
430744
430837
430844
430904
430931
431101
431133
431688
431739
431891
431924
432090
432114
432156
432203
432364
432438
432477
432638
432810
433099
433146
433202
433221
433294
433304
433376
433458
433522
433560
433727
433799
433880
433999
434124
434258
434290
434293
434326
434374
434613
434682
434899
434949
435026
435028
435061
435199
435266
435419
435715
435829
435868
435885
435926
435946
435987
436219
436333
436421
436518
436608
436689
436727
436813
436875
437167
437306
437390
437465
437474
437771
437817
438116
438128
438206
438253
438320
438357
438445
438463
438690
438763
438847
438976
439155
439616
439698
439813
439899
439927
440067
440097
440124
440131
440162
440205
440241
440306
440316
440324
440414
440564
440583
440758
440795
440836
441014
441207
441225
441244
441351
441366
441416
441740
441746
441801
441824
441983
442095
442389
442459
442543
442653
442753
442910
442939
442996
443347
443400
443435
443602
443658
443699
443749
443862
444071
444155
444218
444322
444529
444570
444737
444743
444788
445005
445115
445204
445237
445274
445387
445476
445571
445757
445779
445789
445860
446036
446158
446159
446224
446593
446619
446655
446701
446731
446842
446875
446901
446915
447014
447048
447053
447096
447195
447531
447554
447631
447640
447645
447851
447860
448160
448255
448364
448404
448458
448567
448595
448803
449103
449177
449180
449233
449268
449383
449697
449730
449806
449822
449828
449886
449948
449949
450047
450117
450210
450298
450491
450643
450763
450781
450934
450979
451132
451239
451269
451305
451310
451338
451763
451806
451856
452012
452223
452370
452499
452519
452527
452610
452700
452728
452742
452867
452906
453020
453064
453261
453378
453457
453509
453511
453514
453539
453590
453634
453780
454175
454178
454226
454682
454758
454808
454811
454815
454908
455003
455013
455170
455182
455275
455494
455579
455589
455639
455686
455731
455746
455750
455888
455984
456005
456063
456164
456266
456326
456339
456349
456358
456434
456479
456733
457240
457279
457281
457347
457539
457868
458137
458210
458421
458845
458869
458900
459199
459208
459365
459482
459518
459552
459569
459745
459754
459812
459864
460234
460359
460544
460603
460758
460828
460921
461110
461354
461428
461521
461651
461922
461957
461979
462197
462202
462433
462486
462499
462775
462892
463008
463130
463169
463232
463647
463736
463782
463890
463994
464078
464262
464379
464397
464423
464530
464692
464875
464952
465305
465458
465673
465747
465833
465958
465960
466017
466070
466125
466163
466185
466205
466302
466326
466330
466485
466568
466659
466723
466744
466746
466748
466794
466824
466839
466933
467067
467099
467217
467234
467303
467529
467567
467663
468195
468240
468266
468268
468355
468641
468752
468806
469070
469278
469325
469446
469459
469757
470108
470239
470292
470537
470557
470582
470904
471064
471146
471186
471332
471559
471794
471960
472179
472560
472573
472744
473150
473161
473196
473258
473301
473325
473448
473501
473553
473777
473825
473843
473872
473942
474041
474051
474095
474099
474278
474358
474483
474564
474677
474716
474797
474904
474985
475033
475086
475201
475245
475838
475885
475908
475937
475959
476054
476134
476166
476246
476500
476768
476785
476805
476840
476889
476978
477068
477079
477105
477180
477505
477528
477662
477852
477955
477979
477988
478007
478060
478196
478278
478529
478540
478552
478797
478886
479066
479165
479171
479426
479428
479477
479592
479675
479770
479936
479943
479981
480000
480219
480233
480282
480293
480347
481033
481146
481170
481353
481389
481474
481486
481495
481561
481680
481797
481976
481986
481996
482016
482055
482211
482223
482310
482345
482428
482478
482619
482812
482983
483144
483178
483254
483264
483297
483314
483340
483460
483473
483653
483810
483827
483962
483997
484159
484191
484668
484843
485049
485151
485243
485426
485739
485827
485851
485935
485958
486129
486154
486228
486262
486440
486451
486455
486507
486534
486602
486708
486758
487310
487765
487852
487944
487945
488214
488516
488547
489079
489153
489154
489201
489287
489297
489367
489378
489573
489769
489791
489847
489906
489943
489952
490205
490216
490381
490388
490730
490781
491004
491025
491038
491058
491122
491238
491240
491298
491417
491649
491796
491928
492148
492180
492250
492310
492325
492393
492471
492567
492604
492607
492676
492699
492977
493285
493361
493709
493743
493770
493775
494106
494214
494219
494249
494317
494339
494373
494418
494512
494641
494757
494873
494925
494947
495055
495132
495136
495151
495190
495277
495429
495497
495514
495592
495651
495688
495694
495778
495787
495806
495891
496477
496480
496540
496661
496936
496992
497043
497194
497461
497474
497478
497604
497628
497632
497752
497816
497867
497868
497872
497893
497909
497969
498020
498079
498132
498202
498403
498577
498866
499147
499184
499201
499271
499280
499302
499580
499663
499693
499835
499926
499958
499979
500011
500074
500116
500355
500431
500554
500579
500699
500879
501134
501210
501217
501251
501518
501583
501778
501925
502058
502141
502482
502538
502541
502603
502613
502619
502634
502852
502861
502892
503102
503243
503314
503476
503519
503676
503723
503738
503750
503870
504073
504204
504218
504228
504833
505126
505333
506091
506481
506720
506811
507125
507249
507355
507608
507610
507614
507627
507681
507833
507924
507957
508058
508215
508356
508419
508442
508616
508622
508690
508695
508862
508971
509049
509061
509162
509316
509405
509521
509561
509607
509959
510095
510110
510238
510540
510735
510768
510781
510842
510847
511034
511078
511120
511332
511336
511544
511683
511740
511865
512027
512172
512294
512329
512583
512614
512691
512695
512923
512961
512994
513018
513053
513130
513400
513412
513444
513783
513786
513948
514012
514179
514271
514316
514356
514462
514558
514735
514957
515169
515207
515214
515223
515333
515423
515714
515833
516022
516046
516123
516201
516330
516430
516447
516475
516498
516503
516524
516698
516763
517087
517103
517131
517159
517181
517194
517260
517289
517343
517372
517606
517690
517748
518068
518379
518424
518653
518688
519077
519174
519309
519384
519515
519798
519904
520019
520165
520177
520274
520282
520324
520472
520513
520514
520649
520742
520789
520850
521088
521179
521323
521355
521364
521468
521754
521757
521822
522088
522265
522270
522283
522324
522332
522959
523201
523231
523528
523739
523748
523766
523784
523799
523835
523973
524073
524421
524543
524627
524716
524749
524955
525078
525140
525142
525213
525267
525273
525330
525351
525416
525570
525604
525673
525693
525910
526055
526232
526307
526336
526738
526823
526848
526887
527019
527054
527481
527574
527964
528115
528118
528156
528161
528169
528187
528199
528324
528367
528428
528454
528531
528753
528759
528806
528946
528965
529004
529093
529188
529200
529269
529293
529372
529491
529551
529574
529773
529929
530159
530396
530537
530579
530672
530740
530862
531033
531330
531582
531617
531622
531635
531719
532261
532407
532627
532636
532655
532736
532888
533357
533510
533532
533596
533622
533632
533766
533792
533916
533936
534162
534245
534319
534335
534383
534424
534752
534791
534883
534942
534990
535009
535039
535044
535080
535101
535440
535484
535739
535772
535792
535841
535925
536275
536287
536366
536494
536509
536630
536656
536659
536789
536827
536904
536924
536977
537032
537148
537158
537209
537256
537486
537746
537769
537981
538018
538034
538108
538187
538467
538506
538648
538702
538916
539201
539348
539378
539449
539502
539727
539775
539873
540064
540072
540199
540251
540363
540397
540620
540631
540700
540711
540753
540766
540783
540819
540827
541012
541262
541271
541497
541579
541657
542163
542202
542453
542506
542575
542589
542590
542618
542682
542954
543007
543222
543252
543260
543296
543391
543727
543884
543960
544180
544190
544210
544291
544403
544477
544506
544526
544651
544741
544787
544817
544899
544969
544978
545037
545135
545484
545487
545550
545612
545692
545766
545920
545977
546112
546255
546372
546641
546830
546895
546920
547035
547094
547402
547784
547946
548075
548252
548347
548564
548604
548687
548780
548848
548920
548956
549389
549433
549562
549595
550003
550099
550115
550242
550328
550445
550490
550741
550853
550969
551236
551613
552273
552280
552309
552374
552404
552415
552420
552466
552584
552776
552778
552985
553189
553215
553410
553418
553478
553737
553955
554007
554104
554377
554403
555359
555998
556035
556060
556065
556212
556329
556535
556553
556575
556645
557201
557284
557348
557376
557423
557564
557651
557672
557695
557724
557841
558217
558297
558351
558766
558863
558908
558994
559082
559125
559302
559336
559396
559560
559581
559741
559760
559828
559909
559971
559974
560058
560253
560300
560323
560427
560587
560595
560604
560612
560640
560646
560708
560828
560829
561047
561092
561192
561242
561441
561481
561576
561818
561977
561986
562030
562105
562298
562368
562370
562476
562832
562931
562937
562998
563102
563273
563414
563493
563702
563723
563773
563821
563857
563892
563943
564222
564227
564291
564372
564373
564544
564554
564919
564926
565046
565133
565206
565254
565452
565524
565525
565845
566078
566103
566179
566181
566402
566480
566578
566733
566786
566794
567137
567261
567341
567374
567401
567422
567482
567484
567694
567907
567978
568003
568146
568290
568586
568642
568728
568811
568817
569097
569158
569216
569376
569431
569593
569598
569606
569641
569659
569664
569708
569755
569879
569941
569958
570182
570246
570356
570554
570632
570721
570981
571120
571134
571214
571304
571356
571379
571412
571457
571556
571707
571821
571889
571960
572207
572232
572408
572576
572588
572592
572622
572724
572769
572844
572886
572907
572931
573135
573235
573308
573328
573423
573443
573478
573769
573978
574063
574209
574275
574418
574448
574535
574572
574592
574626
574783
575032
575121
575383
575407
575490
575512
575627
575654
575729
575891
575968
576017
576018
576103
576219
576233
576330
576399
576526
576591
576607
576816
576896
577067
577148
577234
577284
577348
577481
577511
577546
577585
577709
577744
577803
577836
577968
578028
578144
578244
578297
578481
578510
578631
578675
578909
579022
579134
579217
579269
579274
579618
579780
579890
580047
580068
580119
580247
580319
580349
580378
580391
580448
580888
580907
580934
580962
581031
581049
581104
581166
581269
581331
581353
581385
581658
581735
581891
581900
582001
582053
582257
582286
582342
582431
582688
582768
582820
582847
582871
582927
582953
583004
583046
583150
583224
583312
583641
583716
584019
584132
584244
584261
584262
584408
584441
584448
584536
584570
584625
584786
584923
584951
585081
585207
585319
585600
585858
585867
585967
586222
586287
586606
586768
587317
587363
587406
587824
588028
588186
588199
588258
588332
588480
588662
588672
588748
588749
588848
588880
588954
589079
589128
589207
589216
589304
589514
589591
589736
589792
589908
589928
589973
589988
590072
590238
590450
590495
590560
590608
590621
590728
590858
591150
591340
591434
591578
591689
591737
591767
591842
591917
592172
592210
592360
592439
592446
592451
592462
592552
592735
592781
592859
592885
592915
592964
593040
593061
593544
593604
593688
594021
594043
594147
594269
594290
594379
594483
594573
594617
594664
594710
594782
594987
595027
595033
595048
595078
595093
595184
595190
595350
595356
595436
595585
595684
595720
595775
595835
596087
596208
596450
596792
596841
596882
596886
596997
597007
597174
597343
597407
597464
597545
598140
598582
598691
598708
598728
598862
599035
599503
599600
599733
599795
600225
600244
600300
600379
600414
600419
600878
601211
601236
601721
601936
602258
602345
602473
602717
602754
602801
602968
603150
603173
603475
603509
603730
603751
603796
603832
603905
603931
604035
604190
604357
604428
604649
605019
605219
605235
605253
605268
605327
605379
605387
605394
605909
606001
606131
606223
606503
606842
606868
607051
607089
607460
607478
607602
607686
607769
608058
608164
608404
608787
608951
609494
609530
609557
609563
609641
609718
609891
610059
610068
610167
610239
610261
610264
610313
610716
610729
610933
610940
610946
610993
611016
611029
611090
611101
611194
611237
611289
611679
611704
611760
611800
611832
611928
612152
612166
612172
612184
612191
612295
612385
612446
612527
612714
612783
612861
612874
613131
613208
613265
613306
613350
613399
613551
613627
613653
614210
614410
614551
614859
614901
614937
615194
615208
615219
615406
615455
615477
615491
615574
615595
615661
615747
615753
615840
616127
616299
616349
616557
616587
616634
616636
616769
617305
617353
617513
617518
617558
617592
617616
617674
617726
617770
617967
617987
618000
618253
618479
618484
618535
618697
618774
618778
619034
619081
619093
619359
619392
619679
619718
620060
620173
620408
620501
620710
620761
620785
620860
620891
620933
620976
620980
621144
621272
621382
621467
621507
621586
622060
622083
622216
622237
622561
622599
622603
622646
622703
622756
622880
622891
622919
622951
623035
623063
623242
623307
623996
623997
624025
624174
624197
624290
624292
624303
624346
624407
624473
624562
624594
624632
624648
624688
624822
624861
625010
625025
625383
625386
625421
625559
625794
626013
626058
626071
626121
626226
626228
626290
626324
626445
626558
626583
626681
626729
626776
626973
626982
627083
627121
627466
627488
627501
627551
627599
627846
627894
627922
627987
628003
628349
628355
628847
629028
629068
629211
629323
629407
629547
629574
629656
629715
629812
630066
630635
630646
630650
630709
630789
631100
631101
631231
631591
631707
631747
631854
632094
632220
632502
632536
632749
632809
632844
632859
632899
633015
633016
633062
633088
633192
633228
633481
633482
633613
633655
633658
633801
633931
633953
633985
634059
634251
634441
634710
634723
634777
635131
635145
635193
635220
635258
635294
635450
635545
635706
635786
635835
635958
636008
636124
636142
636192
636303
636330
636374
636386
636718
636779
636801
636973
637001
637158
637200
637258
637277
637426
637449
637460
637555
637766
638174
638199
638227
638229
638319
638384
638517
638533
638741
638745
638751
638771
638953
639051
639133
639578
639639
639664
639780
639827
639882
639913
640092
640120
640323
640405
640561
640748
640885
640937
641180
641200
641234
641255
641307
641576
641595
641771
641819
641979
642005
642184
642224
642263
642354
642648
642740
642754
642820
642940
642963
643025
643139
643151
643219
643295
643318
643348
643661
643721
643799
643863
644052
644381
644426
644480
644485
644549
644700
644743
644950
644990
645057
645199
645286
645439
645587
645641
645670
645708
645826
645857
645923
646080
646459
646626
646677
646722
646740
646747
646787
646793
646813
646845
646847
646875
646891
646921
646953
647112
647119
647134
647160
647362
647543
647564
647716
647955
647970
648056
648102
648291
648315
648410
648460
648494
648603
648648
648789
648796
648949
649043
649201
649282
649288
649873
649975
650030
650112
650132
650183
650196
650312
650541
650628
650633
650661
650675
650709
650798
650806
650835
651086
651251
651257
651603
651653
651766
651792
651854
652051
652080
652096
652289
652300
652325
652350
652454
652482
652532
652639
652778
652781
652876
652979
653134
653153
653272
653296
653506
653840
653984
654028
654175
654217
654250
654541
654613
654654
654688
654873
654880
654889
655311
655624
655667
655727
655834
655849
655862
655970
656140
656147
656367
656532
656657
656757
656808
656908
656909
656919
656941
657046
657052
657248
657254
657278
657470
657480
657497
657879
658019
658055
658138
658233
658280
658295
658528
658761
658864
658938
659075
659294
659295
659382
659401
659481
659564
659736
659841
659939
660043
660331
660344
660378
660427
660685
660693
660765
661015
661028
661039
661114
661132
661204
661228
661297
661372
661599
661649
661701
661774
661781
661869
662320
662321
662384
662420
662552
662895
662960
663004
663064
663078
663127
663315
663428
663456
663480
663821
663835
663876
663945
663951
664075
664174
664440
664471
664556
664639
664739
664861
664910
665076
665077
665302
665409
665498
665635
665791
665983
666055
666108
666179
666364
666443
666457
667009
667098
667215
667265
667291
667322
667371
667570
667708
667711
667820
667934
668206
668250
668307
668344
668377
668425
668474
668493
668631
668643
668751
668863
669038
669174
669358
669360
669379
669454
669508
669575
669586
669724
669767
669933
669937
670008
670070
670090
670100
670306
670398
670436
670499
670502
670547
670611
670751
670812
670815
670833
670944
671212
671304
671372
671374
671610
671652
671706
671785
671834
672137
672243
672437
672465
672487
672501
672695
672744
672809
672927
672933
673003
673254
673336
673612
673619
673624
673680
673687
673902
673955
674307
674313
674468
674565
674625
674780
674860
674920
675007
675022
675087
675119
675220
675226
675315
675573
675608
675609
675614
675625
675680
675716
675747
675793
676598
676622
676852
676885
677022
677191
677554
677913
678091
678137
678446
678462
678544
678929
679024
679036
679169
679536
679796
680086
680266
680498
680543
680689
680729
681048
681052
681348
681441
681499
681633
681726
681781
681798
682011
682205
682648
682652
682720
682792
682823
682842
682890
682960
683045
683067
683319
683451
683505
683666
683673
684034
684046
684113
684298
684327
684340
684440
684691
684705
684847
685070
685161
685163
685236
685296
685315
685336
685435
685486
685574
685601
685607
685634
685647
685791
685796
685807
685897
685992
686091
686118
686202
686270
686309
686785
686798
687072
687084
687154
687187
687299
687349
687437
687600
687624
687636
687684
687726
687745
687810
687862
687909
688149
688338
688363
688461
688478
688573
688655
688672
688795
688797
688888
688915
689110
689121
689309
689366
689434
689472
689550
689552
689622
689978
690003
690084
690149
690159
690236
690390
690427
690631
690689
690932
691276
691384
691471
691530
691553
691849
691855
691963
692026
692095
692231
692276
692295
692469
692480
692482
692579
692826
693014
693023
693120
693292
693326
693332
693358
693441
693742
693777
693855
693948
693991
694077
694110
694173
694440
694542
694627
694643
694867
695034
695076
695181
695352
695535
695620
695635
695792
695793
695826
695932
696361
696421
696438
696472
696534
696610
696625
696627
696784
697054
697117
697307
697500
697631
697712
697776
698033
698048
698089
698200
698207
698219
698220
698249
698405
698565
698566
698633
698744
698794
699031
699112
699148
699303
699579
699707
699782
699852
699986
700308
700424
700578
700638
700654
700791
701173
701305
701326
701334
701341
701498
701541
701597
701805
702159
702249
702251
702325
702367
702492
702494
702538
702640
702673
702713
702807
702962
703019
703036
703346
703445
703867
703928
704001
704052
704181
704258
704269
704287
704348
704458
704647
704784
704979
705108
705203
705207
705299
705418
705441
705451
705488
705491
705612
705644
705776
705777
705967
706141
706176
706197
706244
706245
706308
706414
706735
706744
706901
706968
707135
707247
707344
707381
707654
707669
707706
707763
707768
708105
708202
708209
708244
708257
708267
708302
708460
708468
708558
708578
708637
708723
708753
708778
708877
709261
709396
709423
709536
709614
709676
709699
709829
709873
709910
709940
709954
710488
710510
710521
710673
710692
710826
710837
711100
711231
711246
711431
711446
711451
711620
711696
711718
711993
712189
712227
712274
712277
712291
712294
712472
712581
712597
712731
712849
712935
712965
712970
713050
713090
713105
713132
713263
713316
713441
713567
713732
713875
713993
714390
714492
714516
714540
714548
714575
714627
714643
714747
714845
714858
714928
715088
715118
715666
715723
715746
715788
716211
716286
716349
716357
716360
716405
716434
716453
716572
716631
716808
716848
717061
717497
717532
717662
717921
717939
717941
717943
718218
718331
718370
718378
718511
718612
718682
718787
719133
719583
719764
719789
719859
719894
720086
720131
720207
720243
720408
720812
720837
720851
720937
720982
721291
721320
721365
721444
721447
721810
721829
721839
722160
722169
722203
722267
722434
722456
722620
722769
722820
722874
723005
723011
723040
723055
723368
723400
723542
723597
723706
723770
723784
723912
724186
724211
724241
724255
724275
724300
724339
724352
724436
724523
724560
724675
724707
724743
724762
724768
724788
724994
725138
725147
725182
725210
725234
725268
725304
725495
725497
725498
725601
725659
725691
725880
725914
725932
726022
726189
726386
726463
726667
726774
726865
727092
727184
727427
727443
727512
727651
727668
727886
728034
728139
728217
728355
728367
728872
728882
728904
729041
729095
729217
729322
729458
729598
729621
729780
730066
730077
730131
730274
730606
730620
730746
730869
731199
731236
731251
731270
731378
731442
731545
731686
731800
731869
731927
731969
731982
732049
732174
732230
732242
732355
732549
732736
732761
733008
733066
733086
733159
733172
733328
733398
733456
733476
733510
733514
733996
734040
734072
734088
734097
734355
734398
734861
734868
734904
735109
735140
735286
735327
735382
735389
735405
735443
735473
735526
736086
736107
736199
736308
736645
736777
737064
737246
737412
737429
737509
737704
737838
737987
738023
738080
738094
738232
738243
738335
738360
738407
738422
738423
738469
738924
738934
738987
739216
739324
739396
739499
739603
739895
739951
740032
740102
740174
740372
740486
740768
740787
741400
741492
741599
741640
741661
741792
742021
742067
742068
742075
742124
742245
742270
742330
742701
742974
743197
743241
743464
743493
743579
743584
743592
743927
744078
744109
744209
744330
744458
744494
744589
744595
744706
744786
744916
744950
745034
745059
745082
745201
745617
745666
745678
745683
745808
746086
746173
746307
746519
746705
746768
746843
747172
747173
747215
747228
747243
747562
747584
747621
747776
747860
748067
748161
748233
748238
748367
748429
748480
748673
748768
748834
748910
749004
749075
749122
749237
749489
749771
750020
750031
750144
750535
750600
750626
750747
750825
750877
750902
750984
751030
751134
751141
751142
751156
751192
751276
751330
751444
751559
751560
751583
751589
751622
751775
751791
752002
752074
752116
752569
752778
752839
752957
753119
753355
753370
753424
753521
753562
753630
753743
753763
753927
753960
754112
754139
754146
754198
754365
754409
754528
754558
754632
754664
754803
755030
755033
755079
755168
755320
755374
755390
755501
755517
755592
755649
755660
755817
756115
756305
756416
756505
756536
756617
757078
757165
757191
757316
757362
757405
757517
757521
757539
757608
757616
757626
757716
757831
757835
757857
757902
758055
758068
758131
758212
758316
758399
758471
758564
758832
758881
758997
758998
758999
759129
759214
759337
759498
759708
759716
760055
760125
760161
760296
760306
760369
760790
760826
760944
760965
761244
761359
761514
761555
761609
761696
761730
761843
761869
761871
762120
762236
762260
762264
762372
762425
762606
762662
762776
762913
762918
763014
763101
763473
763623
763699
763708
763903
763911
763965
764025
764127
764298
764618
764632
764784
764840
764939
765288
765341
765381
765423
765866
765873
765926
765972
765985
765996
765997
766104
766125
766155
766229
766239
766297
766327
766344
766347
766441
766449
766498
766504
766548
766592
766610
766676
766741
766806
766886
766895
766903
767002
767119
767227
767380
767521
767610
767615
767629
767643
767656
767684
767704
767725
767854
767930
768238
768345
768468
768694
768873
768916
768926
769034
769088
769315
769323
769375
769410
769494
769535
769813
769818
769872
769876
770047
770092
770101
770348
770418
770512
770544
770564
770603
770651
770715
770751
771135
771178
771194
771217
771248
771405
771444
771450
771468
771622
771776
772163
772255
772383
772403
772589
772655
772799
772853
772927
772974
773061
773218
773295
773422
773484
773495
773558
773579
773693
773729
773751
773762
773791
773794
773905
774009
774028
774318
774631
774642
774643
774723
774725
774733
774767
774798
774980
774990
775095
775227
775242
775319
775331
775396
775558
775610
775654
775697
775733
775862
775902
776143
776149
776675
776816
776825
776863
776884
776922
776968
776975
777017
777169
777417
777540
777601
777635
777868
777972
777998
778140
778175
778211
778213
778425
778437
778551
778573
778725
778888
779001
779475
779571
779716
779753
780080
780332
780476
780505
780520
780558
780579
780689
780838
780893
781017
781103
781428
781494
781577
781618
781893
781969
781996
782188
782237
782250
782461
782553
782606
782709
782853
782874
782908
783031
783124
783187
783420
783580
783730
783896
784031
784060
784114
784147
784257
784306
784381
784481
784561
784592
784629
784682
784733
784753
784810
785004
785094
785174
785227
785253
785313
785415
785510
785565
785614
785674
785742
785788
785990
786011
786022
786040
786066
786075
786105
786109
786149
786295
786454
786695
786918
787225
787327
787536
787724
787726
787926
788099
788248
788333
788535
788674
788715
788763
789153
789182
789357
789366
789423
789502
789808
789817
789877
789901
790043
790279
790299
790307
790530
790720
791079
791136
791283
791291
791297
791354
791418
791490
791516
791524
791536
791545
791549
791641
792079
792282
792397
793388
793485
793539
793558
793616
793628
793964
793998
794112
794241
794267
794273
794292
794299
794523
794564
794883
794907
795023
795037
795122
795192
795280
795288
795309
795394
795523
795796
795821
795980
796030
796115
796165
796181
796235
796455
796802
796969
797046
797075
797185
797253
797269
797537
797557
797584
797610
797881
797940
797987
798006
798508
798606
798898
798982
799021
799113
799144
799168
799244
799260
799375
799388
799410
799713
799950
800055
800227
800258
800600
800672
800766
800920
800968
800987
801035
801052
801197
801258
801360
801367
801437
801525
801704
801724
801766
801851
801855
802058
802160
802161
802360
802397
802423
802434
802555
802790
802828
802967
803055
803149
803212
803372
803388
803531
803615
803993
804196
804291
804361
804410
804497
804617
804641
804671
804942
805145
805175
805750
805897
805936
806110
806167
806170
806194
806335
806636
806699
806701
806944
807205
807270
807519
807558
807952
807955
807979
808261
808279
808400
808587
808626
808663
808673
808692
808727
808740
808763
808801
809071
809104
809145
809244
809270
809446
809452
809614
809646
809709
809822
810195
810208
810221
810236
810237
810254
810332
810718
810731
810734
810845
810968
811078
811334
811567
811648
811653
811787
811977
811986
811999
812021
812082
812095
812238
812249
812313
812461
812644
812779
812837
812889
812983
812994
812998
813055
813194
813252
813302
813739
813877
813883
813941
814108
814253
814356
814426
814821
814864
814896
814998
815075
815166
815194
815434
815444
815680
815696
815730
815770
815885
816116
816350
816395
816408
816415
816418
816449
816453
816692
816701
816716
816786
816797
816884
816924
816962
817006
817149
817253
817302
817514
818165
818177
818265
818282
818430
818729
818836
819068
819175
819279
819293
819332
819347
819416
819538
819613
819620
819680
819746
819806
819808
820231
820352
820370
820411
820450
820456
820536
820769
820827
820844
820955
820977
821238
821343
821529
821577
821686
821696
821864
821997
822004
822135
822157
822173
822315
822412
822542
822560
822698
822729
822761
822856
822872
822963
822990
823000
823208
823238
823285
823286
823311
823356
823518
823519
823575
823690
823698
824002
824283
824326
824332
824374
824453
824598
824806
824897
824917
825050
825053
825081
825158
825209
825217
825457
825511
825541
825725
825850
825895
825911
825970
826078
826237
826241
826313
826693
826823
826908
826912
827027
827042
827050
827111
827160
827344
827428
827506
827574
827645
827657
827721
827727
827811
827823
827882
827930
828027
828079
828099
828324
828352
828490
828504
828513
828595
828752
828993
829044
829059
829425
829479
829497
829506
829572
829927
830032
830162
830177
830291
830501
830513
830697
830793
831144
831173
831376
831411
831576
831594
831605
831707
831874
831926
832029
832058
832078
832218
832224
832341
832394
832445
832551
832572
832620
832715
832867
833019
833156
833221
833231
833401
833423
833435
833814
833881
833912
834001
834007
834044
834198
834529
834554
834760
834923
834964
835019
835047
835106
835107
835258
835288
835300
835308
835333
835400
835412
835426
835430
835442
835669
835755
835839
835853
835977
835980
836016
836061
836232
836301
836383
836399
836456
836611
836734
836914
836983
836986
836988
837235
837262
837481
837523
837624
837740
837765
838007
838154
838184
838207
838272
838425
838700
838801
838850
839141
839246
839312
839352
839408
839466
840101
840274
840326
840565
840840
840915
840974
841127
841379
841410
841616
841722
841740
841741
841758
841799
841887
842035
842317
842384
842649
842788
842794
842837
842954
842992
843030
843033
843136
843176
843673
843738
843795
843915
844210
844485
844488
844506
844533
844650
844922
845037
845199
845274
845318
845477
845547
845563
845572
845677
845681
845696
845802
845943
845954
845972
846034
846042
846179
846180
846461
846501
846534
846855
846899
846941
847156
847295
847302
847316
847347
847390
847607
847613
847713
847737
847899
848056
848112
848337
848398
848403
848407
848436
848595
848626
848648
848652
848657
849171
849304
849512
849609
849619
849663
849857
849868
849883
849924
850013
850123
850146
850166
850241
850591
850683
850720
850798
851038
851166
851224
851236
851306
851350
851441
851444
851530
851580
851887
851951
852031
852229
852420
852479
852673
852792
852808
852819
852845
852929
852983
853195
853300
853351
853481
853624
853780
853873
854010
854039
854054
854059
854161
854300
854358
854397
854535
854552
854674
854780
854833
854869
855017
855300
855302
855421
855458
855521
855635
855796
856116
856182
856225
856519
856574
856582
856851
856884
856946
857037
857170
857185
857210
857297
857387
857673
857694
857922
857970
858326
858470
858480
858505
858611
858930
858957
858987
859057
859146
859185
859677
859740
860068
860082
860166
860188
860238
860277
860368
860503
860663
860673
860726
860853
860924
860966
861144
861181
861188
861199
861438
861561
861805
861821
861833
861933
862015
862084
862113
862122
862173
862412
862427
862545
862684
862785
862834
863003
863013
863052
863060
863190
863252
863463
863518
863546
863616
864027
864043
864132
864482
864490
864536
864682
864821
864887
864972
865049
865067
865076
865217
865508
865677
865710
865776
865869
865874
865896
866000
866141
866214
866230
866310
866422
866503
866539
866576
866765
866922
867054
867207
867234
867308
867513
867570
867771
867846
867856
867871
867877
867986
868008
868047
868056
868073
868111
868259
868372
868393
868428
868533
868635
868718
868727
868729
868770
868772
868779
868829
868900
868913
868977
869095
869109
869164
869228
869261
869290
869402
869725
869749
869763
869777
869952
870181
870370
870472
870500
870545
870673
870823
870957
870978
870994
871184
871261
871601
871893
871919
871931
871967
872091
872119
872147
872285
872388
872512
872623
872624
872839
873053
873111
873243
873244
873294
873476
873482
873833
873884
873903
873982
874056
874103
874168
874178
874328
874415
874440
874488
874555
874615
874633
874637
874715
874764
874916
875021
875209
875368
875444
875512
875626
875784
875803
875911
875933
876004
876108
876121
876124
876339
876440
876471
876501
876526
876586
876617
876760
876777
876878
876882
876983
877030
877205
877296
877337
877660
877919
877932
878122
878186
878226
878416
878442
878464
878492
878817
878859
878886
879234
879253
879325
879494
879501
879545
879576
879700
879735
879860
879894
879968
880207
880490
880850
880883
880901
881248
881325
881336
881386
881556
881592
881906
882040
882064
882145
882243
882372
882395
882515
882572
882711
882728
882949
882998
883033
883121
883200
883276
883369
883458
883518
883782
884305
884393
884471
884496
885063
885199
885283
885517
885798
885839
885927
885996
886032
886253
886427
886452
886624
886661
886750
886786
886825
886936
887068
887110
887118
887325
887407
887424
887448
887674
887702
888005
888023
888179
888385
888445
888584
888691
888906
889098
889167
889182
889291
889306
889493
889783
889921
889953
890015
890117
890179
890286
890318
890338
890612
890924
890998
891253
891288
891314
891321
891357
891578
891774
891791
891820
891851
891892
892091
892153
892287
892434
892437
892712
892966
892974
893023
893140
893321
893401
893503
893551
893623
893694
893802
893959
894011
894059
894075
894253
894382
894465
894466
894748
894803
894848
894907
895140
895401
895476
895482
895645
895692
895822
895847
895933
896115
896175
896205
896343
896637
896849
896853
896925
896947
896992
897017
897031
897343
897359
897570
897588
897619
897745
897945
897953
898201
898404
898542
898567
898599
898761
898919
899044
899183
899236
899409
899481
899508
899689
899796
899837
899911
899976
900136
900179
900200
900232
900463
900511
900550
900577
900851
900882
900889
900896
900918
900933
900994
901254
901260
901306
901400
901464
901582
901746
901891
902254
902391
902476
902534
902663
902691
902787
903082
903102
903128
903257
903271
903358
903379
903391
903505
903538
903556
903585
903644
903653
903769
903932
904054
904060
904133
904539
904649
904661
905094
905143
905173
905193
905229
905240
905244
905390
905402
905601
905632
905727
905769
905837
906057
906590
906623
906754
906839
906850
906851
906929
907109
907131
907603
907688
907921
908071
908137
908212
908254
908642
908801
908874
908898
908920
909352
909391
909467
909508
909760
909868
909871
910080
910235
910254
910309
910328
910478
910526
910563
910663
910683
910809
911060
911208
911215
911305
911311
911646
911729
911748
911792
911818
911822
911867
911923
911926
911930
911987
911998
912014
912051
912101
912166
912192
912426
912558
912718
912949
913217
913224
913298
913379
913783
913908
913935
913995
914052
914065
914179
914183
914223
914351
914375
914386
914444
914483
914543
914812
914859
915151
915305
915740
915859
915877
915950
915968
915999
916008
916196
916362
916440
916494
916508
916595
916676
916755
916965
916978
916991
917369
917373
917480
917704
917743
917882
917943
917944
918069
918075
918200
918385
918541
918616
918710
918800
919046
919089
919123
919352
919534
919605
919889
919935
920207
920223
920244
920268
920491
920493
920569
920667
920727
920766
920903
921259
921314
921530
921542
921557
921850
921974
922012
922059
922147
922215
922250
922256
922501
923150
923217
923221
923346
923432
923504
923574
923803
924177
924217
924225
924232
924253
924294
924369
924445
924519
924621
924794
924815
924850
925029
925176
925391
925677
925746
925754
925836
925929
925947
925952
925962
926097
926378
926562
926586
926600
926609
926727
926829
926886
927012
927086
927360
927387
927413
927493
927506
927684
927918
928257
928279
928482
928512
928542
928591
928738
928856
929230
929321
929334
929572
929615
929780
930000
930140
930273
930313
930318
930382
930592
930605
930623
930710
930739
930815
930888
930927
930981
931106
931157
931194
931336
931479
931531
931622
931993
932141
932225
932261
932373
932445
932572
932644
932710
932756
932901
932956
933258
933429
933709
933775
934098
934202
934389
934437
934453
934683
934715
934797
934876
934902
935146
935178
935223
935368
935439
935545
935578
935593
935834
935846
935942
936177
936183
936657
936819
936837
936846
936968
937052
937084
937115
937152
937190
937235
937291
937323
937331
937382
937397
937492
937540
937615
937714
938019
938332
938338
938405
938574
938576
938585
938649
938650
938955
939012
939057
939061
939080
939124
939132
939183
939251
939379
939582
939633
939726
939901
940190
940383
940436
940601
940737
940750
940775
940904
940960
941113
941388
941413
941528
941549
941588
941813
942055
942213
942249
942435
942546
942560
942811
942843
942909
942983
943103
943131
943133
943202
943395
943593
943633
943914
944173
944196
944638
944671
944779
945034
945036
945072
945079
945108
945176
945327
945375
945467
945481
945482
945566
945817
945887
945993
946015
946021
946278
946314
946359
946449
946497
946659
946877
947090
947229
947230
947259
947416
947460
947491
947498
947564
947733
947745
947870
947953
947984
948046
948213
948802
948830
948911
948939
948964
948976
949312
949518
949544
949591
949606
949608
949617
949668
949698
949726
949747
949752
949778
949831
949964
949985
950081
950097
950204
950247
950268
950381
950495
950524
950667
950670
950745
950815
950848
950849
950964
951114
951118
951240
951326
951374
951481
951515
951660
951779
952122
952158
952164
952240
952268
952322
952421
952442
952475
952491
952688
952767
952782
952814
952882
952900
952910
953004
953311
953568
953885
954146
954164
954200
954252
954475
954610
954622
954659
954797
954862
954863
954884
955005
955057
955365
955505
955749
955771
955987
956014
956063
956070
956139
956298
956415
956544
956626
956694
956757
956781
956800
956866
956874
957111
957160
957167
957262
957270
957377
957379
957502
957633
957704
957730
957833
958144
958467
958506
958524
958528
958572
958695
958701
959210
959575
959587
959603
959641
959743
959753
959776
959936
960095
960241
960296
960360
960704
960842
960851
960860
961002
961119
961213
961235
961478
961497
961571
961641
961686
961719
961725
961746
961854
962055
962238
962300
962438
962464
962556
962856
962900
962943
963209
963424
963663
963684
963686
963732
963742
963781
963859
963876
964027
964473
964507
964704
964721
964888
964943
964986
965183
965214
965332
965361
965432
965449
965492
965527
965631
965684
965794
965874
965898
966200
966307
966340
966518
966541
966686
966713
966801
966819
966861
966940
967056
967315
967356
967434
967441
967678
967684
967699
967719
967805
967987
967992
968096
968339
968436
968520
968531
968558
968580
969164
969361
969532
969698
969722
969746
969809
969842
969895
969949
970009
970024
970284
970295
970313
970495
970609
970628
970766
970819
971017
971145
971287
971596
971602
971969
971996
972124
972218
972343
972484
972542
972628
972744
972750
972840
972933
972938
972960
973032
973094
973100
973167
973466
973482
973514
973722
973797
973901
974034
974190
974335
974348
974388
974488
974614
974682
974891
975005
975046
975168
975181
975210
975216
975299
975599
975678
975898
975916
976172
976461
976504
976552
976794
976859
976884
977004
977061
977108
977124
977168
977258
977319
977320
977460
977564
977715
977760
977827
977889
977907
977925
978027
978119
978147
978178
978194
978223
978329
978419
978429
978542
978709
978732
978799
978816
979069
979173
979308
979309
979451
979626
979898
980251
980385
980473
980652
980728
980796
980846
980966
980970
980995
981070
981168
981184
981214
981446
981479
981530
981551
981573
981645
981651
981726
981746
982102
982111
982167
982218
982447
982448
982522
982578
982582
982625
982841
982847
982990
983006
983112
983140
983378
983409
983446
983687
983777
983871
983891
983977
984126
984148
984193
984201
984250
984463
984470
984575
984645
984691
984789
984861
985012
985199
985666
985690
985878
985903
986329
986508
986564
986614
986909
986965
986972
987029
987233
987273
987341
987417
987567
987873
987979
988228
988481
988547
988602
988688
988885
988956
989171
989307
989325
989420
989459
989590
989737
990031
990087
990156
990212
990312
990381
990412
990461
990647
990731
990884
991033
991114
991171
991244
991246
991333
991507
991590
991729
991731
991838
991859
991873
991875
991909
991957
992050
992073
992406
992454
992500
992562
992694
992700
992748
992979
992998
993153
993193
993200
993274
993297
993406
993597
993675
993718
993795
994106
994269
994468
994490
994526
994870
994954
994976
995047
995282
995289
995317
995351
995488
995577
995739
996070
996088
996183
996294
996386
996425
996472
996564
996614
996634
996725
996735
996790
996827
996887
997283
997336
997735
997823
998243
998357
998384
998447
998528
998628
998641
998784
998793
998823
998961
999011
999133
999254
999423
999505
999637
999742
999799
999860
999890
999914
999963
