159
223
264
766
895
1048
1173
1294
1343
1430
1465
1482
1561
1602
1888
1946
2008
2593
2650
2747
2879
3007
3075
3164
3235
3284
3287
3411
3418
3477
3504
3655
3934
4029
4200
4224
4420
4992
5036
5187
5298
5375
5423
5468
5495
5692
5744
5868
5937
5971
6028
6330
6370
6472
6571
6619
6800
6815
7076
7104
7211
7240
7343
7486
7583
7628
7652
7673
7736
7742
7806
7817
7994
8149
8194
8339
8407
8437
8452
8517
8553
8565
8600
9034
9264
9494
9596
9656
9921
9934
9972
9988
10001
10094
10104
10124
10244
10273
10341
10383
10493
10495
10516
10579
10581
10582
10902
10939
10971
11073
11078
11226
11331
11413
11595
11791
11901
11935
12107
12143
12324
12384
12512
12531
12542
12591
12973
13148
13169
13265
13276
13306
13394
13397
13830
14112
14157
14293
14483
14516
14518
14571
14619
14623
14629
14916
15029
15034
15057
15069
15151
15153
15216
15236
15344
15391
15447
15526
15957
15978
16090
16102
16138
16565
16627
16665
16691
16740
16838
16935
17035
17148
17185
17214
17266
17349
17419
17491
17492
17504
17586
17635
17653
17932
18121
18138
18321
18400
18441
18478
18500
18586
18773
18929
19027
19091
19206
19325
19349
19430
19532
19689
19706
19857
19900
19908
20015
20125
20389
20457
20678
21316
21386
21445
21497
21689
21837
21840
22153
22157
22243
22246
22381
22418
22423
22563
22933
23165
23177
23216
23280
23284
23647
23760
23989
24101
24325
24411
24498
24684
24704
24792
24813
25004
25065
25084
25114
25118
25183
25198
25206
25491
25545
25634
25842
26026
26075
26281
26345
26460
26469
26491
26522
26616
26689
26889
26952
27179
27189
27206
27222
27324
27495
27600
27683
27732
28096
28118
28153
28194
28202
28252
28314
28383
28434
28775
28861
28897
28931
29013
29056
29525
29574
29608
29619
29656
29754
30137
30143
30168
30475
30476
30521
30584
30787
30894
31179
31224
31378
31499
31697
31704
31927
31948
32198
32239
32322
32483
32586
32687
32771
33432
33503
33758
33776
33782
34063
34069
34254
34276
34422
34688
34955
35023
35031
35117
35284
35413
35653
35664
35731
35892
36000
36018
36066
36175
36198
36461
36775
37013
37014
37269
37276
37302
37396
37576
37589
37680
37801
37880
38112
38309
38504
38523
38557
38567
38786
38816
39027
39035
39464
39595
39608
39639
39713
39840
39896
39948
39979
40210
40254
40257
40349
40371
40385
40584
40655
40859
40994
41003
41122
41133
41156
41187
41292
41349
41490
41503
41678
41843
41994
42137
42147
42405
42450
42505
42508
42691
42762
42791
43170
43249
43270
43279
43588
43599
43674
43679
43724
44222
44474
44641
44948
45012
45124
45143
45190
45196
45327
45355
45359
45516
45534
45540
45588
45594
45610
45663
45914
45992
46258
46363
46582
46992
47190
47266
47440
47501
47634
48219
48285
48330
48385
48409
48420
48681
48752
48766
48937
49130
49162
49221
49262
49269
49308
49314
49385
49416
49458
49646
49688
49707
49761
49762
49763
49793
49844
49886
50004
50082
50198
50248
50253
50376
50433
50533
50577
50590
50739
50766
50904
50976
51162
51221
51232
51245
51314
51540
51595
51881
52147
52165
52271
52291
52369
52403
52664
52731
52796
52805
52806
52948
52987
53016
53494
53530
53588
53611
53615
53916
54058
54096
54104
54164
54487
54522
54670
54724
54996
55020
55259
55273
55348
55412
55415
55518
55544
55556
55585
56481
56552
56618
56681
56950
56960
56968
56969
57023
57067
57150
57192
57318
57342
57355
57452
57512
57559
57625
57640
57670
57723
57740
57800
57916
57950
58104
58107
58137
58155
58216
58278
58359
58513
58521
58609
58616
58733
58765
58804
58852
58933
59038
59160
59168
59216
59298
59341
59511
59538
59707
59728
59772
59853
59949
59965
59970
59986
60131
60190
60263
60274
60317
60466
60474
60890
60911
60939
61278
61362
61466
61557
61904
61964
62035
62293
62303
62489
62521
62640
62657
62717
62766
62813
62854
62878
62954
62987
63085
63174
63188
63276
63319
63342
63483
63691
63748
63792
63795
64138
64664
64850
64967
64969
65155
65273
65298
65318
65395
65423
65547
65641
65740
65821
66133
66263
66274
66296
66327
66491
66537
66571
66641
66731
66989
67112
67202
67274
67329
67404
67496
67534
67768
67802
67890
68018
68242
68266
68415
68427
68441
69229
69301
69340
69458
69662
69690
69810
69887
69890
70115
70125
70316
70352
70379
70387
70406
70650
70681
70883
70999
71150
71171
71241
71348
71540
71640
71723
71844
72170
72234
72342
72576
72693
72755
72784
72971
73063
73122
73142
73178
73180
73237
73401
73492
73510
73593
73796
73842
73847
74422
74445
74614
74624
74675
74746
74846
75242
75391
75445
75541
75639
75640
75794
75818
75829
75842
75867
75883
75926
75939
76044
76073
76088
76498
76696
76785
76825
76906
76937
77101
77206
77246
77279
77461
77883
77939
77986
78003
78238
78345
78368
78392
78415
78465
78514
78541
78561
78593
78715
78789
78978
79035
79276
79622
79665
79742
79836
79964
79995
80012
80053
80075
80105
80122
80177
80343
80516
80615
80701
80801
80839
81099
81161
81528
81588
81689
81692
81694
81699
81751
81759
81781
81890
81937
82015
82053
82099
82211
82285
82343
82428
82753
83006
83133
83180
83194
83220
83323
83383
83424
83650
83733
84089
84144
84282
84501
84578
84594
84610
84694
84775
84782
84803
85097
85278
85295
85368
85388
85690
85762
85777
85779
85845
85932
85962
85980
86053
86116
86333
86517
86673
86776
86841
86882
86898
86993
87115
87187
87256
87369
87614
87708
87742
87965
88112
88123
88336
88511
88586
88607
88623
88681
88687
88742
88906
88994
89014
89242
89265
89353
89502
89657
89735
89772
89888
90147
90268
90503
90759
90893
91091
91218
91809
91886
91913
91988
92002
92115
92147
92222
92251
92283
92347
92359
92394
92551
92565
92777
92988
93022
93113
93212
93298
93438
93504
93513
93665
93702
93729
93824
93841
93870
93968
94083
94157
94213
94248
94456
94466
94659
94812
94969
95100
95199
95274
95428
95476
95637
95641
95674
95849
95892
95894
95916
95937
95983
96024
96073
96236
96408
96498
96645
96933
96978
97001
97046
97098
97231
97302
97393
97468
97564
97567
97804
97941
97975
98109
98146
98290
98421
98573
98654
99082
99140
99182
99197
99659
99690
99769
99900
99988
100094
100122
100138
100261
100274
100291
100323
100409
100429
100534
100639
100818
100860
100950
100979
101109
101139
101142
101169
101193
101315
101336
101486
101630
101655
101880
101893
102104
102105
102110
102149
102364
102646
102827
102948
103069
103172
103202
103268
103340
103475
103592
103690
103838
103950
103951
104082
104219
104308
104333
104368
104567
104607
104662
104738
104833
105046
105056
105077
105285
105335
105336
105447
105510
105771
105839
105912
106001
106097
106205
106217
106340
106616
106725
106764
106804
106913
107026
107033
107187
107284
107624
107781
107883
108073
108137
108151
108451
108589
108623
108635
108759
108868
108923
108954
108998
109281
109288
109313
109397
109451
109532
109579
109679
109866
109951
110208
110232
110288
110317
110325
110402
110447
110483
110628
110725
110799
110876
110929
110940
110945
110973
111021
111025
111067
111286
111387
111393
111676
111752
111925
111961
111988
112099
112117
112136
112425
112704
112735
112737
112849
113012
113031
113106
113185
113220
113283
113294
113353
113378
113529
113614
113681
113817
114063
114228
114243
114316
114353
114392
114419
114421
114532
114567
114597
114676
114983
115009
115048
115063
115220
115269
115306
115308
115342
115471
115523
115607
115721
115959
116004
116019
116029
116030
116335
116362
116482
116512
116519
116543
116719
116910
116913
116965
117156
117191
117198
117208
117230
117232
117609
117855
117865
118119
118139
118144
118266
118501
118504
118668
118679
118700
118766
118802
118956
118993
119023
119045
119057
119080
119122
119349
119425
119484
119493
119527
119713
119842
119933
120022
120065
120066
120082
120198
120211
120229
120592
120604
120637
120639
120801
121051
121108
121112
121188
121215
121305
121546
121780
121986
122029
122218
122574
122613
122688
122760
123046
123074
123111
123143
123681
123765
124054
124146
124296
124323
124450
124604
124858
125065
125300
125490
125491
125592
125594
125670
126202
126574
126594
126629
126871
126898
127082
127195
127205
127392
127405
127475
127572
127579
127685
127894
127920
128061
128066
128076
128157
128169
128253
128262
128383
128487
128627
128699
128831
128835
128952
129047
129100
129129
129154
129372
129443
129518
129584
129642
129695
129712
129877
129924
130017
130230
130259
130273
130882
130915
131015
131074
131351
131368
131391
131449
131661
131688
131703
131763
131832
132452
132463
132501
132510
132515
132550
132606
132607
132702
132706
132948
132967
133044
133246
133445
133486
133638
133749
133762
133910
134034
134296
134417
134464
134522
134527
134539
134560
134817
134835
135232
135262
135284
135296
135518
135568
135719
135991
136239
136255
136307
136402
136403
136458
136660
136714
136732
136743
137097
137183
137294
137391
137435
137479
137711
137889
137949
138152
138159
138175
138245
138282
138348
138403
138539
138586
138855
138927
139086
139140
139327
139388
139484
139576
139646
139683
139920
140144
140282
140358
140440
140442
140499
140563
141011
141141
141148
141168
141356
141383
141497
141522
141872
141887
141908
142003
142554
142570
142585
142711
142768
142821
142889
142991
143152
143241
143437
143887
143996
144037
144177
144286
144398
144418
144499
144607
144755
144817
145368
145379
145533
145870
145971
145980
145988
146115
146332
146520
146544
146571
146594
146642
146817
146905
146973
147035
147149
147288
147325
147527
147593
147735
147752
147765
147881
147966
148003
148049
148319
148330
148411
148533
148670
148728
148778
148785
148816
148969
149061
149074
149127
149141
149687
149696
149898
150100
150144
150180
150312
150337
150354
150378
150473
150634
150735
150741
150971
151115
151227
151624
151630
151671
151795
151864
151908
151962
152225
152265
152314
152349
152358
152615
152657
152668
152709
153051
153118
153172
153258
153284
153355
153481
153500
153683
153728
153767
153823
153939
153975
154127
154228
154477
154676
154838
154884
154991
155061
155076
155337
155600
155623
155625
155636
155675
155785
155859
156036
156069
156179
156846
156924
156940
157006
157051
157116
157168
157189
157445
157469
157503
157617
157689
157833
157838
157892
157917
157929
157963
158212
158307
158471
158566
158745
158841
159011
159027
159128
159215
159315
159372
159622
159750
159778
159917
159981
160083
160109
160178
160204
160335
160434
160475
160502
160620
160693
160762
160807
160874
161115
161288
161299
161306
161807
161930
161945
161950
161951
162092
162110
162150
162274
162378
162462
162505
162642
162659
162739
162756
163053
163109
163115
163133
163165
163232
163274
163277
163327
163346
163356
163412
163415
163419
163442
163676
163709
163805
163815
164041
164241
164265
164436
164610
164691
164722
164739
164989
165125
165197
165245
165440
165752
165763
166038
166089
166180
166248
166249
166360
166416
166555
166817
166845
166898
166930
167175
167311
167532
167609
167643
167649
167653
167853
168048
168060
168061
168169
168192
168260
168288
168925
169012
169101
169194
169289
169357
169415
169430
169433
169499
169506
169563
169658
169662
169667
169725
169765
169817
170109
170170
170178
170340
170387
170570
170591
170630
170731
170811
170937
170995
170996
171002
171094
171102
171132
171207
171684
171706
171889
171973
172075
172078
172085
172261
172350
172386
172533
172572
172707
172809
172826
172862
172874
172893
173021
173187
173402
173521
173526
173797
173835
174397
174424
174446
174570
174599
174701
174704
174749
174906
175025
175056
175133
175151
175380
175503
175533
175576
175607
175632
175673
175913
176226
176301
176513
176591
176613
176709
177139
177142
177492
177514
177801
177802
177889
177902
177931
177948
177985
178062
178118
178344
178448
178474
178562
178627
178641
178662
178720
178867
179153
179228
179259
179561
179926
179929
180114
180122
180141
180208
180257
180468
180619
180683
180919
181007
181101
181247
181329
181571
181596
181854
182480
182599
182831
183013
183055
183071
183134
183149
183160
183297
183418
183443
183714
183986
184015
184169
184228
184753
184971
185220
185550
185631
185716
185796
185988
186098
186238
186683
186744
186770
186921
186927
186949
187088
187347
187483
187511
187546
187615
187617
187655
187712
187720
188002
188097
188107
188167
188169
188178
188185
188194
188425
188617
188630
188671
188764
188814
188855
188876
189105
189292
189306
189437
189678
189679
189695
189816
189824
189999
190087
190301
190618
190914
191014
191281
191348
191405
191455
191463
191613
191844
192331
192492
192574
192742
192760
192788
192831
192885
192926
193116
193205
193218
193229
193246
193301
193306
193390
193392
193456
193481
193569
193585
193828
193937
193951
194373
194537
194618
194622
194668
194782
194801
194921
194949
195176
195187
195285
195388
195465
195728
195832
195866
196046
196097
196136
196177
196229
196249
196439
196678
196847
196863
196876
196903
196949
196984
197104
197153
197259
197483
197789
197829
197842
197941
198018
198060
198198
198326
198327
198558
198862
198928
199142
199217
199239
199433
199875
199880
200130
200359
200518
200733
200738
200794
200820
200839
201325
201410
201579
201960
202033
202114
202199
202217
202238
202257
202280
202309
202333
202347
202361
202367
202369
202396
202787
202808
202922
202976
203209
203236
203304
203307
203727
204002
204051
204154
204510
204589
204722
204894
204932
204966
205114
205225
205329
205530
205571
205578
205637
205669
205679
205730
205920
206030
206040
206165
206186
206229
206441
206456
206500
206524
206699
206804
206811
206861
206904
206936
206946
207173
207262
207327
207617
207659
207741
207771
207930
208027
208064
208187
208267
208339
208365
208594
208854
208855
208938
209046
209134
209173
209282
209291
209555
209822
209947
210010
210259
210328
210519
210532
210724
210733
210769
210855
211080
211194
211215
211365
211408
211653
211818
211847
212516
212518
212702
212756
212848
213035
213165
213364
213407
213600
213616
213620
213770
213932
213950
214058
214097
214151
214159
214249
214286
214293
214329
214444
214470
214521
214606
214618
214718
214756
214806
214863
215010
215027
215217
215236
215359
215540
216071
216353
216410
216443
216472
216477
216514
216542
216618
216703
216912
216960
217274
217440
217461
217505
217686
217785
217803
218060
218067
218135
218199
218230
218238
218443
218630
218639
218931
218942
218945
219049
219092
219168
219184
219266
219287
219405
219421
219788
219887
220142
220183
220248
220468
220484
220503
220533
220585
220642
220669
220799
220940
220989
221072
221143
221164
221346
221367
221386
221521
221552
221653
221820
221997
222189
222309
222412
222469
222520
222676
222695
222744
222782
222891
222918
223275
223288
223324
223611
223703
223750
223858
223881
224013
224066
224084
224174
224250
224377
224391
224404
224741
224754
224944
225014
225035
225088
225107
225129
225152
225200
225331
225423
225545
225716
225746
225895
225903
225904
225963
225979
226021
226107
226120
226145
226169
226174
226261
226307
226352
226483
226824
226885
226934
226983
227136
227318
227458
227462
227553
227756
227757
228196
228201
228259
228297
228370
228402
228403
228612
228697
228813
228850
228869
228895
229267
229437
229523
229628
229657
229727
229995
230086
230170
230263
230546
230655
230759
230776
230801
230951
231153
231253
231464
231470
231479
231537
231561
231657
231717
231722
231811
231812
231895
231907
231910
231913
232263
232371
232617
232690
232696
232735
233150
233210
233297
233440
233532
234178
234260
234512
234601
234713
234769
234901
234969
234975
235076
235100
235149
235191
235277
235297
235336
235378
235422
235433
235436
235571
235629
235658
235687
235827
236040
236075
236148
236172
236216
236257
236378
236432
236458
236800
236805
236974
237121
237166
237295
237489
237511
237577
237781
237825
237861
238004
238083
238325
238362
238364
238445
238878
238919
239043
239290
239425
239673
239707
239750
239813
239958
239967
240083
240198
240260
240363
240511
240582
240583
240653
240742
240753
240869
241110
241151
241344
241474
241538
241556
241611
241702
241730
241773
241787
241790
241905
241921
241953
241959
242119
242122
242132
242140
242183
242329
242413
242432
242568
242583
242654
242695
242856
242892
242911
243221
243299
243527
243635
243667
243670
243749
244085
244521
244526
244557
244758
244995
245187
245218
245383
245445
245459
245669
245721
245723
245793
245840
245983
246074
246169
246219
246275
246543
246613
247023
247055
247134
247264
247338
247514
247830
248063
248072
248113
248123
248151
248310
248516
248535
248546
248751
248801
248958
249025
249026
249150
249221
249325
249381
249512
249535
249605
249761
249836
249869
249917
249985
250016
250018
250189
250343
250400
250507
250570
250730
250734
250749
250776
251227
251278
251351
251478
251588
251693
251732
251787
251946
251976
252022
252191
252199
252247
252304
252381
252452
252470
252638
252821
252823
253094
253235
253236
253261
253390
253438
253469
253484
253667
253679
253789
253851
253928
254353
254366
254471
254597
254624
254635
254801
254848
254926
254994
255212
255462
255687
255762
255793
255831
256038
256082
256191
256429
256465
256499
256562
256638
256717
256904
256911
256913
256960
256980
257174
257200
257247
257253
257427
257564
257608
257646
257676
257956
257970
258053
258382
258465
258471
258570
258789
258872
258949
258971
259005
259228
259377
259392
259449
259485
259630
259636
259681
259722
259776
259856
259939
259985
260053
260309
260364
260402
260445
260539
260571
260637
260674
260728
260789
260847
260869
260973
261123
261130
261168
261342
261436
261657
261784
261818
261913
261932
261945
261951
261964
262107
262456
262564
262673
262714
262747
262881
262964
262981
263021
263121
263211
263215
263268
263299
263343
263468
263513
263530
263546
263801
263922
263949
263987
264080
264412
264475
264495
264669
264752
264896
264905
264989
264990
265055
265084
265116
265177
265348
265432
265521
265550
265651
265764
265800
265882
265962
266109
266126
266143
266656
266728
266757
266779
266792
266959
267015
267108
267333
267386
267534
267540
267621
267759
267851
267893
267939
267942
268017
268064
268536
268649
268680
268787
268816
269092
269217
269363
269634
269671
269674
269708
269737
269932
269954
270130
270265
270358
270388
270395
270457
270511
270539
270659
270723
271009
271042
271098
271104
271167
271257
271462
271464
271577
271920
272101
272107
272285
272312
272707
272791
272845
272985
273055
273162
273302
273452
273463
273481
273506
273555
273897
274057
274093
274329
274351
274365
274371
274435
274701
275124
275126
275209
275244
275386
275579
275701
275726
275727
275753
275778
275870
275909
276198
276385
276423
276519
276526
276587
276883
276968
276980
276984
276994
276995
277055
277093
277111
277271
277334
277367
277398
277483
277582
277980
278041
278058
278166
278272
278343
278375
278468
278852
278859
278863
278896
278992
279129
279136
279144
279169
279172
279288
279314
279418
279629
279709
279827
280022
280026
280084
280242
280255
280270
280339
280408
280437
280459
280857
281069
281116
281118
281159
281176
281375
281465
281566
281722
281754
281835
281946
281980
282005
282066
282202
282295
282334
282651
282935
283046
283208
283355
283366
283380
283386
283454
283500
283584
283604
283684
283700
283830
284128
284266
284654
284748
284846
284893
285086
285152
285242
285568
285695
285704
285810
285908
285999
286024
286105
286158
286256
286278
286308
286341
286390
286495
286669
286770
287018
287164
287282
287307
287348
287422
287499
287582
287691
287798
287827
287873
287893
287997
288027
288211
288316
288361
288430
288453
288569
288594
288734
288745
288797
288798
288994
289488
289501
289526
289535
289586
289647
289669
289687
289690
289870
289887
290085
290099
290145
290259
290306
290431
290440
290462
290662
290837
290987
290992
291043
291232
291330
291373
291420
291453
291473
291589
291661
291894
291934
292257
292329
292367
292394
292501
292531
292536
292545
292632
293058
293336
293477
293595
293666
293878
293887
293908
293924
293986
294242
294321
294347
294361
294430
294460
294639
295043
295083
295347
295356
295589
295597
295643
295783
295787
295840
296162
296206
296235
296291
296303
296334
296397
296448
296588
296590
296602
296729
296830
296873
296929
296954
296961
296988
297164
297358
297382
297640
297658
297672
297699
297718
298170
298263
298533
298892
298985
299224
299229
299256
299266
299609
299619
299683
299706
299717
299982
300255
300420
300474
300623
300918
301058
301070
301093
301115
301154
301161
301276
301348
301450
301488
301510
301533
301586
301707
301919
301938
302075
302093
302107
302129
302134
302215
302245
302550
302601
302675
302686
302794
302943
302970
302981
302989
302993
303016
303045
303146
303206
303252
303332
303355
303372
303394
303441
303517
303602
303753
303919
304125
304131
304296
304317
304504
304523
304551
304680
304883
305315
305371
305586
305590
305595
305686
305714
305742
305790
305944
306048
306100
306158
306178
306227
306307
306520
306575
306694
306770
306847
306945
306953
307147
307184
307472
307630
307782
308043
308157
308246
308259
308359
308528
308565
308596
308632
308638
308644
308724
309016
309116
309129
309191
309236
309308
309429
309453
309554
309668
309954
309966
310081
310102
310199
310243
310269
310379
310485
310540
310714
310844
310852
310873
310895
310942
310987
311106
311117
311222
311448
311561
311590
311797
311875
311923
312084
312231
312254
312258
312495
312507
312535
312736
312787
312940
312944
312977
313132
313177
313288
313299
313422
313526
313654
313886
313930
314092
314160
314170
314288
314453
314570
314615
314645
314692
314724
314790
315038
315050
315096
315114
315222
315503
315633
315699
315863
315941
316016
316071
316224
316254
316298
316343
316527
316675
316926
316941
316973
317033
317089
317249
317359
317436
317449
317491
317658
317718
317918
317991
318253
318267
318313
318370
318486
318699
318732
318825
319010
319053
319072
319125
319167
319281
319315
319377
319409
319558
319627
319977
320091
320143
320176
320228
320233
320297
320299
320444
320448
320548
320652
320684
320778
320819
320848
320924
320944
320950
320956
321139
321207
321235
321284
321316
321330
321346
321401
321457
321647
322037
322191
322343
322369
322427
322600
322616
322709
322851
323021
323052
323161
323293
323437
323535
323578
323580
323598
323621
323706
323741
323908
323932
324040
324119
324194
324257
324279
324301
324333
324535
324573
324700
324717
324780
324882
324897
325008
325207
325292
325469
325499
325653
325841
325973
326083
326226
326304
326336
326384
326406
326411
326413
326430
326440
326579
326615
326623
327156
327191
327209
327213
327310
327329
327386
327434
327516
327821
328102
328143
328311
328374
328386
328579
328583
328584
328629
328737
328762
328823
328843
329175
329241
329281
329309
329312
329439
329488
329540
329542
329603
329625
329729
329796
329799
329877
329939
329940
330101
330246
330281
330491
330603
330736
330840
330894
330919
331125
331335
331452
331862
331934
332029
332064
332068
332192
332216
332268
332308
332411
332570
332617
332670
332742
332779
332781
332822
332995
333080
333107
333233
333647
333863
334176
334275
334352
334564
334839
334877
335043
335202
335271
335299
335348
335449
335489
335693
335836
335993
336034
336076
336079
336096
336231
336260
336441
336449
336554
336563
336763
336780
336877
336976
337188
337232
337641
337667
337692
337779
337910
337960
337977
338101
338152
338309
338333
338341
338498
338507
338510
338617
338655
338667
338830
338874
338916
339056
339060
339082
339084
339249
339262
339349
339389
339571
339706
339800
339927
340003
340145
340195
340257
340491
340563
340635
340744
340785
340920
340950
340961
341077
341404
341577
341844
341881
341905
342190
342475
342857
343011
343041
343266
343267
343337
343440
343451
343546
343652
343816
343892
344043
344051
344104
344133
344144
344150
344162
344238
344266
344303
344352
344563
344669
344732
344817
344860
344961
345063
345151
345153
345161
345174
345222
345257
345329
345434
345486
345600
345733
345894
345945
346083
346108
346214
346281
346310
346342
346394
346627
346724
346915
347111
347139
347160
347186
347428
347474
347495
347496
347699
347726
347862
348009
348123
348143
348145
348175
348413
348462
348490
348492
348710
348761
348796
348923
349075
349431
349488
349502
349606
349639
350197
350214
350237
350294
350380
350436
350525
350604
350617
350636
350846
350849
350851
350855
350858
350997
351110
351127
351264
351296
351613
351649
351703
351715
352016
352081
352113
352134
352344
352412
352437
352595
352609
352856
352878
353128
353271
353310
353431
353466
353493
353567
353698
353772
353787
353949
354025
354041
354255
354534
354593
354643
354644
354715
354845
354911
354960
355200
355237
355283
355557
355645
355678
355743
355782
355877
356021
356081
356284
356378
356628
356689
356822
356829
356861
356911
356924
357140
357302
357524
357546
357573
357588
357594
357613
357669
357710
357715
357960
357965
357997
358043
358058
358090
358092
358100
358123
358694
358964
358994
359019
359264
359278
359511
359671
359732
359756
359796
359881
359917
359926
360092
360120
360237
360268
360321
360373
360741
360952
361392
361540
361563
361631
361690
361776
361963
362026
362131
362242
362283
362372
362409
362545
362548
362559
362575
362596
362622
362672
362748
362995
363013
363259
363297
363379
363504
363507
364050
364157
364303
364442
364494
364620
364625
364730
364867
364883
364970
364988
365039
365140
365258
365414
365493
365498
365727
365928
366062
366068
366186
366227
366276
366319
366397
366562
366568
366636
366904
366953
366984
366988
366994
367328
367394
367446
367516
367517
367534
368102
368103
368238
368454
368629
368631
368756
369042
369362
369460
369503
369689
369720
369805
369851
369947
370085
370086
370466
370628
370634
371147
371275
371480
371510
371648
371736
371913
372012
372045
372067
372242
372289
372310
372442
372467
372769
372934
373054
373061
373309
373446
373791
373844
373995
374020
374247
374249
374549
374611
374654
374797
374800
374804
374809
374824
374895
375218
375324
375365
375486
375522
375675
375681
375721
375830
375904
376148
376153
376161
376193
376248
376306
376637
376766
376778
377526
377591
377645
377756
377779
377817
377983
378187
378225
378252
378323
378396
378510
378581
378660
378721
378727
378810
379115
379413
379624
379833
380043
380179
380394
380588
380731
381253
381270
381297
381305
381729
381855
381857
381890
381896
381992
382017
382281
382300
382541
382547
382739
382862
382939
383065
383076
383083
383126
383176
383272
383276
383305
383407
383410
383504
383659
383867
383940
383995
384178
384243
384271
384324
384327
384387
384483
384574
384853
385292
385346
385393
385403
385409
385465
385883
385939
386082
386121
386153
386299
386510
386543
386675
386754
386913
387009
387217
387232
387234
387391
387419
387490
387494
387516
387740
388092
388225
388546
388642
388652
388656
388865
388907
388927
388978
389084
389326
389359
389453
389624
389730
389805
390113
390153
390206
390220
390258
390347
390371
390487
390646
390666
390874
391004
391133
391152
391165
391255
391315
391401
391485
391515
391632
391805
391896
391969
392086
392297
392304
392376
392402
392459
392519
392537
392598
392639
392698
392787
392956
393068
393148
393224
393280
393316
393338
393392
393482
393513
393616
393688
393743
393858
393918
394246
394329
394657
394743
394864
394919
395093
395232
395274
395385
395484
395485
395685
395695
395709
395711
395819
395933
395971
395982
396253
396270
396368
396369
396467
396661
396858
396898
397079
397143
397391
397398
397423
397428
397463
397627
397628
397629
397641
397805
398009
398106
398185
398351
399120
399178
399387
399695
399738
399761
400001
400447
400474
400656
400664
400710
400916
401100
401160
401184
401469
401488
401496
401578
401727
401751
401784
401790
401854
401903
401940
402115
402222
402372
402615
402659
402693
402847
402983
403095
403179
403273
403316
403344
403572
403717
403767
403842
403857
404011
404192
404196
404217
404382
404612
404831
404969
405040
405173
405221
405262
405332
405362
405424
405537
405538
405621
405636
405647
405650
405797
405860
406134
406226
406257
406382
406422
406721
406754
407132
407213
407338
407449
407608
407716
407746
407768
407906
407976
408046
408212
408468
408564
408653
409100
409142
409148
409174
409201
409385
409633
409657
409682
409837
409970
410085
410141
410333
410538
410565
410755
410836
410842
411019
411048
411070
411135
411248
411315
411326
411495
411510
412014
412057
412116
412136
412253
412591
412645
412708
412747
413069
413091
413111
413193
413243
413249
413296
413369
413553
413555
413574
413691
413722
413768
413788
413808
413942
414097
414112
414117
414402
414435
414631
414748
414893
415101
415311
415326
415402
415430
415432
415567
415676
415698
415785
416019
416074
416145
416396
416546
416633
416679
416706
416732
416738
416881
416950
417041
417224
417262
417345
417491
417527
417711
417724
417736
417793
417964
417994
417996
418024
418236
418519
418573
418702
418742
418797
418821
418823
418835
418850
418868
418976
419030
419035
419065
419090
419261
419297
419376
419411
419441
419468
419475
419561
419591
419793
419822
419844
420343
420395
420433
420539
420617
420778
420894
421090
421173
421395
421404
421513
421620
421791
421801
421830
421946
421966
422036
422247
422274
422346
422413
422436
422453
422683
422748
422757
422767
423185
423288
423469
423470
423477
423664
423782
423867
423872
423969
424118
424171
424281
424371
424403
424419
424554
424586
424610
424694
424723
424788
424841
424865
425076
425131
425371
425550
425566
425638
425643
425809
426056
426176
426312
426464
426498
426704
426708
426715
426820
426983
427050
427107
427126
427163
427204
427330
427378
427416
427434
427547
427701
427702
427802
427806
427848
427861
427957
428039
428239
428253
428386
428408
428452
428495
428618
428722
428737
429085
429493
429528
429658
429850
430299
430343
430528
430537
430540
430598
430633
430699
430709
430721
430940
431006
431010
431020
431095
431224
431478
431484
431680
431717
432104
432266
432406
432573
432575
432705
432709
433144
433200
433307
433329
433435
433677
433771
433848
434143
434151
434248
434307
434355
434643
434730
434857
434863
435023
435151
435205
435328
435892
435959
436171
436544
436741
436787
436809
436907
437015
437174
437221
437316
437336
437354
437820
437902
437968
438846
438859
438901
439020
439051
439061
439237
439255
439441
439489
439600
439631
439767
439912
439978
440251
440628
440769
440961
441023
441193
441545
441563
441638
441749
441770
441811
441910
441919
442026
442071
442100
442457
442514
442663
442762
442794
442911
442932
443091
443137
443209
443348
443721
443727
443765
443844
443877
444004
444042
444057
444138
444192
444583
444733
444916
445063
445100
445214
445276
445359
445417
445459
445613
445863
445892
445895
445900
446073
446163
446314
446416
446470
446472
446489
446547
446625
446646
447184
447251
447286
447354
447533
447587
447772
447811
447846
448162
448202
448215
448384
448598
448669
448860
449030
449073
449209
449244
449259
449440
449607
449615
449910
450010
450052
450158
450179
450192
450223
450272
450329
450439
450460
450526
450573
450628
450672
450746
450790
450816
450851
450856
451051
451127
451307
451598
451705
451846
451875
451968
451979
452245
452268
452304
452632
452743
452791
452850
452871
453090
453114
453318
453381
453491
453595
453645
453716
453832
454236
454304
454330
454451
454786
454971
454978
455061
455065
455109
455286
455319
455356
455381
455530
455567
455586
455733
455735
455971
456027
456250
456296
456400
456473
456490
456511
456645
456735
456874
456933
456958
457142
457229
457237
457438
457812
457819
457935
458023
458117
458171
458320
458354
458529
458695
458813
458909
459079
459341
459433
459479
459947
460106
460126
460133
460233
460289
460355
460501
460600
460741
460976
461006
461081
461090
461170
461186
461202
461486
461616
461626
461785
461819
461847
461867
461977
462110
462412
462438
462771
462844
462859
463043
463342
463383
463392
463768
463770
463791
463830
464192
464339
464368
464420
464677
464789
465266
465333
465513
465697
465756
466075
466168
466182
466190
466212
466273
466278
466297
466319
466440
466456
466553
466943
467085
467153
467255
467372
467373
467704
467890
467898
467912
468013
468032
468067
468079
468136
468153
468169
468343
468460
468463
468467
468557
468818
468920
468942
468961
469181
469213
469256
469296
469408
469567
469821
469904
470041
470165
470224
470232
470513
470629
470840
470920
471119
471178
471322
471324
471329
471362
471497
471682
471722
471787
471886
471910
471916
472011
472258
472271
472287
472355
472397
472636
472719
472731
473148
473310
473430
473527
473566
473739
473758
473868
473893
473955
473978
474044
474181
474293
474336
474527
474787
474922
475016
475277
475399
475403
475506
475538
475648
475670
475718
476006
476012
476034
476037
476059
476353
476550
477092
477323
477363
477468
477627
477726
477928
477956
478125
478213
478333
478411
478443
478451
478515
478717
478788
479198
479256
479300
479403
479418
479489
479581
479604
479643
479722
479872
479953
479995
480027
480043
480263
480526
480662
480891
481010
481050
481250
481321
481574
481667
481742
482101
482177
482257
482313
482330
482388
482494
482655
482657
482666
482669
482772
482939
482948
483218
483596
483839
484135
484319
484345
484558
484661
484978
485067
485073
485295
485307
485422
485670
486005
486048
486080
486351
486913
486991
487020
487108
487296
487551
487616
487617
487900
487908
487965
488101
488172
488228
488328
488389
488487
488497
488638
488837
489049
489135
489192
489464
489535
489726
489749
489846
489931
490093
490155
490308
490651
490686
490900
491036
491055
491090
491113
491200
491221
491357
491468
491585
492016
492049
492113
492155
492240
492290
492335
492460
492503
492584
492596
492667
492792
492883
492916
492952
492963
493061
493069
493114
493182
493281
493367
493395
493497
493772
493798
493826
493990
494073
494132
494202
494377
494386
494415
494666
494965
495093
495297
495332
495413
495445
495494
495771
496034
496119
496198
496262
496531
496545
496564
496572
496791
496888
496901
496940
496957
497088
497423
497601
497987
498063
498088
498238
498323
498480
498515
498573
498589
498626
498720
498797
498800
498807
498940
499101
499173
499177
499389
499517
499595
499665
499794
499821
499928
500118
500220
500245
500268
500701
500878
500905
500961
501056
501078
501110
501297
501336
501441
501601
501663
501707
501760
501829
501854
501867
501970
502026
502194
502213
502269
502287
502301
502361
502362
502384
502453
502466
502665
502671
502728
502764
502851
502856
503031
503050
503113
503118
503158
503328
503388
503896
504056
504090
504506
504525
504544
504730
504770
504773
504790
504851
504874
505156
505193
505200
505359
505399
505401
505506
505905
506001
506191
506276
506484
506672
506758
506964
507085
507331
507410
507486
507493
507542
507726
507839
507845
507859
507880
507966
508007
508042
508175
508268
508518
508640
508676
508774
508817
508825
508926
509048
509098
509265
509483
509542
509610
509788
510118
510166
510191
510215
510521
510597
510633
510711
510747
510782
510789
510803
510816
510910
510920
510979
511401
511426
511458
511697
511732
511735
511743
511757
511777
511791
511884
512268
512340
512358
512360
512377
512422
512481
512522
512673
512753
512796
512801
512815
512864
512878
512914
512920
512932
513429
513436
513473
513524
513647
513926
514021
514048
514129
514135
514147
514562
514571
514585
514870
514881
515039
515188
515252
515313
515386
515391
515520
515581
515676
515815
515839
515929
515937
515968
516071
516189
516319
516336
516936
517182
517241
517444
517468
517553
517655
517679
517766
517767
517792
517915
517920
518004
518202
518231
518270
518316
518543
518668
518817
518863
518873
518957
519105
519161
519370
519416
519461
519488
519548
519657
519672
520094
520228
520325
520393
520401
520424
520464
520510
520567
520628
520708
520755
520865
521103
521266
521267
521283
521290
521315
521378
521405
521463
521498
521663
521833
521897
522009
522232
522540
522559
522619
522736
522993
523113
523128
523403
523570
523634
523710
523779
523926
523998
524190
524426
524658
524812
524910
525165
525190
525228
525238
525304
525305
525459
525525
525577
525768
525930
525986
526054
526058
526445
526449
526513
526802
526833
526854
526967
526981
527033
527078
527316
527355
527374
527388
527577
527609
527647
527896
527907
527913
527949
527976
528075
528093
528132
528159
528508
528526
528596
528698
528857
528885
528936
528968
529029
529106
529487
529546
529604
529632
529652
529816
529867
529968
530174
530184
530269
530371
530402
530429
530435
530548
530687
530893
531054
531306
531352
531458
531539
531602
531615
531628
531805
532039
532143
532181
532182
532189
532256
532304
532409
532631
532840
533014
533025
533079
533293
533378
533641
533686
533797
533819
534002
534003
534110
534161
534191
534265
534277
534407
534416
534465
534609
534767
534952
534953
535019
535023
535121
535154
535176
535189
535216
535284
535316
535403
535515
535526
535604
535710
535820
535844
535938
536008
536018
536105
536113
536223
536415
536632
537079
537184
537324
537488
537495
537514
537716
538127
538164
538268
538303
538577
538595
538695
538818
539028
539374
539445
539484
539527
539663
539826
539923
539957
539998
540051
540115
540279
540323
540557
540573
540575
540632
540675
540738
540856
540942
541090
541222
541466
541658
541679
541747
541880
541923
541959
542033
542080
542479
542630
542644
542813
542892
542951
543016
543047
543191
543204
543355
543367
543436
543697
543919
544158
544299
544434
544455
544510
544576
544617
544655
544694
544701
544805
544898
545078
545083
545324
545428
545663
545686
545705
545761
545799
545869
546447
546587
546776
546960
547181
547238
547264
547326
547519
547524
547584
547662
547707
547728
547750
547796
547856
547936
547996
548074
548115
548131
548174
548234
548291
548377
548499
548563
548774
548853
548884
548924
548994
549079
549105
549249
549374
549394
549404
549625
549641
549642
549651
549787
549825
549842
549933
550093
550140
550175
550391
550517
550538
550681
550694
550769
550801
550805
551081
551132
551192
551314
551354
551514
551596
551901
552118
552255
552489
552588
552928
553018
553064
553113
553177
553210
553244
553256
553298
553452
553465
553758
553882
554130
554155
554265
554387
554563
554601
554617
554905
555018
555025
555079
555153
555202
555290
555388
555407
555412
555413
555427
555458
555503
555554
555784
555812
555834
555903
555911
556079
556186
556262
556390
556718
556778
557015
557307
557334
557389
557417
557451
557531
557572
557644
557740
558016
558303
558329
558447
558505
558521
558652
558845
558870
559365
559550
559848
559900
560017
560018
560065
560171
560179
560210
560234
560368
560544
560561
560648
560798
560909
561133
561167
561224
561278
561296
561346
561883
561892
562111
562154
562180
562258
562274
562382
562394
562409
562572
562578
562594
562643
562780
562908
562970
562987
563113
563305
563451
563601
563762
563800
563961
563987
564219
564225
564347
564381
564714
564761
564829
565001
565068
565186
565274
565366
565517
565595
565669
565950
566004
566014
566034
566067
566100
566235
566421
566428
566469
566509
566608
566738
566836
566855
566885
566911
566974
567202
567222
567504
567506
567511
567569
567573
567740
567901
567996
568047
568097
568122
568126
568231
568249
568312
568513
568587
568614
568627
568683
568784
568809
569043
569080
569157
569208
569229
569284
569396
569524
569550
569735
569787
569914
570081
570352
570380
570404
570443
570533
570558
570957
571080
571085
571504
571549
571552
571555
571731
571855
571945
572007
572046
572243
572309
572319
572421
572710
572776
572921
572948
572995
573011
573019
573063
573115
573219
573358
573448
573490
573543
573617
573736
573761
573886
573893
573990
574164
574184
574302
574512
574805
574839
574972
574993
575028
575141
575219
575497
576064
576160
576531
576555
576671
576890
577181
577287
577358
577402
577422
577601
577603
577908
578143
578253
578288
578545
578829
578927
578937
578961
578997
579440
579567
579710
579727
579745
579994
580213
580222
580635
580674
581011
581091
581342
581542
581584
581605
581676
581846
581917
581953
581981
582147
582195
582211
582423
582557
582568
582640
582808
582855
582866
583255
583745
583929
584024
584037
584085
584120
584243
584333
584687
584732
584733
584801
584939
585027
585068
585141
585195
585308
585612
585806
585911
586114
586299
586649
586673
587103
587164
587255
587392
587419
587430
587617
587619
587884
588065
588183
588233
588237
588305
588643
588845
588891
589056
589105
589215
589232
589299
589320
589356
589375
589413
589443
589754
590082
590245
590386
590426
590558
590630
590693
590785
590926
590948
590967
591257
591268
591360
591845
591864
591872
591914
591968
591986
592121
592563
592660
593596
593714
593956
594323
594387
594434
594525
594614
594760
594900
594904
595054
595289
595301
595332
595411
595559
595581
595664
595737
595803
595843
595872
595881
596008
596131
596141
596275
596315
596458
596486
596526
596597
596601
596671
596694
596709
596725
596794
596812
597168
597311
597432
597483
597497
597564
597640
597764
597767
597991
598666
599064
599189
599196
599241
599330
599369
599797
599862
600050
600088
600160
600167
600197
600210
600497
600945
601077
601095
601220
601305
601455
601507
601635
601737
601754
601788
601820
601860
601972
601973
602152
602275
602314
602372
602437
602487
602589
602684
602725
602749
602797
602937
603125
603144
603312
603322
603348
603437
603698
603875
603906
603919
604283
604451
604539
604555
604668
604713
604748
604817
604862
605284
605558
605830
605882
606460
606551
606715
606800
606804
606814
606852
607166
607216
607293
607310
607422
607550
607553
607562
607616
607664
607687
607834
608017
608106
608109
608119
608131
608377
608502
608778
608823
608843
609082
609198
609250
609264
609605
609631
609654
609725
609759
609775
609867
609903
609908
610154
610168
610273
610348
610465
610757
610828
610836
610889
610900
610910
610955
611046
611099
611133
611134
611205
611423
611599
611775
611898
612033
612040
612255
612597
612630
612933
612943
613012
613157
613326
613341
613386
613408
613428
613575
613631
613710
613765
613908
613981
614016
614036
614472
614486
614661
614838
614892
615217
615251
615334
615401
615454
615610
615740
615901
616042
616100
616181
616265
616545
616581
616591
616736
616879
616882
616989
617088
617123
617189
617217
617227
617379
617407
617557
617618
617645
617676
617818
617829
617899
618032
618090
618140
618294
618434
618527
618543
618565
618567
618838
618943
618973
619145
619281
619312
619417
619650
619673
619767
619847
620005
620170
620535
620560
620631
620666
620742
620914
621023
621056
621080
621086
621267
621297
621607
621628
621725
621732
621841
621886
621890
621910
621958
622061
622185
622210
622433
622453
622478
622545
622550
622578
622730
622745
622761
622789
622872
622898
622901
622975
623121
623290
623334
623518
623690
623752
623803
623836
623842
623853
623860
623897
623929
623933
624213
624232
624348
624367
624590
624612
624674
624696
624770
624829
624850
624893
624916
624967
625023
625077
625167
625168
625282
625313
625350
625375
625660
625698
625774
625869
626022
626035
626076
626158
626266
626330
626342
626400
626409
626526
626595
626618
626631
626841
627114
627335
627413
627455
627565
627575
627577
627613
627703
627773
627812
627868
627955
628006
628015
628096
628195
628372
628425
628507
628540
628554
628586
628718
628737
628924
628995
629016
629056
629092
629118
629167
629173
629263
629318
629362
629373
629381
629389
629505
629588
629694
629721
629905
630183
630348
630372
630609
630658
630729
630888
631076
631465
631475
631541
631675
631768
631789
631816
631840
631860
631922
632058
632075
632099
632107
632251
632260
632463
632694
632716
632801
632850
632913
632957
632960
633049
633214
633223
633726
633881
634068
634165
634311
634421
634523
634587
634712
634763
634855
634975
634980
635031
635055
635198
635283
635339
635375
635477
635699
636443
636505
636687
636800
636805
636999
637018
637038
637104
637150
637175
637464
637629
637784
637841
637892
638029
638065
638095
638196
638208
638272
638348
638376
638543
638618
639160
639253
639471
639731
639924
640040
640069
640073
640260
640490
640590
640660
640782
640810
640855
641010
641029
641148
641264
641378
641449
641589
641617
641665
641697
642030
642034
642065
642164
642262
642539
642596
642626
642640
642655
642722
642980
643097
643101
643162
643556
643695
644000
644004
644049
644059
644063
644089
644094
644109
644155
644305
644459
644571
644572
644804
644810
644854
644858
644936
645029
645045
645104
645256
645511
645622
645629
645699
645745
646218
646545
646572
646602
646804
646948
647098
647295
647478
647488
647578
647669
647690
647718
647779
647782
647795
647849
647862
647958
647964
647973
647979
647992
648010
648321
648327
648372
648373
648375
648405
648658
648727
648765
648806
648910
648939
649254
649403
649547
649579
649601
649696
649724
649916
650108
650207
650288
650398
650532
650626
650702
650850
650932
651047
651260
651564
651739
652032
652137
652234
652369
652427
652459
652512
652534
652833
652926
653025
653105
653179
653191
653206
653485
653555
653601
653703
653742
653753
653766
653770
653859
653871
654016
654146
654150
654218
654293
654391
654427
654461
654604
654730
655067
655097
655165
655274
655411
655452
655586
655623
655638
655670
655718
655822
655924
656197
656299
656335
656338
656535
656569
656678
656951
657123
657154
657262
657288
657341
657365
657372
657428
657472
657657
657750
657792
657821
657845
657864
657907
658183
658307
658491
658525
658571
658630
658650
658663
658664
659010
659036
659070
659183
659198
659289
659905
659921
659932
659986
660052
660080
660146
660238
660448
660468
660480
660485
660524
660527
660645
660657
660740
660749
660889
660997
661013
661210
661269
661479
661670
661780
661836
661900
661952
661975
662066
662136
662335
662582
662651
662678
662786
662844
662846
662854
662948
663225
663472
663615
663709
663731
663957
664002
664014
664257
664689
664722
664748
664897
664899
664931
664934
664957
664986
665100
665179
665210
665284
665372
665434
665660
665767
665809
665977
666005
666229
666293
666383
666585
666631
666674
666748
666790
666793
666800
666959
667078
667084
667126
667341
667394
667416
667536
667739
667747
667797
667964
668046
668081
668114
668128
668185
668229
668429
668515
668715
668773
668841
668916
669002
669249
669252
669502
669608
669720
669773
669884
670116
670284
670355
670407
670566
670838
670886
671217
671499
671592
671701
671876
671936
671972
671979
672082
672210
672400
672559
672630
672660
672859
672885
672994
673099
673150
673179
673181
673227
673300
673316
673386
673693
673817
673849
673867
673951
674029
674264
674359
674387
674469
674785
674828
674917
674968
675029
675239
675351
675519
675841
676024
676034
676105
676125
676132
676147
676164
676173
676472
676571
677170
677218
677653
677900
677957
678207
678276
678306
678615
678817
679317
679330
679464
679470
679558
679835
679897
679910
679914
679925
680014
680077
680158
680349
680423
680595
680615
680781
680826
680914
680936
681308
681395
681548
681556
681586
681624
681860
682021
682264
682695
682837
682871
683021
683046
683094
683460
683462
683467
683691
683770
683886
683949
684092
684241
684314
684334
684369
684582
684709
684791
684942
685004
685260
685419
685538
685552
685849
685858
685880
685908
685925
686074
686079
686173
686212
686239
686456
686590
686603
686615
686704
687254
687279
687448
687683
687700
687705
687958
687975
688024
688075
688097
688157
688202
688450
688626
688644
688646
688666
688773
688779
689192
689287
689319
689445
689516
689585
689606
689862
689880
689951
689967
690087
690327
690374
690395
690625
690645
690658
690701
691102
691210
691283
691370
691422
691467
691515
691618
691666
691725
691765
691953
692272
692431
692452
692504
692583
692767
693003
693155
693204
693218
693259
693295
693300
693428
693475
693482
693555
693623
693627
693636
693654
693697
693712
693717
693773
693814
693869
693873
693914
694040
694364
694474
694511
694675
694768
694822
694921
694933
694984
695207
695227
695382
695522
695756
695965
696010
696155
696928
696958
697047
697175
697277
697356
697435
697585
697620
697636
697747
697765
697919
697936
697954
697983
698168
698173
698264
698319
698323
698336
698448
698461
698535
698618
698648
699000
699040
699197
699307
699317
699361
699571
699777
699790
699839
699881
699923
700012
700283
700448
700491
700542
700563
700643
700666
700803
700827
700844
700962
701044
701072
701120
701199
701350
701386
701391
701478
701736
701924
701956
701957
701968
702114
702132
702262
702293
702326
702499
702532
702612
702896
702899
702974
703052
703074
703233
703426
703532
704074
704140
704403
704466
704472
704761
704882
704905
704994
705146
705178
705237
705244
705248
705252
705254
705351
705425
705442
705452
705539
705556
705571
705637
705645
705708
705763
705817
705856
705876
706230
706235
706482
706544
706606
706885
706999
707019
707303
707411
707473
707551
707556
707624
707704
707908
708004
708062
708164
708223
708273
708474
708536
708589
708879
709199
709229
709342
709491
709500
709646
709851
710017
710021
710063
710201
710209
710336
710543
710579
710644
710678
710773
710775
710906
710958
710982
710992
711083
711321
711395
711558
711667
711716
711822
711825
711839
711881
712141
712267
712300
712587
712986
713122
713185
713240
713256
713347
713454
713894
714002
714025
714041
714092
714176
714352
714399
714522
714728
714744
714782
714800
715036
715137
715318
715413
715420
715538
715587
715590
715610
715787
715818
715850
715888
715940
715944
716085
716111
716223
716600
716708
716714
716744
716760
716787
716840
716933
716984
717177
717271
717282
717299
717330
717331
717396
717490
717506
717634
717716
717727
717770
717858
717876
718235
718363
718367
718375
718377
718640
718655
718689
718819
718829
719009
719032
719072
719197
719228
719298
719405
719433
719441
719561
719582
719739
719806
719823
719895
720032
720186
720210
720275
720605
720635
720744
720776
720832
720909
720931
721027
721193
721225
721254
721309
721330
721423
721498
721502
721592
721707
721877
722021
722028
722124
722163
722221
722227
722581
722676
722721
722773
722932
722939
723026
723135
723215
723304
723474
723589
723644
723832
723892
723928
723950
724166
724170
724181
724260
724309
724327
724366
724407
724432
724598
724607
724681
724887
725026
725168
725316
725643
725644
725656
725947
726106
726214
726425
726540
726697
726708
726835
726915
727042
727114
727225
727307
727313
727329
727452
727456
727694
727785
727819
727871
728095
728372
728797
728817
728905
728975
729110
729124
729371
729376
729471
729522
729543
729579
729601
729650
729856
729874
730149
730202
730284
730289
730464
730485
730706
730757
731107
731174
731407
731430
731549
731574
731836
731895
731910
731981
732113
732185
732237
732303
732347
732653
732887
733080
733109
733157
733325
733408
733610
733854
733956
733968
734079
734096
734120
734140
734154
734175
734413
734509
734569
734698
734821
734878
734884
735067
735146
735220
735305
735353
735413
735503
735562
735636
735652
735666
735700
735784
735803
736016
736017
736108
736194
736366
736383
736472
736623
736646
736720
736845
736858
736890
736975
737065
737170
737204
737348
737636
737660
738029
738086
738114
738297
738337
738371
738398
738547
738624
738683
739075
739102
739115
739318
739542
739743
739779
739797
739838
740011
740052
740143
740202
740306
740779
740840
740855
741090
741172
741352
741395
741499
741551
741581
741695
741731
741751
741801
741961
741997
742097
742135
742170
742273
742341
742423
742514
742574
742607
742674
742808
742962
743099
743245
743247
743348
743376
743418
743455
743563
743706
743802
743819
743930
743939
743995
743998
744039
744101
744264
744283
744446
744500
744544
744853
744891
745004
745228
745300
745302
745415
745541
745590
745717
745946
746014
746066
746095
746163
746198
746371
746568
746601
746723
746745
746852
746900
747165
747264
747485
747500
747517
747549
747783
747871
747896
747965
748088
748122
748325
748423
748497
748518
748533
748660
748686
748799
748920
749031
749153
749206
749575
749590
749637
749672
749736
749768
749909
749929
750239
750350
750441
750553
750587
750611
750694
750702
750836
751109
751114
751162
751185
751253
751482
751598
751905
752329
752432
752461
752739
752798
752802
753029
753266
753295
753369
753403
753437
753461
753576
754100
754158
754311
754337
754402
754412
754484
754657
754706
754788
755046
755227
755251
755437
755475
755778
755959
756004
756007
756125
756149
756338
756523
756572
756676
756776
756938
756963
757068
757074
757367
757373
757811
757852
757969
758009
758106
758331
758452
758482
758589
758634
758724
758779
758902
758935
759070
759289
759360
759465
759561
759852
759947
759950
760082
760198
760206
760341
760391
760406
760523
760541
760915
761071
761123
761282
761356
761636
761643
761827
761877
762065
762180
762267
762326
762361
762460
762510
762672
762838
762856
762964
762971
763266
763291
763321
763602
763611
763695
763826
763850
764044
764081
764317
764371
764778
764816
764878
764915
764933
765224
765273
765418
765479
765661
765868
765928
765949
766016
766053
766159
766377
766458
766497
766635
766748
766774
766802
766831
767003
767138
767182
767347
767398
767566
767675
767745
767803
767893
767931
768064
768110
768111
768331
768389
768549
768624
768708
768725
768903
768929
768949
769028
769060
769135
769149
769163
769269
769561
769602
769623
769637
769666
769915
769933
769958
770280
770367
770373
770505
770640
770823
771078
771236
771414
771421
771440
771465
771518
771606
771774
771779
771823
771949
772067
772126
772172
772233
772238
772317
772332
772360
772365
772491
772492
772749
773155
773340
773571
773573
773645
773701
773807
773967
774064
774113
774125
774201
774401
774413
774478
774618
774705
774780
774877
774973
775087
775251
775364
775598
775633
775896
776095
776221
776234
776251
776385
776499
776803
776809
776819
776853
777027
777056
777253
777361
777375
777388
777433
777473
777790
777974
778070
778078
778194
778262
778327
778330
778569
778615
778619
778684
778935
779009
779039
779097
779168
779338
779445
779458
779472
779516
779517
779669
779713
779720
779976
780154
780177
780284
780353
780399
780489
780495
780650
780673
780781
780832
780884
780935
781233
781409
781416
781512
781590
781704
781719
781937
782059
782491
782622
783184
783210
783292
783304
783533
783562
783598
783790
783877
783911
784012
784081
784175
784237
784349
784506
784680
784717
784893
785024
785055
785057
785075
785118
785192
785202
785208
785225
785273
785632
785661
785829
785939
786646
786656
786678
786798
786921
787297
787423
787493
787612
787614
787646
787755
787793
788107
788137
788158
788174
788259
788278
788600
788637
788903
788910
788968
788980
789045
789122
789125
789143
789201
789218
789269
789278
789445
789513
789527
789722
790066
790166
790192
790411
790714
790804
790829
790863
791015
791100
791195
791210
791260
791396
791410
791579
791599
791669
791786
791946
791968
792084
792122
792130
792167
792284
792287
792449
792502
792664
792774
792789
792848
793218
793309
793391
793449
793482
793497
793508
793908
794304
794478
794560
794705
794715
794807
795062
795248
795402
795544
795553
795824
795842
795922
796016
796260
796301
796319
796380
796463
796725
796868
796914
797154
797354
797376
797413
797440
797458
797697
797774
797787
797915
797952
797996
798178
798290
798323
798451
798468
798745
798781
799178
799202
799270
799409
799414
799470
799594
799641
799645
799741
799742
799763
799808
799818
799824
799962
799987
800171
800215
800223
800468
800643
800701
800737
800809
800959
801227
801254
801273
801300
801548
801651
801666
801710
801742
801816
802331
802648
802737
802812
802935
803004
803141
803193
803206
803227
803642
803685
803978
804058
804207
804259
804316
804409
804479
804488
804572
804643
804844
804862
804960
804973
805082
805218
805283
805450
805568
805850
805912
805928
805964
806030
806055
806102
806197
806255
806394
806409
806747
806764
806812
806929
807041
807062
807069
807328
807372
807640
807660
807670
807777
807779
807788
807915
808130
808192
808209
808399
808561
808564
808631
808671
808743
808828
808916
808969
808984
809053
809929
809965
810114
810142
810157
810184
810188
810423
810468
810594
810598
810641
810675
810796
810821
811001
811107
811110
811124
811272
811313
811581
811798
811833
811911
812093
812147
812149
812282
812288
812305
812314
812445
812452
812457
812508
812612
813130
813176
813277
813314
813424
813447
813535
813626
813683
814234
814260
814338
814578
814594
814632
814664
814735
814801
814817
814966
815010
815025
815101
815157
815190
815353
815355
815403
815495
815602
815666
815735
815757
815999
816054
816104
816157
816277
816434
816501
816622
816772
816883
816940
816956
817102
817223
817244
817356
817389
817396
817676
817934
817973
818133
818218
818239
818255
818365
818433
818495
818505
818864
819427
819431
819440
819461
819693
819840
819875
819896
819937
820187
820245
820302
820308
820324
820506
820599
820605
820668
820774
820865
820882
821054
821079
821149
821179
821421
821492
821583
821620
821665
821747
821759
821866
822111
822172
822245
822291
822519
822581
822637
822721
822755
822853
823017
823080
823321
823392
823514
823717
823732
823829
823839
823840
824100
824310
824451
824490
824522
824625
824798
824818
825142
825316
825412
825674
825898
825986
826048
826189
826259
826344
826395
826486
826618
826621
826890
826892
827078
827099
827241
827260
827570
827616
827705
827834
828170
828237
828379
828418
828515
828598
828645
828669
828733
828964
828969
828994
829047
829301
829339
829444
829612
829737
829820
830084
830139
830181
830182
830261
830263
830293
830316
830333
830536
830651
830696
831003
831042
831060
831122
831125
831181
831260
831268
831345
831383
831543
831546
831816
832061
832104
832243
832600
832606
832868
832981
833085
833098
833154
833262
833311
833385
833591
833646
833695
833820
833824
833869
833954
833955
834080
834131
834134
834297
834436
834472
834677
834710
835105
835232
835343
835359
835542
835607
835642
835712
835852
835883
835968
836028
836050
836136
836272
836283
836583
836627
836644
836720
836905
837010
837065
837116
837348
837370
837460
837541
837644
837667
837755
837905
837961
837984
838000
838261
838303
838388
838462
838482
838559
838618
838705
838764
838821
838954
838972
838980
839073
839229
839297
839383
839405
839433
839461
839493
839816
839873
839883
839885
839889
839961
840021
840361
840362
840401
840429
840474
840558
840733
840838
840865
840934
841069
841135
841222
841488
841540
841555
841652
841720
841974
842066
842142
842163
842214
842249
842497
842599
842717
842987
843064
843148
843218
843499
843586
843770
843820
844076
844327
844357
844435
844584
844604
844728
844754
844792
844806
844936
845134
845278
845466
845486
845502
845622
845672
845763
845857
845938
846206
846425
846426
846442
846466
846516
846536
846537
846546
846609
846670
846942
847051
847194
847260
847514
847668
847760
847761
847946
847970
848046
848050
848171
848203
848204
848219
848280
848328
848356
848453
848789
848793
848833
849048
849261
849493
849620
849643
849733
849895
849919
850091
850167
850423
850716
850724
850725
850744
850788
851218
851239
851277
851290
851349
851463
851486
851753
851766
851998
852047
852071
852118
852133
852161
852444
852482
852490
852534
852657
852796
852812
853055
853150
853235
853420
853455
853616
853693
853770
853776
853805
853921
854011
854101
854209
854554
854587
854599
854701
854706
854806
855205
855209
855271
855278
855328
855520
855593
855750
855774
855813
856078
856112
856131
856208
856286
856358
856442
856648
856665
856705
856802
856834
856901
856924
856972
857114
857261
857301
857478
857670
857712
858035
858044
858104
858113
858457
858462
858556
858572
858575
858859
858860
858872
859174
859238
859249
859304
859314
859606
859640
859673
860152
860410
860597
860610
860614
860671
860705
860747
860821
861408
861487
861589
861742
861901
862117
862327
862563
862736
862768
862815
862818
862836
862912
863021
863125
863179
863244
863376
863423
863496
863588
863765
863782
863797
863804
863831
863947
863992
864121
864249
864330
864339
864651
864670
864732
864842
864857
865410
865563
865615
865761
865941
865951
865972
866036
866118
866339
866382
866518
866557
866586
866607
866614
866668
866732
866735
866934
867047
867090
867222
867283
867690
867735
867820
867881
867883
867947
867999
868060
868126
868241
868424
868461
868670
868730
868872
868928
869124
869157
869243
869379
869419
869534
869548
869629
869897
869992
870007
870150
870224
870323
870347
870412
870577
870729
870774
870813
870880
870903
871029
871066
871189
871376
871377
871386
871465
871480
871556
871657
872126
872131
872174
872175
872286
872358
872407
872414
872443
872457
872604
872710
872745
872883
872963
872987
873035
873123
873165
873217
873328
873334
873366
873401
873576
873877
873922
873967
874030
874059
874064
874135
874232
874349
874433
874557
874581
874635
874642
874678
874723
874725
874925
875175
875288
875568
876040
876110
876157
876335
876571
876665
876681
876689
876698
876821
876859
876928
876975
876976
877244
877254
877442
877443
877545
877634
877635
877644
877749
877753
877814
877872
877933
878075
878199
878246
878336
878406
878715
878896
879062
879076
879080
879102
879137
879153
879366
879376
879380
879500
879590
879591
879643
879701
879747
879821
879857
879865
880078
880087
880117
880206
880287
880404
880441
880492
880521
880537
880549
880618
880728
880942
880948
881001
881160
881350
881422
881579
881596
881604
881797
881841
881848
881861
881875
882139
882300
882374
882536
882610
882748
882807
882893
882983
883062
883143
883220
883348
883471
883514
883610
883620
883621
883699
883742
883770
883774
883961
883963
883966
883999
884207
884483
884498
884666
884731
884785
884789
884838
884889
885475
885731
885737
885906
885907
886048
886116
886159
886180
886480
886629
886635
886789
886862
887042
887135
887267
887309
887465
887475
887508
887640
887657
887855
888024
888057
888098
888156
888222
888323
888341
888373
888778
888833
888840
888844
888895
889132
889154
889337
889747
889840
889999
890118
890166
890300
890624
890879
890898
890949
891012
891046
891129
891237
891256
891745
891817
891850
891880
891912
892044
892110
892182
892272
892343
892492
892531
892569
892572
892585
892910
892987
893042
893513
893533
893745
893850
894142
894275
894390
894503
894540
894614
894633
894679
895068
895261
895314
895510
895824
895858
896095
896299
896464
896565
896767
896797
896990
897068
897151
897223
897302
897431
897446
897593
897709
897800
898064
898072
898116
898361
898391
898449
898522
898612
898645
898661
898708
898838
899267
899286
899366
899386
899455
899506
899681
899717
899802
900006
900118
900205
900225
900300
900314
900322
900383
900499
900510
900715
900780
900788
900982
901045
901072
901073
901089
901130
901315
901408
901413
901477
901500
901717
901741
901748
901801
901831
901986
902054
902272
902398
902568
902725
902814
902859
902909
902951
902970
902987
903047
903132
903397
903411
903504
903554
903580
903793
903890
904175
904207
904228
904368
904394
904599
904673
904693
904723
904740
904748
904969
905066
905306
905366
905389
905508
905684
905690
905785
905805
905983
906002
906004
906046
906199
906501
906547
906669
906731
906921
906940
906960
907006
907043
907114
907206
907214
907253
907363
907465
907476
907534
907749
907947
907948
908365
908385
908558
908782
908872
909000
909161
909576
909650
909666
909819
909934
909942
910121
910182
910231
910250
910445
910515
910528
910633
910681
910766
910902
911048
911164
911251
911382
911384
911424
911547
911548
911553
911562
911601
911783
911837
911864
911912
911967
912158
912179
912413
912711
912801
912934
913049
913085
913150
913429
913441
913537
913605
913851
913943
914071
914249
914265
914388
914424
914500
914659
914994
915045
915054
915086
915311
915354
915604
915849
915879
915883
915960
916185
916703
916988
917206
917401
917430
917540
917581
917608
917749
917770
917772
917897
917957
918044
918060
918134
918199
918216
918352
918370
918443
918448
918525
918707
918776
918797
918863
918952
919027
919067
919265
919270
919368
919391
919461
919588
919609
919676
919723
919763
919778
919841
919854
919942
920004
920047
920124
920164
920308
920660
920682
920693
920824
920950
920956
920973
921012
921052
921089
921191
921195
921202
921260
921298
921353
921455
921551
921810
921811
921842
922176
922290
922441
922524
922547
922576
922634
922778
922779
922847
922927
923036
923089
923276
923318
923342
923354
923693
923824
923873
923874
923919
923928
923949
924134
924443
924521
924551
924599
924648
924724
924944
925139
925189
925190
925259
925470
925618
925679
925729
925888
925896
925965
925992
926198
926230
926272
926595
926614
926639
927051
927160
927353
927443
927641
927770
927903
927905
927915
928099
928191
928267
928312
928527
928998
929232
929308
929355
929436
929453
929653
929681
929686
929750
929987
930133
930285
930397
930441
930485
930546
930747
930784
930883
931078
931239
931391
931646
931740
932103
932127
932164
932240
932479
932495
932678
933003
933191
933209
933489
933506
933540
933547
933658
933663
933890
933933
933988
934092
934232
934258
934270
934320
934434
934630
934719
934773
934803
934830
934848
934868
935065
935165
935175
935227
935236
935370
935390
935403
936053
936090
936173
936253
936433
936511
936611
936640
936791
937061
937209
937286
937371
937532
937646
937980
938072
938112
938394
938398
938432
938499
938513
938782
938866
939229
939304
939307
939670
939684
939740
939772
939835
939943
940006
940016
940018
940054
940123
940168
940218
940556
940816
940867
940934
941070
941170
941258
941259
941282
941483
941498
941648
941668
941735
941903
941910
941999
942045
942154
942312
942356
942419
942553
942711
942868
943055
943126
943228
943426
943584
943681
943823
943835
943854
944020
944094
944100
944164
944294
944530
944612
944691
944765
945025
945085
945091
945132
945489
945717
945722
945868
945930
945942
945945
945980
945982
946105
946196
946330
946340
946431
946435
946549
946737
946771
946927
946969
947107
947129
947158
947180
947291
947387
947424
947444
947566
947681
948216
948284
948420
948583
948607
948702
948834
948919
948987
949063
949112
949133
949282
949368
949781
949806
949834
950043
950092
950101
950151
950183
950474
950476
950527
950801
951064
951147
951306
951483
951561
951592
951632
951693
951939
951969
951979
952334
952656
952798
952824
953236
953248
953270
953316
953340
953366
953395
953400
953498
953804
954001
954533
954867
954874
954879
954913
954935
954943
955026
955033
955060
955150
955278
955294
955621
955622
955723
955822
955953
956547
956609
956638
956813
956892
956943
956975
957068
957070
957118
957149
957207
957239
957392
957530
957592
957654
957689
957752
957767
957781
957847
958123
958166
958412
958457
958464
958621
958766
958948
958978
959029
959041
959073
959092
959215
959267
959288
959299
959630
959731
959789
959898
960151
960235
960457
960598
960731
961110
961128
961253
961496
961522
961545
961680
961742
961790
961856
961929
962070
962187
962204
962234
962256
962264
962321
962389
962751
962790
962801
963084
963260
963271
963372
963420
963480
963482
963522
963756
963814
964077
964087
964265
964402
964524
964750
964867
964968
965340
965352
965488
965590
965817
965963
966022
966043
966053
966087
966176
966249
966287
966359
966374
966396
966505
966506
966530
966643
967074
967163
967255
967400
967473
967718
967733
967759
967787
967815
967912
967929
967954
968137
968153
968182
968185
968196
968254
968390
968395
968402
968464
968537
968655
968710
968729
968782
968827
968961
969115
969120
969216
969309
969468
969720
969937
970123
970161
970162
970247
970344
970374
970468
970623
970725
970951
970970
971362
971660
971846
971849
971863
971980
972134
972175
972204
972246
972309
972400
972620
972631
972897
972991
973041
973161
973213
973258
973365
973417
973460
973711
973791
973825
974010
974024
974128
974529
975113
975153
975174
975232
975350
975512
975561
975573
975603
975610
975908
975987
976146
976294
976541
976543
976665
976672
976767
976778
976893
976908
977104
977117
977162
977183
977208
977236
977280
977365
977873
977911
977920
977950
977953
978100
978406
978439
978567
978582
978619
978663
978714
978755
979104
979157
979172
979219
979236
979346
979560
979709
979738
979900
979913
980312
980366
980721
980757
980967
981005
981110
981211
981272
981414
981660
981729
981976
982021
982027
982041
982064
982081
982092
982142
982157
982307
982338
982346
982413
982460
982541
982560
982579
982672
982722
982749
982789
982796
982807
982933
982977
982999
983002
983003
983194
983304
983383
983533
983612
983644
983843
984019
984249
984528
984707
984819
984915
985250
985312
985436
985674
985701
985740
985759
985790
986137
986401
986446
986528
986703
986751
986811
986842
986921
986923
986939
987193
987236
987420
987835
987880
987920
987924
988186
988277
988357
988375
988384
988401
988407
988462
988544
988676
988817
988832
988836
989128
989218
989258
989365
989569
989578
989798
989921
990012
990020
990125
990133
990138
990142
990659
990698
990928
991011
991074
991140
991508
991857
991932
992360
992400
992498
992555
992598
992687
992740
992949
993022
993037
993044
993174
993272
993748
993889
994026
994035
994238
994393
994553
994736
994943
994979
995103
995125
995165
995225
995307
995367
995491
995549
995606
995648
996174
996495
996639
996662
996814
996882
996943
996983
997162
997311
997399
997445
997960
997999
998070
998292
998352
998492
998612
998691
998982
999110
999112
999183
999311
999471
999484
999506
999550
999575
999581
999677
999723
999782
999858
999910
