485
492
503
659
709
744
866
1000
1186
1291
1384
1481
1588
1796
1856
1933
2125
2296
2322
2502
2532
2562
2612
2728
2841
2918
3165
3296
3363
3410
3557
3754
3762
3813
3827
3952
4006
4035
4332
4356
4668
4953
5344
5365
5611
5639
5681
5829
5914
6013
6088
6119
6126
6198
6239
6329
6349
6417
6470
6939
6942
7088
7147
7285
7455
7494
7566
7740
7974
8007
8060
8071
8079
8110
8310
8449
8477
8614
8702
8878
9004
9172
9203
9218
9309
9571
9579
9591
9741
9887
9907
10192
10206
10237
10318
10381
10589
10637
10669
10676
10834
10900
10906
10917
10951
11064
11136
11260
11267
11577
11858
11921
11991
12005
12300
12410
12463
12555
12597
12667
13084
13408
13852
13916
13950
14053
14149
14154
14181
14193
14363
14420
14434
14522
14552
14632
14687
14785
15067
15127
15182
15480
15514
15563
15614
15791
15823
15860
15910
16113
16139
16196
16211
16241
16362
16500
16513
16651
16656
16659
16667
16934
16981
17112
17202
17400
17455
17625
17884
18038
18314
18499
18620
18700
18840
19001
19162
19169
19233
19503
19508
19586
19813
19986
20059
20074
20242
20255
20593
20598
20800
20960
21018
21145
21158
21210
21220
21224
21272
21586
21817
21899
21964
22090
22091
22097
22187
22281
22311
22350
22508
22525
22543
22669
22686
22709
22785
22907
23185
23202
23203
23208
23389
23452
23489
23594
23608
23654
23674
23737
23829
23899
23923
24121
24187
24294
24310
24334
24382
24397
24497
24705
24764
24766
24835
25097
25202
25282
25513
25576
25752
25777
25893
25914
25948
25967
26217
26257
26308
26413
26486
26520
26627
26714
26809
26854
26976
27302
27326
27443
27457
27465
27483
27533
27690
27792
27859
27900
27935
28027
28212
28231
28276
28280
28291
28308
28335
28448
28521
28583
28638
28668
28865
28878
29030
29129
29193
29238
29346
29376
29422
29667
29721
29796
29804
30000
30058
30120
30147
30186
30387
30503
30615
30654
30669
30726
30791
30827
30834
30897
31070
31114
31481
31643
31687
31724
31807
31949
32013
32050
32091
32306
32374
32541
32592
32597
32779
32798
32868
32871
33108
33254
33399
33415
33460
33476
33491
33675
33696
34009
34058
34180
34208
34368
34543
34771
34891
34919
35068
35092
35127
35142
35176
35492
35783
35792
35859
35961
36171
36262
36320
36335
36462
36536
36889
37008
37251
37342
37518
37594
37683
37991
38050
38082
38121
38249
38355
38356
38590
38661
38669
38699
38738
38805
38939
39004
39050
39095
39204
39336
39399
39604
39646
39802
39913
39962
39965
40052
40362
40365
40507
40707
40889
41069
41197
41284
41303
41385
41449
41471
41511
41545
41924
41975
42021
42230
42374
42661
42734
43005
43081
43190
43313
43326
43399
43404
43436
43515
43581
43661
43688
43776
43796
43890
43974
44018
44061
44073
44105
44250
44607
44710
44720
44740
44953
44961
45105
45294
45550
45626
45793
45858
46102
46104
46127
46176
46502
46541
46567
46576
46640
46771
46808
46812
46968
47083
47199
47220
47334
47374
47467
47827
47946
47968
48059
48356
48363
48470
48581
48673
48735
48751
48825
48844
48952
48984
49215
49255
49267
49410
49446
49457
49479
49530
49959
50034
50319
50861
50990
51007
51196
51411
51467
51771
51974
52001
52095
52097
52150
52168
52265
52289
52334
52351
52367
52600
52715
52771
52786
52793
52800
52844
52885
52915
53017
53196
53203
53227
53357
53439
53441
53625
53669
53743
53851
53968
54053
54069
54316
54655
54675
54866
54877
54939
54966
55065
55067
55102
55123
55361
55369
55398
55480
55623
55626
55688
55716
55756
55778
55853
56004
56015
56162
56174
56195
56375
56439
56555
56620
56625
56643
56653
56733
56913
57024
57055
57202
57212
57258
57293
57612
58339
58422
58464
58504
58644
58791
58866
58978
59201
59204
59285
59577
59745
59754
59844
59893
59905
59971
60113
60130
60294
60533
60612
60653
60668
60811
60871
60937
61052
61119
61186
61473
61659
61756
61792
61806
62102
62115
62282
62320
62438
62465
62579
62668
62759
62811
62914
63170
63225
63367
63520
63531
63550
63584
63799
64018
64033
64098
64261
64286
64487
64549
64600
64611
64705
64815
64905
65156
65256
65359
65363
65414
65497
65515
65552
65805
65860
65958
65968
65973
65976
66175
66266
66489
66495
66528
66551
66694
66930
67032
67081
67135
67286
67292
67319
67335
67529
67990
68076
68320
68331
68410
68436
68489
68497
68510
68566
68642
68742
68810
68905
69449
69522
69530
69600
69834
69936
70445
70540
70602
70721
70779
70907
70931
70945
70982
71035
71270
71272
71347
71373
71603
71632
71649
71702
71755
71820
71846
71903
72014
72111
72158
72192
72223
72314
72564
72591
72721
72786
72884
72908
72922
72932
73015
73211
73249
73301
73394
73505
73536
73699
73826
73909
73916
73929
73971
74237
74240
74439
74537
74553
74571
74625
74862
74928
74957
75158
75470
75674
75772
75919
76045
76090
76349
76492
76945
77176
77319
77320
77475
77481
77490
77624
77626
77746
77956
77999
78015
78044
78239
78258
78394
78943
79078
79358
79377
79435
79456
79493
79638
79659
79835
79953
79999
80174
80210
80383
80403
80437
81055
81072
81131
81195
81362
81375
81387
81394
81503
81518
81585
81760
81848
81960
82077
82103
82180
82207
82334
82338
82424
82592
82750
82804
82839
82869
83622
83774
83901
84128
84353
84411
84609
84642
84901
85041
85077
85152
85276
85393
85461
85545
85662
85924
85938
86209
86232
86364
86467
86687
86714
86840
86914
87132
87169
87481
87500
87636
87939
88117
88440
88518
88588
88653
88658
88755
88888
89165
89238
89266
89300
89418
89480
90065
90109
90177
90264
90298
90300
90595
90847
90898
90965
91176
91180
91453
91552
91628
91639
91746
91765
91939
92090
92093
92152
92204
92235
92327
92413
92595
92657
92696
92709
92849
92941
93406
93516
93661
93798
93800
93821
93876
93902
93928
94041
94181
94394
94441
94513
94570
94674
94910
95117
95290
95305
95312
95455
95571
95679
95696
95779
95864
95874
95923
95950
95985
95996
96110
96183
96244
96457
96519
96533
96801
96940
96949
97029
97059
97080
97084
97093
97317
97527
97553
97644
97665
97675
97829
98170
98301
98326
98440
98441
98624
98680
98717
98730
98776
98797
98804
98825
99105
99276
99345
99394
99503
99508
99542
99571
99751
99903
100079
100101
100167
100217
100623
100644
100659
100925
101060
101267
101659
101999
102619
102695
102775
102848
102857
102908
102935
103214
103285
103316
103410
103602
103698
103871
103872
103956
103966
104105
104214
104380
104505
104544
104742
104743
104818
104849
104858
104898
104945
105100
105370
105374
105390
105422
105423
105528
105847
105908
106016
106046
106067
106288
106300
106328
106385
106391
106497
106580
106770
106805
106867
106972
107039
107064
107073
107133
107209
107326
107454
107487
107556
107617
107674
107722
107726
107744
107769
107956
107981
108006
108270
108315
108601
108796
108802
108899
109157
109178
109229
109368
109470
109479
109485
109538
109648
109681
109736
109912
109949
110033
110091
110114
110129
110171
110174
110210
110224
110558
110997
111176
111198
111207
111404
111582
111601
111699
111710
111946
111998
112044
112065
112101
112122
112123
112149
112227
112245
112702
112729
112951
113032
113053
113072
113107
113127
113485
113487
113545
113569
113826
113861
113868
113907
113967
114164
114194
114430
114775
114941
115300
115302
115388
115450
115476
115500
115733
115769
115895
115896
115908
115947
115950
116003
116011
116053
116097
116191
116204
116304
116407
116487
116812
116899
117078
117097
117266
117304
117360
117480
117669
117749
117818
117919
118038
118082
118185
118280
118383
118576
118697
119090
119189
119218
119293
119536
120021
120152
120187
120215
120366
120467
120576
120681
120683
120773
120798
120824
121003
121022
121067
121147
121155
121217
121454
121455
121501
121541
121578
121645
121680
121831
121963
122112
122228
122269
122315
122360
122664
122696
122800
122835
122868
122872
122874
122901
122935
123505
123672
123708
123835
123871
123942
123967
124074
124183
124190
124193
124210
124235
124352
124408
124549
124644
124654
124705
124803
124846
124991
125022
125304
125341
125407
125440
125510
125532
125618
125684
125749
125796
125872
125894
126232
126242
126291
126353
126355
126755
126800
126958
126971
127024
127070
127102
127111
127123
127616
127632
127854
127881
127940
128448
128570
128679
128916
128922
129039
129056
129119
129439
129609
129730
129834
129997
130008
130009
130240
130248
130379
130494
130557
130974
131024
131028
131310
131399
131742
131791
131840
131900
132006
132108
132225
132329
132549
132645
132752
132793
132890
133002
133013
133145
133219
133422
133438
133549
133669
133994
134102
134204
134309
134312
134371
134680
134776
134875
134896
135205
135324
135325
135382
135605
135636
135878
135913
136006
136072
136256
136428
136568
136731
136739
136833
136873
136899
137092
137290
137329
137442
137446
137642
137850
137875
137900
138095
138115
138179
138718
138825
138843
138903
138997
139101
139156
139540
139943
140007
140034
140537
140657
140718
140728
140824
140977
141090
141644
141658
141672
141894
141930
141964
142049
142057
142275
142439
142622
142641
142769
142860
143197
143268
143300
143429
143524
143600
143706
143911
143947
144140
144185
144336
144460
144488
144782
144809
144889
144897
145080
145145
145239
145440
145459
145462
145665
145705
145737
145808
146009
146017
146088
146217
146235
146247
146280
146516
146548
146563
146590
146628
146643
146803
146894
147072
147103
147148
147203
147503
147513
147853
147926
148069
148130
148170
148406
148557
148573
148590
148686
148731
148774
148780
148793
148829
148917
149076
149100
149122
149219
149681
149826
149829
149964
150015
150085
150093
150225
150293
150362
150377
150421
150457
150518
150664
150800
150824
150859
150981
150983
151106
151120
151157
151179
151237
151307
151390
151555
151614
151750
151847
151861
151862
152020
152118
152119
152157
152246
152412
152435
152661
152695
152900
153040
153137
153227
153335
153384
153466
153551
153745
153827
153856
154034
154125
154197
154235
154249
154297
154475
154563
154767
154784
155217
155411
155473
155566
155631
155654
155658
155689
155708
155730
155733
155744
155935
156045
156048
156100
156328
156458
156470
156515
156854
156904
157184
157280
157454
157493
157536
157768
157934
158140
158266
158319
158377
158381
158401
158561
158584
158893
158901
159017
159103
159327
159904
159958
159983
160133
160171
160252
160562
160698
160879
160975
161210
161235
161296
161512
161581
161613
161633
161710
161749
162375
162525
162540
163017
163059
163088
163138
163199
163401
163465
163519
163582
163732
163890
163937
164047
164392
164457
164470
164517
164629
164644
164826
164836
165051
165162
165166
165354
165618
165624
165853
165932
166179
166425
166442
166509
166655
166763
166968
167188
167191
167193
167642
167850
167928
167944
168076
168112
168201
168287
168466
168588
168694
168758
168896
168975
169046
169075
169123
169297
169393
169483
169540
169875
170033
170084
170204
170266
170272
170402
170425
170466
170500
170548
170581
170629
170657
170773
170790
170896
170950
170985
171079
171174
171263
171495
171541
171577
171617
171631
171911
171915
171950
171975
172108
172115
172141
172319
172342
172518
172560
172613
172689
172783
172923
172941
173106
173122
173134
173288
173309
173329
173362
173367
173383
173407
173477
173675
173869
173974
174041
174062
174318
174383
174426
174448
174640
174739
174771
174774
174800
174858
175019
175155
175188
175193
175298
175373
175379
175566
175581
175592
175672
175759
175844
176053
176159
176386
176468
176544
176609
176711
176753
176983
177055
177134
177196
177443
177503
177553
177556
177614
177795
177894
177929
177936
177981
177983
178028
178090
178333
178506
178556
178632
178653
178736
178781
178850
178855
179112
179366
179599
179774
179857
179917
180150
180212
180332
180486
180680
180734
180976
181034
181129
181488
181631
181674
181726
182090
182097
182119
182141
182317
182334
182410
182505
182625
182640
182656
182663
182719
182824
182875
183093
183155
183161
183180
183208
183258
183403
183417
183497
183514
183563
183901
184024
184049
184097
184215
184220
184274
184355
184447
184595
184690
184850
184933
185125
185306
185351
185404
185473
185573
185637
185853
186077
186109
186132
186248
186561
186759
186795
187102
187170
187233
187290
187364
187412
187537
187681
187705
187746
187851
188152
188170
188186
188247
188248
188339
188385
188403
188644
188645
188650
188693
188834
188885
188964
188986
189000
189042
189082
189124
189182
189346
189447
189536
189605
189616
189769
189781
189904
190003
190146
190192
190211
190255
190259
190261
190338
190346
190578
190698
190739
190764
190950
190982
191023
191141
191149
191192
191233
191308
191418
191576
191676
191884
191993
192396
192573
192579
192803
192935
193002
193060
193085
193346
193383
193527
193574
193611
193769
193854
193894
193900
194045
194231
194245
194309
194366
194434
194514
194634
194635
194679
194821
194899
195023
195225
195309
195338
195883
196218
196336
196343
196399
196411
196502
196788
196931
197182
197224
197279
197434
197499
197561
197616
197655
197796
197837
197949
197967
198043
198074
198082
198446
198453
198503
198589
198634
198790
198942
199159
199208
199213
199335
199450
199637
199664
199866
200079
200148
200262
200294
200309
200362
200610
200643
200686
200699
200768
200903
201073
201091
201459
201657
201868
201975
202003
202052
202064
202208
202289
202297
202298
202354
202464
202478
202480
202614
202861
202875
203098
203141
203343
203378
203545
203566
203629
203662
203670
204074
204075
204146
204190
204248
204308
204329
204417
204435
204581
204706
204720
204911
204944
205061
205206
205445
205912
205913
205962
206026
206103
206155
206190
206276
206287
206440
206480
206543
206544
206578
206625
206641
206706
206717
206874
207017
207255
207283
207316
207401
207503
207562
207614
207806
207937
207966
207994
208013
208098
208258
208285
208416
208440
208572
208745
208776
208802
208927
208948
209029
209109
209112
209147
209248
209257
209318
209332
209374
209402
209589
209652
209782
209793
209847
209896
209957
210044
210202
210221
210408
210674
210714
210838
210886
210934
211117
211239
211255
211558
211716
211852
211981
212134
212337
212361
212376
212536
212602
212734
212742
212824
213086
213240
213290
213586
213893
214143
214297
214452
214527
214776
214852
214937
214961
215021
215060
215157
215221
215293
215325
215409
215486
215664
215766
215790
215957
215977
216115
216149
216204
216257
216278
216382
216409
216554
216599
216672
216678
216869
216885
216985
216989
216990
217100
217265
217310
217385
217391
217438
217484
217563
217577
217657
217784
217841
217900
217921
217967
218138
218234
218241
218770
218874
218889
219071
219219
219248
219286
219290
219389
219619
219641
219724
219961
219995
220055
220094
220383
220414
220510
220520
220604
220663
220716
220722
220724
220850
220861
220890
221060
221075
221532
221534
221932
221970
222094
222147
222217
222219
222549
222609
222619
222820
223080
223102
223141
223185
223187
223204
223230
223237
223297
223389
223552
223613
223733
223952
224249
224588
224650
224875
224888
225188
225302
225311
225462
225497
225550
225608
225651
225668
225803
225828
225934
226156
226159
226160
226168
226211
226400
226532
226637
226648
226656
226766
226953
227012
227180
227221
227353
227426
227444
227830
227860
228018
228340
228345
228487
228503
228644
228650
228685
228794
228852
229036
229073
229250
229383
229392
229450
229468
229687
229709
229719
229807
229820
229863
230053
230079
230098
230260
230351
230435
230518
230535
230583
230613
230664
230768
230834
230940
231016
231022
231132
231366
231397
231522
231613
231652
231699
231704
231789
231887
231922
231951
232077
232285
232646
232653
232790
232817
232834
233028
233140
233311
233787
233973
234155
234179
234375
234538
234773
234817
234867
234897
234973
235055
235155
235393
235416
235601
235796
236121
236127
236162
236381
236517
236551
236623
236639
236676
236689
236743
236781
236804
236812
236864
237021
237068
237090
237240
237318
237369
237633
237701
237812
237875
237993
238167
238277
238429
238477
238568
238576
238590
238771
238872
239009
239110
239142
239216
239226
239265
239345
239454
239468
239498
239660
239722
239733
239901
239917
239941
239980
240002
240133
240347
240434
240460
240478
240500
240666
240882
241016
241034
241042
241069
241109
241136
241185
241459
241465
241542
241576
241593
241618
241736
241765
241769
241863
241950
242160
242323
242474
242653
242661
242814
242849
242978
242996
243174
243265
243368
243420
243734
243853
243903
243985
244225
244514
244566
244716
244828
244860
244987
245061
245116
245180
245277
245324
245590
245609
245791
245908
246105
246131
246230
246344
246487
246565
246618
246666
246899
246916
246960
246985
247215
247248
247272
247332
247402
247437
247454
247481
247591
247602
247765
247813
248008
248070
248111
248126
248175
248206
248293
248383
248483
248489
248636
248735
248738
248829
248876
249004
249007
249023
249036
249061
249111
249149
249364
249482
249541
249612
249627
249681
250130
250217
250265
250317
250323
250369
250374
250619
250706
250746
250816
250839
250890
251473
251573
251622
251714
251755
251834
251961
252196
252283
252370
252399
252465
252488
252497
252518
252900
253056
253118
253140
253145
253272
253375
253409
253724
253847
253915
253933
254070
254212
254263
254407
254426
254443
254460
255260
255278
255332
255474
255513
255562
255648
255663
255855
256049
256201
256304
256316
256397
256421
256557
256582
256591
256826
256924
257168
257206
257207
257295
257392
257545
257667
257690
257754
257819
257987
258038
258114
258412
258420
258435
258551
258621
258748
258822
258895
259091
259333
259511
259545
259579
259668
259671
259799
259816
259849
260039
260097
260143
260183
260210
260275
260286
260392
260533
260602
260610
260812
260896
261003
261019
261041
261073
261115
261137
261160
261403
261464
261523
261769
261980
262004
262220
262371
262557
262818
263026
263154
263234
263235
263267
263384
263601
263638
263654
263884
264006
264126
264491
264510
264640
264690
264801
264917
264951
265006
265225
265268
265285
265309
265412
265534
265650
265660
265984
265998
266108
266165
266436
266467
266539
266663
266763
266901
266941
266972
267032
267095
267124
267522
267623
267663
267709
267878
268000
268267
268544
268686
268791
268838
268888
268896
268920
268923
269048
269156
269196
269212
269462
269500
269566
269693
269752
269785
270001
270064
270180
270212
270282
270338
270489
270495
270558
270766
270871
270981
271108
271127
271135
271164
271265
271322
271375
271389
271532
271629
271632
271699
271839
271985
272033
272090
272165
272232
272290
272310
272317
272665
272732
272848
272855
272971
272999
273320
273379
273392
273416
273461
273499
273539
273543
273624
273652
273695
273858
274095
274115
274145
274182
274225
274240
274521
275034
275042
275205
275234
275357
275358
275439
275975
276016
276118
276188
276278
276324
276333
276414
276442
276495
276624
276713
276799
276904
276918
276971
277064
277079
277234
277291
277352
277535
277578
277580
277601
277736
277788
277811
278033
278061
278122
278184
278201
278213
278478
278537
278583
278800
278958
279137
279294
279366
279641
279902
279961
280029
280104
280292
280460
280662
280750
280795
280873
280874
280898
280987
281136
281194
281220
281308
281322
281378
281454
281484
281576
281658
281741
281807
281827
282020
282034
282161
282357
282384
282625
282663
282673
282711
282722
282806
282868
282953
282988
283090
283418
283485
283621
283644
283718
283740
284104
284227
284277
284369
284399
284409
284575
284767
284857
285112
285177
285260
285631
285868
285920
286066
286067
286119
286127
286155
286281
286754
286777
286803
286880
286886
286969
286977
287032
287213
287378
287593
287796
287875
287933
288094
288176
288191
288240
288265
288389
288422
288574
288596
288637
288733
288763
288985
289022
289138
289161
289232
289304
289455
289511
289518
289544
289549
289557
289691
289951
289963
289965
290144
290284
290327
290348
290427
290550
290570
290697
290845
290942
291129
291244
291377
291501
291511
291709
291976
292058
292084
292107
292169
292389
292605
292680
292816
292863
293055
293105
293299
293311
293459
293980
294151
294175
294197
294249
294313
294331
294348
294484
294539
294728
294798
294878
294898
294900
295024
295584
295914
295975
296068
296195
296270
296489
296545
296654
296812
297018
297067
297156
297193
297316
297392
297401
297427
297444
297453
297462
297482
297561
297906
297973
297982
298475
298479
298520
298527
298616
298731
298826
298988
298993
299019
299026
299174
299199
299205
299399
299495
299613
299666
299727
299848
299988
300026
300041
300357
300405
300529
300603
300637
300676
300828
300873
301117
301179
301351
301730
301776
301856
301982
301994
302309
302339
302544
302954
302974
302990
303114
303449
304139
304193
304293
304501
304630
304651
304892
305030
305063
305219
305236
305374
305411
305440
305471
305547
305566
305699
305769
305972
305987
306066
306153
306231
306254
306436
306778
306848
306851
306856
306917
306932
306941
307139
307458
307481
307774
307867
307949
307993
308379
308477
308485
308557
308762
308846
309020
309040
309132
309175
309373
309469
309563
309643
309667
309755
310026
310221
310278
310381
310434
310511
310646
310665
310744
310799
310804
310927
310929
310937
311061
311074
311088
311108
311220
311291
311322
311431
311438
311538
311718
311816
311838
311877
312036
312045
312132
312227
312263
312386
312387
312393
312425
312450
312686
312704
312832
312834
312895
313033
313048
313175
313181
313195
313210
313248
313304
313385
313665
313825
313867
314052
314107
314130
314196
314223
314316
314326
314373
314391
314804
315020
315245
315563
315620
315707
315839
315972
316027
316040
316306
316467
316525
316528
316541
316584
316638
316678
316825
316935
317212
317230
317429
317478
317555
317616
317767
317794
317815
317915
318006
318055
318210
318230
318351
318493
318643
318649
318750
318808
318814
318938
318948
318993
319177
319271
319418
319533
319995
320096
320252
320292
320473
320520
320601
320765
320918
320940
320999
321167
321169
321246
321589
321682
321698
321714
321778
322032
322107
322146
322347
322549
322624
322708
322868
322987
323020
323075
323080
323357
323392
323397
323502
323656
323675
323811
323855
323900
323937
323976
323980
324245
324256
324463
324506
324599
324619
324658
324661
324723
324814
324859
324895
324987
325295
325429
325467
325673
325731
325867
325969
326120
326495
326535
326542
326547
326604
326637
326640
326704
326725
326852
326961
327027
327039
327207
327306
327389
327404
327496
327615
327661
327720
327796
327880
328050
328107
328190
328269
328329
328424
328766
328775
328785
328833
328921
328951
328952
329132
329169
329183
329301
329394
329429
329430
329487
329668
329785
329990
330141
330224
330391
330451
330630
330756
330794
330838
331057
331133
331344
331406
331521
331609
331622
331917
332075
332266
332339
332544
332641
332695
332766
333015
333236
333278
333313
333397
333453
333504
333530
333572
333576
333796
333827
333943
334047
334130
334137
334178
334235
334393
334504
334576
334664
334697
334737
334770
334927
334935
334947
334982
335104
335219
335262
335283
335300
335345
335363
335382
335519
335555
335619
335634
336102
336189
336196
336323
336367
336383
336423
336531
336624
336728
336746
336748
336768
336802
337218
337327
337471
337539
337710
337717
337742
337799
337847
338277
338329
338335
338359
338371
338464
338489
338720
338731
338885
339013
339089
339208
339675
339787
339956
339965
340161
340238
340303
340370
340373
340463
340534
340790
340804
340890
340922
341150
341476
341571
341646
341742
341806
341846
341934
341936
342014
342136
342163
342180
342452
342510
342784
342839
342878
342892
343483
343491
343516
343578
343599
343718
343934
344210
344304
344336
344525
344577
344887
344977
345117
345264
345308
345347
345364
345375
345482
345684
345697
345822
346081
346194
346327
346367
346549
346620
346828
346875
347187
347208
347288
347332
347445
347452
347835
348128
348328
348461
348472
348484
348560
348611
348762
348809
348833
348887
348947
349082
349158
349219
349483
349656
349754
349756
349794
349812
349833
349949
350017
350080
350280
350458
350510
350586
350731
351004
351215
351508
351540
351609
351674
351679
351717
351720
352008
352034
352175
352266
352411
352504
352618
352937
352954
352970
353102
353166
353175
353191
353241
353305
353565
353946
354007
354076
354117
354199
354226
354398
354424
354600
354610
354757
355158
355165
355175
355380
355420
355621
355742
355799
355869
355965
356109
356230
356295
356342
356483
356538
356571
356593
356635
356636
356652
356692
356773
357049
357145
357172
357194
357205
357269
357337
357348
357413
357837
357995
358177
358256
358285
358385
358521
358553
358614
358662
358753
358904
358907
358911
358928
359066
359172
359262
359317
359556
359757
359816
359858
359877
359949
359952
359987
360039
360042
360180
360208
360272
360304
360322
360326
360368
360384
360414
360420
360570
360589
360624
360703
360949
361072
361154
361290
361398
361628
361650
361681
361698
361703
361742
362052
362065
362134
362302
362389
362461
362499
362552
363079
363127
363242
363420
363630
363643
364266
364376
364380
364412
364428
364453
364622
364644
364653
364673
364713
364814
364890
364915
364998
365073
365233
365550
365589
365874
365957
366006
366051
366086
366177
366235
366259
366348
366409
366464
366592
366597
366735
367005
367013
367069
367357
367537
368023
368037
368167
368170
368254
368471
368597
368661
368842
369050
369188
369194
369260
369311
369357
369457
369478
369525
369688
369748
369791
369810
369859
370095
370121
370338
370559
370589
370690
370723
370860
370897
370914
370943
371051
371199
371335
371564
371836
371868
372249
372352
372368
372450
372594
372735
372794
372877
372880
373024
373257
373334
373485
373759
373933
374090
374158
374198
374257
374265
374384
374451
374641
374927
375514
375879
375898
375991
376037
376084
376122
376175
376182
376254
376273
376278
376285
376293
376342
376344
376504
376580
376618
376633
376947
376984
376992
377308
377417
377482
377768
377832
377874
377965
378126
378132
378236
378305
378310
378358
378540
378692
378712
378740
378837
378952
378964
379076
379280
379289
379610
379641
379726
379928
379970
380132
380240
380280
380282
380478
380494
380527
380700
380706
380709
380718
380780
380867
380989
381011
381092
381207
381299
381419
381628
381927
381951
382043
382102
382288
382329
382365
382652
382717
382720
382802
382929
383124
383236
383296
383307
383578
383590
383619
383668
383753
383764
383778
383824
383826
383864
383954
384079
384527
384596
384676
384744
384787
384894
385206
385216
385228
385297
385382
385421
385449
385482
385510
385532
385634
385664
385889
385940
386138
386180
386295
386398
386408
386654
386750
386783
386918
386946
387158
387294
387312
387347
387358
387452
387744
387838
387863
387917
388063
388065
388155
388175
388246
388254
388296
388657
388821
388840
388923
388950
388995
389029
389128
389139
389338
389414
389423
389490
389535
389560
389621
389779
389875
390020
390063
390133
390251
390716
390987
391189
391267
391301
391377
391421
391433
391672
391678
391679
392099
392153
392158
392204
392409
392461
392499
392721
392723
392823
392825
392836
393087
393109
393206
393324
393583
393855
393878
393881
393903
393937
393999
394036
394043
394067
394244
394249
394297
394467
394670
394739
394815
394889
394981
395038
395192
395466
395532
395584
395813
395822
395922
396056
396109
396287
396306
396317
396361
396385
396394
396442
396497
396598
396619
396943
397096
397133
397183
397204
397438
397630
397647
397658
397689
397709
397809
397867
397947
398062
398199
398236
398582
398672
398888
398894
398973
399275
399377
399555
399654
399729
399924
399955
399962
400221
400252
400477
400681
400724
401205
401208
401266
401481
401683
401870
401882
401921
402010
402376
402408
402420
402456
402474
402480
402531
402845
402869
402888
403032
403208
403210
403220
403332
403440
403467
403618
403624
403851
403899
404113
404126
404156
404460
404648
404880
404919
404924
404938
405058
405245
405540
406005
406145
406245
406445
406456
406467
406502
406532
406570
406831
406964
407040
407407
407424
407465
407504
407547
407873
407899
407997
408136
408180
408357
408359
408380
408577
408587
408800
408814
408921
408955
409073
409292
409454
409505
409559
409569
409589
409642
409655
409780
410015
410102
410108
410133
410186
410400
410426
410474
410484
410493
410704
410793
410949
411502
411517
411780
411781
411790
411927
411928
412065
412121
412140
412146
412449
412464
412523
412627
412658
412885
413281
413332
413389
413436
413476
413535
413820
413853
413920
413927
413991
414006
414026
414042
414137
414196
414251
414253
414472
414478
414479
414539
414606
414647
414684
414689
414873
414944
414990
415068
415084
415302
415344
415406
415468
415496
415649
416051
416071
416179
416259
416680
416718
416759
416871
416874
416927
417146
417164
417188
417238
417331
417336
417621
417698
417712
417716
417746
417754
417865
417885
417962
417963
418172
418287
418373
418397
418468
418734
418831
418849
418892
419112
419177
419383
419583
419731
419837
419855
420101
420203
420485
420605
420858
421014
421063
421252
421275
421279
421317
421455
421623
421963
422276
422396
422972
423014
423329
423423
423471
423480
423608
423744
423772
423803
423819
423862
424005
424073
424157
424159
424274
424312
424423
424434
424470
424520
424595
424603
424720
424744
425080
425136
425255
425427
425559
425593
425603
425912
425976
426093
426095
426204
426209
426254
426458
426603
426733
426796
426867
426916
427003
427067
427335
427340
427376
427605
427748
427781
427947
427959
428058
428213
428218
428347
428411
428550
428608
428637
428778
428847
429209
429310
429364
429478
429520
429636
429688
429697
429789
429877
430101
430194
430249
430443
430595
430835
431022
431045
431403
431481
431527
431545
431610
431650
431868
432174
432238
432316
432340
432345
432740
432807
432876
432990
433031
433034
433077
433283
433396
433645
433649
433658
433698
433714
433785
434010
434093
434129
434294
434344
434363
434388
434479
434529
434614
434699
434783
434890
435015
435189
435229
435495
435497
435679
435765
435796
435823
435848
435874
436036
436145
436320
436412
436529
436536
436680
436829
436937
436950
437059
437138
437520
437535
437640
437790
437840
437950
438225
438483
438781
438966
439033
439035
439195
439375
439378
439496
439529
439534
439546
439647
439757
439892
439908
440001
440149
440190
440196
440211
440215
440217
440249
440377
440388
440390
440594
440775
440797
440972
441109
441116
441335
441339
441477
441524
441980
442118
442122
442149
442170
442185
442401
442428
442456
442463
442503
442647
442699
442783
442800
442827
442832
442863
442869
442872
442974
442977
442997
443109
443141
443142
443407
443427
443627
443735
443743
443831
443873
443915
443917
443983
443993
444049
444150
444223
444553
444702
444708
444839
444939
444940
445108
445227
445466
445608
445635
445820
446026
446087
446205
446469
446488
446578
446670
446730
446802
446889
446955
447045
447202
447254
447259
447296
447323
447893
447920
447954
448187
448245
448262
448359
448381
448502
448716
448938
448951
449184
449275
449388
449400
449619
449692
449772
449871
449921
449928
450024
450342
450705
450815
450853
450882
451110
451325
451404
451496
451515
451555
451679
451689
451853
452016
452200
452206
452331
452359
452410
452578
452601
452702
452707
452729
452907
452985
453006
453043
453201
453207
453316
453330
453431
453456
453479
453585
453722
453777
453798
453998
454596
454717
455242
455634
455671
455728
455764
455890
456068
456171
456257
456304
456335
456508
456544
456612
456680
456732
456921
456963
457012
457036
457283
457353
457406
457444
457487
457543
457858
457904
457968
458133
458235
458297
458412
458477
458703
458735
458793
458863
458895
459023
459096
459127
459178
459214
459240
459270
459388
459483
459736
459742
459822
460242
460358
460370
460465
460532
460545
460683
460736
460786
460822
460872
461080
461098
461133
461261
461337
461351
461417
461862
462111
462117
462487
462661
462720
462782
462784
462906
463011
463215
463242
463335
463352
463501
463863
463935
464070
464094
464099
464109
464167
464328
464348
464444
464769
464784
464830
464878
464954
465063
465106
465161
465261
465341
465371
465535
465539
465711
465810
465861
465884
466068
466139
466201
466451
466457
466554
467044
467233
467493
467607
467679
467685
467713
467771
467904
468005
468043
468156
468391
468419
468531
468644
468673
468701
468817
468850
468871
468952
469035
469084
469288
469381
469415
469453
469485
469665
469689
469799
469813
469816
470093
470139
470344
470359
470365
470379
470451
470730
470744
470794
470882
470940
470953
470959
471032
471115
471569
471673
471762
471783
471833
472001
472210
472230
472263
472277
472414
472565
472726
472823
472884
472887
472946
472985
473051
473149
473166
473237
473293
473359
473482
473577
473590
473748
473828
473856
474032
474033
474086
474139
474440
474863
474966
474983
475055
475091
475284
475464
475515
475571
475587
475653
475677
475722
475819
475968
475970
476052
476141
476276
476324
476352
476362
476377
476447
476605
476624
476631
476825
477263
477434
477436
477543
477549
477589
477632
477746
477781
478124
478203
478255
478261
478276
478412
478441
478770
478941
478944
478946
479141
479389
479417
479481
479503
479521
479563
479618
479650
479728
479751
479802
479814
480182
480199
480285
480316
480582
480584
480627
480730
480913
481077
481150
481218
481449
481770
481771
481943
481961
482002
482262
482410
482773
482887
483256
483273
483296
483312
483461
483599
483841
484084
484155
484161
484344
484364
484370
484373
484663
484770
484817
484962
485023
485299
485358
485409
485611
485965
486033
486108
486190
486305
486523
486718
486865
486900
486955
487058
487118
487153
487155
487238
487519
487523
487604
487706
487773
487789
487811
487966
487991
487994
488054
488223
488253
488337
488558
488576
488592
488688
488901
488930
489054
489076
489119
489134
489221
489279
489377
489436
489454
489549
489621
489781
489903
489907
490023
490069
490146
490366
490443
490559
490584
490727
490755
490861
490913
490916
491010
491131
491155
491182
491236
491335
491385
491503
491815
491865
491953
491979
492205
492378
492438
492474
492559
492729
492965
493021
493059
493060
493063
493172
493218
493307
493445
493530
493569
493620
493628
493658
493754
493782
493999
494023
494227
494229
494312
494455
494617
494765
495286
495329
495525
495548
495551
495900
495933
495943
495969
496000
496081
496248
496259
496388
496565
496599
496809
496906
497066
497321
497352
497522
497575
497597
497607
497699
497706
497801
497812
497941
498049
498109
498185
498234
498246
498248
498287
498611
498639
498689
498810
498891
498902
498970
499030
499150
499330
499394
499681
499686
499873
499874
499933
500052
500246
500258
500359
500478
500665
500831
501004
501045
501082
501089
501157
501270
501407
501449
501460
501536
501558
501722
501725
502317
502654
502674
502681
502762
503345
503376
503420
503544
503706
503708
503848
504173
504186
504358
504472
504723
504883
504938
505171
505259
505293
505463
505550
505614
505701
505907
506105
506149
506187
506227
506234
506307
506388
506424
506429
506585
506597
506646
506656
506696
506714
506902
507092
507159
507256
507328
507425
507487
507659
507664
507713
507873
508022
508025
508057
508060
508072
508110
508157
508185
508186
508280
508395
508692
508812
508866
508880
508907
508925
508928
509046
509130
509170
509219
509529
509617
509746
509815
509825
509995
510011
510072
510090
510225
510672
510742
511112
511145
511184
511249
511308
511328
511351
511465
511867
511883
512121
512221
512301
512428
512735
512781
513133
513205
513214
513308
513366
513562
513916
513977
514005
514142
514534
514537
514650
514820
515010
515092
515221
515363
515381
515510
515609
515706
515905
515908
515946
515982
515984
516000
516002
516032
516037
516351
516517
516831
516857
516878
517118
517361
517421
517471
517496
517500
517697
517923
518181
518336
518554
518667
518741
518945
518970
518980
518999
519343
519425
519430
519448
519618
519636
519707
519731
519954
520088
520095
520192
520204
520226
520403
520575
520706
520730
520784
520788
520899
520921
521095
521579
521584
521599
521730
521934
522124
522301
522326
522561
522710
522734
522819
523083
523093
523195
523310
523350
523363
523410
523540
523564
523678
523817
524104
524166
524489
524499
524583
524588
524625
524827
524877
524920
525012
525185
525197
525391
525441
525460
525551
525743
525831
525960
525970
526015
526096
526108
526216
526293
526302
526599
526669
526682
526728
526817
526841
526873
526875
526983
527003
527012
527200
527317
527389
527729
527772
527956
528120
528228
528302
528629
528631
528714
528756
528819
528834
529001
529014
529241
529388
529434
529523
529724
529732
529863
529865
529993
530199
530266
530290
530646
530769
530861
530952
530962
531055
531165
531204
531310
531423
531548
531634
531964
532129
532267
532330
532419
532664
532781
532807
532819
532834
532838
532932
532949
532995
533200
533247
533284
533493
533767
533937
534098
534135
534198
534379
534466
534471
534574
534580
534630
534945
534960
535070
535077
535093
535256
535303
535493
535632
535784
535848
535968
536114
536270
536637
536716
536738
536805
536854
536949
536991
537012
537097
537188
537283
537446
537489
537549
537567
537806
537881
537905
537984
538325
538389
538446
538580
538897
538951
539112
539118
539145
539184
539310
539535
539618
539671
539783
539905
540065
540086
540092
540184
540298
540414
540708
540794
540982
541249
541565
541575
541582
541653
541678
542172
542232
542241
542316
542335
542463
542543
542662
542747
542854
542868
542928
542940
543004
543103
543179
543277
543291
543312
543343
543511
543849
543896
543943
544019
544124
544326
544650
544652
544669
544835
544838
544996
545011
545044
545097
545123
545150
545179
545207
545223
545316
545396
545553
546142
546172
546183
546394
546577
546676
546834
546931
546966
547038
547097
547149
547217
547225
547266
547287
547363
547450
547494
547553
547615
547653
547726
547742
547751
548122
548193
548204
548321
548702
548738
548803
548954
549240
549269
549500
549538
549679
549940
549991
550143
550313
550503
550539
550660
550667
550675
550678
550791
550947
550987
551264
551283
551589
551724
551823
551892
551958
552038
552111
552211
552265
552295
552313
552570
552667
552671
552799
552942
552958
552966
553052
553252
553291
553397
553446
553606
553714
553776
553827
553840
554122
554142
554194
554527
554573
554679
554699
554709
554774
555032
555112
555116
555617
555661
555683
555706
555826
556209
556210
556252
556314
556577
556582
556694
556829
556968
557008
557091
557215
557270
557313
557758
557991
558007
558099
558120
558224
558364
558410
558422
558538
558585
559052
559135
559170
559220
559381
559474
559480
559604
559656
559709
559731
559784
559990
560013
560021
560133
560349
560512
560542
560695
560728
560957
561016
561214
561234
561366
561451
561488
561506
561515
561606
561613
561770
562071
562311
562379
562583
562778
562872
562932
562977
563015
563252
563420
563487
563492
563560
563612
563625
563664
563801
563902
564069
564152
564314
564358
564423
564459
564461
564670
564682
564772
564957
564993
565003
565058
565061
565125
565231
565404
565418
565437
565573
565814
565831
565980
566019
566077
566134
566164
566325
566556
566563
566684
566735
566785
567049
567091
567125
567257
567311
567327
567413
567462
567510
567836
567858
567887
567943
568014
568141
568157
568161
568498
568551
568571
568572
568659
568668
568815
568899
568993
569063
569079
569086
569207
569225
569326
569367
569732
569768
569845
570220
570234
570294
570563
570605
570622
570628
570709
570750
570833
570930
571092
571130
571194
571201
571257
571445
571490
571519
571537
571753
571812
571828
571865
572079
572089
572173
572177
572195
572282
572353
572486
572556
572582
572650
572795
572816
572873
573165
573169
573385
573445
573471
573519
573535
573758
573831
573913
573926
574308
574421
574504
574581
574642
574746
574801
574842
574931
574962
575325
575400
575409
575485
575561
575626
575708
576003
576310
576369
576553
576603
576654
576752
576811
576888
576936
576964
577006
577031
577122
577463
577531
577605
577607
577642
577835
577865
578032
578203
578243
578278
578283
578343
578524
578640
578667
578728
578800
578908
578956
578999
579070
579416
579533
579743
579854
579887
579918
580029
580497
580570
580633
580943
580956
581024
581128
581303
581309
581352
581403
581471
581545
581568
581780
581950
582110
582126
582192
582215
582242
582388
582521
582965
582997
583051
583257
583299
583357
583430
583443
583476
583660
583741
583770
584163
584170
584623
584669
584681
584740
584823
584824
584928
584931
584936
584986
585045
585412
585438
585446
585464
585478
585480
585565
585569
585780
585819
585904
585905
585994
586087
586088
586091
586189
586234
586376
586404
586431
586602
586783
586832
586966
587021
587076
587132
587171
587350
587441
587488
587544
587610
587771
587779
587972
588023
588257
588261
588273
588288
588377
588422
588499
588525
588538
588546
589023
589064
589296
589306
589537
589632
589743
589809
589902
589945
590049
590163
590282
590284
590316
590327
590447
590451
590466
590563
590848
590932
591098
591120
591185
591279
591546
591651
591691
591722
591728
592186
592206
592501
592521
592616
592635
592641
592691
592742
592758
593089
593248
593336
593522
593560
593588
593820
593897
594115
594138
594443
594488
594517
594536
594647
594706
594740
594821
594849
594886
594924
595011
595022
595059
595180
595686
595759
595816
596241
596408
596433
596451
596462
596538
596706
596835
596904
597095
597140
597210
597244
597397
597408
597415
597615
597719
597748
597783
597801
597826
597861
597943
597954
598266
598276
598575
598625
598648
598660
598702
598754
598766
598781
598853
598916
598929
598958
599075
599106
599129
599276
599314
599343
599443
599462
599636
599658
599685
599750
599762
599867
599955
600048
600097
600146
600186
600283
600319
600326
600386
600502
600667
600701
600760
601004
601133
601343
601349
601514
601601
601763
601787
601816
601817
601976
602015
602077
602482
602685
602760
602776
603115
603461
603527
603603
603731
603764
603783
603830
604180
604295
604602
604666
604707
604717
604740
604861
604936
605015
605100
605308
605458
605533
605567
605653
606147
606341
606405
606451
606659
606693
606802
607098
607162
607279
607339
607432
607528
607709
607789
607803
607871
607907
608030
608188
608205
608250
608419
608517
608849
608862
608871
608910
609135
609482
609812
609816
609856
609889
609893
610199
610225
610262
610267
610295
610370
610374
610458
610602
610954
610979
611048
611146
611430
611553
611761
612008
612012
612037
612182
612312
612343
612360
612420
612438
612732
612900
612909
613004
613584
613760
613902
614029
614054
614182
614253
614513
614728
614755
614758
614764
614777
615057
615149
615224
615288
615318
615438
615445
615495
615715
615780
615983
616083
616230
616427
616458
616620
616802
616981
617163
617175
617266
617329
617406
617694
617883
617977
618306
618491
618498
618531
618553
618591
618657
618790
618798
618823
618824
619001
619041
619137
619139
619238
619439
619465
619515
619764
620118
620607
620678
620801
620802
620921
620923
620935
621161
621354
621442
621759
621792
621984
622007
622163
622367
622483
622647
622787
622918
622963
623119
623178
623180
623407
623432
623437
623461
623482
623511
623543
623708
623722
623732
623785
623823
624080
624551
624568
624649
624692
624695
624793
624889
624897
625000
625021
625051
625061
625361
625550
625751
625879
626037
626321
626418
626419
626551
626580
626692
626788
626852
626940
626991
627245
627392
627492
627499
627583
627858
627908
628009
628076
628095
628291
628353
628506
628569
628820
629492
629679
629774
629786
629827
629845
630031
630144
630155
630298
630323
630535
630626
630696
630754
630864
630883
631017
631154
631500
631557
631730
631848
631887
631941
631952
631983
632034
632144
632446
632473
632564
632585
632587
632613
632861
632912
632946
633100
633230
633308
633355
633377
633425
633453
633746
633766
633770
633876
633940
633952
634036
634135
634161
634432
634483
634773
634782
634822
634838
634862
634993
634997
635093
635109
635126
635205
635439
635667
635674
635818
636091
636245
636258
636489
636601
636608
636690
636713
636764
636880
636888
636919
636969
636971
637294
637427
637505
637563
637657
637681
637693
638039
638111
638142
638175
638686
638709
638851
639010
639050
639068
639175
639186
639191
639287
639338
639449
639473
639555
639683
639704
639976
640004
640029
640141
640361
640460
640510
640569
640575
640689
640725
640733
640795
640851
641061
641182
641379
641454
641622
641790
642022
642080
642129
642135
642175
642439
642480
642574
642594
642647
642703
642833
642848
643023
643105
643616
643631
643717
643825
643839
643979
643987
643995
644101
644215
644218
644241
644488
644577
644645
644813
645081
645904
645973
645985
646126
646251
646276
646285
646488
646507
646621
646703
646811
646931
646937
646967
646999
647064
647137
647188
647267
647300
647311
647321
647325
647409
647468
647473
647502
647689
647746
647961
647990
648116
648220
648287
648317
648368
648416
648506
648638
648681
649066
649098
649099
649172
649273
649432
649525
649562
649621
649650
649653
649939
650049
650260
650375
650520
650526
650578
650663
650882
650936
651077
651238
651342
651510
651545
651646
651751
651834
652225
652285
652286
652302
652569
652733
652860
653056
653074
653356
653372
653472
653891
654043
654073
654378
654663
654750
655012
655148
655256
655367
655393
655511
655531
655542
655557
655558
655651
655743
655746
655851
655972
655998
656025
656053
656086
656134
656145
656257
656371
656394
656579
656754
656795
656836
656838
656900
657035
657070
657101
657114
657284
657294
657338
657366
657368
657379
657462
657533
657589
657669
657716
657754
657867
657911
657939
657980
658227
658239
658357
658546
658572
658614
659124
659132
659207
659266
659268
659328
659343
659375
659436
659640
659705
659824
660126
660171
660224
660330
660508
660818
660897
660963
661074
661279
661322
661399
661462
661488
661517
661617
661638
661883
661885
661932
661968
662110
662140
662148
662725
662873
662893
663122
663443
663659
663713
663780
663845
663868
664061
664072
664500
664567
664665
664905
664916
665119
665129
665351
665402
665544
665603
665749
665772
665926
666138
666190
666196
666222
666312
666411
666525
666574
666653
667285
667560
667668
667689
667813
667916
667968
668003
668038
668105
668345
668468
668545
668598
668745
668765
668836
668856
668982
669052
669137
669138
669444
669597
669623
669659
669766
669786
669793
669894
669915
669941
669996
670040
670161
670245
670257
670664
670723
670792
670843
670945
671073
671257
671297
671344
671515
671537
671684
671709
671826
671857
671874
671959
672108
672278
672286
672381
672545
672583
672772
672831
672865
672908
673007
673079
673364
673627
673768
673872
673887
674017
674085
674155
674229
674233
674394
674613
674694
674991
675186
675236
675249
675297
675379
675404
675619
675750
676075
676149
676363
676440
676458
676606
677023
677088
677350
677481
677732
677843
677884
677943
678127
678153
678215
678281
678370
678548
678570
678575
678597
678663
678672
678747
678943
679051
679170
679465
679640
679700
679782
679845
679872
679881
680037
680184
680403
680560
680566
680581
680714
680843
681057
681149
681204
681286
681453
681861
681952
682109
682136
682328
682625
682633
682952
682957
683004
683108
683124
683136
683163
683313
683400
683566
683586
683621
683650
683651
683753
683819
683841
683848
683959
684138
684215
684395
684631
684680
684697
684780
684808
685031
685065
685282
685386
685414
685518
685684
685737
685832
685885
685893
685937
686018
686049
686087
686090
686103
686474
686548
686563
687004
687170
687214
687228
687276
687509
687619
687621
687945
687976
688022
688128
688136
688211
688268
688309
688345
688712
689058
689059
689220
689241
689385
689638
689642
689664
689727
689768
689850
689924
690114
690125
690451
691037
691132
691151
691511
691705
691713
692268
692281
692365
692378
692384
692495
692509
692613
692687
692717
692835
692980
693130
693355
693402
693417
693557
693561
693591
693908
694325
694482
694587
694596
694642
694711
694746
694767
694927
695059
695139
695353
695570
695581
695601
695695
695721
695942
696041
696157
696167
696272
696715
696830
696934
696960
697002
697049
697160
697235
697240
697328
697414
697442
697746
697888
697965
698317
698373
698431
698703
698770
698857
698864
698954
699017
699066
699142
699358
699368
699387
699447
699518
699623
699624
699640
699674
699776
700029
700076
700195
700257
700313
700428
700704
700736
700834
700972
701100
701193
701629
701820
701901
702084
702330
702438
702515
702587
702646
702669
702847
702872
702904
702940
702942
702997
703050
703061
703174
703344
703370
703382
703416
703492
703524
703683
703820
703903
704078
704180
704192
704213
704220
704371
704399
704407
704463
704502
704572
704642
704655
704690
704732
704821
704904
705034
705112
705170
705223
705369
705593
705626
705694
705714
705780
705897
706213
706261
706262
706305
706513
706515
706580
706666
706734
706779
706836
706872
706910
706940
706953
706961
707067
707116
707133
707140
707194
707218
707290
707300
707352
707393
707419
707595
707601
707637
707693
707707
707760
708063
708152
708187
708412
708417
708438
708449
708472
708491
708683
708940
708965
709099
709104
709192
709260
709710
709941
710161
710200
710228
710284
710285
710736
710768
710839
710844
710852
710997
711089
711090
711444
711539
711591
711703
711864
711873
712000
712139
712176
712230
712475
712522
712692
712747
712835
712858
712895
713007
713016
713056
713119
713213
713368
713380
713690
713747
713865
714119
714188
714189
714287
714497
714619
714652
714704
714898
715059
715097
715179
715193
715224
715463
715513
715515
715626
715760
715796
715890
715947
715977
716254
716292
716607
716849
716873
717395
717570
717586
717626
717691
717700
717740
717830
717850
718034
718057
718083
718093
718096
718194
718245
718293
718325
718463
718503
718616
718720
718739
718864
719051
719112
719204
719235
719487
719528
719659
719803
720141
720324
720363
720431
720565
720746
720882
721065
721418
721535
721644
721761
721817
721919
721932
721947
722037
722081
722371
722494
722518
722573
722592
722827
722856
722952
723116
723141
723148
723360
723596
723643
724045
724219
724222
724239
724321
724369
724376
724437
724452
724597
724639
724727
724796
725321
725374
725415
725423
725639
725797
725864
725868
726000
726209
726319
726436
726707
726890
726924
726978
727038
727279
727406
727766
727784
727912
728062
728319
728368
728386
728972
729082
729390
729468
729644
729711
729773
729882
729906
729998
730139
730322
730656
730663
730742
730772
730863
730868
731033
731431
731468
731597
731630
731688
732000
732011
732073
732210
732297
732327
732432
732513
732555
732689
732849
732853
732883
733108
733149
733306
733343
733407
733462
733720
733925
734243
734271
734394
734452
734574
734637
734727
734760
734822
734936
735367
735550
735783
735851
735901
736080
736083
736202
736237
736613
736632
736675
736683
737159
737182
737197
737217
737324
737829
737873
737949
737955
738055
738190
738280
738303
738307
738456
738559
738592
738673
738824
738844
739066
739349
739437
739439
739685
739737
739795
740095
740263
740411
740424
740512
740640
740955
740991
741005
741052
741410
741495
741554
741823
741960
742011
742223
742262
742346
742583
742624
742625
742811
742940
743057
743110
743192
743257
743279
743507
743561
743615
743621
743718
743721
743794
744018
744045
744114
744132
744191
744302
744328
744370
744466
744509
744749
744757
745119
745338
745383
745442
745519
745598
745777
745790
745891
745937
746008
746023
746196
746204
746245
746301
746320
746396
746407
746565
746672
746781
746878
746968
746979
747032
747190
747231
747348
747352
747578
747594
747613
747620
747704
747730
747831
747843
748018
748063
748174
748179
748282
748340
748648
748677
748794
748862
749026
749384
749393
749622
750070
750384
750391
750424
750461
750619
750680
750904
750971
751179
751233
751265
751347
751703
752017
752025
752061
752196
752213
752222
752268
752272
752434
752619
752755
752862
752873
752940
752950
753035
753036
753097
753195
753243
753327
753484
753545
753566
753610
753666
753827
753923
753947
753975
754079
754205
754382
754494
754544
754572
754718
754965
755292
755293
755389
755438
755461
755729
755841
755847
755850
755977
755990
756091
756103
756184
756226
756254
756266
756530
756561
756755
756790
756920
757031
757101
757169
757239
757639
757766
758060
758182
758221
758248
758298
758354
758679
758712
758826
758864
758883
759006
759046
759216
759225
759512
759763
759790
759824
759895
759962
760028
760075
760107
760133
760149
760237
760374
760429
760555
760561
760728
760737
760842
760861
760867
760876
760949
760958
761001
761011
761084
761130
761287
761419
761623
761759
761946
761965
762114
762432
762480
762578
762644
762896
762904
762936
763046
763061
763215
763227
763284
763451
763542
763610
763634
763673
763940
764390
764545
764620
764772
764774
764862
764986
765110
765159
765581
765707
765840
765852
765937
766008
766223
766242
766466
766511
766628
766632
766638
766879
766969
767055
767496
767510
767515
767741
768058
768507
768530
768606
768685
768778
768817
768881
768946
769077
769161
769353
769372
769379
769607
769650
769705
769776
769777
769811
769861
770105
770110
770529
770599
770842
770903
771046
771110
771116
771137
771262
771330
771499
771545
771659
771695
771841
771915
772151
772374
772398
772424
772476
772543
772575
772608
772796
772878
773039
773109
773450
773531
773605
773654
773692
773706
773744
773832
773849
773885
773950
774025
774119
774170
774253
774259
774717
774768
774788
774840
775011
775148
775159
775238
775386
775481
775707
775775
775871
775881
775981
776122
776257
776270
776386
776538
776771
776788
776887
776935
777019
777058
777211
777334
777387
777408
777447
777517
777615
777643
777690
777698
777768
777788
777796
777823
778093
778097
778205
778412
778452
778495
778526
778549
778559
778568
778577
778748
778897
778938
779002
779202
779314
779384
779422
779681
779739
779829
779886
779954
780519
780889
780943
781468
781531
781583
781592
781944
781948
782246
782756
782836
783058
783060
783155
783323
783336
783401
783445
783500
783738
783761
783789
783817
783831
784010
784083
784156
784431
784720
784849
784915
784964
785021
785078
785108
785148
785606
785615
785629
785778
785844
785951
785958
785982
786091
786653
786665
786760
786853
787007
787153
787244
787442
787521
787528
787574
787685
787760
787955
787981
787987
788018
788094
788185
788285
788324
788489
788496
788512
788514
788584
788653
789250
789261
789298
789353
789491
789541
789563
789584
789668
789692
789770
789834
789931
789936
789957
790013
790089
790125
790134
790208
790235
790261
790287
790510
790525
790578
790664
790764
790785
790850
791141
791315
791361
791365
791376
791471
791518
791566
791592
791697
791859
792020
792129
792171
792189
792275
792436
792560
792615
792643
792685
792943
792982
793071
793170
793230
793315
793499
793532
793544
793686
793808
794025
794191
794420
794674
794751
794813
794865
794895
795015
795221
795333
795337
795421
795438
795498
795753
795936
795988
796194
796230
796234
796448
796477
796688
796731
796740
796873
797160
797320
797368
797373
797543
797640
797804
797934
798067
798182
798223
798245
798369
798472
798487
798601
798764
798859
798947
798979
799032
799075
799152
799275
799277
799412
799525
799625
799648
799720
799736
799921
799942
800001
800033
800113
800269
800287
800589
800598
800613
800627
800739
800869
800967
801122
801234
801347
801479
801978
802126
802182
802206
802288
802312
802315
802346
802369
802490
802556
802636
802756
802868
802948
803049
803108
803144
803175
803209
803443
804035
804124
804248
804257
804269
804333
804370
804618
804703
804716
804744
804845
804859
804933
805058
805103
805108
805171
805186
805195
805300
805340
805436
805448
805451
805528
805534
805543
805673
805776
805782
806054
806065
806067
806196
806264
806355
806448
806453
806565
806635
806653
806931
807120
807190
807310
807415
807537
807690
807762
807805
807871
808109
808110
808138
808358
808569
808750
808793
808909
808935
809119
809417
809678
809855
809894
809918
809940
809949
810104
810213
810265
810469
810542
810568
810628
810656
810668
810855
810903
810996
811008
811200
811204
811248
811388
811420
811656
811737
811779
811781
811786
811789
811899
812003
812501
812534
812733
812764
812934
812948
813024
813026
813148
813765
813794
813826
814005
814103
814265
814278
814411
814425
814435
814581
814620
814678
814728
814753
814867
814871
814920
814997
815112
815343
815390
815483
815707
815823
815846
815891
815898
815913
815992
816035
816037
816064
816166
816256
816335
816592
816632
816633
816676
817028
817042
817106
817203
817499
817694
817832
817843
817877
817881
817979
817988
818142
818193
818327
818391
818414
818536
818543
818563
818622
818643
818685
818698
818976
819029
819104
819315
819413
819481
819612
819618
819636
819718
819927
820276
820329
820333
820351
820391
820406
820494
820664
820994
821009
821037
821091
821212
821393
821408
821410
821417
821447
821521
821524
821598
821730
821778
822193
822219
822259
822275
822340
822562
822613
822704
822816
823113
823153
823211
823325
823359
823614
823789
824014
824140
824209
824262
824267
824316
824711
824722
824985
825063
825084
825103
825306
825445
825586
825591
825622
825683
825768
825827
825956
825973
826062
826134
826275
826288
826339
826341
826359
826410
826559
826764
826826
827126
827203
827270
827365
827418
827680
827703
827770
827895
828042
828052
828130
828282
828519
828758
828882
829021
829024
829184
829417
829424
829523
829581
829599
829710
829926
829947
830040
830050
830103
830510
830515
830553
830636
830741
830777
830815
830832
830941
830953
831112
831205
831331
831456
831477
831482
831584
831589
831643
831695
831732
831805
831879
831932
832132
832144
832244
832267
832400
832518
832539
832540
832571
832657
833211
833320
833339
833409
833499
833631
833958
833996
834052
834196
834238
834311
834341
834342
834373
834507
834546
834664
834884
835134
835160
835645
835707
835724
835882
836038
836093
836106
836197
836221
836350
836847
836953
837042
837323
837339
837399
837619
837699
837898
838004
838085
838219
838328
838489
838544
838599
838787
838848
838884
839114
839208
839224
839231
839724
839929
840035
840425
840674
840681
840732
840890
840990
841091
841170
841200
841358
841413
841517
841642
841695
841727
841845
841906
842030
842099
842164
842190
842374
842581
842596
842682
842793
842892
842909
842956
843062
843101
843429
843486
843555
843711
843793
844014
844052
844098
844261
844267
844297
844527
844534
844781
844834
845038
845112
845204
845298
845592
845663
845727
845791
845837
845981
846155
846332
846344
846480
846884
846913
846914
846945
846969
847002
847045
847104
847130
847147
847300
847360
847679
847758
847793
847831
847893
847921
847953
848003
848090
848188
848322
848413
848498
848616
848621
848711
848733
848801
848817
848870
848885
848909
848990
849098
849363
849521
849554
849567
850044
850076
850112
850141
850340
850385
850656
850696
850860
851003
851188
851217
851266
851548
851638
851875
852043
852117
852212
852474
852509
852531
852584
852898
853003
853147
853536
853628
853636
853645
853746
853749
853815
853984
854002
854068
854130
854189
854216
854405
854431
854524
854589
854606
854672
854914
855106
855187
855193
855194
855233
855727
855777
855797
855943
855968
855999
856203
856212
856412
856535
856615
856860
857009
857133
857400
857421
857469
857516
857617
857800
857942
858350
858719
858720
858892
858956
858964
859008
859024
859073
859225
859667
859769
859995
860143
860192
860338
860389
860433
860457
860505
860531
860603
860657
860741
860911
860921
861056
861094
861108
861191
861217
861264
861577
861640
861702
861753
861969
861984
862007
862016
862073
862124
862231
862728
862900
862972
862989
863090
863152
863402
863479
863623
863728
863958
864136
864548
864554
864600
864717
864782
865029
865164
865343
865371
865577
865633
865824
865888
865955
866062
866126
866224
866238
866241
866390
866552
866578
866731
866819
866921
866949
867013
867015
867057
867164
867340
867494
867522
867586
867625
867676
867695
868166
868226
868266
868441
868540
868548
868756
868818
868826
868868
868973
869002
869121
869264
869327
869478
869510
869602
869604
869846
870266
870274
870372
870394
870449
870598
870629
870692
870753
870867
870911
871079
871101
871105
871199
871355
871436
871588
871627
871643
871874
871887
871955
871998
872238
872425
872468
872527
872582
872756
872829
872858
872950
873169
873208
873280
873424
873440
873565
873693
873727
873911
874090
874114
874118
874559
874576
874620
874712
874827
874937
875023
875049
875155
875495
875625
875738
875862
876026
876242
876477
876554
876656
876773
876800
876858
877114
877269
877287
877375
877398
877498
877589
877619
877862
878009
878379
878412
878565
878643
878673
878893
878941
878952
878986
879012
879362
879379
879427
879646
879710
879778
879850
879884
879885
879908
879935
880007
880113
880136
880213
880271
880319
880370
880480
880546
880659
880791
881063
881077
881236
881303
881338
881417
881432
881545
881617
881657
881856
881946
882006
882151
882297
882397
882581
882761
882771
882803
882885
882997
883353
883562
883563
883579
883612
883747
883756
883780
883825
883827
883891
883900
883969
884036
884071
884129
884140
884194
884222
884259
884302
884312
884333
884540
884828
884924
884932
884981
885052
885054
885144
885258
885279
885529
885667
885686
885726
885752
885821
886103
886147
886194
886256
886333
886418
886431
886489
886512
886841
886874
886964
886969
887098
887331
887349
887403
887497
887532
887589
887633
887641
887885
887908
887992
888110
888119
888139
888151
888606
888627
888726
888733
888858
888887
889117
889494
889537
889756
889795
889813
889919
890026
890277
890280
890378
890596
890608
890722
890825
890876
890927
891225
891351
891424
891460
891494
891868
891876
892196
892217
892359
892392
892410
892754
892968
893130
893265
893341
893374
893387
893391
893454
893501
893708
894121
894181
894364
894380
894515
894567
895008
895059
895061
895204
895211
895286
895300
895320
895517
895673
895690
895743
895809
895905
896180
896182
896300
896331
896438
896440
896615
896681
896695
896891
896903
896936
897050
897067
897092
897117
897327
897541
897563
897576
897964
897976
898193
898198
898329
898339
898341
898346
898506
898584
898772
898825
898970
898973
899023
899131
899157
899222
899224
899262
899578
899615
899636
899714
899731
899779
899786
899800
899889
899961
900270
900343
900356
900387
900584
900692
900832
900949
900952
901008
901038
901057
901058
901159
901185
901293
901352
901711
902008
902205
902210
902373
902382
902478
902733
902763
902801
902843
902856
902916
902920
903067
903231
903336
903510
903619
903622
903746
903749
903841
904108
904285
904287
904381
904654
904699
904754
904819
904887
905045
905127
905185
905273
905386
905800
905802
905920
906070
906164
906534
906556
906899
907005
907051
907059
907120
907139
907224
907290
907548
907587
907617
907667
907718
907778
908080
908119
908144
908324
908403
908584
908621
908734
908925
908934
909088
909091
909144
909223
909246
909331
909371
909395
909429
909504
909759
909804
909844
909979
910040
910347
910532
910597
910719
910963
911190
911274
911333
911378
911420
911509
911594
911680
911730
911784
911819
912001
912171
912224
912329
912365
912409
912466
912505
912518
912807
912937
912969
913072
913102
913148
913787
913824
913910
913937
913988
914147
914205
914350
914402
914430
914495
914529
914779
914828
914869
914919
914987
915085
915353
915780
915863
915957
915977
916090
916124
916261
916498
916506
916990
917073
917128
917153
917230
917255
917439
917447
917459
917613
917633
917720
917824
917879
918077
918150
918155
918246
918375
918462
918467
918508
918522
918649
918724
918731
919007
919166
919247
919267
919308
919486
919528
919620
919718
919722
919789
919802
919820
920090
920298
920389
920664
920684
920821
920882
920918
921094
921151
921186
921428
921457
921483
921586
921900
922201
922233
922395
922503
922519
922648
922692
922694
922828
922929
922934
923069
923085
923094
923119
923136
923387
923458
923525
923601
923711
923732
923800
923886
923896
924162
924185
924249
924254
924532
924550
924601
924617
924900
924920
924930
924946
924965
924994
925258
925452
925454
925510
925662
925834
925969
925984
926002
926151
926152
926183
926418
926463
926517
926861
926862
927048
927129
927167
927191
927388
927461
927463
928163
928341
928548
928561
928674
928732
928749
928805
928813
929052
929076
929086
929150
929298
929319
929578
929641
929756
929797
929883
929917
929966
929977
929980
930035
930048
930125
930127
930269
930282
930316
930455
930519
930522
930533
930617
930635
930664
930683
930740
930793
931117
931263
931274
931371
931403
931644
931681
931775
931885
931931
931969
932148
932255
932415
932516
932597
932769
932797
932857
932912
932952
932958
932969
933006
933128
933236
933319
933355
933359
933437
933484
933507
933512
933640
933783
933834
933857
933903
933944
934037
934128
934217
934252
934529
934757
934927
934956
935059
935136
935462
935563
935565
935678
935686
935690
935704
935888
935900
935929
935994
936087
936298
936392
936486
936590
936639
936736
936742
936753
936884
936926
936946
936949
937040
937080
937214
937385
937597
937756
937795
937933
937942
937976
938127
938149
938260
938288
938366
938412
938512
938573
938685
938938
938995
939021
939122
939296
939391
939598
939783
939805
939992
940015
940111
940129
940174
940328
940376
940464
940638
940678
940715
940965
941012
941084
941116
941172
941184
941185
941405
941471
941856
941942
941953
942152
942260
942625
942695
942746
942854
942882
942969
943084
943097
943120
943447
943574
943628
943665
943791
943831
944111
944123
944575
945042
945078
945103
945179
945260
945302
945373
945480
945574
945742
945782
945838
946208
946470
946777
946819
947016
947050
947051
947114
947207
947218
947329
947363
947466
947535
947600
947634
947663
947770
947814
947845
948070
948118
948443
948567
948694
948743
948996
949030
949087
949183
949266
949323
949346
949355
949660
949839
950059
950608
950609
950736
950901
950994
951023
951082
951257
951668
951847
951995
952431
952695
952713
952714
952755
952763
952792
953116
953225
953228
953251
953312
953419
953564
953760
953805
953807
953920
953961
954165
954525
954624
954729
954897
955038
955191
955198
955347
955386
955435
955528
955560
955628
956121
956259
956459
956502
956612
956852
956882
956942
957232
957233
957261
957266
957419
957498
957678
957719
957755
957758
957961
958061
958089
958121
958358
958383
958491
958759
958787
958881
958898
958939
959024
959049
959102
959113
959308
959422
959498
959521
959723
959737
959778
959780
959797
959805
959815
959822
959852
959879
959957
959969
960156
960391
960505
960707
960713
961068
961290
961323
961505
961871
961952
962036
962189
962271
962430
962450
962458
962499
962716
962735
962749
962768
962809
962865
962980
962990
963006
963248
963306
963366
963369
963440
963653
963779
964079
964104
964287
964398
964425
964482
964504
964569
964646
964728
964794
964941
964957
964984
965047
965099
965153
965156
965157
965288
965852
965953
966031
966036
966310
966311
966476
966671
967320
967813
968041
968072
968091
968297
968355
968409
968472
968526
968573
968590
968644
968958
969031
969065
969320
969434
969618
969754
969810
970027
970076
970213
970312
970461
970490
970506
970527
970560
970563
970673
970983
970997
971065
971086
971154
971387
971435
971506
971614
971664
971704
971755
971869
972228
972235
972240
972347
972455
972606
972633
972640
972695
972761
972821
972838
972875
972890
972906
972987
973037
973038
973178
973400
973451
973664
973907
973921
974117
974262
974366
974496
974559
974972
975050
975205
975218
975495
975644
975738
975895
975925
975967
976188
976226
976347
976443
976464
976553
976735
976892
976943
977175
977277
977308
977589
977769
977797
977905
977963
978084
978154
978220
978299
978403
978831
978968
978993
979114
979153
979162
979163
979252
979296
979431
979554
979646
979671
979691
979888
980018
980272
980337
980443
980681
980793
981013
981046
981115
981330
981574
981600
982082
982363
982540
982564
982711
982729
982776
982788
982832
982875
982903
983065
983080
983118
983127
983147
983181
983366
983625
983630
983638
983869
983876
983890
983923
984045
984068
984080
984101
984275
984352
984434
984459
984579
984682
984727
984758
984997
985243
985323
985341
985438
985479
985529
985729
985893
985942
985960
986132
986200
986233
986336
986375
986404
986468
986643
986676
986684
986768
986817
986938
986988
987028
987058
987088
987249
987410
987419
987437
987461
987492
987634
987673
987879
987922
987926
987934
988063
988128
988161
988178
988431
988600
988604
988661
988720
988739
988862
988950
988989
988990
989106
989177
989315
989316
989343
989599
989729
989739
989763
989839
989925
989963
990144
990155
990368
990486
990792
990851
990905
990934
990989
991030
991110
991353
991405
991471
991710
991725
991773
991950
991968
992023
992042
992061
992093
992156
992214
992350
992354
992436
992455
992525
992528
992569
992592
992607
992635
992799
993008
993029
993080
993171
993173
993361
993384
993407
993509
993531
993733
993744
993809
993939
994184
994293
994442
994524
994578
995094
995111
995140
995162
995216
995316
995418
995451
995468
995538
995539
995629
995640
995645
995746
995823
995846
995854
996005
996014
996019
996038
996210
996264
996587
996588
996652
996709
996732
996870
996948
996997
997008
997023
997066
997155
997262
997280
997857
997898
998343
998531
998668
998687
998789
999191
999220
999385
999388
999413
999422
999522
999529
999833
999986
