186
210
385
537
612
720
733
860
912
1087
1092
1146
1230
1275
1281
1530
1688
1709
1779
1835
1967
2017
2029
2054
2106
2118
2135
2151
2182
2239
2256
2416
2662
2665
2694
2746
2833
2887
2907
2924
3020
3084
3096
3116
3291
3461
3475
3536
3572
3588
3677
3831
3893
4061
4233
4303
4522
4617
4667
4681
4813
4873
4903
5118
5205
5260
5416
5424
5941
5992
6072
6106
6111
6283
6527
6727
6836
6857
6923
7050
7195
7393
7449
7585
7703
7721
7824
7989
8100
8128
8223
8266
8382
8415
8612
8882
8983
9115
9293
9444
9534
9641
9895
10046
10049
10108
10110
10239
10306
10340
10344
10377
10501
10518
10565
10696
10845
10940
10942
10986
11082
11160
11162
11320
11411
11521
11601
11778
11815
11894
12133
12231
12266
12394
12397
12445
12527
12556
12706
12712
12743
12763
12869
12969
13127
13500
13860
14101
14143
14514
14530
14566
14650
14814
14923
15054
15096
15193
15211
15554
15599
15725
15735
15748
15836
15887
16160
16216
16329
16425
16444
16573
16576
16711
16989
17031
17071
17100
17164
17674
17824
17934
18004
18209
18357
18697
18828
18838
18936
19012
19029
19087
19130
19184
19232
19347
19352
19535
19717
19733
19889
19918
20041
20061
20145
20166
20185
20265
20319
20416
20627
20708
20731
20750
20829
20847
21170
21481
21668
21742
21956
22054
22219
22392
22456
22465
22466
22607
22755
22783
22851
22867
22893
22985
23002
23114
23224
23247
23302
23313
23427
23456
23585
23625
23705
23708
23903
23970
24046
24122
24144
24156
24186
24230
24271
24426
24483
24730
24805
24924
25113
25266
25325
25342
25480
25550
25577
25630
25646
25754
25779
25792
26017
26210
26242
26358
26368
26532
26593
26723
26832
26913
27148
27290
27309
27390
27423
27430
27525
27603
27702
27773
27871
27890
28049
28109
28122
28182
28196
28307
28340
28365
28378
28479
28517
28519
28739
28819
28824
29226
29371
29454
29607
29785
29833
29890
29903
29912
29935
29958
29980
30104
30241
30366
30470
30528
30558
30638
30754
30812
30882
30900
30949
31029
31066
31175
31305
31363
31379
31418
31489
31526
31573
31792
31793
31996
32023
32033
32511
32563
32664
32831
32943
32983
32985
33441
33557
33773
33814
33933
34023
34086
34135
34154
34401
34446
34776
34931
34971
35019
35188
35205
35270
35273
35320
35389
35400
35542
35603
35670
35764
35795
35911
35977
36276
36475
36645
36658
36692
36865
36931
37344
37347
37366
37419
37450
37538
37548
37667
37692
37778
37814
37824
37832
37931
38003
38009
38104
38114
38337
38357
38375
38401
38405
38442
38486
38559
38648
38666
38720
38767
38813
39084
39185
39186
39232
39606
39731
39750
39846
40039
40115
40130
40200
40307
40313
40458
41052
41224
41237
41344
41363
41499
41505
41722
41733
41869
41921
42225
42275
42487
42575
42619
42723
42806
42870
43225
43474
43524
43644
43694
43864
43874
43878
43917
43934
44003
44174
44351
44398
44408
44544
44777
44783
44821
45081
45134
45210
45217
45238
45345
45381
45449
45574
45695
45800
45871
45960
46084
46177
46388
46707
46837
46851
46879
47014
47063
47182
47555
47765
47971
48110
48153
48192
48508
48565
48702
48720
48742
48770
48793
48960
48987
49041
49173
49174
49225
49258
49316
49358
49397
49509
49600
49607
49677
49755
49785
49933
50066
50106
50151
50194
50201
50206
50432
50483
50633
50770
50780
50785
50830
50842
50925
51363
51395
51484
51503
51772
51891
51909
51981
52010
52082
52098
52138
52209
52430
52706
52721
52740
52744
52856
52890
53059
53075
53361
53412
53564
53603
53661
53685
53707
53746
53750
53824
53863
53967
54018
54087
54188
54269
54371
54404
54418
54515
54708
54771
54839
54957
54981
54984
55115
55292
55628
55647
55671
55848
55979
56013
56111
56154
56193
56304
56342
56611
56704
56743
56777
56973
57148
57345
57480
57584
57834
57954
58188
58207
58237
58252
58309
58310
58394
58499
58614
58727
58744
58778
58796
58949
58992
59153
59218
59311
59353
59381
59469
59537
59630
59699
59912
59919
59946
59977
60009
60168
60343
60345
60460
60495
60550
60567
60771
60843
61038
61076
61112
61243
61314
61333
61439
61445
61449
61502
61541
61597
61599
61621
61668
61698
61764
61793
62206
62245
62259
62272
62414
62723
62760
63023
63046
63076
63215
63253
63364
63494
63525
63630
63643
63669
63739
63802
63879
63920
64054
64231
64421
64431
64492
64556
64743
64955
65014
65032
65355
65391
65417
65438
65511
65544
65617
65717
65780
65796
66074
66089
66091
66139
66446
66501
66559
66637
66679
66700
66883
66948
66970
67120
67204
67431
67432
67517
67597
67761
67807
67893
68015
68031
68449
68515
68636
68752
68811
68812
68824
69033
69182
69278
69346
69394
69415
69437
69452
69507
69509
69628
69864
69878
70138
70195
70200
70202
70226
70325
70421
70537
70546
70548
70962
70980
71056
71109
71290
71333
71818
71823
71932
72001
72004
72077
72154
72359
72382
72435
72484
73057
73065
73066
73217
73235
73295
73346
73433
73469
73541
73652
73923
74325
74391
74420
74539
74620
74671
74876
74975
74980
75045
75162
75277
75608
75907
75936
76141
76174
76233
76334
76412
76575
76898
77140
77196
77270
77276
77281
77379
77473
77497
77874
77922
77992
78084
78180
78183
78211
78240
78356
78365
78439
78453
78773
78774
78806
78865
78867
78903
79018
79119
79174
79258
79268
79438
79454
79718
79730
79752
80209
80310
80478
80496
80825
80831
80871
81066
81083
81093
81105
81135
81179
81239
81288
81299
81312
81789
81832
82011
82056
82067
82088
82176
82363
82388
82530
82744
82877
82919
83146
83406
83595
83692
83820
83827
83874
83927
84026
84199
84296
84327
84397
84421
84752
84794
84799
84814
84817
84981
85100
85136
85274
85566
85605
85655
85657
85740
85848
85911
85945
86030
86152
86156
86166
86349
86368
86395
86556
86577
86703
86748
86767
86798
86804
86966
86970
87049
87073
87109
87113
87144
87170
87271
87309
87320
87363
87629
87686
87689
87790
87899
87945
88054
88181
88465
88469
88507
88657
88701
88702
88724
88937
89033
89548
89578
89825
89899
89949
89971
89997
90196
90247
90292
90455
90460
90552
90652
91076
91136
91153
91228
91274
91294
91356
91541
91581
91737
91797
91937
92099
92279
92329
92349
92381
92417
92420
92421
92553
92649
92679
92742
92819
92999
93023
93061
93144
93181
93193
93294
93466
93526
93575
93589
93675
93825
94270
94306
94342
94386
94467
94519
94744
94753
95097
95183
95357
95400
95468
95585
95681
95895
95926
95929
95977
96344
96441
96488
96513
96552
96591
96987
97009
97048
97095
97132
97181
97194
97625
97653
97822
97981
98093
98135
98187
98411
98417
98801
98867
98907
98949
99332
100048
100084
100280
100290
100625
100756
100850
100961
101024
101096
101143
101151
101162
101275
101316
101358
101616
101734
101911
101927
101943
101971
102160
102214
102383
102682
102691
102804
102834
102879
102964
103086
103130
103148
103167
103642
103691
103753
103766
103807
103936
103960
103961
104063
104108
104154
104239
104246
104454
104589
104988
105000
105078
105092
105194
105210
105840
105889
105891
105969
106090
106094
106504
106641
106785
106795
106857
106974
106999
107065
107168
107432
107502
107727
107745
107803
107873
108037
108261
108420
108626
108744
108824
108951
109015
109147
109381
109459
109495
109519
109635
109706
109782
109956
110034
110198
110239
110392
110437
110487
110834
111031
111095
111143
111178
111238
111300
111383
111475
111497
111520
111598
111626
111784
111786
111821
111862
111871
111886
111923
111938
111983
112126
112342
112521
112662
112691
112773
112857
112898
112997
113010
113027
113082
113277
113289
113295
113304
113428
113461
113568
113827
113830
113874
114005
114050
114143
114373
114455
114477
114496
114620
114678
114698
114889
115122
115175
115402
115673
115836
116027
116071
116123
116131
116229
116318
116601
116608
116616
116743
116950
117057
117119
117170
117187
117579
117586
117798
117825
118063
118067
118108
118111
118146
118192
118481
118671
118713
118936
118972
119087
119363
119674
119915
119998
120069
120101
120121
120219
120387
120415
120430
120475
120633
120765
120786
120956
121020
121124
121133
121179
121351
121354
121426
121448
121752
121889
121932
122000
122035
122055
122182
122227
122289
122304
122332
122387
122467
122534
122535
122550
122648
122671
122732
122826
123005
123365
123379
123489
123527
123833
123858
123873
123914
123920
123935
124011
124053
124093
124169
124244
124312
124607
124637
124687
124702
124849
124997
125034
125071
125152
125249
125278
125330
125435
125598
125690
126165
126366
126521
126834
127064
127077
127096
127100
127397
127506
127823
127921
128050
128141
128219
128291
128329
128501
128544
128714
128750
128752
128877
128918
129173
129308
129376
129446
129495
129655
129734
129792
129842
129852
129897
129965
130020
130089
130111
130131
130200
130218
130266
130466
130694
130740
130758
131429
131441
131494
131507
131561
131701
132258
132293
132327
132377
132411
132454
132524
132557
132835
132841
132881
132899
132908
133167
133315
133324
133346
133498
133507
133575
133642
133698
133856
133857
134100
134112
134169
134180
134183
134306
134364
134529
134902
134913
135058
135124
135131
135266
135308
135326
135411
135752
135771
135968
136419
136542
136693
136837
136840
136972
136979
137065
137132
137223
137275
137398
137591
137770
137781
137848
138070
138120
138149
138271
138279
138448
138533
138941
139053
139059
139153
139226
139353
139467
139634
139950
139987
140090
140177
140305
140521
140523
140617
140663
140978
140987
140994
141117
141289
141396
141402
141539
141717
141718
141810
141878
142061
142129
142205
142227
142282
142286
142336
142399
142478
142548
142761
142939
142948
142999
143081
143445
143618
143687
143710
143760
143861
143955
144197
144288
144334
144403
144680
144688
144821
144879
144881
144962
145124
145276
145319
145386
145395
145446
145866
145904
146034
146173
146326
146337
146468
146524
146576
146612
146770
146929
147049
147076
147096
147138
147280
147338
147526
147569
147650
147661
147779
147859
147948
148231
148232
148689
148693
148715
148737
148951
149586
149640
149749
149804
149870
150034
150115
150184
150283
150700
150706
150736
150834
151127
151211
151335
151336
151373
152082
152252
152517
152636
153041
153394
153432
153441
153560
153624
153656
153673
153824
154006
154033
154121
154345
154403
154479
154597
154725
154994
155079
155082
155218
155261
155285
155354
155769
155826
156294
156440
156472
156586
156673
156769
156811
157167
157180
157216
157488
157504
157860
157988
158001
158013
158045
158115
158358
158455
158568
159029
159171
159220
159369
159535
159652
159747
159749
159835
159926
159949
159986
160107
160200
160318
160415
160476
160574
160626
160830
160955
161078
161293
161359
161497
161524
161600
161913
161986
162094
162243
162282
162326
162335
162482
162512
162800
162945
163097
163264
163279
163549
163639
163642
163690
163704
163716
163820
163901
164097
164136
164407
164524
164653
164662
164778
164802
164853
165002
165036
165102
165256
165326
165428
165469
165496
165514
165555
165631
165673
165759
165791
165829
165874
165971
165972
166483
166767
166866
166967
166974
167035
167045
167047
167179
167217
167327
167352
167451
167539
167541
167598
168036
168160
168163
168180
168233
168520
168808
168842
168869
168898
168968
169060
169133
169255
169384
169391
169502
169519
169586
169595
169614
169636
169773
169793
169842
169848
169892
169908
169913
169937
170028
170085
170293
170305
170578
170853
170922
170943
170959
171006
171083
171312
171313
171625
171737
171763
171791
171815
172125
172302
172332
172532
172700
172704
172718
172734
172888
173123
173178
173239
173382
173435
173651
173729
173806
173851
173907
174006
174047
174054
174141
174311
174445
174514
174561
174757
174823
174826
174984
175116
175220
175464
175508
175618
175647
175692
175715
175792
175877
175970
175998
176024
176109
176229
176246
176577
176763
176785
176922
176973
177221
177226
177269
177368
177560
177586
177647
177873
178243
178535
178596
178642
179001
179182
179327
179350
179386
179437
179581
179678
179772
179792
179830
179942
179997
180410
180553
180681
180695
180974
181023
181160
181227
181264
181275
181295
181336
181409
181432
181908
181923
182111
182116
182131
182150
182211
182326
182355
182361
182405
182462
182595
182608
182712
182738
182766
182781
182890
182896
183003
183014
183025
183059
183102
183301
183350
183393
183410
183546
183633
183674
183743
183836
183926
183972
184000
184001
184285
184287
184383
184541
184564
184649
184884
185114
185331
185338
185401
185405
185412
185585
185708
185744
185787
185933
186047
186072
186378
186547
186574
186642
186808
186898
186961
186997
187025
187071
187081
187095
187096
187144
187250
187458
187530
187905
187994
188451
188507
188618
188752
188844
188923
188982
189015
189051
189146
189151
189210
189342
189568
189625
189683
189701
189842
189844
189852
190005
190101
190407
190453
190466
190494
190663
190704
190984
191170
191521
191523
191525
191602
191680
191720
192180
192258
192281
192401
192476
192483
192494
192614
192629
192664
192702
192743
192911
192949
192960
193022
193162
193251
193274
193295
193495
193539
193655
193705
193793
193870
193878
193971
193988
194043
194198
194308
194385
194475
194545
194826
194916
194998
195069
195119
195306
195401
195509
195642
195706
195757
195759
195917
195950
195951
196572
196590
197031
197071
197507
197523
197601
197708
197724
197758
198125
198289
198344
198361
198372
198393
198483
198551
198652
198760
198785
198786
199018
199086
199176
199305
199321
199412
199427
199532
199663
199710
199728
200360
200585
200622
200721
200971
200977
201120
201134
201354
201371
201382
201711
201727
201814
201867
201939
201991
202059
202227
202259
202327
202345
202451
202476
202594
202966
203094
203151
203217
203244
203713
203862
203921
203924
204200
204218
204355
204655
204684
205298
205312
205331
205614
205796
205915
205917
205946
206111
206303
206491
206526
206529
206610
206759
206838
206854
206958
207296
207299
207325
207396
207710
207748
207785
207900
207922
208221
208289
208738
208821
209064
209245
209258
209263
209328
209397
209404
209473
209492
209532
209535
209698
209844
209866
209889
209996
210025
210043
210277
210319
210427
210576
210673
210693
210957
211254
211259
211381
211404
211433
211438
211642
211734
211809
211855
211988
212036
212180
212188
212202
212283
212951
213305
213410
213419
213541
213550
213669
213696
213718
213795
213861
213925
213970
214030
214070
214183
214209
214322
214609
214781
214978
214991
215013
215087
215170
215295
215348
215396
215422
215481
215584
215604
215661
215788
215799
216061
216138
216159
216160
216206
216231
216261
216620
216674
216732
216738
216767
216841
216886
217174
217427
218040
218335
218405
218550
218572
218574
219112
219195
219301
219324
219350
219519
219587
219701
219721
219912
219915
219935
219978
220040
220241
220264
220356
220480
220509
220516
220572
220584
220616
220627
220702
220710
220797
220913
221185
221196
221322
221571
221591
221798
221834
221876
222158
222167
222173
222257
222425
222466
222603
222650
222667
222888
223058
223188
223202
223238
223284
223430
223660
223695
223769
223859
223932
223937
224109
224153
224289
224363
224372
224557
224701
224778
224877
225131
225180
225219
225251
225276
225435
225440
225488
225582
225639
225670
225857
226014
226099
226226
226300
226425
226523
226594
226724
227090
227137
227616
227691
227838
228117
228175
228206
228207
228221
228483
228541
228548
228624
228956
229310
229409
229528
229581
229652
229827
230011
230146
230567
230896
231100
231142
231160
231200
231221
231296
231365
231409
231425
231453
231484
231646
231663
231844
231989
232017
232378
232405
232729
232730
232937
232961
232976
233167
233232
233472
233491
233576
233617
233663
233676
233931
234044
234078
234587
234636
234732
234861
234868
234935
234988
235038
235058
235094
235262
235268
235281
235313
235320
235501
235781
235817
235829
235841
235893
235909
235981
236098
236106
236186
236218
236290
236918
236940
237077
237156
237189
237323
237469
237680
237685
237702
237764
237775
237796
238484
238524
238570
238580
238586
238712
238729
238742
238749
238756
238836
238945
238978
238997
239006
239035
239309
239423
239457
239496
239534
239641
239652
239677
239716
239821
239874
240341
240402
240800
240835
240837
240870
240978
241017
241062
241143
241405
241431
241536
241561
241692
241750
241909
241942
241945
241989
242182
242219
242276
242306
242506
242725
242858
242890
242940
242990
243263
243382
243423
243544
243777
243783
243828
243867
243947
244010
244018
244044
244078
244564
244671
244738
244772
244852
244868
244941
245054
245196
245241
245598
245616
245660
245685
246029
246067
246218
246345
246484
246696
246925
247234
247337
247415
247496
247528
247624
247733
247901
248167
248171
248212
248236
248267
248285
248350
248392
248420
248464
248540
248561
248596
248630
248828
249092
249366
249432
249444
249469
249596
249618
249669
249685
249831
250037
250132
250207
250494
250553
250688
250881
250943
250973
251113
251157
251175
251217
251271
251352
251428
251506
251530
251705
251710
251861
251885
251886
251922
251956
252087
252843
252850
252880
252932
252976
253022
253043
253113
253132
253220
253292
253299
253307
253600
253861
253879
254148
254403
254404
254559
254610
254684
254777
254832
254981
255035
255172
255547
255557
255560
255569
255679
255717
255757
255765
255934
256022
256046
256121
256214
256357
256384
256400
256412
256667
256917
256936
257118
257187
257267
257346
257375
257407
257430
257598
257640
257743
257812
258078
258083
258208
258220
258276
258302
258323
258341
258386
258565
258566
258626
258627
258808
258846
258945
258995
259115
259186
259229
259249
259341
259362
259463
259802
259870
259918
259928
259964
260200
260257
260280
260302
260314
260393
260409
260477
260540
260631
260794
260831
261048
261049
261193
261222
261350
261381
261480
261522
262043
262277
262341
262382
262632
262745
262893
262956
262976
262985
263446
263568
263682
263743
263856
263995
264010
264085
264115
264132
264152
264184
264275
264377
264388
264398
264455
264561
264665
264678
264843
264879
264882
264972
265073
265079
265178
265300
265555
265619
265647
265681
265687
265719
265738
265779
265859
265876
265971
266013
266059
266234
266413
266451
266503
266628
266680
266936
267135
267172
267232
267252
267254
267458
267475
267519
267688
267717
267799
267815
267843
267880
268111
268148
268441
268674
268769
268800
269038
269057
269160
269186
269249
269423
269501
269565
269622
269653
269735
269858
270003
270078
270092
270171
270274
270280
270505
270557
270840
271102
271537
271656
271988
272053
272125
272142
272170
272241
272284
272399
272633
272694
272798
272857
272990
273182
273274
273310
273313
273361
273376
273419
273546
273677
273809
273843
273915
273924
274086
274090
274185
274523
274574
274641
274738
274834
274855
274885
274988
275057
275060
275145
275297
275318
275375
275470
275495
275679
275803
275944
276019
276033
276057
276120
276125
276275
276597
276640
276697
276794
276851
276890
276899
276901
277160
277235
277394
277550
277745
277870
278126
278169
278273
278281
278342
278491
278632
278648
278671
278684
278691
278694
278804
278887
278940
279030
279053
279143
279204
279206
279481
279585
279594
279713
279717
279750
279761
279772
279832
279857
279890
279904
280043
280163
280325
280327
280398
280433
280465
280555
280632
280846
280862
281091
281103
281184
281223
281232
281268
281354
281411
281485
281624
281729
282382
282399
282419
282422
282516
282557
283305
283548
283601
283634
283892
284007
284015
284038
284191
284398
284533
284638
284730
284783
285018
285373
285396
285526
285590
285835
285876
285904
286098
286228
286404
286405
286437
286511
286531
286618
286684
286819
287045
287069
287086
287123
287158
287368
287440
287457
287638
287675
287755
287757
288208
288214
288333
288467
288484
288784
288924
288927
289058
289322
289407
289659
289787
289905
290131
290175
290260
290343
290479
290514
290583
290668
290766
290823
290859
290936
291063
291099
291357
291390
291416
291715
291723
291830
291983
292045
292151
292268
292297
292338
292459
292494
292602
292644
292722
293214
293338
293416
293496
293545
294023
294226
294324
294330
294645
294662
294776
294843
294872
295149
295227
295285
295288
295399
295564
295672
296018
296067
296091
296279
296318
296321
296345
296415
296603
296932
296982
297009
297077
297115
297414
297666
297709
297772
297864
297883
297953
298320
298371
298763
298864
298917
298926
299063
299075
299077
299231
299317
299341
299380
299386
299409
299520
299599
299722
299745
299847
300509
300521
300754
300832
300901
301017
301074
301185
301191
301335
301376
301385
301515
301626
301649
301685
301875
301876
302062
302084
302085
302163
302179
302181
302240
302308
302959
302977
303129
303220
303516
303526
303599
303627
303629
303743
303876
303946
303985
304036
304315
304341
304589
304601
304977
305018
305124
305137
305196
305298
305319
305436
305460
305474
305673
305727
305904
305906
305938
306110
306120
306166
306255
306276
306286
306396
306704
306705
306783
306785
306827
306900
306988
307048
307076
307099
307209
307283
307443
307512
307552
307633
307645
307659
307712
307845
307986
308002
308026
308089
308341
308507
308542
308575
308582
308602
308770
308790
308809
308876
308885
309036
309121
309139
309209
309284
309304
309435
309437
309476
309688
310095
310295
310586
310587
310882
311007
311008
311015
311327
311588
311843
311955
312050
312077
312147
312205
312440
312508
312699
312768
312885
312965
313118
313238
313246
313362
313387
313492
313534
313782
314026
314370
314372
314467
314702
314720
314741
314746
314778
314801
315262
315365
315432
315599
315826
315829
315848
315986
316115
316132
316168
316284
316421
316529
316535
316626
316713
316723
316731
316759
316891
316959
317060
317218
317239
317351
317563
317592
317690
317720
317798
318231
318380
318391
318408
318588
318635
318830
318832
318895
318963
319068
319071
319185
319338
319396
319507
319531
319571
319579
319633
319717
319816
319925
320022
320123
320330
320456
320469
320607
320664
320711
320875
320901
320909
321021
321173
321266
321532
321688
321781
321890
322023
322248
322260
322835
322840
322913
323000
323157
323212
323278
323404
323444
323495
323532
323633
323819
323849
323869
323921
323923
323925
324060
324123
324337
324363
324591
324926
324947
324970
325018
325045
325057
325332
325439
325529
325599
326012
326066
326171
326247
326294
326400
326513
326561
326655
326788
326868
327020
327047
327089
327109
327245
327269
327535
327554
327656
327714
327850
327952
327967
328042
328201
328412
328637
328695
328917
329106
329143
329446
329505
329544
329601
329662
329757
329759
329800
330062
330137
330155
330263
330307
330324
330358
330623
330684
330882
331038
331184
331370
331400
331418
331453
331462
331478
331518
331870
332000
332314
332525
332577
332593
332640
332692
332704
332718
332973
332996
333034
333133
333184
333235
333320
333377
333537
333561
333840
333907
334091
334179
334227
334249
334259
334434
334695
334730
334736
334775
334843
335121
335335
335435
335496
335559
335627
335681
336045
336142
336187
336386
336452
336533
336662
336835
337107
337122
337125
337361
337376
337479
337590
337760
337781
337807
338136
338229
338857
338957
339189
339223
339229
339237
339253
339335
339538
339547
339559
339664
339705
339813
339919
340008
340062
340398
340438
340589
340622
340797
340800
340864
340876
341001
341109
341366
341513
341704
341804
341809
341863
341907
341952
342118
342128
342217
342437
342610
342829
342901
343048
343258
343301
343384
343386
343583
343681
343770
344202
344259
344313
344362
344459
344484
344509
344545
344847
345018
345111
345273
345441
345470
345585
345607
345666
345818
346269
346278
346420
346588
346866
346990
347142
347166
347323
347352
347597
347620
347686
347774
348004
348089
348156
348237
348343
348387
348559
348675
348869
348915
349071
349084
349118
349291
349615
349704
349851
349981
350108
350141
350333
350486
350563
350680
350929
351217
351302
351464
351617
351707
351769
351785
351983
352044
352114
352125
352241
352346
352458
352704
352783
352907
353039
353062
353365
353492
353680
353764
353783
353850
354013
354256
354319
354439
354477
354663
354745
354971
355135
355233
355312
355433
355453
355640
355727
355737
355908
355944
356104
356125
356185
356231
356316
356643
356701
356723
356894
356928
356942
357090
357165
357257
357261
357421
357453
357605
357727
357825
357859
358008
358024
358057
358068
358091
358109
358168
358183
358287
358470
358487
358573
358805
358888
359276
359416
359749
359873
359959
360314
360474
360572
360597
360635
360731
360807
360934
360941
361007
361051
361131
361138
361201
361214
361256
361345
361394
361400
361434
361668
361691
361761
361784
361927
361967
362036
362404
362454
362852
362896
362938
362946
362959
363061
363289
363567
363697
363840
363884
364134
364142
364232
364282
364411
364466
364785
364858
364942
364977
364994
365012
365210
365482
365521
365586
365732
365809
365823
365975
366029
366225
366360
366375
366678
366844
367190
367302
367339
367459
367469
367633
367671
367810
367836
368094
368128
368259
368479
368506
368520
368817
368922
369094
369095
369109
369140
369213
369443
369563
369664
369674
369726
370064
370087
370140
370180
370273
370318
370469
370470
370505
370567
370653
370682
370714
370792
370802
370870
370993
371111
371360
371502
371545
371566
371756
371833
371865
371921
371973
372093
372098
372408
372584
372590
372608
372629
372664
372674
372756
372850
372870
372900
373394
373469
373609
373802
373889
373954
373976
374138
374328
374335
374496
374582
374597
374679
374712
374779
374981
375185
375458
375480
375487
375506
375855
376299
376538
376569
376650
376671
376874
376921
377114
377128
377400
377649
377662
377705
377721
377811
378002
378410
378455
378584
378667
378680
378779
378782
378824
378894
378900
378906
379084
379155
379233
379291
379410
379481
379514
379568
379600
379606
379685
379690
379816
379912
379999
380224
380290
380392
380529
380639
380682
380729
380964
380975
381073
381219
381232
381320
381579
381742
381885
381978
382029
382223
382231
382292
382309
382484
382657
383141
383147
383197
383215
383317
383333
383447
383664
383672
383682
383734
384053
384150
384161
384242
384580
384605
384747
384882
384951
384954
385016
385059
385527
385998
386110
386251
386415
386601
386647
386670
386793
386832
386845
386929
387153
387154
387436
387675
387823
387892
388006
388072
388097
388131
388154
388213
388273
388409
388495
388510
388545
388692
388938
389063
389074
389102
389153
389175
389226
389247
389260
389401
389434
389443
389661
389876
390010
390056
390110
390186
390315
390330
390465
390476
390767
390776
390796
390862
391102
391385
391491
391579
391622
391721
391728
391741
391811
391816
391944
391988
392041
392370
392420
392478
392496
392640
392684
393089
393333
393438
393444
393456
393464
393492
393669
393750
393765
393810
393916
394365
394530
394714
394902
394979
395058
395190
395298
395571
395624
395739
395779
395857
395868
396052
396073
396436
396794
396870
396992
397044
397091
397150
397255
397287
397337
397373
397502
397752
397817
397848
397899
397999
398254
398380
398401
398436
398530
398540
398755
398857
398900
398989
399049
399110
399235
399293
399386
399417
399457
399651
399709
399754
399836
400153
400268
400384
400486
400500
400651
400841
400845
400880
401015
401526
401656
401836
402174
402231
402530
402684
402703
402765
402814
402816
403016
403115
403242
403394
403542
403832
403942
404043
404371
404599
404637
404902
404925
404987
405122
405128
405158
405377
405566
405568
405732
405976
406072
406155
406273
406297
406363
406433
406453
406549
406568
406579
406625
406647
406788
406822
407038
407083
407172
407176
407393
407548
407559
407714
407727
408071
408232
408371
408456
408516
408550
408576
408627
408628
408629
408760
408766
408845
408957
408960
409136
409258
409360
409399
409459
409587
409611
409789
409831
410164
410329
410394
410482
410637
410639
410643
410660
410771
410784
410806
410837
411041
411074
411108
411242
411259
411383
411429
411439
411533
411570
411589
411626
411698
411990
412228
412251
412309
412330
412337
412356
412762
412794
412827
412832
412890
412910
412915
413094
413241
413293
413380
413537
413720
413754
413755
413776
413818
414075
414109
414154
414158
414176
414304
414321
414325
414498
414563
414580
414601
414685
414819
415074
415160
415274
415421
415491
415620
415669
415741
416207
416614
416641
416685
416698
416757
416778
416841
416929
417029
417116
417179
417207
417301
417391
417405
417434
417508
417615
417699
417833
417980
418012
418096
418116
418318
418320
418335
418511
419031
419164
419180
419289
419295
419368
419470
419698
419758
419797
420006
420061
420245
420344
420524
420557
420589
420692
420788
420810
420829
421107
421220
421381
421492
421637
421666
421699
421725
421771
421793
421794
421833
421983
422221
422298
422325
422674
422835
423041
423136
423395
423689
423722
423795
423971
424031
424464
424582
424657
424706
424734
424838
424854
424988
425020
425189
425235
425265
425500
425689
425726
425740
425763
425789
425883
425899
425930
425979
426201
426237
426290
426346
426442
426451
426646
426829
426946
426969
427117
427339
427409
427467
427607
427623
427641
427648
427776
427872
428035
428193
428304
428427
428442
428455
428467
428494
428499
428506
428611
428624
428786
428818
428903
429046
429050
429057
429087
429106
429288
429308
429335
429548
429724
429737
429837
429952
430032
430243
430303
430334
430402
430491
430630
430861
431053
431100
431544
431753
431832
432116
432249
432350
432388
432394
432444
432445
432498
432530
432577
432625
432936
433062
433094
433231
433471
433495
433498
433711
433851
433864
433888
433927
434122
434188
434233
434279
434295
434357
434429
434468
434497
434534
434586
434749
435144
435457
435535
435600
435644
435795
435897
436290
436360
436624
436646
436651
436701
436824
436928
436933
436945
437337
437438
437442
437456
437521
437523
437529
437816
437824
437944
437958
438006
438072
438198
438277
438398
438487
438754
438844
438923
439023
439024
439058
439086
439281
439297
439422
439447
439459
439558
439725
439840
440003
440519
440541
440858
440989
441021
441052
441216
441298
441356
441522
441562
441877
441880
442038
442198
442329
442484
442561
442623
442669
442674
442747
442780
442790
442802
442915
443036
443090
443111
443138
443214
443386
443408
443454
443608
443729
443900
443975
444112
444267
444382
444399
444410
444673
444710
444906
444952
445026
445207
445364
445525
445547
445921
445983
446027
446336
446385
446392
446486
446520
446528
446609
446936
447057
447122
447158
447186
447253
447433
447498
447684
447723
447867
447871
447880
447930
447931
447988
448133
448199
448633
448660
448662
448707
448757
448780
449178
449214
449232
449289
449309
449322
449341
449442
449559
449585
449650
449776
449983
450031
450053
450235
450241
450287
450319
450331
450356
450410
450802
450826
450891
451321
451449
451478
451487
451507
451613
451975
452010
452018
452131
452396
452537
452730
452759
452859
452916
452958
452978
453058
453089
453325
453412
453520
453593
453603
453918
453979
454041
454136
454144
454216
454323
454568
454644
454922
454979
455062
455079
455121
455237
455312
455581
455670
455705
455710
455835
455914
455947
456295
456354
456385
456519
456620
456938
457015
457135
457184
457214
457276
457479
457689
458032
458219
458249
458416
458600
458652
458746
458803
458864
458889
459043
459108
459198
459230
459247
459250
459261
459271
459462
459494
459772
459795
459877
459916
460047
460074
460154
460284
460591
460592
460766
460774
460833
460839
460842
460949
461016
461281
461381
461387
461389
461479
461525
461634
461852
461875
462105
462432
462470
462537
462678
462930
463021
463154
463178
463200
463227
463550
463583
463672
463678
463834
463835
464019
464227
464405
464447
464506
464508
464715
464820
464831
464894
465045
465383
465400
465905
465938
465942
465983
466239
466402
466448
466473
466482
466525
466562
466738
466741
466881
466932
467046
467149
467310
467425
467551
467630
467709
468002
468026
468066
468299
468345
468492
468618
468640
469014
469117
469119
469336
469337
469344
469410
469438
469450
469788
469882
469888
469921
469967
470028
470060
470158
470192
470203
470281
470304
470431
470864
471021
471035
471063
471080
471121
471204
471231
471270
471272
471302
471309
471357
471617
471754
471761
471877
472006
472062
472206
472227
472246
472401
472410
472462
472496
472594
472618
472793
473048
473081
473195
473238
473761
473910
473917
473923
474087
474125
474207
474244
474289
474347
474655
474694
474696
474953
475036
475230
475322
475542
475895
475930
476198
476284
476303
476316
476343
476435
476589
476650
476720
476770
476777
476931
476983
477175
477298
477341
477345
477385
477432
477458
477460
477464
477694
477714
477801
477835
477922
477993
478090
478409
478556
478778
479062
479084
479251
479265
479270
479539
479542
479657
480069
480166
480171
480200
480236
480250
480345
480505
480550
480572
480596
480842
480843
480902
480924
480942
480953
480963
481024
481137
481190
481242
481478
481763
482009
482198
482325
482417
482447
482537
482613
482667
482867
482912
483069
483751
483758
483838
483913
484202
484693
484695
484702
484715
484733
484857
484898
485042
485115
485262
485375
485402
485448
485488
485625
485689
485719
485848
485849
485940
486024
486028
486132
486158
486222
486433
486529
486644
486677
486971
487000
487034
487106
487179
487200
487694
487701
487969
488030
488247
488387
488677
488757
488848
488950
488962
488988
489004
489181
489245
489446
489532
489614
489628
489643
489696
489744
489995
490024
490309
490332
490393
490433
490472
490708
490734
490929
490937
490982
491156
491214
491288
491719
491748
491837
491894
491901
492054
492075
492196
492206
492782
492898
492970
492974
493086
493146
493343
493503
493592
493660
493668
493711
493928
493937
493998
494046
494101
494164
494323
494375
494533
494996
495010
495088
495131
495224
495343
495392
495439
495501
495507
495522
495527
495555
495666
496074
496103
496276
496286
496297
496607
497012
497104
497130
497253
497269
497287
497345
497559
497630
497713
497754
497784
498018
498046
498091
498158
498221
498296
498358
498378
498424
498644
498951
499017
499104
499183
499383
499449
499837
499884
499888
499939
500033
500188
500227
500441
500504
500607
500786
500892
501039
501061
501165
501227
501230
501414
501801
501841
501849
501960
501972
502006
502051
502118
502444
502475
502992
503015
503094
503117
503178
503244
503294
503479
503502
503506
503536
503690
503796
503864
503881
503965
503967
504144
504327
504336
504446
504458
504468
504523
504680
504710
504836
504881
504903
504973
505100
505285
505349
505537
505650
505719
505909
505971
505974
505998
506061
506108
506240
506379
506473
506494
506536
506654
506703
506726
506760
507044
507269
507275
507333
507471
507852
507902
507998
508039
508724
508736
508795
508994
509052
509117
509356
509526
509635
509646
509691
509988
510021
510085
510366
510398
510498
510602
510642
510699
510706
510713
510762
510900
511077
511273
511658
511666
511742
511805
511904
511958
512005
512045
512067
512244
512350
512467
512701
512740
512762
512799
512875
512940
513219
513314
513340
513357
513406
513494
513542
513552
513604
513707
513708
513823
513889
514331
514410
514412
514561
514606
514641
514649
514708
514779
514810
514892
514938
514996
515178
515248
515250
515367
515392
515516
515659
515738
515752
515830
515858
515860
515952
515954
516098
516227
516244
516342
516345
516371
516538
516623
516646
516730
516737
516807
516846
517303
517475
517520
517582
517608
517661
517869
517878
517891
518042
518067
518093
518101
518495
518759
518771
518877
518888
518948
518964
518971
519117
519199
519235
519279
519385
519459
519463
519506
519558
519680
519831
519892
519996
520108
520451
520511
520566
520636
520747
520754
520907
520916
520938
521081
521185
521529
521596
521842
521918
521936
522066
522130
522251
522263
522306
522632
522747
523186
523207
523212
523222
523435
523494
523531
523562
523652
523685
523741
523865
524055
524068
524144
524146
524264
524379
524487
524603
524614
524719
524729
524754
524822
525093
525102
525129
525261
525307
525329
525562
525705
525805
525900
525976
525984
526045
526168
526237
526276
526285
526333
526443
526566
526581
526615
526670
526888
527303
527554
527645
527987
528076
528283
528304
528384
528624
528666
528678
528727
528744
528793
528949
529178
529330
529705
529783
529835
530089
530152
530210
530263
530337
530391
530741
530751
530964
531056
531190
531207
531294
531443
531637
531638
531730
531845
532075
532092
532168
532291
532445
532464
532469
532771
532837
532843
533054
533060
533403
533488
533494
533590
533761
533781
533847
534092
534234
534462
534606
534754
534915
534965
535011
535022
535052
535144
535411
535415
535423
535499
535538
535558
535614
535658
535768
535867
535980
536120
536240
536471
536483
536566
536726
536780
537000
537089
537131
537192
537207
537216
537226
537320
537361
537369
537724
537822
537990
538039
538141
538326
538394
538453
538487
538588
538627
538937
538977
539110
539120
539124
539322
539372
539380
539409
539440
539524
539603
539852
539919
539948
539950
540028
540145
540245
540322
540338
540376
540395
540591
540705
540950
541016
541081
541230
541332
541383
541412
541471
541537
541818
541999
542114
542228
542239
542261
542419
542567
542842
543133
543254
543403
543543
543572
543611
543615
543636
543671
543852
543880
543902
543932
543945
544216
544327
544487
544910
544958
545279
545363
545470
545609
545779
545797
545826
546125
546169
546234
546334
546444
546496
546524
546558
546649
546762
546882
547013
547132
547239
547300
547357
547370
547401
547410
547722
547849
547942
547986
548108
548153
548158
548269
548460
548578
548648
549045
549350
549403
549483
549502
549571
549708
549800
549861
549983
550111
550211
550440
550465
550568
550628
550697
550806
550823
550852
551012
551088
551133
551223
551224
551297
551449
551674
551861
552632
552727
552814
552869
552940
553124
553195
553198
553260
553283
553292
553308
553333
553525
553585
553746
553753
553770
553877
553893
553979
554229
554289
554305
554401
554469
554481
554577
554578
554748
554754
554851
554959
555020
555107
555119
555167
555173
555274
555401
555481
555564
555593
555919
555946
555991
556037
556134
556169
556173
556305
556412
556567
556604
556613
556779
556854
556900
556954
557147
557391
557507
557662
557792
557795
557858
557874
557914
557985
558043
558287
558458
558486
558549
558625
558765
558985
559128
559217
559360
559390
559477
559600
559632
559706
559720
559795
559809
559815
559863
559904
560100
560130
560260
560393
560661
560677
560774
560803
560864
560874
560921
560944
560968
561243
561337
561394
561528
561572
561806
561909
562036
562155
562256
562473
563236
563337
563367
563406
563498
563515
563538
563583
563681
563684
563721
563840
564192
564336
564359
564448
564450
564703
564859
565106
565144
565280
565419
565513
565579
565674
566292
566434
566568
566656
566687
566734
566832
566895
566902
566903
566905
566908
567053
567130
567488
567660
567837
567922
568113
568202
568309
568375
568455
568469
568505
568534
568603
568849
569120
569131
569261
569269
569291
569477
569827
569891
570120
570144
570170
570389
570406
570701
571033
571238
571329
571331
571562
571563
571571
571694
571722
571826
571853
571872
571914
572084
572105
572113
572389
572564
572580
573008
573053
573131
573286
573287
573454
573614
573625
573639
573728
573826
574069
574075
574147
574231
574260
574350
574444
574569
574686
574690
574831
574845
574971
574987
574997
575504
575594
575658
575747
575765
575769
575786
575857
575956
576052
576074
576111
576139
576276
576375
576390
576477
576510
576519
576812
576863
576937
577017
577071
577149
577186
577231
577240
577299
577571
577721
577789
577796
577864
577879
578091
578145
578229
578231
578236
578257
578321
578324
578519
578649
578744
578804
578846
578874
578890
578928
579042
579193
579260
579439
579501
579602
579603
579654
579753
579837
579842
579937
580026
580040
580296
580413
580444
580676
580954
580957
581025
581092
581215
581293
581312
581387
581549
581555
581812
581855
581945
582124
582272
582398
582459
582470
582552
582572
582578
582633
582645
582697
582745
582773
582798
582844
582874
582884
582964
583118
583272
583405
583422
583525
583585
583752
583775
583834
584143
584284
584318
584322
584506
584552
584714
584775
584848
584893
585039
585083
585326
585343
585378
585489
585617
585701
585738
585762
585881
586118
586184
586361
586424
586487
586509
586561
586579
586663
586762
586862
586919
586999
587207
587384
587565
587603
587644
587657
587735
587849
588007
588054
588352
588429
588467
588507
588530
588575
588685
588718
588721
588740
588796
589033
589082
589129
589201
589421
589440
589464
589517
589578
589634
589745
589761
589799
589823
589830
589925
589995
590002
590066
590194
590248
590434
590566
590694
590871
590885
590964
590971
591010
591102
591107
591143
591277
591350
591417
591475
591615
591699
591713
591898
591944
591991
592036
592235
592237
592344
592380
592565
592603
592681
592844
592988
593001
593118
593145
593341
593524
593621
593842
593846
593922
594225
594357
594457
594497
594833
594861
594971
595001
595091
595234
595448
595461
595552
595705
595782
595967
596119
596352
596360
596372
596484
596497
596530
596782
596850
597100
597333
597422
597722
597914
597955
598063
598153
598291
598417
598547
598705
598930
598994
599011
599270
599427
599471
599502
599654
599686
599721
599758
599889
599892
599893
599900
600011
600126
600162
600369
600485
600534
600584
600586
600669
600671
600758
600762
600764
601010
601135
601254
601336
601675
601691
601833
602144
602253
602254
602264
602352
602390
602464
602511
602763
602789
602848
603089
603099
603192
603354
603394
603401
603432
603676
603818
603879
603984
604015
604061
604194
604255
604260
604703
604716
604745
604837
605131
605399
605405
605501
605728
605731
605992
606019
606036
606082
606285
606317
606495
606633
606776
606870
606874
607272
607348
607530
607608
607661
607692
607741
607958
607985
607998
608171
608278
608326
608381
608647
608729
608881
608926
609062
609124
609145
609167
609361
609669
610245
610246
610292
610329
610406
610462
610545
610633
610693
610722
610983
611014
611066
611138
611240
611255
611617
611633
612090
612319
612393
612452
612454
612542
612621
612703
612800
612894
613052
613080
613091
613271
613374
613451
613586
613691
613738
613825
613952
614055
614114
614358
614518
614537
614579
614617
614681
614684
614691
614697
614736
614742
615025
615330
615344
615376
615446
615804
615807
616012
616022
616174
616292
616453
616552
616646
616820
616931
616954
617289
617373
617390
617405
617446
617670
617763
617780
617869
618071
618157
618229
618268
618283
618314
618328
618401
618561
618594
618662
618874
619551
619693
619803
619876
620004
620315
620344
620477
620530
620714
620724
620735
620815
620827
620940
620971
621055
621098
621131
621186
621405
621409
621729
621927
622011
622047
622116
622150
622186
622225
622297
622341
622531
622567
622628
622768
622799
622844
622903
623012
623016
623043
623110
623323
623629
623709
623990
624151
624160
624378
624652
624675
624712
624769
624853
625180
625197
625244
625262
625372
625387
625417
625563
625635
625637
625646
626176
626306
626437
626544
626662
626763
626800
626827
626847
626880
627289
627291
627302
627404
627524
627552
627563
627566
627639
627696
627963
628030
628053
628147
628215
628252
628434
628489
628592
628644
628668
628746
628797
628813
628992
629015
629162
629217
629314
629561
629688
629773
629824
629933
629953
630067
630100
630145
630205
630224
630404
630460
630512
630533
630614
630862
630887
631104
631233
631424
631495
631769
631932
631955
632061
632168
632514
632603
632619
632733
632847
632993
633093
633106
633119
633182
633330
633351
633393
633403
633501
633530
633612
633789
633870
633903
634137
634261
634355
634378
634555
634557
634562
634753
634885
635002
635254
635260
635350
635469
635543
635560
635574
635784
635898
635928
636012
636058
636243
636302
636321
636478
636579
636643
636645
636739
636915
637017
637107
637144
637319
637568
637651
637730
637758
637800
637820
637952
637988
638105
638328
638333
638371
638458
638601
638623
639023
639078
639107
639153
639170
639204
639310
639370
639376
639379
639445
639604
639613
639630
639906
640031
640199
640243
640249
640295
640318
640468
640475
640514
640552
640881
640886
640928
640974
641235
641399
641473
641658
641743
641948
642155
642185
642220
642233
642336
642358
642526
642669
642729
642762
642828
642922
642936
642988
643290
643315
643330
643517
643792
643809
643841
643843
643850
643956
644108
644245
644264
644383
644396
644429
644433
644441
644564
644652
644668
644723
644792
644912
644973
645020
645298
645369
645471
645487
645535
645662
645683
645688
645748
645907
646048
646261
646474
646530
646554
646852
646886
646954
646962
647027
647067
647170
647173
647465
647581
647700
647764
647962
648030
648092
648142
648254
648474
649062
649106
649116
649203
649313
649323
649356
649361
649469
649470
649495
649619
649649
649828
649870
649954
650002
650584
650733
650833
650869
650942
651024
651025
651061
651105
651188
651519
651644
651867
651920
652048
652127
652294
652434
652533
652593
652670
652671
653281
653286
653325
653517
653644
653992
654064
654149
654371
654509
654518
654622
654647
654681
654765
654771
654940
654951
654997
655036
655084
655161
655176
655312
655313
655471
655495
655614
655627
655699
655725
655745
655773
656018
656070
656073
656163
656246
656259
656267
656351
656395
656472
656473
656635
656643
656660
656743
656782
656878
657078
657173
657265
657286
657287
657375
657376
657457
657639
657839
658006
658313
658524
658563
658583
658670
658851
658953
658981
659003
659095
659625
659727
659988
660045
660436
660475
660518
660658
660784
660801
660961
660965
661172
661206
661346
661349
661492
661510
661525
661532
661716
661904
662134
662147
662309
662331
662409
662514
662521
662545
662557
662697
662768
662803
662866
662880
662892
662901
662978
663006
663238
663332
663415
663560
663678
663706
663718
663726
663861
663900
663922
664179
664203
664220
664490
664724
664801
664833
664878
664968
664984
665194
665205
665345
665452
665454
665541
665574
665816
665964
666348
666393
666593
666700
666709
666913
666915
666976
667038
667081
667196
667232
667234
667290
667328
667358
667450
667670
667774
667778
667973
667987
668135
668399
668450
668520
668534
668684
668731
668894
668993
669154
669225
669241
669282
669365
669452
669553
669615
669632
669846
669912
670003
670055
670171
670243
670361
670430
670439
670529
670593
670647
670832
670874
670904
671035
671107
671188
671292
671301
671442
671446
671725
671735
671841
672042
672071
672087
672446
672469
672801
673401
673403
673451
673483
673582
673753
673857
673904
673932
674238
674295
674324
674507
674695
674800
674821
675032
675170
675271
675522
675562
675698
675795
675811
675967
675999
676084
676127
676196
676466
676482
676534
676645
676757
676819
676827
676949
676968
677002
677103
677139
677158
677268
677316
677366
677382
677632
677768
677829
677864
677899
678058
678060
678080
678092
678278
678365
678521
678630
678844
679182
679242
679292
679322
679373
679473
679537
679641
679884
679893
680104
680150
680316
680344
680913
680992
681089
681380
681501
681535
681550
681768
681900
682139
682188
682274
682298
682404
682515
682517
682607
682834
682966
683033
683086
683268
683372
683647
683656
683677
683729
683911
684117
684220
684225
684264
684414
684426
684807
684830
684832
684877
685007
685077
685078
685110
685263
685380
685420
685489
685688
685697
685970
686047
686135
686376
686404
686600
686627
686722
686799
686878
686941
686949
686969
686974
687090
687101
687163
687205
687245
687330
687334
687474
687687
687780
687796
687847
687992
688293
688446
688531
688542
688657
688854
689134
689364
689568
689605
689691
689746
689896
689910
690025
690090
690189
690339
690436
690442
690734
690752
690769
690820
690862
690887
690920
691055
691197
691435
691447
691463
691695
691743
691801
691859
692116
692119
692336
692462
692510
692535
692818
693010
693040
693203
693264
693286
693388
693400
693504
693528
693612
693860
693972
693980
693981
694020
694111
694196
694310
694323
694492
694630
694862
694893
694922
694940
695089
695261
695327
695399
695538
695596
695978
696083
696209
696250
696487
696537
696757
696758
696777
696789
696804
696826
696835
696989
697043
697103
697172
697317
697449
697594
697627
697807
697838
697880
697905
697927
697957
697975
697989
698163
698171
698258
698282
698347
698390
698460
698495
698598
698631
698779
698791
698837
698875
698914
698969
698992
699141
699193
699487
699600
699629
699721
699765
699896
700225
700227
700263
700402
700436
700445
700778
700806
700809
700902
700970
701135
701361
701662
701713
701790
701806
701885
701897
702065
702083
702141
702333
702382
702458
702529
702806
702820
702875
702953
703195
703264
703369
703432
703434
703565
703629
703665
703751
703906
704184
704241
704294
704335
704429
704532
704777
704782
704872
704914
705063
705093
705111
705216
705232
705353
705393
705394
705449
705582
705586
705840
705949
705986
706076
706420
706498
706612
706627
706715
706995
707030
707031
707076
707085
707091
707105
707176
707190
707257
707353
707397
707489
707541
707737
707773
707864
707895
707916
708305
708358
708602
708678
708783
708885
708911
708972
709247
709284
709313
709460
709477
709479
709673
709754
709953
709964
710004
710070
710148
710281
710416
710524
710607
710656
710739
710754
710797
710998
711059
711093
711127
711249
711310
711351
711411
711552
712088
712156
712431
712459
712628
712634
712688
712744
712898
713188
713212
713273
713282
713289
713308
713421
713481
713538
713786
713938
714131
714501
714544
714841
714976
715020
715177
715523
715612
715678
715932
715943
716192
716202
716233
716562
716679
716745
716820
716847
716914
717111
717128
717285
717365
717474
717940
718130
718359
718486
718564
718584
718675
718868
718952
718999
719000
719040
719083
719141
719157
719194
719218
719471
719480
719573
719575
719594
719644
719728
720061
720162
720297
720472
720586
720628
720696
720814
720844
721082
721131
721259
721286
721404
721485
721522
721553
721575
721654
721658
721781
721960
722022
722548
722549
722551
722756
722785
722831
723156
723365
723465
723546
723672
723717
724284
724326
724416
724463
724541
724621
724679
724830
724937
725076
725203
725219
725524
725597
725705
725716
725757
726006
726059
726099
726185
726192
726243
726291
726383
726619
726633
726797
726965
727014
727074
727202
727210
727227
727770
727897
727988
728130
728154
728185
728200
728219
728476
728673
728680
728695
728775
728873
728992
729173
729288
729394
729410
729694
729705
729842
729851
729937
730017
730128
730163
730240
730246
730389
730497
730514
730523
730612
730651
730932
731075
731078
731241
731258
731262
731386
731406
731566
731837
731860
731971
732200
732428
732497
732535
732588
732591
732765
732771
732819
733125
733145
733260
733326
733426
733459
733694
733810
733894
733895
733964
733974
733998
734010
734022
734098
734224
734504
734606
734761
734871
734906
735005
735112
735155
735213
735656
735797
735838
735917
736046
736126
736133
736175
736376
736497
736698
736741
736931
737012
737095
737163
737216
737285
737342
737416
737449
737586
737641
737668
737736
737915
738071
738121
738252
738317
738514
738550
738573
738616
738622
739200
739291
739296
739461
739528
739551
739602
739640
739754
739916
739920
740034
740064
740210
740346
740401
740436
740462
740466
740467
740497
740622
740786
741046
741282
741379
741405
741561
741637
741704
741922
742041
742112
742149
742169
742173
742192
742216
742397
742417
742544
742590
742684
742743
742779
742981
743275
743309
743331
743452
743599
743607
743625
743886
744076
744079
744083
744125
744256
744262
744267
744297
744363
744463
744605
744639
744695
744844
744939
744961
744977
745033
745131
745349
745603
745794
745835
745927
746175
746248
746302
746344
746590
746872
747037
747056
747200
747376
747386
747414
747433
747456
747509
747567
747835
747903
747957
748058
748214
748250
748284
748292
748526
748844
748945
748947
748968
748990
749449
749674
749721
749848
750198
750396
750475
750501
750586
750655
750663
750740
750770
750840
750893
751017
751026
751042
751219
751296
751434
751437
751476
751480
751530
751774
751802
751953
752294
752381
752415
752494
752595
752978
753417
753778
753860
754084
754107
754109
754270
754418
754480
754556
754590
754612
754795
754830
755000
755057
755113
755172
755198
755386
755426
755672
755683
755704
755978
756094
756110
756167
756245
756380
756504
756514
756546
756642
756679
756768
756831
756940
757039
757051
757066
757079
757152
757193
757221
757354
757384
757490
757686
757879
758155
758310
758370
758960
758971
759230
759404
759449
759458
759477
759633
759659
759663
760086
760205
760210
760263
760359
760468
760495
760604
760613
760709
760721
760743
760786
760883
760956
760997
761037
761102
761222
761250
761293
761305
761310
761388
761404
761497
761621
761625
761697
761785
761885
762030
762118
762245
762320
762375
762386
762687
762786
762869
763106
763274
763375
763461
763495
763652
763690
763808
763843
763908
763942
764094
764210
764212
764264
764611
764653
764826
764949
765080
765120
765166
765203
765215
765216
765257
765322
765503
765544
765579
765609
765651
765695
765800
766001
766092
766129
766173
766197
766320
766343
766438
766470
766519
767125
767276
767410
767457
767720
767772
767809
767817
767838
767938
767943
768156
768286
768407
768426
768547
768575
768675
768745
768938
769090
769247
769370
769381
769449
769451
769485
769518
769596
769793
769878
769892
769934
770157
770202
770220
770461
770614
770868
771144
771158
771317
771434
771481
771484
771496
771666
771766
771927
772089
772099
772135
772297
772298
772497
772672
772838
772898
772977
772988
772991
773003
773255
773322
773427
773507
773607
773707
773767
773956
774030
774133
774144
774402
774451
774458
774462
774635
774651
774677
774815
774971
775094
775126
775153
775714
775918
775922
775959
776037
776189
776351
776412
776476
776617
776804
776882
777075
777188
777264
777412
777451
777718
777724
777733
777808
777863
778021
778118
778200
778279
778325
778356
778405
778506
778580
778653
778656
778679
778755
778827
778839
778851
778993
779201
779271
779365
779645
779764
779767
779883
780000
780022
780027
780088
780167
780222
780542
780573
780675
780769
780797
780842
781108
781125
781164
781210
781247
781305
781370
781397
781446
781585
781696
781801
781808
781942
781993
782056
782172
782228
782276
782299
782302
782312
782406
782509
782672
782677
782749
782825
782883
782967
783072
783186
783207
783261
783332
783334
783490
783492
783546
783601
783640
783700
783837
783872
783969
783980
784001
784038
784426
784562
784659
784712
784821
784913
785266
785272
785319
785389
785531
785662
785730
785874
785988
786073
786074
786079
786084
786271
786302
786321
786336
786550
786641
786673
786712
786748
786785
786847
786993
787103
787190
787273
787569
787573
787631
787791
788077
788089
788124
788223
788302
788364
788517
788537
788647
788684
788758
788809
788935
788942
789002
789185
789197
789235
789308
789312
789542
789795
789885
790046
790116
790137
790172
790239
790293
790582
790662
790758
790915
791101
791465
791727
791956
792148
792252
792266
792268
792298
792338
792678
792913
792979
793074
793089
793099
793362
793386
793439
793448
793704
793789
793803
793865
793968
793972
793978
794010
794039
794054
794109
794122
794465
794469
794809
794875
794884
794902
795256
795266
795520
795611
795617
795706
795791
796114
796185
796267
796414
796485
796493
796514
796596
796658
796663
796721
796722
796886
796948
797144
797318
797380
797460
797635
797665
797684
798117
798119
798137
798324
798479
798598
798667
798761
798814
798890
798907
798924
799261
799408
799743
799836
799883
799913
799916
800309
800608
800954
801174
801223
801358
801401
801635
801741
801811
801942
801945
802067
802086
802200
802320
802443
802533
802629
802721
802777
802853
803047
803182
803231
803298
803332
803495
803583
803839
804006
804013
804019
804036
804194
804282
804297
804432
804768
804870
805373
805386
805466
805564
805631
805947
805963
805994
806087
806107
806135
806168
806304
806618
806697
806834
806886
806906
806925
807130
807134
807312
807337
807358
807393
807542
807613
807614
807755
807789
807868
807899
807925
807940
808217
808372
808479
808481
808525
808533
808565
808583
808722
808783
808849
808912
808989
809002
809184
809269
809273
809280
809468
809470
809540
809633
809637
809649
809879
809923
810001
810116
810330
810363
810487
810493
810658
810736
810810
810936
810938
810959
810986
811023
811034
811187
811231
811285
811306
811373
811461
811569
811589
811651
811683
812110
812156
812158
812295
812301
812651
812806
813003
813220
813226
813228
813256
813309
813596
813720
813849
813886
813924
814016
814120
814142
814196
814207
814241
814746
814761
814787
814860
815223
815238
815505
815654
815667
815722
815824
815998
816000
816010
816023
816048
816178
816211
816431
816437
816525
816527
816840
816872
816897
817067
817159
817266
817578
817602
817637
817742
817829
817915
817916
817949
818201
818252
818370
818417
818450
818754
819361
819426
819542
819694
819715
819940
819983
820032
820042
820093
820204
820273
820301
820389
820453
820489
820676
820829
820863
820879
820896
821005
821096
821169
821190
821700
821863
822191
822442
822650
822656
823005
823050
823063
823322
823443
823553
823618
823632
823913
823970
824060
824113
824152
824257
824260
824276
824298
824402
824414
824474
824546
824557
824647
824709
824718
824727
824728
824799
824828
824834
824968
825008
825035
825042
825056
825305
825833
825858
826043
826077
826159
826173
826230
826234
826240
826540
826714
826926
826937
827122
827138
827324
827354
827356
827523
827545
827738
827757
827799
827835
828093
828148
828152
828191
828286
828489
828551
828602
828618
828647
828703
828726
828815
828877
828920
829186
829215
829224
829232
829380
829401
829422
829493
829508
829517
829526
829546
829597
829743
829994
830292
830350
830397
830436
830539
830574
830638
830764
830790
830798
830801
830936
831310
831338
831347
831572
831968
832081
832148
832168
832214
832303
832330
832331
832334
832348
832412
832444
832478
832513
832662
832792
832918
832929
833061
833142
833263
833513
833514
833712
833713
833891
833927
833948
833981
834014
834241
834255
834303
834325
834413
834548
834586
834606
834809
834834
835323
835466
835677
835694
835763
835813
835845
835854
835857
835865
835890
835976
836014
836170
836286
836434
836543
836577
836650
837083
837100
837168
837213
837522
837556
837634
837689
837707
837788
837810
837819
837873
838013
838072
838124
838273
838353
838610
839009
839046
839053
839091
839262
839355
839368
839407
839430
839591
839650
839740
839863
839944
839951
839955
840060
840240
840309
840536
840569
840759
840886
841255
841512
841602
841649
841651
841671
841711
841781
841785
841891
841911
841945
842064
842177
842359
842388
842671
842772
842808
842824
842908
842978
843243
843279
843293
843484
843534
843551
843584
843650
843841
843842
844045
844061
844078
844087
844237
844280
844554
844594
844608
844656
844722
844807
844838
844860
844879
844892
844911
844971
845004
845062
845101
845155
845300
845345
845442
845534
845651
845742
845846
846058
846103
846138
846265
846317
846368
846469
846529
846701
846886
847115
847227
847247
847319
847391
847493
847595
847876
847973
848033
848034
848035
848067
848132
848197
848289
848325
848363
848421
848485
848602
848638
848811
848835
848850
849277
849551
849555
849780
849811
849845
850212
850236
850285
850337
850339
850424
850455
850489
850649
850693
850772
850990
851004
851195
851300
851329
851495
851570
851651
851748
851799
851837
851845
852011
852143
852254
852289
852314
852336
852426
852512
852742
852848
852883
853278
853328
853338
853395
853512
853532
853549
853564
853604
853607
853720
853894
854163
854197
854273
854327
854328
854387
854624
854645
854646
854705
854808
855149
855221
855277
855294
855305
855725
855803
855984
856115
856138
856218
856282
856315
856340
856470
856508
856596
856639
856807
857063
857099
857129
857479
857588
857659
857681
857710
857747
857801
857824
857860
857884
858427
858446
858537
858619
858635
858761
858896
859077
859198
859300
859334
859543
859625
860053
860173
860315
860486
860555
860562
860621
860796
860942
861060
861081
861370
861465
861471
861642
861773
861793
861964
861965
861966
862098
862223
862286
862491
862644
862667
862822
862855
862991
863011
863019
863128
863324
863447
863474
863688
863812
863931
864059
864127
864163
864241
864414
864470
864493
864503
864698
864712
864902
864958
865051
865081
865169
865211
865246
865301
865460
865581
865687
865738
865764
865783
866070
866341
866485
866701
866759
866790
866858
866878
866901
866906
866928
866967
866979
867133
867236
867323
867542
867637
867700
867806
868361
868512
868582
868652
868714
868790
868804
868912
868952
869012
869099
869232
869312
869359
869445
869648
869766
870087
870094
870125
870176
870190
870295
870327
870433
870602
870632
870670
870982
871207
871226
871245
871531
871731
871860
871886
872173
872193
872303
872306
872337
872438
872486
872508
872535
872569
872596
872612
872779
872806
872902
873033
873499
873560
873828
873852
873910
873935
873968
874041
874088
874284
874289
874351
874425
874481
874512
874524
874611
875019
875100
875137
875144
875310
875334
875395
875476
875500
875548
875549
875611
875782
875907
875918
875919
876062
876068
876193
876360
876470
876527
876624
876884
877007
877025
877081
877133
877167
877274
877309
877411
877516
877541
877559
877726
877996
878052
878114
878263
878522
878545
878613
878700
878825
878827
878920
879031
879106
879284
879332
879341
879468
879523
879568
879661
879827
879833
879953
880056
880108
880215
880303
880405
880540
880604
880621
880670
880686
880767
880777
880953
881093
881194
881382
881390
881438
881456
881681
881818
881833
881879
881889
882057
882131
882188
882492
882600
882653
882666
882672
882706
882718
882781
882823
882860
882868
883007
883023
883031
883246
883336
883565
883783
883809
883846
883883
883902
884025
884045
884065
884155
884300
884359
884381
884606
884868
884900
885147
885315
885335
885420
885542
885835
885902
886355
886469
886760
886762
886763
886911
886950
886992
887000
887032
887101
887228
887352
887620
887654
887739
887844
887913
887978
887981
888174
888237
888397
888493
888635
888640
888722
889151
889333
889351
889528
889645
890024
890038
890149
890294
890415
890423
890465
890478
890538
890778
890779
890925
890974
890983
891097
891116
891119
891406
891418
891579
891595
891718
891750
891920
892267
892331
892494
892513
892586
892770
892867
892868
892937
893035
893119
893139
893170
893219
893243
893291
893298
893334
893362
893451
893942
893965
893979
894000
894074
894081
894082
894096
894154
894203
894220
894262
894312
894329
894370
894378
894439
894630
894880
895000
895017
895171
895339
895377
895480
895582
895682
895757
895825
895841
895878
896033
896204
896297
896388
896462
896493
896495
896521
896567
896688
896749
896777
896787
896945
897156
897183
897401
897556
897585
897591
897633
897726
897863
897940
898105
898126
898182
898357
898460
898710
898877
899028
899104
899140
899159
899245
899282
899298
899317
899387
899389
899472
899647
899663
899748
899764
899873
900059
900104
900330
900374
900618
900622
900658
900716
900717
900721
900881
901440
901444
901454
901475
901667
901757
901824
901897
901937
901960
901967
902071
902075
902122
902164
902167
902278
902408
902474
902497
902506
902532
902547
902681
902704
902901
902915
903182
903250
903282
903308
903324
903380
903612
903780
903823
903873
903924
904069
904098
904138
904143
904194
904498
905062
905075
905170
905241
905311
905369
905393
905446
905465
905486
905516
905538
905557
905573
905834
906135
906182
906183
906215
906296
906397
906415
906536
906561
906584
906741
906811
906966
907467
907586
907654
907686
907993
908023
908078
908152
908176
908195
908646
908649
908775
908806
908989
909249
909258
909299
909439
909456
909570
909594
909603
909665
909694
909828
909860
909946
910085
910133
910220
910330
910340
910494
910592
910624
910684
910806
910833
910858
911026
911156
911171
911316
911319
911379
911388
911431
911529
911540
911632
911685
912147
912395
912458
912539
912831
912841
912938
913142
913152
913204
913347
913348
913383
913403
913531
913543
913826
913858
914029
914081
914213
914532
914587
914688
915100
915157
915196
915362
915404
915465
915684
915714
915722
915760
915912
915951
915976
916094
916282
916293
916431
916540
916547
916657
916729
917057
917064
917143
917188
917277
917376
917483
917494
917574
917598
917815
918141
918176
918184
918237
918311
918561
918599
918699
918846
918936
918956
918982
919024
919045
919086
919266
919282
919442
919511
919516
919550
919558
919563
919604
919651
919666
919804
919806
919953
920606
920618
920666
920760
920894
920961
920997
921150
921226
921258
921281
921341
921440
921800
921860
921891
921941
922000
922155
922210
922230
922262
922301
922329
922341
922358
922522
922743
922754
922891
922994
923271
923536
923623
923655
924076
924123
924227
924338
924398
924578
924668
924698
924753
924830
924907
925126
925182
925324
925379
925404
925433
925441
925808
926133
926170
926231
926361
926598
926899
926952
927064
927134
927297
927421
927444
927476
927514
927611
927620
927644
927706
927858
927860
927861
927989
928112
928135
928206
928321
928414
928422
928598
928672
928712
928761
928821
928942
929001
929152
929349
929457
929502
929552
929574
929592
929597
929610
929709
929752
929786
930084
930137
930392
930500
930555
930630
930794
930863
931222
931457
931517
931533
931637
931830
931943
932135
932167
932177
932257
932264
932303
932332
932350
932676
932724
932811
932856
932868
933011
933047
933095
933205
933284
933328
933479
933614
933696
933724
933893
933943
933976
934363
934413
934489
934573
934581
934734
934926
935081
935182
935188
935193
935250
935449
935764
936076
936085
936117
936297
936455
936616
936645
936690
936852
936910
936947
937122
937141
937234
937267
937340
937378
937451
937500
937509
937560
937796
937808
937883
938141
938489
938642
938670
938692
938833
938853
938910
938952
938969
939029
939049
939055
939657
939679
939691
939923
939961
940109
940189
940258
940377
940481
940677
940857
940869
940932
941202
941297
941753
941836
941843
941854
941879
942091
942250
942263
942285
942524
942689
942799
943064
943159
943261
943294
943386
943397
943429
943515
943524
944027
944072
944078
944091
944097
944158
944208
944331
944451
944493
944524
944738
944782
944799
944867
944939
944965
945281
945363
945468
945496
945712
945773
946086
946155
946184
946312
946534
946841
946918
946974
947297
947321
947398
947469
947559
947560
947942
948090
948134
948163
948298
948305
948345
948553
948705
948742
948967
949091
949181
949409
949765
949776
949934
949943
950091
950250
950291
950496
950704
950760
950814
950926
951235
951299
951300
951356
951541
951566
951612
951680
952096
952238
952353
952368
952369
952376
952506
952525
952683
952724
952738
952839
952948
953008
953303
953376
953531
953591
953627
953694
953787
954137
954181
954189
954291
954320
954503
954720
954794
954894
954924
955183
955407
955488
955684
955768
955901
955960
956151
956274
956285
956339
956379
956578
956685
956888
956924
956949
957021
957124
957223
957369
957373
957385
957444
957656
957875
957890
957950
957994
958008
958036
958146
958215
958241
958382
958600
958762
958975
959194
959346
959475
959547
959642
959662
959771
959807
960161
960341
960349
960355
960406
960449
961026
961102
961182
961302
961355
961487
961609
961629
961716
962008
962021
962269
962297
962471
962533
962799
962802
963058
963066
963097
963137
963147
963268
963524
963971
964267
964275
964371
964656
964719
965006
965256
965298
965303
965379
965423
965427
965468
965529
965549
965615
965906
966085
966154
966158
966438
966817
966824
967109
967160
967237
967284
967413
967748
967797
967804
967821
968234
968354
968554
968596
968858
969004
969118
969202
969393
969437
969443
969533
969715
969749
969764
969840
969923
970069
970626
970968
971161
971164
971337
971353
971546
971703
971769
971807
971834
971923
971924
971931
972194
972198
972317
972388
972476
972495
972627
972708
972768
972850
973291
973341
973509
973571
973574
973688
973690
973832
973869
974018
974047
974217
974253
974309
974443
974481
974766
974848
974905
975335
975362
975411
975438
975511
975542
975597
975754
975757
975801
975835
975972
976013
976050
976077
976168
976526
976528
976699
976700
976900
976997
977022
977069
977081
977085
977170
977201
977234
977395
977403
977430
977587
977722
977728
977826
978113
978270
978274
978294
978370
978511
978844
978868
978906
978959
979102
979227
979402
979440
979472
979619
979718
979869
980180
980207
980231
980367
980394
980398
980582
980584
980761
980780
980826
981081
981088
981164
981220
981228
981294
981305
981385
981538
981540
981577
981779
982087
982112
982151
982229
982339
982452
982708
982742
982815
982865
982938
982951
982984
983046
983255
983585
983664
983824
984805
984813
984935
985093
985097
985180
985364
985616
985904
986039
986058
986062
986206
986431
986484
986580
986641
986761
986778
987080
987144
987151
987252
987642
987700
987712
987807
987903
988093
988198
988208
988236
988303
988329
988341
988507
988568
988730
988997
989127
989158
989193
989198
989282
989566
989624
989665
990189
990239
990329
990441
990491
990591
990651
990950
991045
991145
991178
991204
991366
991411
991420
991523
991524
991525
991620
991630
991749
992104
992163
992202
992212
992310
992372
992402
992404
992631
992899
992916
992969
992980
993060
993180
993196
993299
993354
993468
993544
993660
993682
993755
994033
994083
994171
994335
994488
994630
994702
994776
995166
995188
995205
995439
995461
995520
995561
995762
995859
996424
996696
997011
997269
997472
997649
997778
997930
997937
997946
998092
998141
998171
998176
998541
998605
998624
998627
998925
998995
999056
999108
999139
999193
999213
999287
999368
999519
999954
999980
