64
136
318
367
448
456
673
693
756
806
818
1023
1264
1323
1523
1578
1579
1674
1809
1824
1874
1938
1993
1994
2102
2208
2382
2495
2549
2679
2806
2895
2930
3138
3234
3252
3490
3664
3774
3776
3980
4114
4194
4247
4263
4497
4562
4592
4611
4721
4747
4774
5014
5051
5102
5235
5688
5719
5770
5969
6051
6171
6252
6351
6437
6514
6547
6549
6579
6890
7360
7364
7477
7643
7645
8059
8265
8328
8571
8576
9064
9072
9086
9106
9294
9508
9521
9535
9558
9585
9604
9692
9807
10076
10488
10642
10831
10870
10871
10893
11271
11283
11410
11576
11980
12273
12440
12472
12745
12765
12770
12898
13011
13052
13106
13163
13225
13366
13472
13684
13784
13809
14170
14194
14481
14497
14682
14943
15026
15041
15042
15066
15199
15401
15458
15659
15858
16066
16089
16188
16359
16550
16551
16710
16729
16910
16961
17143
17173
17297
17390
17406
17594
17646
17962
18010
18035
18101
18422
18466
18468
18615
18632
18762
18785
18991
19136
19257
19265
19286
19406
19492
19614
19626
19637
19745
19928
20250
20403
20471
20530
20599
20812
20949
21030
21060
21123
21219
21390
21422
21552
21583
21602
21626
21659
21836
21878
21922
22294
22345
22399
22646
22663
22921
23004
23030
23475
23510
23558
23734
23828
23896
23922
24012
24029
24315
24352
24393
24567
24612
24655
24685
24698
24714
24777
24785
25010
25115
25212
25397
25430
25584
25627
25722
25765
25812
25858
25911
26046
26069
26081
26118
26201
26328
26342
26562
26780
26882
27053
27150
27163
27341
27373
27419
27444
27468
27572
27682
27689
27941
28111
28301
28469
28736
28763
28783
28881
29151
29158
29227
29231
29363
29550
29776
29781
29936
30002
30108
30232
30319
30491
30610
30618
31109
31177
31376
31426
31440
31509
31612
31617
31621
31784
31848
32171
32355
32468
32473
32534
32604
32955
32968
33023
33106
33164
33350
33426
33660
33665
33670
33884
33986
34147
34305
34316
34351
34365
34633
34652
34676
34750
34760
35105
35141
35146
35266
35478
35520
35595
35803
35941
35950
36014
36036
36042
36270
36464
36569
36627
36756
36784
36803
36921
36974
37097
37141
37217
37297
37519
37648
37739
37760
37774
37975
38044
38241
38322
38464
38469
38513
38842
38928
39161
39282
39379
39387
39394
39472
39503
39545
39570
39718
39817
40098
40194
40273
40320
40370
40495
40641
40669
40909
40983
41175
41259
41316
41327
41564
41825
41907
41946
42030
42078
42153
42290
42324
42603
42728
42805
42940
42941
43015
43045
43084
43160
43221
43573
43795
43798
43947
44256
44387
44475
44611
44762
44774
45003
45077
45168
45441
45492
45577
45704
46073
46395
46559
46752
46953
47340
47389
47401
47419
47459
47487
47704
47763
48057
48349
48421
48499
48533
48748
48850
48929
48966
49116
49123
49152
49198
49209
49280
49282
49304
49574
49670
49766
49823
50044
50059
50160
50325
50351
50360
50535
50699
50912
51054
51174
51251
51499
51539
51544
51769
51989
52008
52287
52368
52445
52495
52529
52673
52745
52832
53180
53512
53534
53631
53645
53648
53652
53766
53808
54150
54240
54247
54302
54314
54341
54370
54546
54718
54824
54915
55388
55481
55503
55588
55654
55691
55810
55811
55904
55916
56239
56310
56340
56426
56438
56479
56710
56791
56817
56850
56982
57168
57282
57370
57384
57386
57391
57529
57546
57979
58067
58351
58400
58515
58524
58597
58613
58628
58664
58772
58812
58817
58991
59010
59063
59175
59227
59706
59838
59941
60068
60100
60249
60384
60561
60574
60580
60665
60679
60816
61131
61357
61440
61481
61696
61855
61867
61871
61900
61911
62025
62028
62085
62124
62185
62367
62408
62442
62477
62666
62772
62920
62972
63098
63103
63118
63232
63295
63328
63338
63505
63509
63898
64064
64301
64501
64648
64863
64867
65357
65419
65724
65825
65952
65983
66306
66415
66620
66683
66744
66771
66804
66908
66920
66987
67044
67351
67663
67907
67977
67993
68163
68204
68290
68291
68305
68339
68421
68453
68680
68789
68849
68913
69004
69010
69268
69614
69692
69730
69799
69838
69913
69968
69978
70104
70201
70376
70623
70844
70991
71003
71064
71206
71219
71249
71389
71502
71511
71653
71728
71913
72107
72579
72618
72861
72877
73029
73037
73126
73139
73167
73878
73952
74056
74111
74117
74226
74356
74609
74895
74908
74933
74954
75109
75293
75328
75568
75633
75762
75857
75945
75993
76018
76056
76187
76237
76255
76438
76451
76454
76652
76826
76886
76925
76935
76967
77173
77288
77393
77623
77935
77983
78113
78205
78268
78320
78641
78660
78875
78914
78931
78944
78997
79002
79143
79217
79544
79629
79740
79895
80154
80157
80216
80219
80233
80323
80329
80436
80847
80916
80972
80986
81064
81095
81109
81182
81228
81370
81554
81587
81813
81971
82039
82115
82131
82562
82594
83008
83340
83598
83677
83880
83930
83935
84011
84316
84361
84433
84543
85007
85018
85189
85191
85338
85358
85406
85416
85499
85543
85602
85674
85838
86042
86070
86113
86145
86330
86372
86442
86601
86696
86862
86994
87302
87568
87684
87763
87794
87826
87918
88259
88346
88383
88388
88447
89039
89066
89437
89489
89559
89681
89686
90034
90236
90288
90319
90333
90343
90610
90700
90793
90881
90924
90994
90998
91330
91461
91501
91546
91713
91744
91865
91899
91914
91957
92205
92268
92367
92428
92557
92729
92759
92867
92907
93004
93127
93154
93295
93330
93420
93775
93827
94018
94226
94232
94420
94549
94588
94642
94716
94770
94789
94822
94823
94927
95477
95489
95636
95708
95938
96291
96504
96730
96814
96982
97030
97157
97319
97384
97425
97502
97570
97590
97629
97825
98120
98312
98522
98603
98676
98691
98848
98977
99227
99310
99363
99372
99393
99564
99565
99569
99737
99764
99860
99881
99923
100045
100224
100380
100660
100793
100936
100947
101036
101175
101356
101576
101620
101627
101676
101724
101847
101879
101892
102168
102300
102343
102495
102660
102712
102967
102976
103048
103218
103375
103400
103548
103553
103665
103760
103799
103938
104001
104377
104684
104736
104811
104872
104956
104974
105006
105109
105444
105499
105616
105660
105680
105783
105896
105902
105920
105946
106150
106187
106231
106381
106384
106467
106531
106562
106572
106806
106934
107173
107196
107300
107310
107336
107427
107632
107648
107795
107939
107965
108007
108275
108436
108865
109460
109494
109516
109621
109640
109793
109811
109884
109987
110026
110051
110330
110446
110489
110562
110574
110590
110667
110674
111048
111115
111181
111203
111228
111242
111454
111492
111569
111717
111740
111785
111823
111900
111921
111979
111984
112003
112039
112156
112191
112310
112437
112587
112680
112945
113070
113141
113236
113296
113440
113452
113508
113548
113574
113601
113617
113702
113734
113753
113979
113993
114596
114735
115242
115452
115594
115621
115687
115750
115818
115829
116095
116120
116205
116337
116475
116647
116782
117216
117241
117291
117395
117539
117600
117752
117877
117957
117991
118012
118201
118520
118774
119010
119056
119223
119258
119299
119444
119507
119569
119739
119890
120025
120112
120119
120492
120506
120549
120649
120663
120672
120767
120925
121061
121100
121427
121844
121883
122030
122110
122119
122142
122288
122435
122567
122579
122609
122623
122821
122838
123176
123189
123338
123381
123404
123495
123556
123637
123715
123734
123760
123943
124158
124178
124229
124324
124562
124672
124816
124856
124887
124930
125027
125086
125319
125607
125708
125777
126023
126118
126133
126185
126197
126229
126297
126517
126700
126827
126847
126872
126985
127019
127120
127159
127285
127314
127442
127527
127673
127794
128216
128235
128639
128660
128712
128770
128798
128926
128987
129194
129327
129336
129464
129585
129592
129798
129839
130061
130095
130153
130160
130195
130548
130594
130667
131013
131087
131162
131247
131350
131388
131533
131862
131922
132177
132204
132378
132497
132837
133004
133006
133101
133335
133424
133492
133633
133661
133727
133770
133800
133813
133917
134119
134198
134315
134617
134933
134940
135102
135138
135167
135462
135536
135622
135930
136009
136252
136327
136365
136657
136939
136947
136974
137039
137064
137128
137229
137252
137478
137590
137639
137688
137721
137789
138000
138001
138047
138096
138158
138174
138385
138420
138546
138557
138603
138649
138733
138865
138896
139120
139187
139443
139498
139535
139757
139778
139788
139795
139837
139850
139888
140097
140269
140373
140383
140386
140538
140668
140851
141045
141139
141191
141324
141536
141972
142011
142023
142239
142329
142382
142480
142488
142515
142749
142799
143047
143116
143478
143690
143691
143692
143742
143837
143866
143974
143992
144252
144296
144377
144410
144716
144779
145072
145087
145150
145523
145791
145819
145881
146150
146237
146291
146331
146360
146572
146596
146694
146777
146994
147014
147070
147099
147344
147351
147400
147427
147495
147536
147545
147818
147902
147953
147975
148123
148198
148239
148274
148321
148602
148741
148943
149023
149090
149132
149174
149215
149276
149319
149461
149504
149583
149753
149903
149987
150070
150082
150107
150176
150191
150340
150552
150620
150941
151016
151084
151188
151274
151471
151654
151734
151897
152002
152057
152070
152132
152180
152459
152462
152700
152710
153031
153054
153179
153204
153311
153417
153659
153687
153842
153926
154246
154346
154371
154527
154587
154605
154733
155069
155108
155155
155244
155317
155373
155690
155817
155849
155906
156003
156180
156185
156227
156316
156420
156437
156514
156894
157010
157062
157174
157191
157224
157246
157274
157289
157293
157372
157386
157397
157431
157642
157814
157986
158071
158143
158167
158255
158386
158408
158440
158510
158572
158672
158720
158731
158758
158936
159285
159404
159427
159449
159506
159625
159829
160106
160296
160597
160652
160691
160721
160811
160930
160931
161137
161319
161425
161557
161584
161787
161841
161883
161944
162074
162124
162241
162345
162424
162631
162710
162850
162998
163044
163082
163092
163120
163139
163242
163378
163523
163531
163715
163801
164576
164726
164753
164800
164822
164857
164964
165177
165408
165498
165507
165870
165913
165918
166310
166318
166352
166511
166842
166923
167144
167235
167237
167514
167734
167937
168097
168248
168255
168492
168832
168981
169108
169124
169249
169451
169458
169572
169734
169753
169786
169846
169879
169882
170076
170316
171146
171324
171562
171573
171649
171686
171797
172020
172081
172322
172364
172451
172586
172814
172978
173031
173181
173246
173544
173637
173704
173853
173871
173952
174157
174270
174423
174487
174552
174564
174625
174784
174820
174863
175092
175278
175488
175513
175589
175699
175705
175736
175742
175749
175964
176000
176137
176152
176481
176633
176741
176811
176865
177065
177431
177601
177683
177838
177866
177963
178000
178084
178099
178144
178302
178359
178370
178590
178616
178665
178673
178771
178913
179053
179086
179324
179417
179422
179473
179612
179693
179790
179867
179977
180023
180027
180060
180062
180119
180171
180309
180323
180368
180454
180473
180539
180815
181005
181076
181105
181193
181205
181324
181421
181430
181607
181879
181884
181926
181978
181982
182064
182616
182626
182631
182701
182925
182969
183042
183076
183219
183325
183531
183724
183810
183847
183853
183948
184068
184098
184103
184110
184191
184669
184672
184696
184716
184801
184873
184994
184999
185057
185069
185181
185421
185646
185674
185974
186041
186135
186137
186292
186393
186423
186593
186735
186747
186876
186979
186981
187047
187098
187242
187330
187725
187744
187917
187928
188068
188095
188121
188147
188171
188303
188330
188391
188548
188711
188766
188813
188861
188894
189034
189144
189154
189471
189675
189712
189714
189797
190065
190215
190258
190327
190498
190537
190574
190656
190658
190744
191035
191251
191315
191433
191442
191483
191750
191752
191875
191974
192117
192130
192234
192308
192481
192514
192754
192758
192810
192966
193087
193202
193322
193713
193717
193855
193975
194048
194190
194388
194418
194465
194470
194472
194814
194994
195134
195274
195447
195511
195877
195969
195971
195977
196077
196650
196652
196785
196822
196837
197101
197134
197167
197306
197390
197411
197464
197479
197610
197645
197734
197821
198193
198290
198431
198478
198563
198582
198642
198667
198948
198978
199249
199330
199430
199586
199615
199639
199892
199968
200029
200212
200243
200425
200560
200573
200596
200624
200702
200896
201093
201185
201356
201544
201609
201624
201983
202011
202015
202180
202242
202351
202482
202555
202585
202694
202781
202916
203071
203239
203282
203429
203636
203784
203966
203985
204123
204221
204600
204610
204641
204688
204801
204853
204984
205127
205135
205144
205425
205494
205687
205731
206012
206122
206204
206288
206751
206772
206796
206800
207091
207185
207322
207383
207431
207553
207597
207940
208017
208140
208245
208293
208306
208701
208858
208925
208930
208979
208986
209017
209035
209226
209250
209305
209308
209462
209487
209597
209780
209796
209865
210004
210052
210159
210168
210218
210311
210347
210360
210377
210453
210486
210866
210900
210929
211113
211127
211253
211295
211312
211641
211661
211759
211807
211897
211914
211952
211985
212027
212037
212052
212279
212517
212523
212621
213023
213208
213211
213229
213314
213342
213411
213429
213658
213871
214022
214135
214141
214184
214485
214601
214633
214767
214853
214857
214933
214939
214957
215025
215073
215135
215181
215346
215397
215424
215432
215455
215461
215646
215768
215910
215979
216059
216187
216193
216252
216383
216439
216446
216488
216523
216578
216616
216650
216705
216823
216897
217034
217142
217224
217261
217344
217571
217711
217802
217822
217828
217951
218288
218385
218430
218699
218885
219279
219288
219363
219477
219497
219688
219762
219786
219856
219928
220052
220066
220075
220081
220114
220282
220471
220580
220685
221251
221279
221306
221324
221378
221380
221610
221661
221751
221942
222194
222280
222586
222876
222884
223048
223220
223323
223464
223477
223534
223783
223784
223844
223962
224002
224059
224096
224160
224233
224480
224485
224500
224549
224589
224642
224739
224795
224847
224927
225176
225405
225451
225725
225790
225937
225957
226133
226186
226189
226511
226693
226804
226927
226928
226941
226955
227009
227064
227156
227243
227396
227543
227555
227579
227715
227775
227923
228013
228051
228143
228485
228588
228702
228712
228722
228835
228872
229038
229156
229178
229180
229223
229233
229466
229497
229509
229591
229630
229795
229928
229949
230054
230100
230153
230227
230427
230454
230548
230713
230716
230780
230810
230828
230829
230835
230864
230931
230981
231133
231211
231399
231443
231507
231560
231917
232161
232196
232516
232835
232840
232913
232921
233003
233214
233231
233424
233428
233657
233698
233763
233825
233961
234036
234100
234147
234384
234452
234559
234570
234626
234697
234761
234767
234793
234900
234916
235101
235180
235208
235215
235290
235404
235627
235825
235854
235913
236061
236191
236222
236384
236426
236656
236698
236834
236903
237084
237102
237168
237285
237463
237476
237532
237545
237550
237591
237761
237902
238095
238238
238476
238493
238498
238528
238648
238814
238976
239066
239135
239460
239467
239486
239885
240040
240053
240134
240179
240197
240424
240574
241125
241288
241302
241313
241326
241446
241476
241633
241739
241785
241899
241947
241972
242130
242453
242548
242762
242781
242852
242953
242981
243053
243156
243169
243214
243690
243873
243991
244330
244422
244433
244528
244826
244835
244907
244969
245018
245031
245328
245349
245579
245730
245784
245971
246014
246057
246094
246144
246244
246278
246630
246678
246682
246759
247022
247070
247074
247233
247293
247327
247482
247534
247548
247746
247913
248024
248152
248210
248229
248354
248399
248408
248488
248712
248772
248802
248880
248929
248962
249013
249122
249214
249278
249362
249379
249453
249494
249599
249633
249658
249801
249895
249940
250287
250365
250380
250563
250646
250744
250797
250860
250938
251044
251182
251299
251305
251314
251500
251612
251635
251875
252015
252139
252339
252356
252395
252419
252428
252477
252737
252750
252790
252815
252818
252993
253019
253130
253254
253431
253468
253601
253603
253624
253726
253753
253914
253932
254069
254079
254095
254128
254421
254422
254673
255036
255275
255301
255327
255371
255412
255653
255748
255838
255866
255893
256006
256112
256163
256229
256386
256413
256466
256481
256502
256650
256763
257077
257096
257303
257321
257449
257501
257643
257658
257664
257786
257811
257872
257923
258304
258413
258476
258756
258880
259069
259110
259166
259286
259300
259369
259379
259432
259572
259622
259666
259783
259875
259903
259970
260073
260078
260572
260657
260903
260912
261093
261100
261180
261256
261562
261689
261971
261981
262182
262317
262418
262482
262542
262664
262750
262839
262862
262866
262897
262927
262971
263025
263178
263263
263488
263632
263789
263834
263861
263885
263924
263936
263968
264041
264333
264342
264552
264657
264890
265027
265093
265121
265204
265395
265511
265571
265603
265628
265708
265714
265769
265899
266169
266216
266407
266420
266560
266585
266724
266878
266912
266939
267044
267446
267527
267549
267912
268090
268136
268266
268383
268706
268869
268969
268972
269014
269034
269122
269351
269628
269987
270040
270127
270151
270318
270420
270494
270786
270834
270886
270921
271082
271323
271326
271415
271502
271549
271559
271604
271768
271843
271846
271860
272038
272106
272137
272302
272368
272377
272450
272488
272659
272881
272894
272966
273130
273244
273375
273536
273540
273830
273892
273925
273947
273995
274131
274259
274293
274298
274334
274337
274527
274534
274563
274680
274743
274954
275138
275152
275155
275221
275259
275327
275460
275510
275545
275560
275605
275802
275836
275897
275938
276262
276430
276543
276655
276834
277134
277176
277192
277222
277371
277447
277572
277738
277885
277976
277998
278049
278121
278274
278286
278351
278436
278639
278741
278782
278785
279067
279188
279344
279495
279581
279715
279880
280052
280116
280203
280243
280335
280361
280387
280493
280808
280910
280921
280940
281168
281180
281313
281377
281884
281926
281978
282044
282074
282140
282143
282396
282454
282605
282615
282754
282836
282947
283292
283357
283489
283555
283767
283781
283828
283990
284072
284076
284092
284245
284267
284356
284562
284669
284851
284932
284939
285034
285184
285395
285443
285465
285471
285543
285586
285636
285902
286332
286546
286762
286818
286958
286964
287012
287172
287319
287333
287400
287402
287449
287733
287801
288035
288104
288201
288268
288377
288425
288454
288544
288608
288666
288863
288908
288911
289158
289174
289240
289279
289363
289584
289683
289817
289845
289884
289926
290053
290132
290193
290278
290340
290385
290441
290658
290893
290928
290980
291028
291262
291347
291394
291395
291410
291414
291465
291498
291500
291663
291733
292017
292090
292243
292261
292377
292408
292434
292436
292465
292482
292526
292567
292575
292651
292704
292925
292954
293076
293082
293135
293329
293481
293486
293649
293904
294251
294358
294449
294450
294733
294750
294761
294837
294941
294985
295054
295092
295193
295360
295571
295730
296117
296152
296222
296241
296369
296445
296481
296535
296614
296682
296905
297012
297090
297143
297272
297378
297597
297659
297774
297779
297793
297838
297847
297991
297999
298080
298275
298292
298444
298594
298613
298626
298683
298753
298951
298959
299261
299326
299570
299663
299718
299778
299779
299886
299980
300462
300705
300852
300922
300923
300988
301012
301199
301235
301487
301589
301609
301633
301652
301654
301826
301830
301865
301933
302108
302124
302273
302295
302627
302655
302723
302847
302890
302944
303063
303097
303183
303239
303318
303826
303937
303990
304026
304030
304100
304302
304467
304644
304685
304770
304779
305466
305759
305773
306007
306082
306513
306562
306609
306622
306660
306701
306746
306884
307060
307292
307320
307345
307439
307853
307870
307878
308171
308261
308289
308312
308466
308648
308910
309022
309107
309118
309186
309261
309468
309607
309642
309684
309760
309828
309840
309841
309902
309988
310137
310175
310195
310465
310660
310821
310846
310903
310932
311066
311072
311168
311332
311384
311465
311709
311771
311848
312102
312106
312287
312381
312737
312853
312856
313373
313433
313470
313743
313797
313994
314136
314199
314421
314470
314509
314564
314965
315195
315197
315202
315322
315362
315419
315425
315461
315468
315608
315686
315728
315771
315794
315795
315865
315954
316123
316241
316259
316275
316319
316821
316853
316951
317070
317126
317183
317246
317251
317314
317324
317331
317522
317542
317789
317853
317872
317902
318252
318336
318387
318480
318521
318613
318639
318803
318878
318892
318893
318978
318983
318987
319026
319135
319179
319259
319390
319413
319443
319506
319799
319882
320119
320183
320289
320359
320480
320499
320581
320632
320680
320724
320959
321372
321411
321539
321548
321666
321754
321759
321802
321893
321955
322348
322458
322514
322568
322757
322771
322786
323081
323105
323382
323467
323555
323684
323694
323863
323890
323956
324124
324171
324224
324227
324237
324615
324617
324692
324721
324792
324953
324985
325144
325149
325243
325287
325408
325571
325575
325617
325674
325695
325712
325805
325980
326192
326204
326249
326450
326600
326643
326645
326708
326728
326746
326937
327060
327067
327108
327131
327149
327150
327163
327313
327364
327442
327628
327717
327752
327839
327866
327977
327989
328034
328048
328126
328137
328153
328156
328188
328214
328285
328308
328458
328818
328895
329070
329206
329213
329228
329402
329622
329682
329908
330163
330513
330585
330722
330726
330744
330959
330984
331014
331029
331103
331108
331115
331173
331186
331219
331402
331635
331700
331795
331837
331890
331904
331913
332023
332125
332335
332461
332462
332489
332492
332527
332623
332701
332791
332912
333003
333114
333125
333132
333226
333345
333386
333413
333463
333621
333646
333663
333861
333990
334573
334658
334777
334826
334868
334929
334962
335123
335317
335371
335622
335749
335839
335851
335931
335950
336044
336266
336415
336432
336573
336869
336962
337060
337132
337205
337241
337921
337926
338019
338242
338254
338292
338395
338513
338569
338613
338636
339225
339327
339770
339771
339807
339951
340041
340182
340197
340284
340430
340471
340513
340623
340707
340739
341218
341356
341417
341605
341607
341694
342032
342141
342148
342328
342434
342601
342633
342641
342790
342888
342913
342976
343126
343212
343280
343312
343387
343438
343465
343556
343594
343636
343649
343838
343901
344166
344257
344518
344762
344808
344885
345190
345289
345380
345381
345438
345442
345677
345693
345919
346002
346016
346188
346257
346291
346305
346480
346503
346600
346657
346756
346777
346790
346896
346937
346950
347041
347167
347409
347420
347552
347718
347900
347971
348242
348288
348467
348684
348706
348866
348871
349047
349328
349505
349730
350231
350273
350392
350454
350478
350606
350643
350797
350836
350924
350957
351392
351451
351548
351775
351786
352112
352148
352276
352424
352448
352612
352820
352824
352838
352861
352973
353103
353118
353230
353246
353275
353276
353285
353293
353432
353433
353444
353480
353657
353750
353854
354017
354110
354349
354513
354841
354893
355018
355423
355585
355662
356298
356314
356429
356459
356489
356605
356665
356778
356792
357003
357042
357275
357280
357306
357356
357401
357442
357532
357544
357730
357920
357932
357935
357970
358021
358102
358192
358259
358310
358361
358689
358942
358956
358958
359154
359220
359270
359364
359484
359516
359770
360027
360037
360167
360177
360209
360391
361075
361118
361132
361232
361291
361351
361444
361503
361554
361555
361638
361759
361764
361932
361937
362177
362313
362435
362501
362507
362730
362840
362928
363098
363172
363213
363325
363622
363658
363661
363677
363748
363923
363948
363996
364071
364122
364488
364829
364987
365034
365133
365149
365163
365248
365292
365351
365369
365609
365775
366172
366216
366260
366277
366286
366311
366318
366484
366664
366742
366934
367122
367267
367369
367371
367395
367564
367566
367587
367591
367680
367920
368015
368158
368211
368213
368301
368490
368608
368775
369070
369082
369086
369117
369127
369180
369328
369401
369426
369517
369572
369627
369755
369782
369804
369955
369980
370009
370023
370072
370113
370323
370419
370479
370557
370648
370656
370681
370687
370871
371020
371047
371191
371200
371341
371546
371589
371621
371695
371948
372224
372362
372532
372793
372847
372975
373013
373021
373044
373250
373328
373349
373372
373376
373508
373541
373555
373675
373676
373723
373738
373806
373832
373980
374073
374074
374131
374315
374318
374452
374487
374489
374672
374718
374812
374816
374880
374918
374934
374961
375130
375184
375230
375245
375333
375401
375791
376204
376375
376505
376526
376597
376673
376743
377025
377116
377122
377175
377269
377414
377484
377544
377568
377574
377934
377996
378224
378528
378553
378565
378830
378861
378865
378866
378913
378955
379351
379552
379559
379567
379611
379650
379858
379964
379991
380027
380147
380199
380202
380528
380551
380577
380583
380768
380895
381168
381307
381496
381584
381971
382170
382182
382327
382406
382634
382775
382858
383161
383389
383532
383533
383587
383612
383790
383845
383956
383981
384066
384282
384463
384542
384620
384802
384895
384959
384997
385027
385212
385299
385372
385451
385572
385757
385837
385884
386005
386015
386048
386078
386215
386298
386504
386514
386676
386729
386735
386796
386825
387087
387188
387291
387392
387524
387642
387787
387806
387956
388271
388453
388464
388475
388631
388691
389019
389085
389129
389213
389216
389245
389293
389327
389472
389677
389685
389882
389890
389897
390132
390146
390310
390546
390556
390676
390778
390835
390878
391066
391092
391183
391244
391269
391307
391361
391564
391789
391840
391880
392005
392067
392097
392122
392181
392346
392546
392554
392567
392656
392741
392854
393101
393124
393207
393690
393827
393908
393959
393985
394361
394415
394429
394573
394619
394629
394756
394786
394879
394917
394944
395054
395085
395116
395142
395225
395583
395649
395682
395783
395895
395948
396015
396021
396077
396162
396252
396610
396707
396749
396902
396905
396961
397028
397093
397235
397556
397569
397635
397725
397878
397940
398019
398477
398550
398662
398741
398764
398815
398864
399048
399099
399131
399150
399219
399220
399271
399408
399483
399496
399657
399661
399681
399707
399857
399864
399978
400149
400395
400422
400534
400781
401047
401268
401289
401427
401615
401621
401630
401666
401703
401747
401944
401956
401993
402000
402143
402163
402197
402318
402443
402495
402629
402685
402698
402732
402748
402776
402799
402954
402971
402978
403266
403331
403346
403455
403476
403853
404416
404477
404512
404839
404909
404949
404981
405453
405497
405729
406012
406061
406265
406295
406366
406515
406603
406652
406763
406937
406955
407107
407174
407222
407463
407480
407633
407693
408008
408084
408268
408318
408391
408502
408537
408716
408796
408852
408928
408990
409074
409158
409413
409445
409460
409475
409517
409539
409545
409641
409706
409893
409940
409941
410019
410100
410104
410390
410456
410492
410625
410777
410859
411119
411188
411314
411492
411627
411629
411717
411782
411786
411871
411923
411956
411975
412013
412172
412212
412241
412258
412272
412277
412344
412371
412540
412569
412570
412646
412682
412806
412980
413072
413086
413104
413284
413294
413295
413317
413467
413486
413502
413963
413994
414148
414358
414404
414681
414751
414755
414774
414835
414906
415127
415168
415171
415307
415513
415575
415599
415619
415624
415655
415725
415735
415803
415895
415910
416017
416250
416303
416316
416481
416490
416511
416562
416615
416710
416820
416849
417093
417268
417330
417341
417709
417757
417925
417940
417999
418074
418251
418376
418385
418428
418480
418585
418798
418824
418893
418969
418980
419130
419167
419240
419300
419517
419534
419547
419774
419779
419786
419812
420103
420114
420385
420390
420802
420826
420900
420910
420975
421154
421157
421195
421304
421375
421384
421423
421436
421534
421565
421596
421615
421661
421719
421739
421758
421795
421817
421819
421889
421994
422024
422113
422180
422248
422478
422511
422800
422840
422898
422913
422990
423098
423149
423263
423280
423405
423668
423692
423738
423800
423804
423845
423920
424021
424063
424121
424141
424242
424433
424568
424719
424778
424819
424908
424984
425058
425109
425229
425271
425298
425563
425620
425642
425814
425920
426120
426228
426229
426275
426399
426528
426856
426918
426994
427031
427045
427214
427704
427716
427777
427966
428101
428259
428361
428364
428371
428387
428417
428479
428566
428789
428795
428826
428991
429041
429144
429271
429300
429508
429637
429692
429794
429819
429963
430009
430089
430097
430253
430297
430361
430505
430664
430768
430936
431219
431352
431477
431623
431691
431830
432076
432105
432198
432205
432207
432227
432400
432466
432467
432488
432503
432544
432584
432693
432707
432724
432895
432921
433009
433085
433430
433544
433585
433657
433713
433788
433856
434138
434164
434179
434267
434303
434358
434361
434395
434448
434540
434658
434943
435129
435155
435412
435472
435621
435622
435939
435971
436265
436662
436707
436736
436931
437011
437078
437195
437308
437391
437449
437568
437575
437698
437880
437893
437899
437979
438015
438062
438151
438285
438389
438655
438669
438723
438777
438925
439090
439117
439260
439352
439443
439478
439618
439742
439834
439857
439962
440042
440068
440157
440203
440233
440301
440369
440410
440621
440668
440732
440778
440810
441013
441020
441141
441175
441724
442073
442167
442208
442220
442412
442475
442482
442506
442537
442641
442692
442771
442904
443073
443192
443251
443294
443878
443964
443972
444183
444221
444292
444294
444358
444441
444533
444539
444607
444626
445371
445376
445401
445457
445536
445543
445576
445590
445615
445655
445801
445835
446128
446291
446331
446352
446358
446387
446661
446813
446935
446966
447054
447056
447103
447198
447272
447301
447346
447390
447410
447552
447618
447624
447831
447890
447897
447959
447969
447992
448205
448253
448299
448448
448541
448944
449114
449132
449646
449918
450215
450229
450240
450277
450412
450527
450985
451009
451017
451105
451136
451146
451157
451190
451293
451330
451423
451446
451553
451658
451691
451740
451873
451977
452164
452265
452365
452554
452581
452659
452819
452940
452964
453112
453163
453171
453223
453226
453368
453415
453434
453490
453568
453610
453742
453828
453861
453873
453925
453930
454260
454342
454350
454716
454776
455015
455081
455146
455254
455255
455306
455406
455460
455497
455596
455756
455800
455911
456081
456177
456182
456233
456241
456289
456373
456403
456461
456501
456664
456736
456813
456818
456828
456882
457039
457092
457124
457448
457586
457778
458037
458083
458205
458211
458228
458318
458321
458342
458362
458366
458466
458505
458618
458753
458775
458839
458944
458968
459603
459630
459656
459701
459849
460016
460095
460122
460134
460175
460580
460677
460746
460771
460777
460810
460811
460844
461038
461057
461064
461247
461324
461376
461434
461442
461471
461643
461798
461828
461865
461911
461990
462043
462083
462116
462149
462580
462685
462924
462968
463038
463041
463098
463117
463140
463147
463336
463382
463460
463468
463547
463611
463697
463795
463833
463861
463998
464001
464042
464263
464290
464457
464523
464533
464639
464661
464717
465004
465027
465069
465238
465246
465353
465465
465586
465821
466040
466102
466175
466231
466234
466340
466487
466521
466725
466812
466908
467078
467142
467277
467314
467423
467494
467515
467650
467673
467725
467903
467907
467968
467976
467995
468006
468017
468194
468247
468344
468589
468783
468892
468956
469004
469011
469089
469163
469359
469425
469427
469681
469731
469735
470058
470186
470229
470269
470478
470479
470748
471009
471168
471350
471626
471795
471832
471845
471962
471981
471991
472046
472126
472288
472316
472451
472621
473057
473182
473185
473243
473640
473729
473774
473831
473844
473934
474045
474052
474157
474432
474448
474537
474670
474999
475395
475440
475443
475498
475541
475938
475967
476078
476118
476145
476222
476282
476283
476346
476359
476376
476448
476495
476511
476537
476674
476734
476834
477042
477189
477236
477338
477400
477487
477503
477667
477710
477713
477736
477807
477898
477945
478112
478162
478176
478183
478216
478230
478458
478578
478625
478631
478637
478639
478696
478897
478901
478962
479021
479163
479294
479540
479575
479578
479745
479863
479880
479920
479938
480052
480065
480095
480154
480330
480445
480452
480703
480712
480716
480829
480879
480882
480940
481387
481444
481648
481676
481706
481799
481839
482156
482170
482328
482353
482404
482419
482422
482538
482576
482916
482944
483003
483228
483301
483424
483537
483635
483704
483705
483725
483770
483890
484113
484175
484282
484361
484376
484436
484491
484507
484518
484642
484680
484822
484900
484952
485077
485180
485223
485285
485305
485356
485511
485612
485617
485684
485717
485826
485868
485986
486037
486105
486106
486173
486349
486361
486505
486554
486579
486683
486809
486842
486878
486963
487602
487672
487832
487937
487946
487978
488112
488161
488271
488319
488447
488505
488551
488670
488899
489089
489133
489155
489160
489209
489355
489410
489472
489777
489839
489923
489969
490059
490131
490160
490221
490268
490270
490285
490293
490306
490389
490469
490514
490548
490574
490606
490909
491165
491188
491202
491213
491228
491239
491276
491354
491404
491500
491535
491540
491721
491884
491976
492061
492268
492843
493013
493101
493264
493629
493666
493897
493905
493970
493995
494017
494019
494182
494218
494253
494337
494494
494495
494580
494598
494637
494731
494861
494953
494978
494982
495040
495044
495232
495330
495376
495379
495396
495552
495570
495586
495872
496155
496156
496347
496370
496532
496573
496638
496748
496830
496893
496894
497042
497091
497205
497279
497698
497879
497906
497933
498375
498447
498569
498836
498889
498892
498947
499039
499195
499264
499299
499314
499967
500054
500071
500121
500128
500136
500244
500294
500387
500469
500548
500564
500605
500634
500761
500779
500866
501018
501026
501032
501073
501077
501167
501183
501232
501237
501263
501358
501387
501424
501464
501615
501617
501640
501762
501770
501813
501878
501902
502181
502290
502298
502321
502422
502514
502650
502690
502696
502730
502782
502889
502930
503120
503175
503249
503274
503434
503468
503495
503564
503599
503668
503911
503916
503929
504057
504120
504209
504319
504417
504449
504541
504606
504854
504867
504963
505183
505188
505426
505579
505667
505795
505961
505972
506261
506294
506414
506457
506459
506530
506630
506664
506771
506884
506940
507002
507154
507372
507582
507592
507679
507710
507832
507911
508084
508196
508308
508316
508495
508559
508726
508750
508829
508958
508977
509012
509020
509156
509281
509377
509431
509454
509470
509771
509896
510194
510289
510374
510453
510519
510680
510846
510856
511170
511176
511285
511312
511560
511644
511645
511739
511761
511847
512028
512102
512236
512261
512342
512534
512939
512955
513008
513480
513491
513614
513645
513675
513792
513886
513942
514063
514576
514661
514685
514692
515102
515164
515262
515302
515354
515421
515436
515487
515583
515759
515785
516053
516248
516258
516338
516429
516493
516555
516579
516742
516776
516805
516942
517183
517220
517353
517511
517549
517559
517818
517856
517883
518026
518318
518331
518488
518638
518701
518703
518716
518779
519151
519165
519328
519412
519467
519544
519670
519686
519705
519784
519881
519896
519920
520238
520246
520434
520455
520602
520841
520843
520851
520904
520970
521186
521234
521261
521429
521459
521493
521625
521912
521920
522061
522112
522131
522252
522290
522390
522442
522616
522618
522669
522977
523074
523140
523380
523481
523645
523765
523892
523899
524199
524206
524315
524326
524407
524440
524601
524797
525073
525108
525236
525354
525621
525661
525670
525738
525760
525771
525816
526064
526088
526186
526187
526362
526395
526398
526474
526487
526600
526746
526834
527027
527402
527434
527466
527500
527610
527667
527675
527682
527695
527699
527732
527826
527850
527958
528042
528121
528126
528162
528334
528458
528568
528639
529529
529554
529642
529790
529860
530004
530246
530270
530570
530614
530658
530735
530794
530926
531139
531149
531242
531384
531429
531672
531929
531930
532249
532473
532480
532810
533010
533251
533301
533303
533311
533482
533529
533649
533689
533884
533904
534246
534251
534282
534288
534421
534528
534547
534550
534615
535181
535261
535292
535525
535576
535664
535756
535852
535915
536065
536115
536326
536476
536612
536707
536778
536832
537171
537429
537570
537727
537780
537904
538031
538203
538297
538543
538549
538610
538618
538637
538942
539116
539136
539141
539196
539204
539266
539345
539363
539406
539460
539492
539514
539722
539737
539885
540015
540022
540122
540237
540415
540428
540431
540497
540645
540787
540802
540844
540873
541048
541154
541342
541368
541600
541611
541717
541804
541868
541872
541925
541997
542096
542141
542274
542278
542461
542469
542502
542563
542576
542805
542847
543249
543364
543377
543476
543549
543623
543674
543723
543813
543842
543967
543993
544008
544045
544118
544399
544412
544458
544465
544677
544688
544716
544975
545031
545101
545185
545368
545395
545431
545499
545618
545635
545679
545825
545834
545839
546043
546211
546267
546297
546685
547063
547123
547139
547140
547429
547433
547499
547548
547605
547637
547910
548121
548205
548217
548317
548380
548447
548479
548731
548814
548885
549083
549144
549270
549272
549344
549377
549411
549468
549486
549572
549603
549637
549663
549888
549950
549999
550014
550027
550048
550100
550292
550338
550346
550468
550747
550827
551127
551177
551393
551453
551571
551893
551916
552034
552245
552248
552385
552479
552513
552531
552804
552809
553057
553063
553092
553216
553277
553431
553451
553470
553519
553657
553751
553905
553937
554023
554169
554206
554290
554528
554659
554717
554854
555206
555258
555294
555508
555529
555600
555611
555775
555827
555931
556166
556257
556611
556619
556699
556774
556783
556795
556926
557059
557096
557197
557206
557272
557352
557467
557522
557781
557920
558119
558131
558209
558277
558459
558502
558831
558834
558950
558961
558978
559098
559213
559280
559315
559448
559458
559481
559487
559512
559541
559857
559952
559960
560280
560412
560624
560635
560719
560726
561057
561311
561318
561378
561509
561615
561774
561834
561845
561879
561954
562022
562113
562524
562735
562748
562823
562933
562978
563008
563013
563022
563679
564040
564122
564179
564183
564233
564479
564480
564487
564626
564684
564720
564866
564915
565218
565312
565397
565465
565706
565839
565864
565896
565910
566001
566092
566101
566254
566281
566350
566367
566406
566534
566674
566716
566951
567084
567162
567306
567439
567581
567652
567754
567789
567863
567872
567877
568164
568233
568247
568278
568772
568824
568916
569613
569661
569685
569926
569957
569983
569990
570058
570073
570218
570224
570258
570353
570354
570411
570425
570481
570519
570529
570650
570783
570929
570966
570986
571023
571079
571269
571292
571298
571458
571532
571681
571714
571758
571888
571964
572076
572235
572260
572261
572492
572504
572569
572593
572708
572770
572796
572865
572962
573109
573114
573139
573381
573425
573515
573518
573565
573655
573889
574093
574126
574215
574220
574264
574462
574664
574698
574757
574770
574850
575112
575316
575319
575367
575391
575444
575557
575623
575716
575770
575829
575867
575957
576059
576465
576490
576500
576558
576785
576889
577007
577014
577029
577086
577447
577460
577496
577564
577720
577994
578014
578107
578277
578544
578625
578656
578709
578817
578855
578971
578984
579037
579045
579115
579326
579794
579951
580130
580210
580216
580249
580288
580507
580523
580556
580634
580678
580749
580843
581028
581034
581197
581428
581443
581507
581590
581601
581635
581864
582003
582030
582158
582212
582239
582311
582475
582496
582563
582579
582669
582779
582784
582794
582800
582887
583001
583033
583134
583197
583202
583247
583418
583448
583468
583470
583515
583718
583742
583807
583886
584051
584149
584166
584190
584218
584362
584443
584457
584495
584548
584663
584680
584863
584883
584944
584962
585139
585161
585437
585524
585550
585585
585667
585692
585758
585793
585873
585945
585950
586138
586384
586389
586391
586426
586498
586525
586618
586638
586806
586828
586954
587027
587038
587041
587158
587191
587225
587229
587283
587424
587559
587757
587901
588060
588137
588462
589271
589437
589479
589523
589553
589679
589788
590192
590251
590458
590509
590521
590757
590847
590903
591048
591249
591332
591354
591614
591700
591773
591814
591862
591988
592028
592102
592116
592271
592275
592313
592482
592571
592821
592880
592900
592928
593245
593421
593426
593784
593796
593933
593964
594145
594234
594244
594349
594378
594448
594534
594543
594606
594701
594709
594724
594831
594865
595109
595214
595276
595393
595428
595504
595661
595678
595742
595768
595847
595933
595959
595983
596018
596089
596184
596194
596410
596674
596695
596745
596800
597041
597158
597247
597308
597330
597584
597651
597851
597912
598001
598144
598181
598408
598409
598489
598519
598548
598595
598712
598987
599027
599139
599173
599239
599283
599336
599748
599751
599769
599910
600098
600156
600176
600248
600310
600412
600426
600814
600844
600855
600919
601303
601475
601516
601551
601566
601586
601708
601715
601758
601801
602214
602305
602340
602395
602420
602512
602548
602567
602661
603041
603097
603264
603295
603607
603758
603785
603827
603943
604010
604364
604453
604763
604856
604880
604921
604984
605360
605398
605441
605444
605448
605492
605520
605540
605656
605674
605701
605768
605842
606061
606066
606208
606212
606272
606303
606382
606389
606494
606662
606680
606828
606885
606896
607003
607065
607175
607525
607971
608020
608766
609063
609300
609345
609369
609458
609590
609703
609993
610005
610082
610297
610303
610366
610413
610414
610439
610619
610642
610692
610926
610943
611036
611085
611169
611279
611336
611405
611412
611421
611701
611729
611848
611886
612177
612384
612514
612682
612733
612998
613176
613317
613369
613605
613685
613766
613809
613881
613930
614033
614034
614078
614099
614141
614359
614406
614414
614492
614597
614643
614686
614687
614693
614788
614966
614968
614987
615009
615043
615086
615292
615308
615459
615481
615619
615652
615706
615710
615738
615892
615952
616016
616035
616084
616094
616390
616604
616633
616689
616774
616921
616923
616991
617492
617515
617605
617686
617723
617819
618054
618124
618286
618332
618494
618524
618573
618596
618660
618782
618797
618860
618897
618914
618984
619130
619143
619423
619615
619760
619806
619909
619994
620008
620117
620190
620354
620366
620397
620445
620467
620475
620574
620586
620643
620687
620970
621024
621162
621323
621422
621430
621504
621544
621823
621928
621938
621979
622021
622041
622122
622290
622411
622490
622679
622766
622833
622860
622897
622909
622942
623134
623283
623317
623327
623344
623383
623533
623632
623699
623749
623758
623786
623999
624169
624241
624336
624396
624416
624451
624459
624503
624834
625013
625124
625134
625250
625264
625286
625304
625333
625485
625748
625804
625878
626109
626206
626319
626392
626697
626765
626859
626887
626964
626967
627164
627191
627212
627312
627363
627445
627555
627569
627587
627704
627793
627839
628046
628081
628118
628223
628242
628477
628524
628834
628907
628911
629075
629113
629181
629216
629299
629368
629388
629418
629435
629564
629762
629770
629877
629987
630030
630061
630108
630334
630566
630580
630647
630710
630795
630940
630951
630960
631084
631420
631455
631593
631618
631685
631723
631774
631802
631880
632000
632063
632249
632309
632344
632729
632776
632860
632923
633013
633158
633204
633255
633472
633491
633523
633536
633616
633683
633778
633790
633951
634054
634271
634287
634360
634591
634778
634804
634839
634892
634954
635348
635376
635637
635659
635722
635782
635897
635912
635956
636160
636227
636367
636502
636503
636547
636600
636602
636670
636844
636901
637044
637082
637211
637267
637348
637360
637370
637442
637641
637712
638027
638207
638463
638544
638560
638616
638847
638978
639020
639212
639313
639427
639456
639646
639838
639891
639905
639926
639967
640098
640176
640252
640284
640362
640401
640413
640759
640960
641019
641030
641096
641104
641149
641315
641383
641407
641669
641919
641974
642099
642352
642628
642662
642768
642911
643080
643150
643182
643607
643696
643840
643929
643986
644269
644277
644332
644651
644660
644692
644794
644802
644842
644856
644894
644976
645391
645418
645427
645458
645978
646139
646208
646317
646336
646610
646612
646647
646827
646936
646988
647155
647185
647452
647455
647501
647627
647659
647806
647906
647988
648028
648173
648258
648485
648669
648683
648772
648843
648864
649024
649147
649192
649202
649376
649378
649757
649813
649854
649925
649962
650117
650153
650428
650500
650552
650632
650961
651084
651088
651137
651221
651329
651356
651610
651687
651706
651835
651896
652045
652047
652352
652426
652537
652562
652627
652634
652745
652749
652751
652852
652865
653013
653300
653314
653387
653389
653543
653658
653723
653780
653826
653867
653945
653959
654032
654162
654219
654227
654253
654273
654299
654390
654720
654779
654781
654874
655018
655140
655194
655459
655506
655653
655694
655978
655985
656002
656277
656322
656365
656387
656497
656528
656601
656624
657018
657087
657117
657145
657148
657244
657449
657596
657686
657762
657799
657869
657932
657960
657984
658071
658235
658256
658314
658332
658342
658350
658363
658416
658432
658441
658622
658719
658775
658779
658832
658848
658917
658955
658967
659074
659077
659109
659138
659315
659317
659363
659444
659446
659450
659639
659649
659655
659728
659901
659912
659924
660042
660050
660368
660384
660443
660498
660504
660506
660727
660764
660992
661225
661386
661437
661458
661489
661547
661571
661679
661720
661833
661835
661844
661887
661908
662079
662106
662108
662141
662156
662453
662540
662637
662650
662661
662820
662915
663044
663312
663347
663382
663435
663457
663517
663534
663614
663630
663654
663811
664157
664185
664191
664226
664247
664390
664396
664520
664535
664592
664599
664604
664733
665204
665303
665542
665565
665585
665652
665695
665924
665951
665972
666061
666064
666110
666142
666144
666151
666185
666230
666263
666295
666298
666387
666388
666475
666549
666635
666874
667501
667509
667528
667578
667698
667721
667724
668110
668246
668316
668517
668804
668874
669127
669155
669183
669337
669353
669370
669681
669753
670012
670014
670030
670081
670230
670242
670263
670293
670297
670583
670610
670741
670851
670977
671082
671086
671354
671554
671733
671770
671813
671829
671931
671940
671994
672057
672104
672228
672372
672641
672839
673032
673054
673076
673651
673762
673795
673831
673874
674127
674240
674301
674331
674496
674535
674563
674768
674808
674852
674864
674927
674952
675182
675238
675304
675400
675646
675651
675679
675764
676151
676233
676276
676319
676485
676525
676727
676739
676744
676821
676853
676892
676996
677034
677257
677293
677475
677601
677604
677672
677780
677825
678012
678064
678189
678197
678372
678433
678448
678454
678546
678559
678683
678701
678836
678937
679032
679451
679479
679502
679546
679553
679684
679695
680001
680012
680323
680647
680800
681166
681201
681214
681220
681552
682040
682122
682165
682253
682271
682440
682466
682600
682694
682732
682895
682899
682921
682927
682948
683042
683051
683179
683221
683350
683386
683397
683464
683472
683491
683546
683702
683741
683924
683966
684049
684150
684300
684349
684710
684811
684861
684920
685124
685204
685222
685442
685470
685600
685631
685764
685773
685801
685912
685922
685932
686001
686017
686123
686141
686178
686260
686292
686294
686406
686483
686515
686664
686701
687174
687375
687558
687583
687647
688082
688574
688634
688842
688931
688976
688991
689017
689135
689185
689292
689306
689362
689397
689413
689700
689766
689844
689932
690008
690520
690524
690586
690605
690656
690657
690758
690789
690941
691067
691278
691310
691529
691584
691639
691691
691795
691840
692171
692172
692310
692360
692405
692586
692788
692875
692889
692893
693020
693165
693207
693350
693391
693457
693547
693656
693771
693990
694068
694133
694207
694281
694386
694449
694513
694525
694579
695070
695183
695221
695232
695268
695293
695315
695350
695427
695528
695582
695588
695767
695834
695836
695886
695923
695974
696008
696018
696148
696243
696269
696398
696548
696667
696722
696781
697031
697033
697121
697142
697359
697724
697788
697901
698117
698134
698185
698246
698270
698625
698637
698889
698911
699050
699055
699226
699336
699785
699930
699960
700101
700135
700560
700634
700670
700671
700774
700882
700900
701096
701211
701249
701280
701339
701439
701538
701576
701590
701939
702015
702025
702151
702372
702384
702416
702420
702432
702443
702457
702501
702519
702633
702813
702883
702889
703087
703089
703447
703545
704207
704378
704405
704726
704759
704807
704913
704989
705077
705078
705150
705327
705471
705482
705530
705555
705724
705890
706048
706061
706106
706203
706336
706479
706537
706578
706697
706698
706763
706934
707056
707057
707357
707424
707604
707869
708060
708101
708513
708610
708858
708872
708980
709120
709143
709160
709175
709218
709306
709385
709529
709542
709602
709662
709668
709739
709841
709858
709865
710054
710216
710240
710302
710361
710464
710497
710708
710851
710883
711104
711186
711318
711510
711795
711869
711904
711933
712074
712111
712232
712303
712380
712555
712611
712656
712711
712773
712885
713019
713060
713066
713110
713471
713591
713642
713752
713754
713774
713784
713845
713980
713984
714012
714039
714087
714121
714242
714259
714386
714438
714585
714683
714696
714850
714866
714920
715043
715126
715268
715270
715328
715440
715443
715485
715533
715692
715896
715939
716047
716176
716324
716613
716676
716693
716799
716854
716969
717057
717399
717473
717603
717672
717886
717892
717956
717961
717980
718158
718179
718317
718344
718399
718428
718437
718749
718798
718899
718933
719042
719100
719210
719247
719278
719442
719697
719858
719867
719868
720014
720039
720166
720187
720232
720294
720387
720493
720615
720674
720697
720801
720818
720924
720980
721045
721107
721146
721326
721409
721585
721806
721811
721866
722213
722232
722270
722283
722473
722475
722546
722632
722665
722807
722844
722861
722955
722959
723018
723144
723208
723529
723571
723789
723882
723989
724047
724171
724242
724253
724265
724283
724359
724502
724509
724578
724682
724758
724764
724773
724847
724902
725105
725154
725379
725401
725452
725598
725732
725901
725921
726293
726409
726522
726531
726549
726558
726804
726921
726991
727061
727062
727194
727524
727536
727833
727920
727922
728004
728059
728091
728105
728180
728235
728260
728275
728340
728450
728472
728555
728612
728615
728678
728799
728937
728979
729179
729223
729256
729373
729392
729405
729496
729590
729636
729743
729800
729858
729873
729985
730061
730081
730234
730280
730303
730430
730455
730461
730467
730629
730792
730805
730826
731121
731124
731130
731224
731225
731256
731280
731317
731453
731455
731497
731544
731552
731609
731697
731735
731737
731853
732052
732079
732233
732319
732435
732501
732597
732719
732753
732829
732891
732979
732987
732997
733097
733176
733208
733461
733566
733624
733666
733683
733756
733800
733847
733959
734313
734451
734457
734643
734693
734718
734791
734810
734881
734890
734917
734938
735021
735025
735078
735091
735097
735127
735145
735245
735255
735263
735424
735565
735592
735626
735807
735844
735969
735976
736043
736130
736155
736226
736298
736388
736425
736434
736665
736679
736730
736916
736950
737375
737418
737500
737554
737654
737738
737998
738177
738244
738271
738362
738370
738427
738493
738548
738556
738685
738689
738712
739106
739165
739259
739274
739280
739378
739746
739782
739796
739909
739983
740173
740195
740444
740685
740724
740829
740882
740889
740974
740988
741008
741053
741066
741141
741263
741326
741390
741899
741917
741954
742100
742115
742345
742465
742653
742771
742858
742882
742976
743176
743207
743218
743367
743374
743476
743655
744153
744312
744435
744661
744670
744829
744952
744960
744999
745062
745122
745231
745242
745356
745421
745627
745680
745825
745828
745851
745914
745949
745970
746286
746291
746434
746809
746868
747118
747149
747191
747246
747311
747400
747484
747515
747561
747632
747696
747857
747870
748082
748133
748267
748337
748366
748376
748580
748706
748804
748840
748993
749062
749154
749161
749285
749300
749430
749527
749544
749702
749732
749856
750015
750066
750068
750165
750264
750389
750576
750646
750720
750850
750858
750996
751009
751076
751077
751117
751189
751227
751352
751564
751671
751682
751841
751850
751925
751962
752226
752277
752529
752621
752638
752675
752791
752820
753015
753064
753080
753565
753686
753772
753782
753788
753988
754016
754118
754232
754255
754286
754423
754445
754514
754557
754813
754905
754908
754910
754937
755008
755026
755036
755047
755080
755093
755174
755243
755504
755731
755792
755810
755878
755928
756043
756064
756085
756107
756210
756235
756347
756699
756770
756937
756966
757065
757212
757213
757425
757590
757597
757600
757703
757776
757849
757894
757898
758000
758036
758049
758119
758232
758266
758273
758340
758351
758369
758374
758428
758467
758570
758682
758898
758976
759413
759749
760167
760184
760241
760462
760486
760640
760665
760863
760886
760972
761207
761576
761809
762072
762081
762084
762153
762254
762438
762447
762512
762640
762740
762803
762887
762965
763088
763096
763098
763446
763600
763761
763769
763876
763923
764035
764045
764066
764083
764119
764145
764283
764605
764665
764711
764813
764824
764926
765060
765160
765249
765545
765643
765836
765867
766044
766081
766175
766194
766195
766479
766611
766766
766811
766926
766977
767046
767093
767147
767177
767546
767707
768004
768026
768121
768150
768291
768396
768472
768483
768564
768641
768659
768668
768768
768781
768797
769095
769165
769172
769217
769473
769480
769541
769775
769852
769961
770145
770176
770270
770378
770410
770457
770617
770786
770807
770856
771060
771088
771119
771127
771192
771503
771597
771713
771739
771821
772134
772242
772392
772485
772573
772577
772687
772772
772852
772925
773002
773238
773702
773824
773835
773969
774198
774369
774383
774480
774510
774720
774735
775089
775132
775229
775502
775512
775599
775615
775661
775745
775940
775996
776019
776073
776117
776245
776329
776348
776360
776483
776583
776687
776713
776731
776830
777059
777098
777109
777164
777309
777364
777610
777739
777931
777969
778116
778244
778398
778460
778583
778630
778690
778705
778912
778937
779227
779328
779522
779584
779689
779765
779957
779983
779997
780193
780204
780320
780356
780396
780445
780692
780751
780967
781029
781120
781196
781394
781405
781546
781664
781779
782026
782113
782205
782225
782277
782287
782352
782532
782567
782615
782617
782637
782797
782864
782895
782973
783145
783250
783281
783416
783766
783808
783868
783962
783968
783981
783989
784046
784053
784190
784324
784350
784518
784601
784688
784714
784759
784802
784986
785011
785031
785251
785343
785518
785535
785548
785549
785687
785716
785738
785785
785881
785973
786058
786136
786221
786246
786282
786297
786304
786371
786436
786488
786577
786660
786716
786941
786967
787202
787262
787280
787333
787382
787483
787684
787802
787840
787849
788083
788218
788401
788507
788720
788765
788851
788872
788931
788970
789289
789438
789603
789670
789818
790030
790249
790254
790269
790393
790417
790581
790731
790844
790877
790881
791057
791078
791161
791208
791298
791461
791462
791983
792018
792157
792306
792565
792574
792597
793032
793038
793321
793364
793394
793469
793710
793913
793939
794000
794289
794531
794549
794572
794696
794714
795065
795131
795182
795189
795359
795432
795472
795702
795879
796097
796259
796279
796378
796839
796909
797044
797066
797167
797371
797454
797571
797727
797806
797868
798122
798144
798165
798266
798271
798392
798585
798856
798876
798929
798973
798993
799141
799356
799368
799404
799413
799531
799533
799589
799683
799740
799792
799846
799866
799880
799954
800156
800208
800584
800648
800699
800703
800859
800894
801003
801094
801150
801179
801355
801399
801652
801653
801751
802411
802526
802658
802810
802860
802879
802882
802905
802913
802969
803000
803026
803196
803403
803791
804183
804204
804272
804349
804607
804752
804887
804902
805021
805081
805190
805347
805527
805745
805764
805816
805833
805945
806086
806221
806342
806347
806440
806527
806641
806875
806991
807044
807075
807091
807371
807386
807430
807439
807523
807602
807683
807795
807813
807833
808340
808370
808387
808454
808632
808714
809220
809412
809459
809489
809710
809821
809834
809843
810069
810161
810457
810576
810580
810588
810634
810646
811012
811061
811111
811119
811221
811469
811488
811601
811662
811753
811841
811880
812163
812233
812406
812481
812496
812553
812597
812729
812735
812739
812824
812928
813048
813136
813356
813487
813569
813695
813979
813997
814089
814235
814236
814274
814529
814645
814655
814679
814721
814869
814942
815059
815278
815315
815436
815485
815733
815839
815854
815908
815914
816019
816042
816493
816641
816773
816778
817449
817621
817652
817802
817830
817855
817923
817944
818020
818208
818400
818408
819025
819205
819301
819515
819677
819832
819837
819852
819902
819925
820063
820110
820346
820593
820920
820928
821099
821141
821357
821439
821460
821519
821552
821743
821795
821832
821840
822145
822258
822396
822489
822505
822528
822582
822716
823033
823115
823204
823288
823459
823601
823648
823709
823731
823793
823830
823867
823951
823956
824025
824143
824211
824241
824338
824469
824595
824819
825235
825274
825337
825388
825633
825637
825880
825881
826038
826053
826405
826652
826741
826982
827049
827240
827281
827416
827480
827491
827563
827571
827575
827696
827777
827969
828083
828108
828120
828316
828458
828637
828816
828978
829020
829074
829084
829119
829201
829343
829489
829556
829576
829686
829698
829798
829939
829949
830070
830116
830123
830208
830242
830257
830423
830589
830774
830860
830877
831018
831048
831072
831132
831168
831235
831377
831427
831434
831724
831730
831742
831833
831880
831962
832031
832180
832349
832351
832425
832451
832453
832489
832504
832601
832683
832694
832777
832840
832890
832911
832930
833089
833185
833269
833400
833760
833985
833992
834023
834038
834110
834186
834202
834302
834402
834423
834439
834763
834944
834957
835057
835090
835411
835472
835514
835646
835760
835789
835823
835834
835912
836184
836261
836280
836313
836329
836349
836443
836449
836453
836480
836482
836500
836606
836665
836838
836868
836958
836964
837057
837183
837612
837854
838106
838128
838192
838200
838648
838693
838883
838935
839158
839213
839568
839605
839886
839934
840233
840261
840265
840396
840424
840460
840524
840557
840594
840697
840720
840753
840845
840971
841119
841308
841409
841490
841496
841562
841586
841600
841615
841619
841751
842101
842153
842229
842279
842282
842481
842567
842731
842815
842838
842858
843114
843131
843388
843415
843710
843836
843959
843997
844016
844021
844184
844296
844319
844398
844553
844596
844614
844783
844881
845026
845144
845179
845293
845598
845701
845882
845891
845908
845915
846039
846094
846251
846354
846384
846488
846531
846586
846620
846803
846812
846845
846893
846935
847169
847275
847333
847373
847427
847536
847543
847950
848161
848307
848465
848550
848709
848742
848857
848901
848972
848982
849082
849253
849320
849386
849541
849706
849832
850060
850102
850148
850283
850358
850478
850645
850749
850917
851084
851154
851213
851324
851341
851386
851401
851482
851589
852132
852257
852371
852546
852656
852843
852873
852965
853118
853184
853213
853307
853716
853793
853802
853844
853861
853882
854053
854171
854198
854234
854249
854332
854337
855131
855139
855206
855293
855355
855390
855411
855557
855674
855694
855738
855850
855915
856005
856056
856065
856125
856287
856327
856341
856453
856481
856486
856872
856906
857196
857282
857567
857640
857661
857699
857774
858090
858128
858221
858297
858335
858402
858495
858538
858559
858690
858750
858757
858758
859424
859529
859587
859648
859755
859775
859987
860218
860327
860356
860375
860488
860594
860604
860746
860766
861097
861419
861512
861629
861637
861715
861837
861863
861904
861945
862417
862629
862693
862865
862947
863049
863264
863265
863273
863315
863504
863752
863907
863930
863962
864084
864201
864214
864265
864443
864473
864481
864622
864649
864718
864812
864839
865060
865206
865230
865254
865272
865317
865327
865364
865468
865572
865604
865718
865723
865900
865911
865949
865981
865999
866287
866309
866344
866412
866699
866826
866873
866988
867051
867121
867171
867261
867393
867782
867943
868058
868334
868347
868442
868646
868736
868830
868878
868895
868955
869047
869054
869083
869179
869201
869221
869311
869355
869368
869412
869441
869506
869662
869730
869851
869896
870084
870095
870235
870238
870309
870492
871106
871248
871290
871456
871598
871715
871728
871838
871880
871921
871936
872023
872245
872326
872379
872518
872529
872557
872906
872973
872986
873048
873225
873237
873276
873629
873673
873716
873849
873953
873965
874028
874037
874097
874159
874230
874371
874423
874466
874566
874765
874847
874967
875494
875502
875576
875633
875644
875859
875986
876002
876132
876166
876186
876234
876266
876286
876568
876696
876703
876774
876803
877102
877150
877192
877224
877264
877265
877380
877510
877580
877874
877915
877969
878197
878209
878242
878268
878355
878357
878440
878499
878638
878954
879115
879127
879143
879195
879463
879479
879498
879520
879609
879808
879858
880417
880506
880590
880675
880700
881005
881208
881212
881445
881485
881504
881573
881664
881805
882047
882059
882127
882191
882476
882521
882583
882627
882683
882735
882830
883055
883102
883653
883682
883800
883871
883937
884165
884280
884289
884337
884443
884519
884552
884807
884859
884956
884980
885090
885184
885308
885492
885718
886080
886259
886301
886306
886310
886331
886396
886734
886788
886812
886837
886885
886965
886968
886977
887324
887420
887454
887642
887645
887662
887810
887811
887861
887907
887961
888034
888046
888099
888176
888211
888230
888254
888352
888401
888414
888489
888556
888564
888578
888758
888826
888873
888928
888933
888960
889257
889436
889569
889636
889780
889845
889906
889915
890332
890605
890615
890693
890891
890920
890921
891030
891078
891103
891193
891310
891332
891394
891402
891453
891478
891728
891814
891908
891955
892049
892087
892115
892260
892352
892358
892397
892463
892528
892871
892991
893060
893189
893228
893275
893292
893342
893345
893459
893699
893766
893892
893934
894067
894085
894212
894321
894373
894412
894451
894463
894472
894538
894544
894604
894607
894706
894715
894810
894896
894995
895185
895267
895479
895537
895601
895658
895699
895793
895823
895909
896043
896117
896148
896193
896220
896281
896684
896781
896839
896942
897020
897083
897130
897259
897312
897463
897584
898022
898170
898174
898216
898445
898618
898624
898716
899260
899295
899308
899375
899417
899421
899457
899540
899553
899567
899569
899632
899690
899729
899765
899840
899868
899957
900409
900608
900730
900771
900784
900791
900907
900964
901152
901163
901199
901371
901581
901705
901765
902120
902138
902239
902300
902434
902441
902460
902470
902694
902760
902769
902841
902883
902981
903017
903050
903088
903111
903286
903467
903490
903491
903552
903736
903820
903843
903908
904012
904033
904120
904217
904311
904472
904554
904629
904631
904750
904832
904914
904964
905003
905212
905283
905523
905577
905694
905744
905905
905947
905959
905969
905973
906151
906252
906318
906416
906446
906450
906578
906680
906736
906951
906962
907157
907482
907781
907996
908000
908138
908492
908498
908601
909230
909341
909353
909600
909606
909781
909839
909930
910049
910090
910091
910107
910128
910136
910163
910223
910245
910327
910348
910373
910422
910460
910562
910815
910846
910896
910906
911071
911117
911207
911450
911687
911793
911908
912021
912064
912232
912280
912435
912481
912692
912693
912746
912878
913008
913077
913079
913117
913145
913235
913345
913372
913554
913686
913698
913972
914090
914117
914172
914199
914354
914366
914607
914778
914810
914973
915038
915137
915238
915256
915320
915346
915451
915534
915557
915936
916074
916109
916233
916318
916554
916608
916666
916727
916824
916872
916916
917247
917628
917796
917809
917839
917876
917949
918301
918358
918369
918390
918394
918496
918516
918834
918924
918944
918945
918998
919000
919076
919174
919382
919596
919700
920175
920181
920265
920577
920595
920612
920653
920806
920892
920893
920992
921019
921067
921198
921216
921256
921333
921389
921452
921476
921598
921768
921833
921977
921980
922224
922337
922369
922372
922510
922569
922792
922841
922925
923219
923463
923706
924000
924038
924073
924193
924205
924268
924293
924386
924428
924570
924589
924680
924997
925066
925114
925192
925347
925482
925489
925571
925585
925626
925656
925667
925828
926015
926018
926154
926196
926303
926474
926677
926922
926984
927030
927094
927252
927275
927418
927479
927499
927693
927739
927829
927883
927994
928082
928228
928240
928616
928681
928765
928767
928815
928820
928822
928851
928925
929046
929087
929184
929400
929570
929591
929878
930029
930030
930116
930118
930153
930231
930256
930300
930329
930334
930502
930766
930790
931111
931189
931205
931244
931264
931451
931455
931524
931618
931719
931911
932143
932337
932439
932447
932759
932768
932926
932990
933010
933039
933046
933071
933115
933172
933270
933331
933337
933716
933838
933918
934028
934113
934759
934770
934781
934785
934861
934911
934932
934957
934978
935215
935234
935298
935311
935631
935632
935654
935710
935792
935830
935897
935998
936073
936236
936366
936394
936453
936537
936552
936641
936658
936674
936682
936752
936838
936935
936990
937299
937483
937505
937589
937662
937699
937745
937789
937790
937862
937947
937990
938073
938416
938591
938698
938747
938821
938986
938998
939001
939038
939106
939179
939201
939344
939395
939440
939863
939903
939935
939941
940154
940200
940245
940560
940585
940769
940825
940861
940892
941052
941141
941151
941256
941438
941723
941802
941858
942218
942224
942236
942380
942441
942539
942585
942616
942656
942726
942734
942880
943196
943207
943221
943408
943414
943470
943479
943559
943642
943643
943787
944081
944107
944120
944393
944547
944595
944730
944770
944815
944824
944962
945005
945286
945304
945403
945435
946140
946171
946338
946348
946599
947002
947104
947262
947375
947426
947521
947599
947645
947660
947675
947711
947768
947846
947903
948160
948271
948292
948364
948499
948601
948612
948625
948685
948737
948813
948815
948842
949025
949085
949335
949400
949484
949616
949675
949818
949975
950171
950201
950364
950543
950659
950946
951216
951279
951605
951669
951767
951851
951856
951914
951972
952175
952181
952182
952204
952320
952346
952428
952488
952537
952568
952740
952794
952834
952928
952981
953066
953105
953134
953154
953189
953242
953271
953333
953391
953467
953520
953641
953659
953727
953746
953892
953944
954034
954135
954199
954261
954305
954376
954410
954444
954506
954528
954566
954703
954810
954841
954843
954942
954963
955089
955199
955204
955307
955478
955487
956104
956107
956176
956237
956250
956417
956518
956708
956711
956746
956765
956774
956851
956869
957035
957083
957156
957169
957295
957327
957484
957534
957551
957605
957606
957866
958107
958339
958368
958589
958637
958655
958669
958676
958697
958716
958719
958764
958808
958811
959028
959080
959094
959122
959533
959741
960175
960258
960480
960674
960825
961058
961065
961131
961326
961330
961428
961437
961443
961552
961587
961797
961831
961942
962152
962209
962255
962485
962623
962655
962695
962968
963060
963122
963185
963213
963235
963338
963344
963361
963385
963386
963785
963792
963972
963981
964030
964032
964034
964236
964325
964474
964559
964568
964599
964683
964690
964833
964942
964999
965028
965034
965068
965418
965422
965470
965946
965952
966011
966081
966295
966387
966420
966428
966477
966571
966689
966855
966879
966970
967025
967038
967123
967136
967383
967460
967604
967783
968175
968190
968300
968411
968688
968770
969308
969450
969652
969709
969759
969975
970146
970235
970293
970467
970636
970684
970775
970866
971018
971257
971329
971368
971433
971562
971576
971764
971770
971894
972108
972117
972511
972624
972707
972767
972784
972873
973053
973102
973192
973339
973633
973650
973893
974014
974049
974061
974166
974221
974346
974385
974399
974408
974430
974438
974644
974897
974901
974920
975019
975148
975240
975419
975510
975541
975756
975875
976118
976143
976235
976250
976252
976663
976861
976976
976978
977237
977245
977287
977292
977330
977585
977669
977719
977811
977954
977992
978101
978106
978227
978330
978352
979038
979063
979081
979231
979292
979318
979324
979340
979476
979670
979816
979879
979881
980035
980080
980208
980496
980755
980861
980991
981185
981404
981454
981521
981541
981689
981783
981797
981803
981890
981916
982197
982289
982396
982490
982542
982550
982636
982706
982752
982761
982881
982890
982941
982958
983014
983041
983172
983429
983491
983508
983579
983605
983632
983634
983651
983749
983811
983892
983953
984036
984052
984091
984100
984276
984451
984774
984812
985302
985380
985456
985459
985731
985754
985767
985855
986004
986149
986302
986356
986361
986376
986511
986554
986577
986704
986719
986734
986772
986864
987109
987189
987285
987502
987727
987870
987923
987932
988090
988153
988194
988316
988317
988599
988670
988717
988734
988856
988929
988979
989094
989109
989290
989306
989332
989386
989543
989615
989627
989872
989877
989880
989891
989897
989935
989958
990058
990354
990382
991075
991183
991205
991249
991317
991329
991344
991393
991428
991520
991531
991561
991640
991680
991763
991803
991988
992204
992307
992517
992603
992732
992863
993061
993281
993401
993501
993600
993766
993863
993894
993992
994173
994203
994506
994716
994822
994828
995006
995043
995093
995106
995182
995258
995522
995617
995857
995935
995970
996037
996043
996232
996372
996467
996853
996904
997126
997145
997208
997489
997718
997878
998297
998506
998561
998609
998665
998678
998688
998880
999014
999060
999513
999531
999557
999685
999806
999824
