155
207
430
488
568
619
828
952
1269
1371
1456
1762
1847
1899
2081
2117
2244
2709
2771
2774
2828
2939
3240
3295
3327
3359
3376
3464
3465
3467
4102
4202
4268
4271
4343
4376
4415
4466
4537
4549
4566
4613
4737
4961
5009
5060
5084
5508
5623
5748
5774
5979
6015
6018
6166
6204
6510
6616
6698
6712
6760
6795
6854
6968
7002
7322
7493
7496
7563
7678
7841
7851
7874
7908
7984
8103
8200
8240
8263
8406
8658
8724
8810
8855
8934
8940
9087
9096
9167
9193
9401
9428
9531
9668
9849
9893
10083
10196
10369
10447
10615
10630
10646
10673
10736
10778
11229
11458
11524
11647
11728
12010
12042
12101
12103
12175
12285
12306
12391
12442
12631
12709
12877
12885
13121
13122
13194
13334
13491
13542
13626
13731
14103
14146
14225
14273
14305
14519
14646
14678
14783
15011
15079
15173
15360
15564
15940
15942
16012
16130
16145
16183
16197
16286
16357
16376
16459
16643
17156
17263
17272
17415
17416
17545
17705
17722
17975
17995
18019
18090
18326
18345
18463
18488
18522
18575
18656
19099
19190
19247
19283
19421
19494
19613
19635
19676
19724
19757
19929
19978
20027
20465
20732
20824
21048
21171
21301
21314
21365
21616
21724
21761
21795
21855
21963
21976
22151
22218
22367
22453
22503
22531
22568
22650
22780
22801
22828
22865
22868
22870
22896
23356
23400
23681
23876
23925
24047
24218
24379
24454
24486
24586
24686
24786
24797
24878
24886
25038
25040
25126
25411
25425
25517
25562
25778
25815
25849
25966
26042
26225
26458
26536
26600
26671
26701
26720
26900
26984
27128
27243
27366
27395
27408
27564
27634
27735
27835
28023
28113
28141
28142
28170
28193
28261
28373
28381
28397
28487
29038
29114
29247
29328
29444
29537
29557
29651
29744
29791
29807
29971
29972
30088
30291
30302
30390
30438
30451
30790
30841
31011
31027
31060
31079
31143
31421
31471
31522
31961
32175
32257
32413
32463
32547
32806
32816
32851
32984
33214
33383
33513
33523
33537
33550
33698
33746
33765
33797
33862
33982
34245
34281
34354
34516
34539
34609
34671
34751
34774
34825
35411
35428
35516
35553
35555
35623
35631
35762
35790
35963
36035
36089
36134
36153
36173
36185
36195
36200
36220
36264
36297
36306
36322
36351
36496
36571
36601
36613
36621
36637
36782
36802
36829
36863
36953
37000
37034
37200
37341
37406
37514
37528
37736
38096
38113
38707
38774
38829
39147
39356
39483
39536
39719
39734
39779
39826
39895
40021
40046
40085
40205
40250
40403
40406
40436
40671
40842
40856
40878
40958
40977
41007
41075
41158
41198
41252
41268
41300
41463
41525
41604
41640
41718
41922
41955
42040
42227
42314
42442
42607
42683
42722
42839
42859
42893
42949
43078
43120
43131
43168
43174
43187
43278
43353
43381
43409
43438
43507
43714
43834
43921
44007
44212
44502
44658
44712
44916
44954
45045
45341
45474
45483
45548
45584
45675
45682
45762
45763
45788
45993
46070
46092
46116
46254
46310
46459
46605
46672
46927
46997
47032
47164
47172
47224
47344
47609
47694
47723
47817
47830
47839
48139
48155
48202
48255
48296
48438
48500
48997
49047
49263
49287
49339
49507
49606
49690
49760
49856
49916
49992
49999
50129
50164
50197
50288
50509
50666
50733
51042
51051
51085
51099
51266
51268
51270
51309
51349
51666
51689
51903
51918
51938
52084
52122
52135
52490
52550
52608
52684
52699
52724
52773
52829
53043
53156
53206
53212
53324
53346
53518
53698
53764
53890
53954
54008
54023
54035
54061
54083
54136
54379
54412
54450
54518
54588
54615
54626
54662
54819
54941
54947
54975
54992
55112
55227
55262
55274
55322
55575
55662
55721
55820
56070
56319
56448
56523
56846
56984
57042
57051
57102
57141
57146
57257
57837
58116
58182
58254
58545
58672
58677
58698
58853
58872
59119
59476
59482
59576
59578
59914
59934
60196
60424
60462
60839
60879
60902
61021
61057
61135
61315
61579
61701
61749
61781
61886
61963
61985
62068
62325
62356
62433
62547
62655
62686
62705
62778
62906
62922
63038
63167
63385
63429
63569
63652
63710
63781
63794
63796
63991
63994
64016
64122
64213
64316
64373
64407
64442
64505
64700
64723
64728
64784
64853
64935
64938
64987
65022
65247
65299
65536
65808
65986
66024
66027
66211
66228
66375
66483
67294
67415
67569
67738
67743
67794
67799
67839
67961
68006
68052
68089
68182
68237
68355
68390
68488
68560
68596
68667
68728
68872
68956
69014
69057
69130
69178
69246
69284
69314
69426
69537
69539
69648
69693
69765
69839
69844
69852
69882
69946
70018
70131
70291
70365
70497
70652
70695
70707
70719
70873
71179
71357
71545
71706
71711
71739
71770
71859
71992
72013
72205
72572
72573
72694
72864
72929
73230
73240
73248
73251
73253
73288
73384
73409
73410
73567
73571
73573
73816
73926
73932
73995
74017
74105
74258
74480
74517
74619
74689
74842
74917
75020
75387
75637
75642
75759
75845
75855
75906
75932
76082
76149
76473
76555
76590
76633
76809
76856
76951
76995
77031
77076
77112
77197
77428
77521
78222
78296
78304
78398
78500
78523
78743
78766
78852
78972
78992
79147
79185
79303
79399
79556
79719
79799
79806
79822
79824
79888
79891
79904
80085
80100
80234
80643
80723
80890
80984
80996
81136
81192
81325
81452
81723
81725
81992
82016
82078
82080
82387
82509
82711
82898
82943
82992
83108
83253
83259
83269
83370
83487
83581
83611
83790
83841
83843
83877
83918
83982
84129
84178
84251
84256
84257
84398
84484
84537
84582
84966
85051
85204
85330
85335
85413
85460
85509
85616
85672
85712
85909
85950
86169
86192
86200
86212
86284
86358
86396
86507
87072
87223
87285
87311
87377
87380
87515
87599
87759
87929
88026
88103
88125
88272
88385
88717
88775
88807
88831
88852
88900
88910
88933
89005
89103
89137
89250
89319
89344
89453
89587
89702
89764
89804
89826
89964
90095
90210
90270
90275
90686
90720
90755
90975
91036
91053
91309
91402
91410
91487
91511
91560
91565
91627
91726
91870
91887
92270
92501
92662
92666
92700
92789
92874
92904
92926
92986
93210
93227
93353
93384
93621
93622
93630
93715
93748
93879
94012
94296
94358
94573
94757
94772
94979
95029
95197
95231
95259
95318
95393
95481
95757
95798
95830
95927
96027
96034
96315
96523
96636
96947
97071
97313
97388
97994
98094
98160
98393
98486
99068
99142
99202
99333
99379
99390
99408
99489
99535
99588
99591
99839
100149
100225
100236
100277
100338
100447
100548
100590
100791
100799
100837
100846
101523
101585
101599
101608
101836
101861
101956
101997
102183
102433
102436
102449
102497
102621
102639
102715
102776
102785
102828
103261
103385
103685
103717
103861
104052
104098
104268
104302
104430
104434
104562
104579
104761
104775
104797
104846
104907
104918
104937
105264
105496
105549
105620
105707
105870
105884
105936
105960
105967
105977
106229
106382
106428
106524
106643
106745
106798
106807
106895
106940
106997
107010
107015
107124
107147
107328
107422
107482
107516
107606
108008
108020
108039
108070
108284
108296
108316
108516
108576
108684
108799
108813
108841
108859
108989
109166
109513
109587
109841
109913
109961
110056
110092
110133
110223
110433
110526
110538
110738
110790
111078
111157
111262
111461
111531
111831
112053
112075
112092
112105
112247
112276
112575
112731
112886
112889
112967
112986
113049
113565
113612
113882
113945
114180
114196
114206
114326
114381
114524
114659
114660
114821
115053
115123
115132
115153
115354
115406
115598
115664
115696
115813
115889
115924
115964
116158
116214
116300
116493
116788
116833
116896
116957
117105
117152
117160
117252
117414
117428
117509
117513
117698
117928
117941
118021
118051
118366
118376
118443
118551
118570
118587
118649
118680
118740
118784
118868
118960
119015
119145
119785
119830
119920
119984
120147
120206
120271
120293
120339
120409
120438
120600
120895
120993
121006
121157
121192
121300
121486
121612
121872
121923
121997
122090
122305
122354
122473
123129
123357
123414
123621
123661
123723
123773
123824
123844
123862
123940
123997
124239
124286
124321
124487
124815
124832
124993
125056
125091
125107
125133
125211
125237
125544
125599
125785
125826
126316
126323
126338
126384
126596
126864
126887
126921
127207
127255
127338
127365
127460
127515
127793
127964
128073
128079
128172
128250
128259
128304
128305
128512
128523
128648
128727
128964
129126
129163
129335
129600
129618
129736
129799
129846
129891
130244
130314
130509
130565
130607
130619
130956
131289
131325
131335
131383
131401
131504
131684
131829
131833
132062
132161
132166
132274
132316
132386
132638
132667
132745
132815
132833
132931
132987
133053
133546
133795
133796
133828
133846
134043
134181
134200
134257
134343
134369
134513
134609
134615
134640
134678
134853
134923
134955
135007
135115
135279
135360
135453
135543
135551
135866
135976
136149
136190
136377
136550
136567
136583
136611
136704
136880
136888
136967
137019
137091
137286
137325
137340
137356
137371
137388
137408
137426
137520
137530
137534
137732
137778
137794
137817
138015
138018
138150
138232
138310
138416
138470
138535
138634
138701
138949
139028
139155
139163
139203
139663
139711
139789
139819
139949
139953
139979
140185
140213
140391
140503
140662
140687
140699
140743
140952
140966
141053
141179
141346
141639
141666
141679
141827
141838
141888
141904
141969
141994
142034
142815
143083
143124
143136
143138
143171
143195
143263
143404
143447
143573
143593
143626
143713
143810
143903
143915
144015
144319
144373
144386
144577
144947
145114
145183
145224
145235
145373
145464
145574
145695
145738
145849
145883
145967
145984
146122
146149
146208
146380
146434
146592
146724
146752
146764
146965
146986
147029
147154
147168
147179
147243
147251
147276
147588
147631
147673
148039
148092
148154
148160
148336
148348
148352
148619
148702
148875
148913
149281
149394
149474
149519
149677
149763
149770
149977
150000
150037
150149
150358
150414
150596
150648
150732
150762
150780
150789
150843
151166
151376
151492
151708
151838
151845
151866
152009
152031
152189
152240
152469
152540
152654
152712
152716
152960
153008
153171
153206
153232
153243
153248
153278
153285
153325
153442
153613
153750
153780
153891
153923
153998
154020
154045
154097
154149
154473
154643
154857
154968
154969
155203
155638
155652
155820
156025
156091
156092
156112
156148
156309
156513
156707
156808
157022
157027
157033
157040
157447
157558
157657
157755
158019
158096
158335
158501
158578
158624
158657
158778
158995
159049
159095
159223
159325
159450
159578
159889
159912
160548
160695
160915
160958
161035
161300
161406
161526
161605
161677
162096
162193
162277
162486
162717
162775
162920
163003
163094
163236
163276
163343
163352
163369
163627
163724
163759
163762
163823
163842
163851
163869
163893
163899
164029
164060
164137
164263
164420
164435
164554
164618
164646
164711
164832
164909
164985
165008
165040
165178
165466
165531
165595
165633
165785
165817
165872
165966
166114
166232
166277
166468
166566
166621
166654
166688
166694
166707
166878
166924
167154
167224
167367
167750
168221
168262
168521
168629
168716
168742
168743
168799
168850
168879
168997
169059
169121
169152
169285
169302
169328
169389
169514
169630
170100
170182
170507
170713
170838
171049
171092
171191
171258
171356
171401
171561
171693
171758
171851
172059
172186
172331
172435
172495
172551
172774
172855
172886
173243
173275
173464
173573
173643
173658
173709
173923
174029
174040
174106
174111
174144
174181
174208
174271
174669
174982
175143
175256
175329
175353
175371
175429
175441
175676
175682
175799
176027
176165
176295
176319
176659
176686
176730
176892
177140
177212
177275
177279
177380
177665
177839
178392
178473
178639
178700
178735
178761
179189
179347
179398
179448
179483
179490
179897
179992
180074
180112
180253
180316
180481
180616
180712
180824
180834
180921
180962
181164
181281
181347
181373
181397
181512
181630
181649
181845
181866
182142
182154
182155
182393
182432
182440
182559
182583
182681
182690
182717
182836
182860
182885
182918
183017
183279
183344
183444
183449
183486
183575
183597
183879
183885
184242
184269
184308
184378
184523
184590
184920
184990
185048
185055
185218
185226
185249
185297
185378
185408
185492
185497
185726
185865
186153
186155
186220
186260
186345
186383
186459
186518
186546
186675
186726
186914
186970
187054
187069
187371
187433
187446
187605
187797
187835
187841
187843
187892
187976
187982
188090
188234
188378
188510
188522
188565
188660
188696
188825
188973
189211
189344
189362
189400
189462
189486
189763
189784
189786
189825
189961
190051
190070
190168
190289
190423
190443
190606
190669
190876
191027
191142
191238
191392
191393
191666
191686
191703
191776
191812
191914
191960
192010
192020
192085
192149
192616
192829
192890
193056
193098
193121
193268
193389
193430
193651
193741
193997
194037
194217
194280
194459
194625
194696
194945
194980
195015
195278
195369
195536
195805
195838
195865
196039
196050
196141
196187
196207
196251
196302
196627
196680
196732
196782
196807
196953
197110
197196
197262
197305
197325
197579
197611
197783
197865
197870
197957
198440
198686
198758
198964
198976
199035
199067
199099
199388
199449
199477
199636
199716
199791
200016
200074
200104
200338
200357
200444
200577
200587
200603
200625
200630
201142
201168
201179
201269
201316
201336
201346
201388
201550
201563
201796
201848
202027
202042
202044
202121
202152
202262
202270
202324
202642
202724
202842
202847
202975
203047
203055
203276
203346
203412
203598
203608
203618
203819
203923
203952
204201
204432
204488
204663
204685
204710
205263
205277
205325
205517
205526
205531
205576
205616
205659
205780
205968
206163
206176
206231
206239
206312
206434
206460
206507
206600
206694
207099
207193
207514
207590
207826
207838
207886
207948
207960
208040
208207
208304
208340
208418
208754
208784
208841
208995
209007
209168
209315
209463
209761
209881
209911
210037
210091
210520
210579
210585
210845
210975
211108
211135
211252
211285
211735
211939
212025
212076
212125
212165
212261
212356
212433
212507
212583
213266
213526
213538
213633
213785
213804
213829
214042
214420
214434
214461
214483
214494
214629
214725
214945
214986
215279
215283
215523
215647
215700
215857
215950
216041
216086
216185
216308
216595
216648
216743
216751
216814
216874
216956
217063
217084
217144
217414
217501
217737
217740
217775
217838
217876
218099
218398
218542
218785
218939
218964
219008
219021
219086
219199
219268
219371
219457
219488
219703
219783
219869
219888
219917
219931
220068
220204
220262
220333
220366
220405
220485
220512
220613
220628
220652
220773
220873
220955
220999
221037
221064
221091
221101
221126
221173
221256
221331
221359
221376
221718
221734
221866
221982
222036
222399
222515
222670
222680
222698
223154
223234
223342
223395
223415
223492
223805
223871
224148
224188
224216
224221
224305
224418
224579
224731
224773
224830
224932
225028
225109
225163
225325
225665
225739
225760
225787
225839
225916
225994
225997
226046
226471
226513
226544
226772
226918
226954
226987
227036
227189
227604
227623
227698
227704
227708
227753
227772
227847
228100
228238
228440
228790
228891
229027
229028
229124
229216
229287
229349
229407
229463
229546
229892
229925
230012
230174
230233
230438
230534
230589
230659
230748
230935
231114
231137
231179
231212
231264
231374
231529
231578
231775
231875
232015
232022
232350
232381
232399
232414
232460
232495
232687
232725
232784
232969
233086
233474
233492
233516
233682
233691
233705
233774
233893
233896
233966
234096
234113
234182
234368
234504
234572
234832
234913
235000
235053
235140
235427
235515
235558
235778
235954
236054
236280
236298
236303
236422
236644
236684
236728
236784
236883
236986
237136
237215
237246
237279
237478
237516
237579
237756
237906
237930
237981
238021
238073
238080
238112
238133
238202
238723
238821
238877
238928
239698
240418
240593
240659
240787
240910
240936
241038
241137
241145
241422
241448
241450
241535
241582
241672
241684
241979
242023
242199
242244
242260
242327
242358
242512
242556
242658
242732
242872
242909
242932
243139
243280
243302
243706
243806
243923
243977
244073
244087
244254
244307
244332
244406
244413
244425
244504
244562
244576
244615
244880
245017
245052
245133
245228
245318
245443
245543
245640
246177
246327
246373
246530
246860
246865
246867
246988
247016
247068
247071
247156
247259
247261
247313
247318
247467
247512
247559
247589
247945
248004
248011
248218
248374
248425
248578
248890
249200
249250
249353
249489
249559
249731
249792
249793
249822
249874
249972
250141
250214
250367
250443
250527
250852
250876
250955
250957
251161
251192
251194
251316
251332
251502
251535
251543
251698
251808
251907
251914
252190
252275
252398
252580
252613
252875
252928
253049
253062
253069
253150
253483
253489
253617
253778
253886
254342
254427
254534
254663
255021
255111
255167
255204
255298
255349
255435
255439
255509
255525
255559
255596
255707
255766
255882
255965
256001
256158
256312
256488
256520
256556
256611
256739
256768
256821
256890
256907
256967
257029
257072
257280
257344
257633
257694
257850
258012
258076
258080
258130
258203
258248
258446
258480
258651
258670
258711
258768
258810
258882
258964
259076
259161
259486
259556
259732
260041
260099
260106
260138
260140
260179
260221
260227
260284
260321
260777
260800
260946
261254
261275
261437
261469
261470
261477
261491
261492
261771
262010
262188
262206
262294
262441
262481
262563
262658
262683
262720
262725
262859
263036
263051
263077
263094
263187
263203
263252
263325
263627
263698
263711
263854
263947
263994
264091
264154
264231
264305
264316
264623
264649
264673
264702
264871
264903
265235
265249
265467
265500
265530
265570
265581
265614
265746
265824
265885
266114
266125
266291
266499
266633
266790
266813
266830
266893
266915
267129
267137
267210
267245
267272
267442
267723
267795
267796
267934
267957
268029
268033
268102
268168
268191
268367
268477
268653
268695
268744
268757
268857
269134
269177
269203
269266
269293
269459
269461
269491
269626
269771
269844
269848
270321
270372
270523
270577
270589
270848
270900
270917
271026
271313
271524
271741
271841
271956
272070
272089
272236
272385
272413
272882
272897
273012
273281
273566
273636
273649
273653
273970
274051
274302
274330
274355
274376
274561
274623
274668
274917
274967
275173
275381
275426
275476
275492
275783
275879
276059
276141
276144
276313
276573
276583
276876
276888
277151
277212
277509
277782
277895
278074
278098
278130
278241
278266
278477
278523
278729
278748
278770
279007
279076
279179
279194
279271
279293
279335
279702
279794
279867
279905
279992
280001
280051
280082
280278
280340
280353
280535
280685
280689
280756
281106
281138
281276
281580
281612
281711
281712
281828
281927
282029
282163
282176
282279
282388
282409
282548
282628
282639
282652
282653
282976
283009
283071
283158
283233
283304
283453
283591
283612
283614
283704
283901
283926
283941
284161
284186
284361
284447
284484
284803
284856
284872
285027
285050
285206
285212
285300
285337
285361
285527
285821
285833
285971
286005
286025
286343
286378
286379
286620
286654
286694
286822
286848
286853
286904
286981
287243
287260
287278
287351
287437
287444
287467
287500
287529
287656
287702
287703
287756
287921
287985
288090
288126
288187
288250
288308
288315
288393
288499
288515
288530
288558
288587
288607
288633
288643
288645
288728
288855
288932
289159
289187
289338
289354
289375
289438
289605
289617
289741
289793
289851
289900
289916
289928
289950
290090
290262
290316
290323
290333
290337
290425
290541
290783
290805
290809
290886
291207
291556
291653
291710
291839
292111
292166
292310
292351
292515
292699
292890
292956
293002
293186
293324
293687
293707
293831
293861
293963
294309
294310
294669
294685
294716
294725
294808
294887
294903
295053
295089
295153
295456
295501
295608
295715
296383
296503
296857
297477
297498
297551
297626
297662
297870
297897
297918
298186
298261
298291
298507
298538
298582
298600
298735
298751
298835
298900
298981
298986
298997
299100
299138
299306
299331
299701
299777
299875
299944
299963
300057
300158
300194
300285
300352
300393
300466
300493
300500
300635
300636
300845
300866
300916
300954
301045
301256
301356
301483
301558
301810
301882
301959
302078
302138
302195
302235
302261
302264
302412
302437
302568
302696
302697
302727
302864
302996
303036
303308
303410
303519
303676
303705
303833
304006
304356
304379
304493
304503
304619
304907
304916
304928
304962
305043
305262
305350
305399
305417
305597
305623
305833
305916
305975
306152
306188
306293
306328
306386
306445
306508
306540
306574
306722
306782
306928
307213
307270
307272
307311
307468
307511
307540
307625
307744
307865
307881
307996
308162
308173
308219
308278
308281
308290
308345
308461
308522
308786
308903
308913
308974
309078
309192
309480
309519
309644
309794
309908
309979
310087
310419
310486
310642
310645
310706
310746
310911
310952
310995
311086
311092
311309
311358
311409
311488
311511
311534
311540
311553
311826
311842
312033
312216
312330
312459
312526
312570
312650
312804
312888
312932
313130
313448
313487
313569
313588
313649
313650
313726
313768
313874
313949
313968
314106
314143
314210
314342
314482
314561
314603
314739
314795
315097
315145
315160
315290
315324
315532
315590
315629
315632
315722
315743
315763
316184
316264
316292
316321
316329
316342
316386
316481
316522
316741
316890
317020
317081
317202
317237
317584
317606
317704
317725
317814
317879
317885
317988
318106
318196
318433
318544
318770
318828
318936
319006
319012
319029
319079
319189
319218
319239
319402
319683
319835
319929
319990
320220
320235
320258
320384
320489
320606
320614
320618
320656
320673
320693
320800
321412
321499
321561
321621
321642
321852
321906
322018
322082
322263
322355
322491
322523
322565
322891
322992
323100
323247
323379
323856
324113
324157
324199
324426
324476
324525
324598
324708
324784
325096
325173
325250
325284
325307
325417
325496
325613
325755
326073
326220
326329
326392
326515
326577
326793
326796
326833
326847
326851
326913
327106
327185
327187
327198
327200
327243
327396
327427
327462
327637
327760
327893
327897
327949
328027
328032
328067
328187
328397
328454
328475
328518
328564
328634
328672
328787
328812
329077
329134
329141
329167
329265
329270
329416
329472
329969
330059
330069
330169
330241
330282
330304
330371
330634
330858
330896
330923
330943
331138
331171
331315
331449
331602
331652
331697
332112
332232
332248
332280
332281
332361
332433
332464
332824
332878
333144
333247
333248
333261
333312
333435
333524
333560
333562
333582
333642
333700
333741
333777
333925
333989
334081
334233
334242
334604
334635
334677
334703
334743
334795
334893
334928
335020
335050
335255
335370
335438
335468
335515
335602
335809
335852
335886
335914
336072
336200
336254
336319
336527
336910
336913
337018
337229
337615
337740
337772
337865
337900
337975
338046
338747
338856
338875
338886
339003
339022
339100
339366
339421
339429
339583
339756
339856
339861
339914
339936
340068
340069
340116
340130
340363
340481
340595
340613
340691
340935
340976
341446
341457
341480
341552
341585
341660
341674
341882
341906
342008
342103
342155
342230
342305
342482
342500
342508
342528
342754
342765
342781
342787
342807
342820
342906
342949
343023
343088
343128
343213
343469
343509
343552
343703
343851
343955
344308
344515
344680
344692
344819
344982
344986
345368
345457
345573
345587
345591
345645
345723
345879
346186
346285
346296
346383
346667
346806
346867
346973
347075
347152
347182
347308
347368
347375
347470
347499
347527
347584
347684
347791
347826
347840
347932
347963
348046
348082
348087
348551
348585
348621
348745
348765
348813
348895
348932
349025
349106
349223
349254
349586
349710
349739
350076
350153
350239
350411
350439
350565
350717
350782
350808
350896
351301
351349
351382
351444
351653
351711
351725
351813
351821
351838
351889
351922
352096
352137
352143
352192
352203
352254
352317
352372
352594
352655
352696
352734
352786
352862
353121
353203
353272
353346
353391
353404
353428
353521
353692
353884
353912
354030
354273
354326
354340
354357
354717
354839
355066
355093
355223
355293
355416
355467
355512
355526
355579
355580
355638
355697
355723
355984
356068
356072
356145
356159
356275
356401
356425
356508
356548
356567
356616
356807
356834
356934
356965
356987
357147
357173
357284
357358
357437
357558
357563
357567
357665
358097
358188
358384
358483
358582
358787
358948
360139
360173
360229
360382
360402
360445
360450
360468
360503
360660
360661
360738
360791
360801
360888
361179
361361
361478
361546
361547
361550
361685
361693
361754
361852
361938
361982
362102
362440
362516
362628
362744
362770
362792
362942
363182
363476
363587
363631
363687
363721
363752
364001
364021
364069
364150
364191
364273
364334
364344
364374
364384
364723
364767
364832
364852
364907
365084
365179
365305
365777
365784
365802
365925
365999
366137
366178
366200
366257
366275
366337
366373
366474
366550
366661
366859
367030
367174
367237
367289
367422
367449
367462
367473
367526
367623
367717
368025
368084
368096
368121
368203
368222
368546
368596
368598
368623
368707
368712
368717
368719
368781
368849
368927
369350
369454
369465
369467
369622
369642
369668
369685
369763
369773
369803
370176
370209
370324
370593
370624
370709
370996
371178
371314
371349
371382
371438
371462
371855
371974
372103
372308
372315
372508
372543
372663
372848
372855
373006
373189
373239
373366
373630
373647
373721
373822
373838
373873
373881
373904
374049
374215
374254
374317
374507
374538
374668
374705
374869
374874
374966
375169
375195
375251
375281
375443
375595
375648
375810
375862
375994
376025
376063
376083
376157
376180
376265
376366
376611
376823
377102
377107
377162
377456
377471
377496
377549
377575
377623
377772
377789
378115
378153
378374
378375
378425
378494
378585
378609
378645
378718
379123
379219
379267
379377
379385
379515
379632
379647
379901
379977
380054
380112
380160
380262
380288
380315
380690
380914
381287
381624
381894
381901
382031
382178
382241
382277
382558
382755
382782
382954
383100
383270
383297
383454
383635
383801
383861
384082
384133
384430
384526
384604
384642
384692
384830
384837
384841
384864
384952
385006
385374
385439
385909
385991
386071
386141
386187
386189
386237
386427
386893
387211
387264
387289
387334
387367
387381
387399
387454
387513
387611
387792
387820
387894
388062
388075
388142
388319
388322
388442
388455
388587
388720
388734
388745
388787
388861
388894
389101
389107
389339
389346
389357
389470
389762
389817
389941
389980
389987
390005
390051
390096
390217
390234
390321
390378
390428
390481
390536
390607
390836
391192
391205
391246
391365
391469
391483
391533
391609
391635
391641
391725
391793
391814
391946
392039
392098
392106
392203
392441
392649
392738
392868
393066
393173
393262
393325
393369
393371
393430
393463
393631
393634
393721
393841
393860
393932
394237
394267
394293
394359
394428
394698
394775
394843
394865
395053
395149
395430
395489
395629
395643
395674
395722
396184
396211
396810
397103
397174
397332
397365
397392
397415
397451
397478
397642
397682
397685
397903
397930
397972
398030
398032
398090
398193
398375
398390
398412
398450
398715
398773
398806
398945
398952
399023
399072
399257
399310
399691
399698
399807
399847
400199
400223
400267
400322
400567
400648
400898
400937
400986
401178
401349
401409
401504
401597
401815
401823
401925
402057
402162
402189
402325
402360
402392
402402
402435
402507
402587
402714
402906
403225
403258
403278
403538
403559
403619
403780
403861
404044
404178
404330
404438
404481
404487
404502
404680
405025
405101
405171
405206
405254
405632
405668
405705
405742
405876
406015
406130
406150
406266
406270
406275
406283
406427
406460
406464
406531
406624
406674
406902
406908
406963
407115
407141
407143
407320
407396
407728
407902
407935
408029
408096
408125
408422
408514
408536
408541
408668
408717
408762
408806
408879
409079
409247
409260
409472
409527
409654
409797
409879
409894
409901
409991
409992
410089
410143
410174
410254
410346
410428
410440
410543
410570
410596
410687
410802
410804
410885
410887
410903
410991
411039
411091
411176
411225
411263
411339
411359
411614
411663
411693
411714
411872
412319
412420
412465
412480
412574
413133
413182
413427
413495
413515
413609
413753
413842
413958
413988
414007
414034
414231
414316
414489
414696
414810
414938
414992
415092
415139
415299
415452
415560
415571
415683
415690
415691
415695
415705
415714
415858
415864
415878
416171
416239
416417
416521
416528
416584
417113
417158
417376
417455
417646
417778
417928
417972
417992
417998
418158
418185
418926
419271
419488
419553
419569
419676
419738
419808
420230
420424
420477
420657
420701
420926
421117
421396
421520
421748
421960
422043
422044
422121
422307
422322
422362
422697
422778
423010
423103
423644
423662
423790
423809
423871
423906
424020
424155
424269
424300
424404
424472
424474
424551
424656
424682
424705
424708
424732
425183
425264
425273
425501
425611
425625
426089
426090
426121
426164
426218
426222
426448
426523
426547
426654
426660
426813
426874
427090
427094
427261
427313
427391
427505
427731
427822
427839
427866
427942
427982
428032
428152
428159
428249
428558
428770
428808
428987
429053
429129
429386
429514
429551
429573
429610
429988
430145
430291
430304
430367
430371
430467
430814
430818
430987
431092
431504
431507
431541
431726
431873
431890
431949
431965
432220
432321
432390
432580
432619
432744
432859
432889
433014
433041
433073
433214
433215
433613
433684
433803
433836
433861
433925
434126
434321
434427
434762
434875
434887
434910
435090
435352
435518
435536
435812
435979
436247
436249
436317
436508
436595
436613
436647
436792
436815
436818
436832
436927
436939
436970
436999
437093
437148
437333
437407
437410
437435
437446
437496
437550
437567
437617
437666
437786
438144
438382
438403
438501
438641
438676
438827
438842
439152
439445
439958
440020
440086
440090
440278
440351
440517
440597
440615
440824
440953
441029
441093
441179
441303
441424
441440
441613
441690
441697
441753
441804
441836
441956
442077
442141
442590
442596
442672
442759
442829
443005
443011
443062
443071
443232
443301
443665
443693
443724
443756
443782
444162
444313
444345
444389
444608
444713
444842
444919
445251
445313
445437
445527
445634
445727
445728
445825
445833
445991
446085
446286
446355
446634
446700
446711
446863
446892
447002
447208
447438
447474
447480
447798
447826
447927
448047
448089
448115
448472
448496
448577
448798
448883
448889
449204
449229
449317
449366
449473
449602
449661
449835
449837
449877
450006
450044
450203
450312
450354
450465
450466
450541
450696
451022
451173
451195
451234
451282
451316
451402
451704
451818
451841
451851
452080
452134
452219
452315
452340
452734
452902
452925
452936
453176
453298
453429
453475
453587
453669
453895
454068
454137
454195
454306
454353
454402
454405
454579
454719
454741
455217
455373
455499
455524
455552
455682
455871
455922
456062
456140
456347
456363
456728
457062
457222
457260
457271
457385
457503
457640
457669
457792
457919
458081
458112
458135
458148
458217
458275
458295
458363
458415
458478
458573
458654
458672
458757
458850
459075
459267
459298
459331
459372
459432
459468
459548
459581
459582
459674
459748
459904
459981
460013
460168
460197
460399
460418
460671
460674
460801
460939
461116
461182
461592
461593
461614
461802
461837
461848
461960
462034
462125
462449
462464
462547
462688
462803
462812
463012
463259
463317
463319
463708
463745
463774
464278
464282
464389
464650
464938
464967
465160
465221
465225
465389
465522
465527
465583
465597
465677
465701
465744
465865
465868
465961
466001
466003
466112
466145
466262
466439
466453
466508
466532
466537
466583
466624
466772
466875
467076
467216
467294
467483
467557
467720
467753
467910
468021
468051
468074
468139
468378
468502
468592
468637
468921
468997
469221
469394
469482
469492
469603
469734
469752
469854
470073
470074
470180
470263
470266
470334
470348
470383
470445
470543
470604
470790
470949
471310
471395
471558
471590
471633
471747
471806
471852
471978
471990
472077
472241
472294
472312
472427
472542
472650
472736
472824
472918
472969
473690
473728
473759
474377
474438
474534
474619
474657
474659
474680
474769
474815
474896
474959
474981
475254
475262
475630
475647
475663
475712
475759
475771
475813
475814
475822
476184
476490
476566
476791
476809
476992
477226
477239
477430
477544
477560
477863
477889
478016
478057
478259
478630
478699
478708
478771
478998
479055
479276
479312
479395
479545
479811
479815
479883
479912
480183
480229
480306
480359
480567
480678
481080
481239
481309
481335
481337
481349
481523
481579
481638
481700
481779
481940
481944
481988
482111
482149
482174
482251
482519
482725
482738
482775
483090
483321
483365
483421
483458
483504
483849
483858
483859
483873
483984
484124
484276
484385
484418
484452
484722
484728
484750
484853
484930
485245
485323
485327
485405
485512
485535
485747
485847
485871
485932
485934
485974
485983
486026
486052
486114
486513
486679
486853
486897
486983
487235
487312
487645
487861
487885
488036
488308
488573
488604
488685
488690
488720
488783
488810
488860
488980
489144
489328
489493
489547
489703
489787
489983
490068
490116
490124
490125
490152
490543
490744
490838
490949
491013
491112
491153
491222
491223
491473
491818
491992
492063
492125
492218
492293
492301
492514
492534
492552
492692
492951
492980
493018
493092
493379
493454
493549
493574
493583
493627
493846
493864
494025
494052
494144
494160
494476
494513
494599
494730
494814
494959
495143
495643
495761
495802
495818
495822
496139
496281
496365
496704
496707
496743
496752
496950
497023
497036
497177
497514
497564
497617
497910
497922
497944
497985
498123
498213
498396
498414
498443
498451
498482
498496
498527
498627
498681
498766
498789
498880
498983
498986
499028
499346
499644
499687
499725
499776
499899
500090
500091
500292
500296
500518
500729
500823
500841
500876
500887
500955
500965
501023
501087
501148
501150
501231
501329
501726
501851
502121
502131
502144
502243
502471
502560
502622
502811
502834
502894
503227
503298
503373
503381
503400
503533
503573
503725
503838
504386
504481
504532
504538
504555
504558
504577
504696
504960
504993
505037
505206
505235
505338
505376
505428
505501
505515
505632
505993
506075
506188
506203
506244
506309
506442
506551
506586
506755
506860
506862
506987
507042
507120
507129
507205
507229
507422
507484
507578
507707
507808
507940
508000
508174
508252
508271
508379
508694
508714
509034
509053
509131
509174
509310
509380
509538
509733
509740
509761
509786
509818
509924
509980
510193
510212
510287
510365
510376
510443
510630
510868
511130
511250
511278
511289
511348
511370
511504
511584
511809
511852
511895
511901
511932
511971
512032
512046
512116
512209
512238
512302
512318
512348
512384
512405
512461
512483
512539
512654
512715
513013
513285
513417
513580
513585
513587
513617
513669
513771
513804
513831
514040
514168
514301
514635
514647
514714
514750
514947
515078
515160
515191
515195
515465
515587
515667
515737
515748
515750
515895
516084
516122
516124
516167
516185
516394
516400
516723
516734
516797
517020
517898
518032
518039
518086
518145
518195
518297
518345
518361
518395
518414
518415
518477
518966
519287
519391
519498
519688
519708
519914
520049
520180
520188
520408
520447
520521
520619
520691
520719
520870
520941
520952
521121
521297
521352
521382
521700
521780
521856
521874
521931
522094
522110
522337
522350
522508
522562
522842
522989
523004
523214
523246
523550
523559
523643
523777
524137
524155
524182
524221
524277
524424
524459
524460
524464
524644
524660
524707
524756
524761
524821
524823
525181
525198
525317
525341
525548
525564
525662
525870
525931
525987
526502
526613
526619
526706
526731
526763
526910
527069
527098
527392
527591
527626
527643
527659
527884
527890
527920
527974
527999
528177
528246
528372
528408
528413
528440
528655
528694
528703
528841
528877
529135
529154
529189
529195
529220
529294
529353
529361
529410
529439
529457
529590
529864
529991
530030
530052
530079
530137
530156
530209
530230
530285
530383
530405
530457
530627
530920
530984
531030
531031
531192
531312
531320
531321
531355
531381
531440
531584
531671
531885
532094
532165
532333
532565
532775
533000
533071
533115
533160
533184
533266
533450
533461
533777
534074
534138
534197
534222
534227
534247
534365
534442
534564
534642
534656
534818
534843
534867
534880
535090
535143
535196
535321
535615
535654
535745
535819
535855
536072
536103
536225
536513
536530
536569
536747
536801
536824
536945
537087
537099
537126
537187
537214
537314
537610
537678
537721
537777
537792
537821
537844
537949
538105
538152
538157
538261
538501
538943
538956
539043
539100
539156
539193
539324
539349
539423
539424
539723
539797
539860
539906
539917
540366
540525
540904
540944
541104
541259
541533
541700
541770
541798
541864
541899
541909
542028
542030
542061
542165
542171
542190
542504
542675
542763
542801
542875
542901
543074
543309
543327
543467
543491
543647
543781
543824
543901
544044
544049
544096
544109
544287
544341
544546
544696
544866
544909
545002
545043
545139
545156
545505
545721
545723
545728
545802
546075
546151
546200
546225
546478
546519
546684
546798
546813
546862
546896
546934
546941
546996
547000
547062
547084
547128
547253
547274
547451
547589
547679
547724
547743
547813
547982
548143
548184
548198
548271
548277
548387
548400
548432
548589
548605
548770
549227
549237
549246
549274
549712
549837
550290
550364
550399
550475
550799
551060
551176
551190
551232
551350
551429
551539
551753
551942
552249
552301
552394
552511
552523
552593
552703
552781
552927
552984
553268
553459
553652
553924
553977
554036
554047
554106
554165
554277
554485
554489
554672
554753
554802
554941
554975
555175
555217
555267
555448
555454
555493
555514
555622
555704
555797
555836
555869
556030
556064
556116
556117
556125
556284
556293
556367
556400
556476
556531
556713
556758
556761
556895
557060
557175
557224
557287
557353
557398
557404
557523
557605
557668
557694
557859
557948
558058
558082
558218
558319
558415
558445
558610
558651
558741
558761
558890
559065
559277
559440
559495
559526
559612
559629
559642
559643
559649
559773
559839
559864
560053
560072
560202
560311
560372
560408
560499
560506
560625
560657
560672
560772
560842
561080
561091
561187
561371
561417
561419
561432
561460
561512
561678
561789
561802
561885
561999
562034
562147
562200
562228
562248
562260
562304
562357
562359
562384
562450
562631
562668
562967
563071
563348
563398
563413
563495
563533
563534
563540
563561
563728
563851
563854
563862
563872
563947
564136
564147
564187
564352
564551
564571
564605
564781
564872
564973
565171
565275
565286
565336
565511
565546
565547
565696
565812
565856
565988
566005
566045
566055
566082
566257
566266
566510
566513
566532
566695
566811
566818
566845
567093
567169
567187
567289
567450
567474
567505
567600
567696
567711
567725
567743
568176
568195
568217
568403
568567
568621
568633
568652
568789
569005
569014
569332
569404
569460
569557
569654
569711
569729
569736
569747
569833
569866
569924
569988
570093
570268
570351
570357
570452
570620
570657
570676
570708
570769
570784
570874
570914
570983
571020
571211
571366
571375
571397
571544
571558
571588
571604
571635
571661
571697
571793
571910
571916
571959
572041
572333
572390
572440
572474
572734
572758
573018
573250
573569
573817
574137
574317
574375
574518
574629
574639
574655
575018
575334
575344
575427
575436
575479
575534
575596
575649
575743
576011
576156
576181
576275
576448
576590
576718
576799
576813
576935
576986
577062
577260
577261
577314
577343
577371
577535
577613
577816
577837
578114
578159
578219
578464
578491
578647
578654
578751
578924
579154
579250
579337
579345
579380
579442
579477
579613
579709
579846
580151
580263
580282
580328
580446
580452
580741
580784
580949
581089
581113
581123
581199
581204
581273
581324
581491
581493
581497
581580
581714
581756
581769
581849
581885
582438
582480
582588
582706
582934
582970
583083
583218
583233
583285
583631
583846
584022
584250
584336
584402
584475
584566
584598
584629
584900
584969
584983
585118
585399
585470
585494
585579
585598
585609
585637
585823
585898
585906
585963
586224
586405
586418
586455
586550
586555
586569
586774
586940
587178
587292
587404
587414
587428
587484
587499
587622
587725
587747
587755
587885
587932
587973
588034
588331
588403
588561
588607
588632
588682
588692
588781
588801
588869
588977
589060
589127
589156
589192
589401
589423
589610
589644
589667
589851
589895
589940
590217
590407
590547
590620
590685
590686
590763
590880
590969
591108
591184
591270
591310
591391
591471
591511
591522
591595
591727
591877
591954
592060
592608
592698
592710
592967
592980
593228
593325
593430
593611
593651
593707
593736
593764
593794
594265
594274
594474
594620
594652
594700
594707
594817
594916
595041
595161
595268
595331
595357
595400
595457
595501
595608
595829
596154
596258
596272
596409
596482
596645
596728
596820
596926
597000
597062
597200
597227
597300
597420
597624
597769
597825
597884
597897
598026
598051
598090
598134
598255
598338
598378
598445
598490
598523
598686
598696
598707
598776
598797
598840
598921
598959
598988
599205
599299
599614
599881
600092
600124
600139
600329
600526
600577
600581
600587
600733
600804
601063
601076
601153
601207
601318
601468
601517
601576
602029
602162
602189
602398
602502
602602
602606
602673
602686
602785
602792
602813
602881
603032
603123
603175
603237
603273
603454
603483
603484
603504
603586
603670
603716
603803
603949
603977
604004
604066
604114
604164
604285
604332
604544
604620
604826
604899
604903
605193
605269
605277
605291
605294
605680
605754
605792
605807
605836
605907
606195
606279
606349
606447
606588
606745
606785
606808
606986
606998
607030
607209
607382
607427
607495
607502
607600
607728
607798
607944
608052
608176
608234
608346
608408
608477
608531
608558
608720
608747
608755
608818
608924
609402
609407
609621
609695
609814
609829
609841
610028
610391
610394
610571
610658
610859
610890
611004
611010
611084
611447
611547
611550
611705
611872
611952
611959
611991
612102
612165
612176
612654
612683
612765
612948
612991
613027
613038
613162
613304
613618
613624
613832
613915
613985
614038
614068
614216
614245
614347
614664
614701
614842
615083
615242
615246
615257
615331
615430
615500
615687
615737
615768
615795
615915
615945
616085
616099
616484
616487
616490
616977
617065
617183
617246
617335
617374
617530
617642
617793
617997
618192
618238
618316
618329
618557
618558
618642
618644
618693
618862
618961
619011
619270
619283
619335
619382
619436
619472
619476
619535
619541
619945
620047
620049
620160
620498
621106
621113
621116
621320
621420
621445
621471
621534
621710
621753
621763
621857
621995
622287
622342
622542
622580
622620
622733
622777
622794
622939
622997
623000
623199
623361
623364
623609
623704
624002
624082
624110
624152
624245
624325
624342
624597
624689
624698
624891
624920
624945
625104
625272
625401
625448
625466
625674
625773
625854
625964
625974
625992
626095
626193
626487
626503
626535
626588
626650
626707
626924
626944
626956
627171
627268
627458
627464
627665
627930
628013
628083
628091
628292
628418
628598
628640
628733
628755
628807
628822
628842
629178
629303
629580
629629
629820
629866
629961
630035
630083
630252
630367
630693
630890
631013
631199
631238
631374
631472
631574
631606
631766
631906
631944
632175
632301
632359
632375
632376
632452
632533
632612
632659
632880
632997
633101
633208
633382
633548
633646
633797
633802
633839
634051
634072
634103
634126
634181
634265
634306
634337
634375
634410
634512
634586
634612
634796
634817
634948
634952
635077
635149
635349
635440
635554
635559
636003
636216
636312
636372
636398
636562
636580
636689
636737
636778
636821
636949
637022
637072
637190
637261
637807
637902
638106
638253
638269
638315
638323
638482
638518
638708
638768
638841
639018
639106
639180
639237
639269
639335
639347
639356
639478
639623
639691
639734
639914
640037
640050
640064
640071
640116
640178
640384
640525
640663
640695
640730
640744
640964
641056
641106
641283
641288
641313
641404
641499
641797
641807
641827
642219
642332
642369
642370
642377
642422
642693
642760
642941
642982
643037
643050
643058
643164
643272
643277
643433
643766
643976
644198
644337
644390
644402
644452
644587
644604
644873
645034
645152
645260
645285
645290
645421
645430
645510
645601
645730
645855
645892
646135
646149
646290
646375
646561
646867
646917
646925
646930
646993
647080
647225
647288
647404
647433
647462
647510
647573
647653
647668
647775
647789
647812
647865
647875
648049
648157
648179
648205
648212
648357
648387
648469
648553
648617
648621
648623
648705
648803
649096
649127
649174
649177
649451
649454
649600
649613
649735
649819
649947
649950
650038
650140
650241
650325
650348
650471
650523
650727
650747
650791
650831
650832
651085
651125
651214
651223
651270
651419
651608
651683
651955
651989
652039
652085
652106
652297
652361
652446
652541
652651
652694
652709
652734
652756
652776
653043
653412
653690
653743
653749
653801
653804
653816
653821
653899
653978
654000
654020
654030
654487
654512
654529
654719
654752
654797
654839
654946
654953
655010
655024
655065
655115
655142
655279
655462
655488
655509
655562
655564
655583
655625
655756
655825
655912
656033
656048
656055
656074
656122
656171
656453
656490
656575
656798
656899
656971
656987
657027
657249
657519
657807
657899
657927
657949
657978
658158
658269
658593
658624
658725
658763
658980
659456
659472
659650
659699
659779
659821
659864
660047
660123
660137
660358
660419
660533
660674
660811
660981
661038
661115
661468
661487
661592
661667
661809
662158
662294
662348
662360
662462
662477
662503
662646
662693
662791
662833
662936
662990
663060
663063
663103
663170
663175
663191
663256
663299
663430
663442
663448
663483
663591
664298
664529
664740
664944
665088
665184
665276
665288
665322
665488
665515
665526
665918
665993
666000
666001
666003
666429
666747
666769
666802
666832
666853
666864
667044
667114
667164
667165
667186
667245
667297
667333
667378
667594
667773
667889
667951
667994
668061
668308
668320
668334
668615
668688
668692
668886
669049
669098
669344
669477
669652
669721
669952
670015
670145
670283
670541
670670
670698
670849
671024
671229
671256
671268
671755
671932
672263
672303
672596
672629
672873
672975
672998
673289
673345
673396
673421
673672
673690
673780
673845
673853
673865
673912
673999
674114
674142
674206
674258
674332
674440
674481
674483
674648
674701
674745
674833
674986
675198
675207
675437
675547
675674
675806
675829
675914
676230
676333
676403
676454
676474
676745
676791
676976
676984
677077
677247
677279
677438
677533
677585
677668
677880
678110
678242
678321
678369
678536
678560
678571
678661
678688
678765
678864
678936
678955
678989
679007
679110
679154
679155
679275
679468
679710
679832
679837
679920
680346
680457
680739
681033
681114
681140
681254
681460
681461
681732
681737
681756
681843
681926
682126
682168
682217
682281
682309
682402
682421
682551
682593
682621
682663
682697
682719
682930
683075
683134
683142
683162
683177
683432
683535
683548
683784
683851
684246
684304
684540
684621
684677
684737
684768
684789
684825
684990
685040
685159
685293
685322
685349
685459
685562
685813
685847
686023
686067
686343
686459
686468
686565
686648
686694
686794
686831
686862
686869
687119
687225
687266
687415
687431
687517
687557
687677
687685
687698
687816
688018
688032
688362
688483
688624
688649
688661
688770
688899
688928
689016
689229
689323
689419
689437
689800
689803
689898
689956
690249
690256
690293
690320
690347
690355
690481
690518
690650
690739
690798
690916
691009
691076
691117
691257
691365
691376
691593
691638
691808
691885
691906
691945
691972
692102
692288
692444
692493
692518
692643
692794
693047
693272
693287
693360
693508
693567
694018
694019
694165
694284
694304
694385
694835
695040
695044
695199
695202
695217
695419
695520
695555
695575
695599
695652
695704
695770
695909
696007
696047
696126
696540
696544
696550
696645
696767
696776
696867
696888
697207
697338
697410
697496
697567
697810
697973
698132
698214
698244
698327
698351
698463
698474
698541
698605
698653
699295
699356
699379
699395
699408
699438
699444
699466
699499
699908
699917
700024
700037
700048
700384
700486
700595
700649
700793
700847
701061
701443
701594
702113
702120
702180
702319
702744
702791
702829
702863
702878
703022
703249
703417
703573
703814
704038
704201
704228
704350
704355
704368
704388
704615
704665
704744
704794
704796
705217
705269
705357
705627
705778
705819
705893
705906
706015
706092
706248
706347
706427
706579
706789
706839
706841
706993
707042
707161
707282
707310
707517
707663
707833
707843
707924
708206
708254
708495
708641
708692
708857
708939
709109
709114
709292
709443
709462
709547
709599
709855
710326
710386
710418
710689
710724
710726
710737
711155
711215
711365
711405
711420
711452
711473
711514
711613
711780
712093
712121
712162
712212
712248
712273
712344
712377
712437
712499
712578
712958
713239
713343
713366
713439
713507
713575
713818
713851
713972
713973
714067
714194
714228
714290
714305
714403
714589
714596
714625
714870
715003
715116
715127
715247
715296
715625
715744
715755
715786
715953
716142
716267
716299
716490
716609
716625
716712
716921
717050
717137
717207
717226
717254
717406
717428
717491
717518
717865
718055
718195
718224
718254
718277
718390
718426
718696
718702
718748
718762
718773
718843
718848
718920
719143
719428
719904
720073
720251
720260
720419
720428
720514
720546
720560
720733
720767
720840
720849
720883
720899
720970
721005
721044
721087
721090
721318
721340
721398
721437
721815
721873
722029
722056
722118
722141
722158
722234
722365
722366
722406
722741
722899
723061
723187
723690
723756
723774
723780
723787
723872
723924
723964
724157
724174
724310
724333
724483
724704
724779
724975
724999
725036
725191
725202
725348
725406
725799
725855
726002
726094
726142
726427
726445
726505
726530
726646
726755
726906
727129
727295
727390
727463
727630
727674
727807
727919
728336
728424
728481
728575
728670
728697
728735
728876
728880
728939
728994
729063
729268
729386
729417
729449
729461
729470
729477
729585
729855
729948
729974
729991
730091
730142
730195
730200
730508
730568
730731
730838
730857
730926
730929
731213
731311
731312
731321
731354
731707
731802
731987
732039
732277
732308
732313
732351
732352
732382
732448
732467
732769
732843
732895
732914
732930
732972
733175
733183
733257
733353
733627
733662
733737
733745
733757
733788
733816
733963
733975
734187
734223
734816
734915
734966
735000
735006
735028
735117
735136
735158
735334
735340
735564
735880
735883
735935
735962
736038
736261
736439
736595
736631
736656
736710
737198
737244
737287
737355
737471
737647
737691
737848
738027
738184
738266
738384
738590
738602
738633
738652
738681
738698
738800
738931
738956
739192
739198
739264
739303
739336
739365
739546
739560
739756
739837
739839
739845
739880
739900
739906
739921
740098
740113
740120
740248
740284
740326
740717
741014
741018
741135
741331
741464
741569
741840
741855
741971
742125
742168
742291
742525
742639
742665
742734
742854
742893
743339
743422
743460
743489
743581
743799
743801
743912
743996
744095
744275
744369
744573
744636
744762
745121
745154
745605
745642
745650
745696
745699
745727
745802
745885
745998
746088
746091
746259
746451
746547
746670
746860
746882
746927
747058
747071
747384
747393
747398
747407
747655
747711
747989
748099
748119
748187
748380
748414
748490
748601
748679
748911
748938
748956
748988
749014
749077
749115
749155
749233
749294
749432
749628
749676
749722
749802
749826
749838
749930
750004
750071
750142
750190
750321
750335
750347
750385
750708
750755
750804
750816
750841
750886
750965
751061
751073
751115
751311
751372
751590
751645
751723
751858
751934
751972
752000
752041
752103
752155
752164
752267
752373
752477
752725
752741
752800
752888
753115
753128
753146
753313
753330
753509
753520
753557
753622
753680
753715
753746
753833
753890
753937
753998
754123
754379
754470
754516
754599
754601
754646
754724
754758
754837
755342
755347
755413
755626
755659
755712
755776
755980
756009
756126
756267
756399
756615
756799
756814
756902
757012
757046
757404
757641
757691
757748
757756
757765
757950
758050
758051
758390
758426
758475
758559
758636
758713
758789
758793
758846
759093
759247
759288
759536
759675
759781
759995
759998
760138
760182
760292
760424
760586
760597
760656
760792
760854
760905
760926
761100
761176
761215
761236
761376
761384
761549
761575
761592
761666
761719
761722
761906
762104
762189
762230
762311
762531
762579
762675
762709
762762
763013
763074
763211
763244
763311
763366
763517
763768
763811
763889
764057
764113
764240
764276
764351
764538
764634
764936
764966
764970
765002
765304
765429
765632
765769
766116
766180
766199
766240
766375
766390
766440
766506
766524
766631
766669
766700
766712
766962
767215
767278
767433
767438
767454
767667
767744
767760
767798
767799
767875
768060
768151
768495
768502
768784
768838
768861
769235
769324
769427
769570
769571
769835
769928
769972
770001
770261
770300
770605
770624
770684
770697
770916
771010
771052
771165
771213
771297
771326
771400
771413
771456
771709
771789
771805
771858
771900
771933
771943
772201
772208
772271
772299
772390
772494
772785
772789
773031
773177
773345
773357
773405
773448
773519
773749
773877
773996
774078
774178
774295
774378
774479
774649
774660
774874
774883
774975
775146
775178
775255
775311
775539
776138
776327
776377
776621
776688
776844
777168
777315
777329
777541
777561
777565
777667
777715
777864
777948
777955
778179
778190
778307
778353
778451
778466
778531
778546
778847
779023
779239
779241
779294
779590
779650
779688
780067
780403
780457
780649
780668
780766
780906
781088
781273
781326
781338
781358
781379
781460
781551
781628
781688
781689
781790
781869
781919
781962
782041
782182
782229
782309
782499
782589
782717
782775
782846
782851
782878
782922
782923
783105
783269
783491
783676
783713
783787
783899
783942
783943
784130
784198
784364
784369
784415
784442
784634
784643
784740
784771
784801
784861
785063
785096
785265
785511
785641
785736
786208
786305
786347
786431
786433
786515
786543
786633
786642
786679
786700
786932
786961
787058
787341
787421
787485
787503
787507
787568
787648
787722
787831
787841
788052
788303
788544
788587
788603
788629
788685
788922
789119
789183
789248
789442
789536
789596
789733
789774
789822
789874
789907
789990
790000
790068
790323
790398
790475
790477
790629
790661
790833
790896
790909
790932
790951
791081
791135
791246
791399
791756
791867
791975
791981
791993
792081
792098
792119
792162
792195
792263
792367
792490
792503
792653
792844
792847
792858
792964
792978
793048
793050
793064
793293
793477
793526
793546
793620
793697
793763
793816
794045
794068
794133
794468
794622
794644
794826
794831
794833
794862
795071
795479
795581
795612
795661
795687
795721
795732
795755
796090
796328
796337
796355
796425
796573
796617
796825
796981
797235
797475
797511
797535
797644
797701
797752
797823
797830
798060
798077
798176
798354
798482
798549
798957
799120
799188
799373
799433
799447
799609
799659
799678
799717
799782
799794
799833
800025
800094
800096
800177
800198
800955
801167
801208
801241
801249
801286
801302
801307
801342
801435
801500
801643
801783
801814
801867
801878
801912
802085
802154
802220
802400
802548
802685
802817
802883
802916
802973
802984
803077
803113
803494
803519
803691
803748
803823
804140
804172
804186
804397
804532
804567
804683
804720
804780
804846
804976
804982
804992
805308
805334
805400
805424
805501
805680
805710
806142
806208
806283
806431
806589
806660
806668
806942
806994
807187
807436
807533
807630
807787
807855
807909
808028
808033
808059
808189
808205
808300
808498
808553
808562
808620
808674
808713
808791
808800
808833
809052
809086
809096
809253
809264
809660
809686
809705
809724
809800
809835
809859
809941
809952
810043
811015
811127
811574
811620
811713
811892
812165
812388
812473
812758
812772
812913
812956
812977
813393
813688
813743
813823
813947
814039
814067
814197
814272
814500
814572
814729
814808
814900
814922
815026
815076
815218
815314
815329
815335
815367
815461
815637
815734
815743
815896
816030
816147
816159
816206
816216
816226
816229
816244
816490
816711
816815
816839
817134
817151
817224
817333
817360
817405
817426
817447
817505
817666
817743
817837
817864
818075
818139
818206
818590
818645
818665
818667
818819
818867
819018
819189
819223
819228
819374
819385
819404
819506
819549
819678
819773
819943
819962
820041
820166
820331
820345
820481
820482
820607
820748
820830
820861
820944
821018
821255
821736
821923
822102
822141
822155
822427
822598
822647
822728
822801
822882
822954
823026
823164
823232
823248
823347
823434
823482
823508
823704
823818
823914
823916
823937
824197
824427
824544
824800
824824
824829
825040
825138
825223
825247
825382
825623
825692
825751
825759
825764
825823
825839
825948
825996
826008
826083
826183
826184
826277
826286
826430
826513
826606
826643
826682
826704
826843
826869
826875
826881
827149
827393
827467
827497
827524
827590
827672
827767
828003
828370
828516
828575
828828
829097
829256
829294
829389
829549
829680
829834
829862
829917
829924
830246
830326
830385
830557
830776
830943
831014
831015
831284
831645
831662
831673
831712
831765
831856
832001
832007
832070
832146
832187
832562
832690
832835
832896
832975
832983
832988
833004
833314
833364
833370
833482
833668
833682
833728
833833
833887
833900
833911
834150
834213
834435
835044
835222
835309
835676
835811
835833
835981
836248
836298
836358
836401
836408
836446
836685
836849
836873
836892
836917
837007
837028
837103
837220
837265
837300
837364
837508
837668
837837
837876
838020
838073
838129
838228
838275
838286
838344
838484
838541
838733
838757
838783
838873
838878
839155
839180
839182
839266
839283
839340
839350
839400
839532
839824
840007
840109
840167
840270
840319
840351
840409
840562
840571
840608
840705
840750
840758
841143
841169
841247
841366
841495
841546
841584
841703
841735
841859
841902
842015
842095
842230
842245
842370
842435
842456
842613
842871
842879
843085
843111
843203
843244
843273
843380
843424
843616
843774
843854
843930
844216
844276
844335
844346
844816
844821
844950
844957
845074
845239
845412
845686
845770
845793
846079
846102
846112
846141
846234
846313
846462
846474
846598
846689
846702
846703
846780
846928
847047
847265
847396
847449
847458
847539
847550
847597
847651
847768
847962
848135
848217
848232
848238
848423
848685
848773
848797
848860
848874
848894
848957
849238
849260
849313
849374
849394
849615
849639
849691
849713
849737
849859
849974
850019
850134
850226
850295
850367
850474
850484
850527
850547
850594
850669
850853
850872
851308
851569
851665
851946
851990
852195
852255
852684
852704
852775
852828
852891
852974
853006
853043
853146
853169
853467
853565
853845
854156
854266
854341
854491
854673
854686
854736
854867
854964
854988
855174
855177
855334
855639
855682
855684
855755
855783
855853
855886
856091
856151
856190
856246
856285
856477
856591
856592
856629
856788
857097
857296
857527
857551
857592
857700
857706
857808
857925
857986
858144
858149
858242
858296
858310
858413
858433
858459
858689
858715
858791
859124
859264
859268
859333
859493
859565
859600
859713
859767
859790
859997
860017
860042
860136
860352
860449
860475
860511
860581
860635
860733
860809
860854
861153
861515
861701
861830
861862
862126
862214
862314
862360
862398
862403
862409
862413
862497
862611
862634
862654
862668
862727
862998
863069
863098
863146
863191
863425
863468
863527
863551
863563
863610
863722
863886
864033
864048
864057
864093
864200
864218
864289
864298
864370
864418
864432
864444
864642
864767
865061
865239
865454
865534
865599
865638
865660
865667
865683
865832
865922
866043
866096
866381
866590
866782
866898
866942
867032
867063
867139
867271
867491
867553
867731
867754
867814
867920
868041
868143
868199
868319
868384
868426
868434
868684
868700
868755
868763
868816
868835
869003
869062
869090
869310
869353
869387
869638
869723
869830
870280
870356
870421
870487
870703
870833
870878
871104
871334
871338
871406
871418
871871
871953
872070
872291
872334
872396
872586
872642
872772
872836
872980
873094
873146
873255
873274
873297
873339
873573
873703
873793
873798
873917
873949
873956
873976
874095
874122
874144
874206
874250
874278
874302
874404
874477
874480
874484
874578
874657
874740
875012
875131
875237
875325
875328
875537
875772
875888
875903
876181
876205
876503
876585
876687
876705
876737
877009
877126
877130
877206
877266
877419
877715
877754
877803
877839
877961
877970
877980
878130
878163
878382
878463
878584
878588
878703
878750
878800
878813
878834
879017
879042
879220
879282
879355
879387
879418
879774
879841
879886
880009
880061
880120
880160
880166
880204
880246
880432
880607
880842
880861
881061
881075
881441
881467
881537
881550
881831
881966
882089
882210
882245
882286
882353
882461
882523
882545
882552
882643
882778
882967
882975
883084
883141
883249
883413
883684
883791
883828
883835
883972
883998
884322
884411
884511
884582
884761
884786
884794
884888
884951
885229
885316
885704
885794
886008
886042
886046
886086
886156
886263
886322
886526
886796
886887
887253
887329
887406
887443
887564
887661
887744
887892
887898
887903
887914
887931
887949
888106
888284
888513
888525
888529
888817
888872
888982
889004
889018
889044
889102
889281
889344
889538
889763
889797
889820
889896
889974
890076
890102
890124
890164
890228
890438
890588
890644
890950
890957
891029
891040
891142
891181
891607
891680
891730
891804
891857
892046
892409
892459
892591
892643
892701
892726
893018
893227
893416
893427
893475
893788
894002
894292
894426
894497
894526
894589
894885
895454
895487
895593
895848
895896
895941
896054
896368
896407
896448
896624
896733
896744
896794
897033
897074
897102
897226
897296
897337
897422
897450
897485
897544
897742
897779
897784
897870
897934
897975
898141
898286
898350
898589
898932
899048
899129
899297
899338
899440
899488
899582
899897
900023
900036
900040
900076
900182
900361
900482
900559
900631
900673
900693
900820
900822
900849
901043
901182
901258
901488
901523
901710
901775
902048
902053
902219
902320
902345
902364
902573
902693
902808
902861
902884
902925
902947
903101
903274
903297
903416
903563
903658
903685
903778
903822
903935
904252
904300
904360
904480
904604
904950
905034
905038
905080
905237
905385
905606
905664
905675
905902
906007
906119
906134
906311
906341
906642
906701
906895
907331
907430
907451
907770
907804
907894
907956
908068
908264
908313
908411
908478
908669
908690
908769
908863
909008
909121
909185
909350
909360
909548
909685
909772
909875
909913
910100
910212
910329
910404
910522
910635
910708
910747
910765
910904
911033
911108
911118
911124
911253
911415
911471
911559
911719
911750
911772
912070
912090
912253
912289
912447
912585
912645
912728
913006
913060
913069
913318
913375
913405
913483
913576
913583
913587
913590
913617
913638
913639
913973
914011
914096
914170
914580
914585
914668
914777
914784
914875
914899
914944
915010
915138
915153
915170
915187
915360
915425
915757
915899
916002
916088
916106
916258
916631
916843
916970
916999
917134
917156
917328
917363
917452
917481
917675
917960
918055
918082
918247
918271
918278
918306
918343
918495
918512
918537
918558
918628
918743
918941
918942
918989
919106
919292
919305
919431
919526
919648
919674
920184
920419
920568
920657
920658
920691
920774
920909
920911
920981
921215
921224
921243
921272
921325
921405
921532
921564
921997
922122
922295
922377
922508
922564
922810
922839
922990
922995
923010
923061
923161
923299
923476
923602
923610
923626
923691
923692
923735
924152
924309
924315
924351
924618
924751
924768
924819
924951
925129
925140
925411
925423
925493
925583
925675
925918
926146
926489
926624
926956
927115
927135
927259
927266
927284
927318
927364
927379
927410
927505
927541
927603
927811
927886
927899
927935
927965
927980
928058
928072
928143
928235
928322
928361
928396
928407
928731
928804
928884
929005
929016
929113
929260
929343
929383
929396
929568
929642
929705
929747
929794
929848
929886
929891
929908
929974
930012
930122
930218
930478
930578
930744
930749
930774
930847
931069
931214
931234
931258
931497
931511
931549
931848
931984
932018
932418
932623
932703
932888
932964
933056
933122
933160
933348
933372
933498
933567
933578
933621
933730
933871
934172
934254
934639
934732
935063
935087
935197
935219
935335
935362
935434
935566
935950
936042
936082
936139
936275
936310
936409
936424
936592
936702
936724
936730
936891
937116
937368
937526
937557
937627
937664
937749
937903
937949
938001
938012
938066
938131
938163
938236
938239
938356
938362
938399
938442
938477
938575
938691
938994
939022
939271
939294
939473
939530
939695
939696
939768
939841
939964
940060
940210
940256
940360
940393
940460
940705
940766
940817
940820
940845
940862
940883
941101
941102
941203
941284
941358
941495
941575
941758
941947
941989
942047
942252
942340
942565
942672
942706
943166
943568
943672
943820
943913
943940
944026
944087
944146
944209
944344
944427
944509
944583
944584
944848
944851
944894
944942
945061
945135
945248
945398
945445
945469
945515
945624
945890
945899
946163
946367
946464
946618
946648
946783
946895
946966
946986
947178
947179
947294
947429
947475
947550
947586
947604
947615
947650
947708
948000
948100
948244
948294
948312
948752
948825
948907
948948
948959
948971
949154
949233
949237
949291
949363
949470
949690
949719
949785
949911
950252
950354
950367
950402
950622
950646
950799
950891
950893
951022
951072
951085
951142
951145
951187
951266
951492
951534
951537
951548
951597
951723
951949
952028
952029
952133
952273
952372
952458
952519
952533
952645
952754
952788
952789
952796
952823
952866
952970
953110
953209
953222
953288
953381
953534
953561
953912
953928
954245
954381
954398
954412
954514
954600
954676
954731
955097
955163
955286
955290
955346
955363
955608
955832
956210
956307
956565
956775
956802
956896
956907
957008
957090
957142
957212
957328
957335
957610
957668
957891
958067
958152
958264
958267
958399
958502
958556
958838
958965
959319
959349
959433
959525
959567
959595
959629
959873
959899
959925
959927
959966
960416
960432
960443
960628
960743
960775
960823
960870
960951
961080
961155
961233
961310
961370
961450
961532
961539
961628
961851
961869
961979
962112
962314
962362
962379
962408
962431
962445
962902
963190
963272
963379
963466
963508
963588
963803
963839
963930
963977
964146
964199
964207
964217
964294
964317
964407
964459
964462
964470
964499
964535
964592
964684
964790
965136
965177
965204
965237
965323
965381
965450
965486
965500
965632
965697
965731
965816
965944
965976
966312
966497
966550
966603
967002
967013
967116
967194
967325
967327
967338
967668
967701
967807
967844
967944
967959
968282
968433
968516
968527
968666
968670
968700
968747
968776
968819
968842
968941
969155
969222
969323
969332
969382
969449
969477
969514
969887
969957
970006
970209
970406
970462
970544
970561
970622
970709
970836
971027
971045
971051
971077
971185
971210
971407
971430
971533
971690
971934
971956
972030
972072
972078
972152
972184
972186
972292
972612
972634
972815
972903
973214
973513
973615
973763
973765
973796
973833
974037
974109
974521
974593
974709
974853
974955
974973
975014
975132
975196
975289
975400
975539
975672
975830
975839
975867
975939
976036
976043
976066
976155
976216
976244
976430
976470
976589
976636
976980
977083
977123
977185
977243
977244
977266
977286
977432
977527
977575
977588
977677
977821
978288
978289
978395
978457
978474
978515
978578
978627
978895
978948
979034
979239
979349
979392
979426
979517
979530
979566
979705
979713
979725
979862
980165
980375
980441
980459
980589
980632
980707
980797
980930
980976
981191
981193
981260
981263
981470
981682
981889
981897
981932
982052
982318
982367
982376
982419
982530
982538
982602
982653
982953
982970
983040
983105
983180
983209
983339
983414
983480
983511
983594
983607
984046
984133
984177
984535
984649
984759
984897
984964
984991
985061
985110
985149
985171
985256
985300
985388
985430
985443
985664
985708
985762
985785
985929
986115
986133
986270
986351
986527
986533
986623
986693
986698
986739
986770
986895
986933
986951
987015
987112
987172
987204
987531
987630
987708
987716
987867
987888
988158
988324
988380
988494
988501
988685
988694
988705
988926
989049
989146
989154
989240
989340
989376
989537
989635
989834
989863
989881
990080
990188
990387
990390
990419
990585
990672
990789
990791
990853
990866
991173
991190
991193
991270
991473
991488
991489
991496
991819
992171
992242
992561
992576
992791
992794
993262
993449
993612
993615
993721
993849
994045
994073
994175
994451
994688
994771
994824
995126
995248
995400
995639
995666
995868
995869
995968
995988
995993
996151
996173
996273
996428
996501
996583
996672
996818
996894
996909
996933
997099
997328
997343
997358
997520
997527
997612
997723
997791
997842
997909
998222
998305
998402
998408
998701
998743
998839
998884
998942
999367
999525
999576
999678
999711
999762
999825
999843
999885
999962
999978
