83
244
291
471
480
561
585
617
729
736
1211
1402
1496
1598
1613
1751
1756
1825
1868
2205
2215
2462
2584
2653
2749
2763
2949
2967
3228
3292
3430
3453
3555
3569
3657
3672
3755
4018
4473
4586
4692
4741
4829
4863
4986
5003
5028
5228
5268
5318
5405
5466
5502
5729
5845
6083
6254
6552
6715
6732
6862
6868
6887
6950
6989
7023
7290
7336
7595
7696
7707
7942
8014
8036
8075
8168
8176
8250
8287
8419
8428
8529
8652
8784
9076
9151
9247
9337
9365
9419
9449
9493
9703
9879
9892
9957
10031
10086
10222
10425
10451
10453
10560
10704
10793
10878
10959
11029
11181
11277
11324
11457
11465
11736
11936
12062
12074
12129
12142
13018
13048
13050
13160
13165
13190
13261
13268
13332
13341
13345
13350
13405
13436
13535
13572
13739
13805
13884
13904
13949
14242
14297
14345
14626
14637
14758
14816
14833
14861
14987
15276
15385
15592
15615
15624
15705
15794
15923
15927
15953
15962
16023
16134
16292
16583
16640
16888
17005
17353
17364
17409
17489
17589
17809
17844
18003
18055
18091
18104
18247
18349
18543
18559
18574
18644
18701
18716
18869
18950
18972
18973
19290
19487
19633
19765
19854
20107
20194
20231
20473
20584
20617
20662
20799
20894
20921
21525
21556
21574
21587
21767
21834
22084
22134
22175
22344
22387
22621
22644
23279
23355
23369
23458
23516
23632
23881
23993
24064
24130
24157
24284
24330
24408
24600
24701
24719
24770
24934
25120
25240
25419
25511
25574
25819
25968
25980
26059
26251
26263
26330
26338
26376
26387
26430
26481
26549
26567
26718
26804
26938
27093
27118
27137
27174
27226
27254
27350
27401
27569
27764
27784
27860
27886
27981
28019
28090
28485
28553
28687
28754
28765
28862
28976
29044
29110
29491
29572
29680
29708
29710
29774
29803
29876
29923
30032
30105
30364
30402
30460
30622
30721
30753
30860
30919
30927
31026
31054
31084
31119
31464
31532
31788
32082
32416
32445
32532
32856
32901
32954
32963
32973
33020
33186
33514
33766
33829
33905
34002
34029
34073
34162
34318
34413
34640
34687
34799
35053
35200
35219
35392
35587
35645
35715
35882
35931
36040
36041
36196
36209
36236
36258
36305
36400
36434
36710
36722
36724
36866
36870
36902
36904
36987
37064
37114
37177
37180
37229
37248
37354
37416
37435
37719
38253
38465
38597
38607
38655
38731
38773
38836
38936
38937
39003
39124
39231
39246
39256
39346
39383
39587
39832
40112
40344
40409
40423
40430
40597
40648
40863
41019
41031
41079
41258
41293
41612
41695
41814
41974
42037
42041
42187
42297
42378
42685
42772
42809
42974
43024
43492
43595
43605
43616
43634
43682
43738
43828
43938
44059
44107
44365
44606
44630
44657
44760
44779
44894
44995
45051
45115
45207
45227
45480
45508
45658
45666
45794
45975
45985
45996
46090
46160
46290
46380
46696
46788
46797
46890
46917
47099
47111
47157
47356
47586
47604
47690
47699
47824
48083
48097
48208
48413
48469
48539
48665
48855
48990
49073
49104
49137
49181
49234
49277
49517
49612
49671
49901
49914
49968
50161
50271
50277
50372
50652
50727
50735
51013
51092
51161
51201
51291
51328
51394
51458
51786
51858
51972
51982
52141
52266
52307
52422
52462
52519
52536
52538
52607
52712
52716
52961
53066
53200
53241
53309
53365
53469
53528
53553
53612
53644
53718
53722
53784
53898
54033
54089
54227
54256
54289
54292
54534
54627
54689
55038
55142
55213
55246
55263
55328
55329
55407
55612
55787
55966
56038
56182
56255
56379
56424
56434
56752
56790
57047
57108
57221
57353
57511
57652
57809
57852
57868
57924
57981
57984
58019
58151
58183
58192
58290
58308
58366
58443
58502
58516
58662
58798
59050
59090
59500
59589
59690
59702
59785
60201
60231
60242
60587
60683
60931
60989
61009
61242
61387
61431
61461
61527
61658
61681
61716
61848
61894
61991
62021
62110
62240
62251
62311
62426
62509
62542
62567
62569
62614
63250
63301
63309
63514
63522
63627
63720
63786
63846
63854
64013
64128
64330
64653
64717
64923
64940
65251
65267
65275
65411
65495
65592
65625
65834
65848
65933
66096
66212
66463
66600
66806
66820
67028
67030
67209
67214
67466
67528
67717
67758
67924
68007
68035
68071
68107
68120
68401
68530
68581
68631
68673
68873
69059
69331
69342
69397
69412
69470
69480
69483
69567
69572
69609
69820
69858
70294
70374
70397
70579
70580
70616
70673
70788
70790
70839
70854
70901
70979
70989
71034
71068
71223
71462
71605
71784
71794
71934
72091
72235
72351
72567
72595
72632
72851
72888
73001
73160
73261
73403
73508
73578
73616
73939
74028
74116
74429
74595
74618
74631
74868
75009
75071
75250
75257
75359
75377
75419
75431
75521
75528
75566
75743
75824
75933
76057
76070
76085
76140
76227
76312
76313
76375
76512
76521
76523
76600
76602
76661
76754
76814
76840
76972
77214
77532
77633
77816
77927
77943
78004
78029
78153
78190
78292
78353
78440
78520
78749
78792
78807
78950
78996
79095
79154
79513
79562
79576
79739
79741
79882
80048
80065
80066
80257
80280
80479
80507
80535
80565
80570
80574
80592
80621
80721
80779
80792
80929
80964
81079
81252
81262
81332
81548
81662
81752
81961
82165
82166
82425
82430
82474
82571
82880
82986
83287
83299
83303
83474
83486
83691
83917
83986
84046
84126
84318
84323
84330
84458
84560
84631
84757
84905
84948
85073
85311
85361
85477
85723
85760
85903
86076
86206
86211
86221
86249
86271
86427
86691
86717
86875
86938
86962
87078
87126
87160
87283
87298
87470
87494
87497
87524
87709
87767
87828
87868
87941
87971
88161
88261
88307
88347
88369
88644
88799
89131
89270
89411
89430
89451
89461
89470
89506
89519
89671
89748
89892
90009
90105
90184
90357
90441
90491
90540
90541
90629
90669
90802
90837
91047
91092
91200
91238
91292
91386
91701
91721
91745
91812
91925
92029
92087
92168
92210
92259
92302
92489
92667
92694
92925
92946
93042
93069
93126
93235
93314
93315
93324
93392
93428
93435
93583
93923
93930
93938
93977
94037
94109
94175
94193
94308
94345
94416
94787
94930
94974
95079
95319
95332
95423
95642
95657
95664
95767
96096
96135
96188
96301
96418
96423
96594
96617
96729
96766
97074
97082
97096
97108
97146
97185
97412
97461
97477
97622
97710
97716
97777
97859
97918
97954
98179
98193
98286
98293
98483
98533
98635
99007
99046
99060
99146
99229
99248
99447
99790
99824
99878
99955
99956
100113
100139
100188
100306
100504
100738
100788
101059
101184
101552
102095
102172
102243
102269
102706
102768
102859
102945
103033
103076
103136
103179
103193
103441
103464
103573
103590
103607
103619
103654
103740
103797
104069
104208
104408
104474
104526
104787
105038
105290
105319
105367
105402
105405
105480
105753
105814
105864
106006
106212
106238
106268
106551
106595
106756
106779
106803
106843
106859
107049
107062
107130
107131
107313
107318
107445
107492
107517
107594
107603
107635
107775
107821
108047
108146
108212
108251
108611
108762
108785
108918
108950
109025
109380
109457
109783
109882
109947
110109
110148
110385
110670
110695
110865
110985
111028
111052
111113
111122
111125
111166
111212
111353
111388
111700
111969
112171
112580
112666
112744
112843
112902
112971
113086
113239
113336
113551
113596
113660
113772
113919
113920
113926
114112
114120
114146
114476
114681
114737
114976
115135
115221
115317
115465
115498
115538
115555
115665
115704
115893
116282
116449
116507
116631
116668
116754
116805
116853
116905
117053
117054
117056
117089
117164
117260
117288
117313
117337
117382
117389
117437
117664
118068
118088
118319
118484
118505
118631
118659
118674
118771
118785
118825
118995
119098
119285
119478
119821
119859
119979
120031
120172
120181
120259
120297
120342
120354
120369
120378
120835
120846
120912
120991
121018
121052
121153
121343
121651
121771
122042
122045
122078
122271
122318
122414
122459
122485
122538
122871
122899
122929
123140
123310
123340
123461
123483
123514
123604
123921
123932
123936
124004
124083
124153
124384
124462
124467
124529
124535
124574
124583
124684
124929
124980
124982
125024
125119
125142
125147
125365
125389
125463
125564
125588
125686
126033
126166
126327
126415
126854
126997
127073
127148
127262
127424
127599
127641
128034
128043
128128
128182
128336
128633
128638
128773
128781
128911
128933
129106
129116
129125
129187
129202
129579
129586
129956
130170
130186
130324
130497
130586
130627
130678
130808
130828
130994
131089
131125
131177
131265
131272
131457
131539
131547
131579
132084
132205
132368
132402
132471
132514
132537
132565
132661
132856
132901
133062
133262
133264
133336
133462
133466
133469
133552
133604
133677
133896
133951
134019
134379
134457
134469
134531
134756
134812
134929
134990
135113
135238
135261
135421
135521
135642
135700
135731
135835
135875
135953
135964
136449
136452
136509
136635
136681
136774
136776
136881
136955
136992
137041
137113
137321
137608
137777
137872
137895
138064
138128
138302
138366
138541
138662
139058
139136
139347
139355
139384
139425
139453
139612
139739
139908
139913
140065
140110
140132
140150
140328
140342
140549
140559
140733
140776
140875
141068
141290
141476
141513
141540
141647
141857
141918
141924
142231
142428
142481
142503
142713
142763
142859
142881
142920
142924
142978
143070
143247
143314
143328
143389
143477
143591
143783
144011
144065
144167
144171
144289
144515
144527
144702
144737
144758
144814
144865
145638
145734
145801
146230
146304
146378
146613
146649
146823
147129
147187
147435
147440
147657
147784
147895
147927
148179
148201
148213
148306
148339
148358
148471
148592
148746
149218
149274
149433
149459
149508
149529
149597
149671
149797
149950
149986
150158
150167
150199
150217
150582
150590
150833
151006
151081
151086
151113
151143
151731
151738
151746
152392
152422
152611
152645
152749
153079
153409
153671
153784
153822
153884
153949
153952
154196
154265
154279
154377
154402
154406
154515
154556
154653
154844
154948
155121
155300
155412
155765
155898
156072
156391
156497
156626
156710
156766
156828
156837
156911
156918
157100
157135
157140
157332
157340
157388
157438
157443
157489
157533
157628
157701
157789
157923
157992
158078
158245
158631
158700
158725
158826
159047
159048
159069
159096
159154
159267
159406
159409
159417
159419
159444
159634
159846
159901
159902
159921
159979
160012
160199
160416
160627
160686
160884
160925
160993
161386
161433
161572
161591
161996
162210
162285
162768
162780
162995
163104
163164
163197
163405
163406
163498
163504
163552
163672
163755
163912
164189
164206
164259
164395
164526
164759
164843
164942
165081
165104
165371
165655
165718
165799
165885
165904
165953
166035
166059
166182
166398
166693
166698
166738
166861
166896
167039
167329
167366
167412
167516
167656
168100
168241
168283
168516
168533
168669
169346
169574
169628
169647
169802
169884
169956
169975
170007
170258
170278
170367
170396
170403
170422
170424
170483
170496
170512
170552
170689
170735
170989
171061
171178
171282
171383
171450
171478
171668
171692
171792
171827
171870
171932
171976
172162
172189
172237
172365
172591
172612
172627
172688
172690
172727
172883
172910
172924
173071
173089
173163
173460
173614
173618
173745
173834
173898
173940
174030
174162
174433
174761
174898
174973
175012
175065
175090
175156
175527
175545
175606
175701
175718
175756
175828
175841
175897
176063
176106
176135
176145
176284
176331
176399
176760
176768
177028
177075
177102
177309
177341
177404
177450
177475
177592
177758
177849
177887
178018
178107
178125
178178
178323
178412
178638
178658
178815
178899
178930
178972
179006
179353
179406
179465
179522
179578
179615
179658
179663
179670
179674
179683
179795
179823
179875
179953
180007
180026
180238
180270
180283
180341
180458
180511
180561
181225
181330
181506
181560
181641
181693
181829
181925
182311
182394
182460
182679
182733
182871
182965
183095
183105
183107
183419
183478
183535
183747
183967
184092
184278
184448
184511
184521
184528
184566
184598
184708
184778
184937
184980
185054
185117
185225
185248
185292
185398
185417
185496
185554
185574
185626
185802
185824
186163
186304
186316
186348
186353
186453
186706
186834
186920
186929
186955
187074
187129
187143
187296
187317
187326
187539
187567
187601
187861
188165
188213
188688
189017
189279
189326
189366
189404
189434
189566
189588
189658
189689
189845
189855
189857
189896
190027
190089
190100
190236
190433
190531
190713
190784
190807
190844
191079
191099
191207
191335
191378
191459
191496
191516
191531
191597
191656
191780
191815
191817
192034
192229
192306
192362
192379
192436
192582
192584
192636
192657
193053
193072
193109
193115
193126
193284
193324
193362
193567
193680
193714
193764
193848
193970
194086
194096
194497
194569
194602
194644
194987
195008
195032
195056
195073
195378
195469
195534
195680
195712
195892
195935
195943
196028
196095
196131
196161
196272
196353
196468
196506
196723
196736
196747
196759
196762
196823
196886
197053
197111
197119
197201
197288
197392
197461
197604
197651
197827
197900
197917
197923
197965
198003
198058
198075
198076
198245
198266
198277
198283
198352
198394
198403
198509
198545
198547
198817
198881
199019
199112
199216
199234
199288
199381
199416
199491
199953
200114
200126
200166
200186
200214
200229
200437
200499
200608
200711
200970
201070
201072
201094
201188
201237
201276
201392
201525
201611
201654
201947
202210
202348
202386
202488
202517
202625
202637
202731
202783
202952
202954
203002
203024
203063
203268
203291
203325
203347
203487
203902
203903
203934
203965
203971
204001
204306
204437
204849
204926
204933
205185
205324
205349
205437
205468
205470
205577
205602
205649
205787
205854
205873
205897
205961
206046
206099
206540
206832
207012
207094
207397
207640
207697
207738
207932
208002
208007
208101
208152
208327
208368
208490
208509
208565
208600
208774
208911
208999
209244
209303
209447
209839
210089
210109
210145
210204
210235
210297
210317
210384
210399
210555
210569
210756
211077
211203
211316
211341
211498
211571
211579
211757
211776
211793
211999
212015
212138
212171
212282
212447
212472
212816
212978
213036
213220
213245
213296
213519
213617
213675
213704
213725
213812
213900
213945
213958
213991
214000
214231
214244
214266
214312
214315
214508
214731
214733
214821
215015
215239
215398
215421
215653
215727
215830
216036
216039
216131
216135
216211
216426
216473
216579
216642
216707
216763
216861
216970
217132
217247
217339
217422
217514
217522
217763
217798
217812
218062
218131
218160
218361
218450
218575
218750
218791
218869
218916
219029
219043
219157
219224
219250
219298
219441
219744
219765
219812
219840
219976
220352
220410
220444
220500
220507
220582
220825
220911
220993
221245
221564
221662
221753
221847
221877
222015
222027
222144
222153
222342
222492
222887
222946
223001
223184
223215
223227
223278
223303
223359
223375
223523
223573
223620
223730
223842
223875
223900
223903
223905
224008
224045
224069
224095
224108
224275
224647
224820
224828
224839
224887
224897
224915
224936
224958
225330
225607
225633
225798
226346
226371
226407
226409
226551
226689
226714
226721
226800
226849
227067
227069
227102
227171
227414
227608
228172
228253
228538
228834
228856
228859
228894
228935
229035
229109
229138
229161
229357
229375
229545
229662
229864
229911
230147
230155
230235
230501
230524
230734
230793
230826
230912
231038
231259
231327
231347
231426
231525
231527
231737
231759
231884
231965
232072
232207
232236
232253
232277
232403
232420
232439
232450
232525
232612
232618
233091
233160
233174
233283
233315
233533
233587
233640
233664
233782
233809
233940
233970
234021
234204
234370
234665
234848
234925
235090
235134
235162
235318
235441
235701
235763
235775
235887
235966
235997
236014
236092
236093
236461
236699
236761
236828
237140
237141
237286
237640
237973
238102
238214
238225
238253
238323
238370
238611
238639
238662
238682
238873
238899
239087
239209
239217
239218
239234
239257
239612
239761
239804
239900
240250
240346
240422
240490
240546
240779
240954
240956
240991
241049
241064
241132
241166
241220
241281
241375
241424
241514
241516
241634
241829
241843
241923
241996
242011
242084
242089
242120
242129
242194
242272
242334
242394
242539
242566
242578
242743
243002
243013
243268
243291
243346
243389
243406
243524
243770
244077
244233
244484
244539
244669
244782
244801
244840
244930
245076
245077
245145
245265
245266
245290
245296
245331
245465
245875
245961
246030
246075
246231
246697
246769
246872
247245
247269
247372
247396
247453
247555
247590
247660
247779
248186
248257
248278
248454
248581
248638
248663
248841
248933
248992
249078
249232
249380
249394
249484
249691
249760
249907
250065
250089
250185
250375
250627
250669
250760
251041
251075
251260
251375
251574
251631
251716
251872
251889
252163
252317
252330
252390
252421
252717
252732
253073
253252
253257
253434
253461
253590
253657
253756
253777
253997
254027
254207
254374
254535
254540
254607
254614
254650
254662
254796
255135
255142
255500
255718
256152
256267
256301
256392
256394
256648
256676
256741
256887
256944
257000
257044
257221
257362
257508
257521
257590
257621
257975
258461
258928
259335
259345
259381
259387
259537
259542
259552
259566
259633
259640
259790
259793
259906
260157
260270
260293
260399
260406
260467
260530
260699
260740
260744
260779
260852
261001
261199
261330
261349
261410
261419
261476
261507
261704
261764
261817
261914
262045
262145
262315
262364
262775
262782
262905
263045
263088
263143
263214
263259
263561
263591
263818
263859
263950
264269
264564
264581
264727
264895
264927
264928
265016
265060
265241
265418
265680
266097
266118
266121
266128
266132
266142
266155
266182
266210
266262
266611
266623
266962
267045
267173
267242
267280
267430
267529
267532
267778
267948
268077
268247
268251
268338
268414
268416
268435
268663
268702
268909
268918
269021
269286
269486
269603
269675
269778
269787
270018
270099
270290
270315
270408
270770
270797
270961
271001
271066
271206
271270
271273
271404
271595
271675
271842
271888
271923
272091
272168
272175
272396
272443
272508
272977
273083
273155
273212
273271
273638
273650
273673
273699
273874
273978
274108
274117
274132
274268
274629
274849
274856
275464
275498
275690
275744
275798
275839
275947
276045
276201
276236
276252
276301
276319
276368
276455
276475
276610
276670
276701
276704
276757
276924
276950
276997
277002
277318
277336
277734
277749
277770
277845
277970
278224
278269
278318
278340
278352
278519
278543
278593
278613
278817
278997
279050
279145
279205
279327
279377
279497
279626
279691
279897
279965
280125
280445
280562
280594
280677
280700
280843
280888
281402
281732
281971
282137
282293
282417
282455
282608
282629
282661
282682
282824
282869
282888
282903
282925
282984
283003
283012
283092
283099
283177
283194
283203
283313
283390
283402
283403
283404
283405
283424
283427
283688
283929
283959
283996
284120
284149
284188
284232
284257
284327
284426
284500
284516
284605
284620
284646
284653
284799
284823
284835
284874
284923
285063
285121
285168
285246
285270
285283
285426
285454
285461
285569
285571
285637
285681
285717
285753
285769
285832
285873
285906
286117
286223
286241
286543
286595
286701
286885
286916
286989
287015
287483
287517
287809
287867
287962
288358
288375
288538
288589
288714
288744
288760
288854
288857
288902
288976
289059
289522
289556
289634
289670
289836
290101
290219
290413
290454
290543
290635
290839
291084
291130
291156
291228
291230
291276
291379
291418
291587
291659
291813
291837
291908
291932
292038
292068
292171
292304
292455
292527
292637
292895
293059
293161
293199
293323
293398
293569
293602
293682
293882
293927
294011
294191
294207
294240
294389
294406
294417
294481
294531
294561
294706
294729
294810
294885
295010
295052
295111
295135
295207
295226
295238
295255
295286
295290
295300
295505
295687
295705
295848
296014
296094
296309
296528
296542
296562
296686
296718
296809
297023
297032
297081
297167
297243
297330
297356
297417
297460
297710
297737
297825
297833
298327
298337
298373
298426
298498
298701
298813
298939
298942
299022
299059
299146
299223
299338
299440
299471
299615
299651
299691
299694
299759
299866
299883
299954
299987
300088
300203
300259
300266
300286
300302
300366
300409
300486
300588
300655
300671
300871
300882
300974
300980
300983
301203
301237
301272
301295
301378
301610
301818
301840
301999
302017
302115
302132
302171
302187
302191
302209
302233
302376
302574
302712
302751
302879
302903
302950
302966
303167
303487
303561
303577
303584
303739
303815
303885
303930
304326
304357
304399
304567
304664
304717
304826
304882
305009
305077
305139
305195
305330
305398
305550
305869
305870
306138
306262
306554
306626
306740
306807
306871
306939
307107
307227
307337
307571
307691
307706
307888
307920
307967
308033
308255
308275
308460
308536
308570
308583
308591
308619
308634
308646
308677
308797
308870
308889
308997
309013
309084
309173
309260
309661
310053
310072
310121
310326
310330
310365
310514
310722
310972
311036
311123
311219
311382
311480
311630
311634
311661
311732
311950
311970
312060
312128
312142
312321
312412
312447
312489
312493
312571
312575
312688
312950
313222
313230
313233
313620
313632
314049
314225
314336
314445
314578
314632
314637
314651
314708
314980
314985
315026
315209
315226
315491
315587
315781
315869
315897
316080
316231
316293
316559
316790
316967
317162
317174
317566
317880
317951
318049
318213
318343
318655
318757
318797
318806
318826
319066
319110
319118
319210
319296
319369
319423
319469
319603
319624
319645
319840
319857
320035
320060
320389
320485
320602
320862
320929
320943
321101
321133
321148
321445
321454
321471
321543
321563
321626
321665
321724
321807
321862
322025
322731
322763
322914
322939
323074
323091
323172
323311
323342
323414
323483
323576
323763
323917
323961
323997
324135
324226
324522
324541
324800
324830
324884
324918
325114
325174
325374
325581
325709
325714
325721
325921
326397
326901
327008
327134
327257
327417
327613
327619
327657
327694
327884
327958
328045
328056
328171
328179
328205
328234
328304
328333
328409
328432
328505
328548
328605
328644
328919
329018
329051
329277
329420
329655
329714
329807
329938
329970
329989
330042
330098
330349
330497
330855
330869
331106
331162
331175
331435
331524
331534
331593
331624
331744
331783
331830
331906
331998
332015
332294
332414
332499
332503
332558
332639
332847
332877
332932
332940
332953
332964
333137
333344
333355
333420
333423
333625
333726
333932
334053
334104
334153
334247
334251
334255
334425
334451
334453
334467
334492
334497
334653
334661
334803
334882
334890
334911
335034
335130
335185
335265
335455
335517
335549
335824
336285
336303
336375
336399
336436
336437
336675
336708
336752
336784
336843
336940
336947
337341
337626
337677
337681
337756
337856
337966
338137
338325
338429
338492
338525
338652
339098
339140
339144
339269
339670
339870
340036
340267
340364
340586
340607
340750
340757
340762
340853
340867
340947
340973
341078
341100
341135
341201
341208
341224
341245
341378
341415
341524
341566
341567
341641
341669
341673
341719
341808
341854
341948
342152
342171
342212
342264
342606
342615
342622
342748
342780
342908
343052
343174
343349
343566
343621
343669
343732
343745
343780
343825
343887
343905
343925
343962
344088
344090
344169
344481
344650
344967
345008
345189
345247
345344
345615
345800
345976
346743
346785
346891
347028
347052
347072
347074
347089
347113
347136
347154
347460
347478
347630
347645
347908
347937
347958
348079
348252
348277
348436
348613
348658
348703
348855
348856
349001
349051
349109
349150
349508
349640
349659
349661
349778
349877
350067
350145
350147
350217
350278
350308
350417
350429
350459
350703
350844
350901
351466
351621
351862
351920
352094
352200
352217
352307
352436
352550
352925
352960
353370
353375
353411
353518
353653
353733
353874
353966
353992
354095
354262
354370
354394
354485
355007
355015
355058
355139
355142
355191
355209
355216
355225
355497
355565
355609
355622
355682
355712
355741
355855
355982
355987
355998
356005
356026
356039
356060
356119
356126
356138
356227
356476
356527
356581
356650
356914
356972
356974
357030
357270
357277
357368
357463
357768
357788
357850
357964
358107
358116
358439
358516
358545
358565
358604
358733
359393
359550
359645
359740
359742
360004
360048
360056
360118
360122
360309
360397
360406
360451
360514
360867
360933
360935
361161
361264
361796
361808
361973
361992
362058
362277
362294
362353
362479
362511
362520
362843
363003
363009
363107
363212
363477
363485
363566
363702
363759
363817
363820
363860
363868
363902
363925
363929
363938
364106
364110
364487
364521
364774
364802
364868
364955
365071
365253
365348
365354
365603
365812
365932
366008
366036
366049
366284
366398
366493
366530
366555
366675
366706
366765
366818
366831
366839
367212
367565
367651
367699
367740
367832
367967
368029
368231
368273
368484
368549
368610
368617
368647
368812
368893
369024
369047
369216
369242
369378
369434
369504
369535
369686
369706
369779
369862
369900
369998
370019
370104
370132
370286
370431
370443
370465
370487
370508
370590
370754
370921
370987
371069
371300
371373
371375
371392
371853
371909
372013
372014
372081
372151
372240
372361
372404
372413
372461
372464
372477
372514
372609
372617
372806
372815
372871
373060
373262
373445
373453
373514
373596
373603
373628
373710
373789
373867
373909
373915
373981
374166
374170
374214
374231
374413
374701
374767
375046
375048
375439
375472
375545
375607
375611
375633
375748
375828
375887
376266
376271
376298
376397
376480
376566
376625
376653
376820
376872
376983
377013
377098
377198
377210
377237
377283
377336
377393
377599
377850
377856
377864
377970
377981
378069
378086
378102
378137
378147
378295
378309
378368
378535
378787
378934
379031
379070
379122
379135
379158
379230
379378
379429
379455
379549
379561
379563
379633
379656
379869
379986
380094
380270
380446
380495
380546
380752
380766
380818
380916
381071
381086
381238
381453
381494
381543
381548
381558
381665
381684
381748
381760
382150
382156
382537
382715
382716
382726
382824
382895
382967
383017
383064
383066
383319
383342
383399
383559
383736
383788
383842
383848
383876
383927
383928
384366
384631
384647
384670
384729
384788
384831
384889
384897
384920
384935
385012
385054
385122
385209
385219
385390
385631
385740
385790
386137
386292
386325
386416
386442
386525
386532
386553
386664
386833
386864
387000
387271
387577
387649
387849
387891
388556
388598
388956
389200
389477
389552
389592
389610
389612
389713
389727
389812
390047
390102
390361
390611
390735
391181
391253
391286
391395
391475
391490
391518
391570
391573
391773
391999
392028
392050
392054
392088
392112
392223
392295
392375
392547
392580
392631
392765
392783
392894
392933
392979
393013
393061
393132
393172
393195
393222
393274
393281
393308
393458
393526
394247
394380
394396
394561
394785
394941
395187
395244
395403
395476
395698
395772
396094
396156
396193
396390
396418
396439
396446
396472
396521
396530
396654
396708
396910
396912
396966
396969
397016
397102
397324
397455
397507
397532
397602
397605
397800
397935
397973
398107
398170
398257
398339
398359
398445
398651
398972
399067
399106
399317
399348
399357
399390
399644
399649
399713
399875
399910
399995
400012
400091
400175
400388
400403
400452
400626
400850
401167
401223
401453
401628
401785
401801
401979
402036
402081
402104
402187
402448
402575
402577
402842
402991
403284
403395
403451
403576
403691
403699
403790
403791
403870
403955
404114
404142
404169
404180
404191
404204
404246
404278
404699
404770
404790
404862
405140
405269
405382
405495
405690
405877
405977
406201
406237
406421
406476
406562
406613
406819
406893
406962
407001
407020
407021
407042
407049
407421
407427
407670
407834
407861
407879
407880
407924
408168
408327
408447
408524
408565
408661
408816
408874
409112
409119
409208
409219
409431
409525
409612
409666
409775
409796
409844
409864
409998
410062
410135
410220
410229
410398
410405
410522
410528
410742
411069
411141
411741
412045
412152
412226
412306
412331
412606
412663
412732
412796
412840
413019
413090
413223
413255
413362
413430
413786
413795
413828
413874
413970
413982
414125
414213
414224
414315
414332
414391
414637
414641
414997
415044
415238
415390
415442
415508
415607
415647
415861
416066
416088
416138
416229
416368
416482
416522
416666
416719
416753
416880
416899
416934
416936
417141
417325
417486
417742
418055
418142
418148
418151
418195
418256
418277
418294
418510
418683
418695
418700
418729
418786
418889
419026
419251
419450
419490
419585
419694
419759
419784
419791
419926
419958
419990
420046
420062
420100
420139
420141
420205
420239
420315
420318
420338
420416
420508
420550
420621
420719
420743
420832
420845
420859
420918
421100
421148
421194
421414
421452
421544
421598
421633
421826
421999
422281
422520
422609
422610
422692
422899
422925
422959
422974
423013
423022
423219
423238
423251
423324
423416
423831
424054
424059
424253
424341
424343
424366
424501
424601
424690
424692
424776
424831
424935
425028
425143
425145
425262
425570
425624
425646
425790
425865
425960
426046
426133
426193
426217
426330
426383
426435
426459
426522
426535
426724
426735
426819
427001
427125
427132
427198
427249
427540
427728
427874
427923
427941
427981
428168
428175
428320
428456
428475
428643
428767
428776
428879
428902
428971
428985
429006
429104
429387
429564
429622
429656
429718
429928
429976
430112
430183
430268
430383
430492
430589
430673
430787
430907
430939
430953
431044
431108
431550
431614
431658
431735
431846
431867
432015
432033
432282
432353
432491
432513
432553
432668
432757
433072
433137
433233
433256
433731
433745
433869
433905
433920
434031
434289
434324
434370
434684
434815
434824
434880
434892
434960
435071
435369
435456
435460
435471
435488
435778
435819
435929
436201
436277
436351
436405
436428
436429
436557
436571
436581
436858
436905
436912
437142
437267
437397
437504
437826
437850
437923
438165
438171
438184
438305
438352
438409
438530
438602
438832
438854
438867
438884
438953
439149
439257
439334
439392
439676
439701
439709
440094
440146
440160
440179
440221
440260
440332
440362
440424
440492
440683
440724
440897
440900
441124
441160
441363
441371
441517
441533
441636
441672
441699
441707
441823
441932
441942
442009
442154
442275
442328
442393
442418
442592
442691
442698
442748
442786
442795
442828
442873
442888
442907
443072
443089
443195
443222
443416
443534
443574
443583
443628
443669
443673
443734
443773
443827
443834
443875
444306
444421
444476
444593
444620
444810
445096
445102
445201
445302
445358
445375
445418
445454
445616
445875
445924
445997
446093
446194
446282
446374
446429
446454
446476
446494
446557
446694
447000
447042
447043
447299
447386
447436
447454
447464
447534
447559
447747
448082
448110
448167
448313
448335
448343
448351
448456
448464
448479
448630
448650
448859
448882
448931
448971
449020
449270
449294
449372
449583
449612
449644
449756
449891
449895
449939
450129
450182
450212
450340
450401
450406
450456
450475
450697
450829
451095
451160
451228
451372
451475
451568
451584
451770
451864
451938
451939
451974
452061
452078
452132
452199
452288
452313
452508
452641
452681
452693
452699
452713
452955
453074
453198
453235
453281
453320
453465
453473
453562
453575
453751
453754
453793
453907
453961
454115
454215
454461
454571
454764
454860
454886
455161
455304
455361
455411
455508
455645
455673
455700
455844
455887
455974
456181
456201
456267
456282
456292
456695
457051
457105
457122
457186
457206
457213
457362
457365
457402
457485
457716
457718
457910
458076
458181
458425
458572
458576
458745
458943
459046
459104
459168
459193
459226
459241
459355
459422
459593
459622
459651
459666
459682
459915
459961
460056
460155
460541
460606
460687
460723
460724
460964
461015
461239
461256
461308
461335
461436
461474
461477
461571
461596
461655
461691
461889
462047
462050
462059
462132
462284
462372
462466
462474
462555
462718
462942
462982
463066
463177
463294
463349
463449
463756
463776
463895
463946
464067
464075
464391
464563
464737
464827
464988
465123
465203
465205
465235
465366
465506
465660
465740
465758
465822
465826
465997
466009
466024
466047
466086
466110
466386
466436
466454
466483
466559
466979
467037
467049
467210
467384
467432
467472
467598
467655
467951
467954
468022
468041
468274
468684
468732
468785
468836
468989
469088
469200
469257
469343
469486
469684
469713
469979
470006
470275
470324
470374
470461
470833
470879
471022
471187
471346
471483
471566
471736
471739
471965
472190
472215
472421
472449
472525
472635
472674
472702
472748
472862
472907
472944
473190
473299
473309
473496
473588
473678
473788
473818
473854
473954
473994
474037
474196
474253
474262
474372
474425
474570
474938
474958
474965
475365
475409
475425
475547
475563
475674
475711
475795
475869
476026
476207
476291
476356
476480
476545
476835
476854
476858
476864
476891
477153
477270
477296
477384
477419
477426
477510
477699
477759
477762
477790
477840
477971
478077
478097
478146
478438
478531
478841
478970
479096
479424
479427
479470
479533
479572
480222
480302
480308
480375
480403
480524
480655
480833
480912
481074
481125
481154
481177
481182
481191
481456
481620
481639
481724
481740
481836
482044
482224
482256
482258
482295
482397
482547
482592
482661
482737
482958
482995
483244
483260
483295
483391
483501
483612
483745
483805
483844
483940
483953
483977
484077
484109
484233
484401
484525
484633
484648
484675
484717
484794
484987
485001
485052
485105
485304
485503
485508
485515
485593
485807
485829
485895
486219
486284
486494
486509
486730
486941
487178
487202
487305
487373
487493
487538
487598
487626
487635
487756
487840
487895
487971
488493
488540
488787
488801
488820
488881
488956
488967
488968
489036
489157
489169
489171
489689
489730
489821
489852
490026
490138
490191
490228
490279
490290
490318
490399
490479
490518
490733
490763
490786
490830
490848
490858
490926
491012
491117
491152
491546
491552
491622
491631
491644
491765
491808
491810
492026
492188
492359
492426
492462
492562
492637
492856
492934
493262
493327
493402
493577
493593
493640
493659
493752
493753
493858
493900
493901
493914
493926
493935
493960
494009
494210
494259
494299
494370
494461
494528
494661
494678
494794
494795
494869
495049
495076
495169
495191
495352
495626
495912
495913
496037
496110
496257
496629
496842
496943
497125
497302
497358
497651
497762
497907
497953
497997
498053
498370
498427
498491
498602
498623
498708
498878
498905
499021
499369
499406
499479
499498
499535
499569
499615
499627
499642
499653
499827
499893
499971
500180
500233
500434
500450
500558
500660
500709
500948
501404
501456
501462
501509
501511
501555
501783
501991
502027
502041
502128
502288
502426
502436
502590
502640
502710
502744
502796
502921
502936
503081
503129
503209
503285
503348
503356
503973
504203
504435
504476
504479
504614
504751
504897
504919
505187
505329
505342
505419
505431
505599
505639
505663
505827
505831
505840
505875
505916
505960
506034
506044
506285
506526
506764
506866
506867
506923
506973
507015
507029
507115
507119
507122
507124
507288
507311
507369
507433
507662
507750
507805
507932
508069
508088
508147
508270
508541
508647
508725
508742
508803
508876
508889
508963
509016
509038
509138
509225
509245
509621
509672
509765
509795
509830
510046
510218
510237
510367
510927
511006
511194
511270
511476
511565
511619
511653
511700
511811
511921
511927
512110
512119
512217
512502
512837
513184
513253
513513
513537
513629
514097
514156
514162
514322
514390
514420
514437
514483
514488
514511
514700
514707
514889
514914
515132
515187
515264
515267
515324
515454
515565
515573
515849
516234
516410
516489
516522
516545
516554
516565
516570
516580
516588
516745
516854
516875
516888
517014
517126
517130
517164
517210
517356
517430
517897
518013
518147
518237
518540
518728
518837
518838
518907
518958
518991
519053
519357
519360
519361
519429
519560
519563
519775
519830
519874
519991
520025
520042
520055
520056
520069
520115
520214
520223
520287
520364
520398
520441
520459
520481
520627
520873
520875
521013
521110
521252
521501
521537
521563
521670
521820
521821
521898
521988
522003
522082
522179
522294
522296
522307
522317
522352
522536
522555
522722
522940
522985
523039
523079
523241
523242
523249
523456
523522
523525
523648
523711
524012
524025
524057
524280
524732
524935
524938
524944
524950
524985
525091
525117
525204
525272
525332
525356
525585
525586
525813
525830
525848
525972
525975
526001
526031
526034
526180
526323
526818
526868
526876
526932
527028
527175
527221
527403
527423
527451
527584
527664
527802
527928
528107
528403
528445
528514
528524
528551
528659
528748
528890
528959
528971
528983
528994
529027
529366
529757
529802
529901
530107
530114
530221
530352
530564
530620
530666
530699
530708
531083
531110
531396
531400
531594
531709
531817
531836
531880
531900
531971
532060
532296
532356
532674
532711
532752
532884
532894
533068
533098
533140
533201
533280
533354
533360
533415
533431
533623
533738
533755
533796
533872
533950
534224
534327
534346
535015
535156
535175
535246
535356
535422
535456
535503
535575
535578
535580
535611
535764
535849
536041
536167
536218
536312
536436
536580
536597
536863
536869
536912
536919
537046
537104
537130
537178
537219
537443
537467
537471
537584
537615
537671
537734
537860
537864
538251
538275
538367
538412
538443
538483
538623
538851
538990
539081
539155
539244
539369
539377
539482
539565
539657
539688
539715
539871
539936
540099
540178
540390
540402
540404
540422
540438
540507
540544
540570
540592
540633
540667
540727
540791
540797
540817
540838
540926
541064
541066
541363
541426
541523
541773
541774
541813
542104
542136
542142
542291
542425
542436
542497
542743
542765
542833
542906
543196
543273
543280
543396
543595
543646
543649
543715
543946
543984
544195
544307
544318
544428
544532
544613
544740
544743
544753
544900
545051
545067
545293
545404
545590
545688
545697
545953
546192
546409
546459
546468
546534
546591
546610
546640
546706
546802
546849
546948
546980
547121
547229
547322
547389
547418
547455
547460
547471
547647
547768
547777
547860
547895
548072
548133
548235
548593
548601
548638
548750
548772
548804
548886
548964
549110
549247
549295
549312
549355
549450
549495
549678
549706
549716
549828
549832
550091
550117
550128
550227
550275
550344
550413
550542
550912
550917
551041
551120
551348
551421
551533
551583
551632
551650
551742
551873
551900
551956
552190
552278
552475
552487
552497
552529
552540
552897
552953
553028
553183
553370
553408
553530
553777
553881
553957
554022
554090
554157
554234
554332
554405
554406
554454
554505
554692
554776
554801
554861
555050
555081
555110
555242
555389
555492
555517
555837
556028
556031
556075
556080
556087
556161
556320
556345
556346
556472
556643
556670
556715
556759
556987
557397
557764
557851
557941
558069
558196
558257
558264
558335
558417
558476
558804
558928
558945
559116
559164
559246
559374
559437
559555
559699
559733
559791
559825
559998
560019
560175
560422
560484
560489
560567
560578
560622
560808
560820
560831
561158
561233
561407
561674
561822
561988
562117
562152
562164
562182
562189
562198
562340
562344
562558
562901
563084
563199
563247
563304
563393
563526
563554
563630
563661
564100
564118
564262
564439
564447
564486
564496
564601
565176
565188
565204
565319
565344
565412
565492
565676
565824
565846
566084
566223
566291
566582
567100
567105
567178
567213
567284
567424
567426
567452
567604
567618
567680
567689
567783
567796
567896
568033
568040
568138
568318
568404
568428
568466
568480
568500
568516
568527
568576
568783
568861
568865
569006
569049
569133
569312
569314
569395
569442
569489
569520
569555
569616
569662
569690
569783
569853
570160
570284
570368
570402
570588
570629
570630
570686
570712
570717
571006
571029
571047
571081
571168
571180
571198
571578
571618
571656
571734
571805
571882
572021
572237
572276
572336
572497
572526
572531
572811
572812
573107
573125
573187
573536
573584
573640
574055
574109
574286
574311
574332
574570
574624
574650
574732
574796
574819
574885
574886
574960
574980
575024
575274
575292
575405
575533
575550
575567
575685
575862
576091
576319
576320
576420
576499
576618
576663
576678
576745
576948
577152
577237
577263
577355
577558
577685
577829
577860
577870
577953
578087
578103
578106
578118
578199
578269
578319
578370
578407
578452
578500
578698
578740
578818
578857
578902
579027
579284
579353
579445
579446
579487
579627
579701
579717
579763
579792
579925
580001
580020
580057
580116
580164
580232
580334
580371
580392
580581
580628
580680
580742
580853
580994
581081
581251
581287
581333
581456
581589
581649
581654
581661
581786
581883
581949
581994
582116
582141
582194
582382
582457
582497
582535
582632
582653
582729
582782
582833
582851
583079
583112
583131
583143
583147
583158
583307
583526
583614
583762
583880
583934
583986
584005
584057
584098
584115
584265
584605
584726
584760
584783
584803
584910
584977
584981
585046
585198
585224
585296
585407
585449
585606
585642
585852
585883
585890
585912
585939
586719
586874
586993
587058
587258
587353
587356
587373
587588
587616
587643
587692
587811
587850
587904
588201
588213
588451
588597
588665
588670
588829
588939
589278
589504
589629
590075
590237
590267
590287
590317
590387
590465
590481
590496
590565
590606
590788
591016
591057
591101
591114
591333
591500
591885
592128
592134
592157
592309
592733
592847
592948
593144
593170
593187
593205
593349
593452
593476
593702
593790
593874
594061
594257
594339
594480
594493
594618
594671
594735
594770
594844
594948
594985
595009
595130
595173
595296
595299
595438
595602
595802
595920
595941
595948
595953
596085
596132
596437
596592
596594
596666
596805
596885
596928
597219
597435
597441
597496
597511
597547
597711
597728
597888
597921
598007
598064
598093
598109
598207
598237
598277
598532
598551
598774
598852
598928
599181
599306
599378
599519
599574
599690
599940
600031
600079
600095
600368
600411
600662
600916
601192
601235
601487
601512
601583
601663
601731
601792
601946
602145
602225
602238
602268
602382
602549
602566
602796
602847
602888
602977
602980
602983
603064
603086
603117
603235
603398
603434
603444
603655
603693
603763
603810
603816
603856
604145
604184
604186
604274
604324
604397
604450
604773
604815
604972
605016
605027
605070
605092
605449
605681
605760
605778
605891
606046
606159
606160
606301
606328
606361
606803
607025
607086
607155
607213
607290
607320
607356
607359
607496
607497
607581
607627
607655
607731
607840
607967
608051
608090
608101
608197
608206
608294
608449
608625
608676
608687
608697
608763
608772
608834
608905
609282
609541
609547
609647
609760
609899
609906
610110
610268
610566
610576
610679
610800
610837
610849
610987
611024
611025
611078
611097
611253
611337
611427
611471
611620
611746
611850
611906
611931
612091
612117
612221
612450
612511
612724
613222
613440
613447
613652
613829
613964
614130
614290
614555
614606
614614
614673
614824
615069
615187
615231
615280
615323
615339
615372
615453
615531
615618
615628
615862
615965
615993
616044
616161
616196
616204
616250
616275
616319
616321
616413
616572
616824
616871
616897
616901
616982
617001
617050
617081
617320
617395
617430
617463
617534
617664
617724
617757
617792
617866
617878
617916
617930
618114
618120
618340
618457
618661
618711
618926
619080
619125
619426
619752
619946
620269
620283
620314
620409
620415
620455
620573
620621
620675
620683
620786
620798
620847
620981
621084
621118
621140
621160
621225
621260
621322
621509
621549
621560
621623
621666
622016
622248
622296
622726
622881
622983
623229
623262
623308
623381
623469
623517
623660
623800
623846
623870
624078
624231
624257
624430
624435
624455
624457
624501
624520
624997
625117
625160
625222
625492
625501
625615
625739
625786
625793
625859
625978
626283
626391
626462
626555
626653
626676
627124
627240
627271
627287
627296
627306
627439
627652
627694
627860
627935
628033
628101
628269
628301
628348
628358
628368
628426
628485
628510
628587
628628
628722
628881
628927
628946
628982
629020
629186
629280
629354
629424
629456
629585
629592
629720
629840
630102
630128
630194
630221
630274
630281
630285
630351
630361
630462
630632
630935
631041
631062
631183
631206
631337
631458
631478
631654
631808
632134
632192
632202
632205
632340
632350
632366
632369
632445
632457
632540
632568
632789
632794
632886
633335
633432
633466
633573
633615
633623
633668
633780
633908
634192
634434
634604
634740
635068
635142
635290
635380
635760
635879
636026
636073
636134
636248
636265
636327
636338
636388
636632
636668
636724
636784
636802
636831
636892
636938
636993
636996
637012
637171
637218
637323
637327
637438
637580
637645
637646
637760
637772
637867
638037
638130
638302
638305
638437
638479
638487
638656
638843
638930
639145
639217
639322
639366
639644
639681
639730
639826
639842
639861
640115
640142
640155
640172
640177
640189
640307
640466
640627
640864
641012
641284
641361
641547
641607
641671
642143
642205
642474
642548
642566
642573
642610
642761
642879
642926
643274
643420
643452
643484
643516
643712
643719
644034
644355
644538
644798
644857
644978
645216
645220
645319
645557
645695
645731
645775
646134
646228
646273
646345
646389
646391
646421
646534
646566
646649
646947
646987
647113
647232
647459
647691
647694
647765
647859
647885
647991
648018
648159
648441
648442
648472
648495
648527
648620
648819
648902
649070
649139
649148
649151
649213
649278
649284
649438
649685
649729
649794
649825
650041
650128
650293
650307
650347
650477
650566
651043
651207
651403
651441
651543
651819
651826
651921
651948
651984
652136
652175
652211
652231
652357
652444
652899
652905
652950
652994
653069
653089
653444
653494
653599
653730
653803
653879
654018
654113
654121
654204
654334
654362
654762
654957
655023
655034
655117
655329
655370
655384
655527
655663
655681
655702
655714
655831
655949
656075
656077
656260
656273
656296
656343
656374
656383
656544
656571
656587
656810
656835
657113
657177
657671
657682
657728
657876
657972
658079
658278
658379
658455
658505
658562
658575
658727
658737
658849
659002
659110
659116
659212
659349
659414
659467
659530
659595
659777
659792
659833
660038
660070
660158
660194
660211
660221
660252
660254
660494
660745
660789
660883
660902
661034
661062
661067
661117
661211
661221
661270
661381
661691
661749
661767
661802
661984
662051
662208
662221
662282
662368
662447
662471
662548
662573
662638
662739
662748
663061
663089
663139
663224
663476
663523
663536
663701
663752
663782
664079
664146
664163
664215
664237
664322
664339
664424
664612
664675
664709
664844
665033
665075
665180
665252
665283
665523
665607
665783
665987
666020
666088
666322
666447
666551
666647
666692
666803
667004
667058
667251
667325
667428
667500
667530
668088
668366
668417
668519
668647
668690
668718
668740
668919
669015
669209
669437
669485
669487
669844
670157
670169
670179
670186
670219
670273
670540
670689
670961
671118
671132
671437
671681
671741
671844
672037
672050
672109
672308
672384
672534
672591
672711
672914
673052
673068
673155
673170
673329
673452
673500
673529
673663
673757
673838
674018
674101
674145
674170
674665
674683
674690
674707
674777
675115
675179
675222
675241
675280
675328
675349
675566
675579
675588
675636
675838
675883
675971
676022
676047
676122
676326
676538
676657
676661
676672
676777
676857
676861
676958
677011
677016
677266
677289
677497
677515
677563
677629
677642
677647
677664
677704
677858
677886
677948
678112
678284
678305
678371
678434
679100
679248
679401
679443
679600
679618
679621
679663
679697
679732
679880
679906
679982
680011
680268
680391
680408
680420
680437
680453
680455
680513
680593
680701
680868
680887
680938
681008
681138
681307
681324
681330
681408
681573
681801
681815
681859
681981
681996
682020
682346
682449
682501
682793
682920
683031
683210
683590
683720
683737
683748
683985
684094
684544
684599
684600
684660
684727
684751
684788
684880
685092
685158
685256
685426
685529
685553
685835
685920
685943
685956
686006
686134
686176
686300
686378
686537
686575
686589
686764
686827
686945
686954
687021
687376
687388
687436
687472
687565
687719
687927
688049
688118
688121
688148
688321
688441
688693
688813
688919
689015
689022
689128
689147
689479
689537
689541
689545
689679
689995
690046
690165
690273
690276
690426
690476
690564
690573
690717
690835
690881
690962
690974
690989
691048
691139
691202
691399
691429
691449
691519
691756
691773
691913
691931
692005
692123
692709
692742
693122
693150
693214
693340
693509
693513
693604
693746
693786
693829
693954
694072
694080
694130
694135
694362
694388
694430
694591
694780
694786
694788
694827
694925
694926
695138
695160
695330
695513
695693
695813
695827
695952
696029
696070
696305
696350
696508
696516
696566
696677
696702
696716
696802
696882
697060
697081
697098
697209
697243
697532
697618
697702
697721
697762
697851
697955
697991
698140
698376
698476
698577
698789
698813
698826
698959
699009
699044
699198
699222
699441
699684
699869
699926
699979
699982
700051
700332
700413
700687
700759
700850
701131
701137
701237
701369
701435
701607
701660
701686
701707
701738
701821
701906
701972
702022
702032
702089
702126
702176
702240
702360
702543
702563
702571
702718
702759
702858
702874
703000
703043
703241
703283
703327
703368
703408
703544
703564
703598
703640
703663
703839
703840
703893
703923
704260
704343
704547
704623
704637
705015
705048
705062
705235
705304
705497
705568
705617
705625
705662
705734
705797
705866
706006
706021
706102
706108
706123
706157
706304
706489
706617
706880
707079
707093
707109
707363
707372
707809
707848
708196
708407
708432
708541
708961
709027
709041
709068
709079
709086
709251
709303
709384
709414
709481
709563
709713
709783
709785
709828
710009
710412
710432
710602
710609
710684
710815
710996
711408
711503
711684
711692
711761
711763
711991
712009
712113
712135
712287
712301
712419
712455
712510
712538
712584
712622
712797
712982
713186
713528
713534
713573
713585
713804
713824
713868
713914
714001
714030
714203
714206
714557
714570
714776
714834
714930
715086
715135
715400
715404
715414
715415
715454
715507
715543
715596
715657
715661
715821
715837
715990
716028
716062
716099
716191
716253
716365
716459
716568
716604
716655
716728
716751
716951
717025
717087
717286
717605
717625
717695
717725
717768
718128
718362
718558
718559
718569
718572
718577
718667
718754
718893
719234
719254
719325
719370
719393
719686
719750
720339
720522
720552
720576
720593
720657
720914
720930
721171
721186
721243
721310
721455
721457
721478
721534
721653
721683
721706
721719
721777
721807
721886
722343
722415
722479
722559
722742
722855
722920
722982
723047
723151
723188
723218
723317
723369
723490
723544
723582
723609
723617
723656
723769
723997
724017
724098
724354
724440
724464
724617
724661
724750
724774
725003
725022
725044
725058
725306
725384
725565
725606
725618
725755
725865
725964
726052
726181
726247
726342
726671
726710
726946
726988
727003
727015
727215
727308
727513
727624
727678
727809
727910
727991
728143
728166
728277
728648
728754
728807
728866
728943
728961
728989
729040
729055
729106
729185
729237
729316
729368
729589
729624
729710
729731
729844
729978
730001
730020
730059
730067
730211
730300
730341
730440
730443
730492
730961
731136
731207
731320
731448
731665
731727
731778
731848
731917
732238
732282
732295
732339
732489
732564
732571
732663
732754
732763
732904
733240
733256
733423
733509
733516
733585
733601
733744
733818
733836
733839
733918
734352
734371
734382
734397
734548
734628
734657
734993
735203
735401
735474
735482
735517
735559
735630
735726
735815
735833
735923
736001
736105
736182
736228
736235
736317
736361
736624
736681
736682
736843
736862
737118
737233
737321
737592
738108
738364
738366
738385
738395
738408
738457
738505
738580
738699
738740
738786
738899
738912
739047
739234
739446
739543
739918
739963
740131
740145
740166
740231
740365
740538
740553
740575
740681
740736
740791
740813
740949
741115
741300
741317
741398
741406
741530
741736
741868
741929
741943
742001
742012
742019
742199
742205
742331
742431
742830
742833
743145
743165
743166
743479
743698
743793
743938
743970
744094
744184
744236
744354
744404
744484
744514
744565
744587
744707
744831
745125
745139
745186
745191
745241
745379
745386
745497
745566
745573
745647
745803
746162
746461
746795
746814
746821
746912
747107
747402
747438
747521
747576
747601
747765
748055
748078
748115
748234
748373
748527
748755
748766
748816
748973
749106
749309
749320
749454
749733
749751
749913
750022
750025
750109
750593
750750
750830
750903
750919
750940
751047
751048
751067
751249
751338
751369
751388
751407
751700
751779
751824
752161
752174
752245
752281
752473
752503
752730
752736
752788
752829
752861
752918
753139
753163
753241
753259
753687
753717
753722
753725
753893
753928
754008
754062
754172
754594
754929
754987
755029
755215
755376
755513
755635
755676
755851
755943
756037
756105
756190
756309
756359
756510
756544
756665
756728
756777
756819
756961
756968
757149
757190
757241
757242
757427
757444
757524
757671
757726
757790
758033
758388
758393
758518
758602
758622
758623
758651
759039
759107
759145
759215
759425
759482
759484
759603
759695
759741
759819
760022
760119
760551
760572
760733
760807
760951
761031
761150
761297
761343
761479
761584
761794
761799
761833
761883
762122
762220
762239
762678
762701
762802
762905
762914
762966
762989
763027
763036
763065
763121
763182
763260
763692
763712
763863
763916
763979
764012
764177
764242
764357
764441
764451
764459
764472
764581
764640
764709
765368
765377
765524
765751
765859
766251
766296
766550
766728
766855
766857
766999
767026
767070
767077
767251
767368
767468
767842
767929
767963
768079
768086
768095
768098
768145
768159
768355
768403
768648
768678
769243
769263
769275
769331
769380
769435
769484
769587
769593
769613
769704
769706
769778
769802
769889
770029
770195
770450
770819
770848
770862
770924
770929
770957
771123
771143
771156
771226
771235
771241
771472
771531
771567
771722
771750
771770
771857
771877
771913
772036
772123
772132
772171
772187
772371
772529
772586
772728
772793
772911
772914
773487
773489
773554
773917
774150
774286
774445
774461
774507
774570
774665
774681
774748
774754
775336
775655
775677
775686
775689
775701
775723
775760
775887
776046
776067
776081
776291
776343
776417
776642
776651
776712
776779
776838
776842
777404
777472
777579
777611
777992
778066
778122
778135
778145
778209
778347
778359
778658
778689
778765
778769
778872
778927
779230
779485
779489
779614
779745
779856
779882
779952
779989
780038
780104
780138
780261
780312
780389
780402
780499
780566
780876
780979
781171
781199
781230
781246
781329
781349
781431
781684
781754
781804
781879
782025
782085
782110
782292
782361
782383
782529
782719
782722
782790
782867
782894
782911
782920
783036
783333
783677
783716
783898
783914
783959
783987
784027
784312
784320
784593
785085
785090
785390
785432
785589
785651
785866
785966
786041
786315
786326
786351
786365
786717
786885
787090
787133
787236
787338
787539
787645
787653
787814
787863
787895
787906
788084
788219
788238
788308
788353
788475
788610
788650
788666
788817
788863
788996
789009
789018
789042
789054
789076
789517
789711
789745
789987
790047
790090
790094
790106
790114
790187
790209
790319
790440
790515
790537
790668
790838
790893
791097
791217
791680
791771
792012
792224
792332
792352
792384
792554
792682
792801
793114
793142
793185
793197
793208
793277
793475
793685
793736
793751
793753
793819
793875
794001
794102
794154
794529
794682
794950
795093
795636
795769
795926
796341
796398
796509
796570
796640
796711
796737
796807
796823
797125
797168
797178
797300
797437
797873
797919
797936
798008
798108
798149
798163
798206
798321
798513
798701
799057
799195
799503
799623
799658
799895
799923
800155
800396
800478
800983
801055
801075
801129
801271
801541
801585
801604
801813
801857
801884
801949
802003
802068
802082
802104
802133
802197
802257
802318
802401
802463
802578
802652
802702
802763
802844
803009
803028
803234
803326
803379
803572
803743
803782
804090
804098
804125
804164
804223
804546
804789
804911
804922
805007
805016
805063
805199
805505
805535
805541
805675
805703
805849
805959
806000
806351
806369
806408
806446
806612
806616
806818
806820
806878
806888
806965
807008
807099
807276
807451
807455
807468
807478
807624
807703
807750
807908
808108
808127
808280
808420
808665
808702
808808
808963
809026
809041
809214
809260
809562
809861
809871
810124
810336
810398
810444
810446
810699
810720
810743
810774
810792
810892
810923
810971
811118
811120
811176
811232
811277
811372
811529
811533
811585
811670
811971
812189
812254
812404
812499
812503
812716
812883
812979
813042
813467
813482
813554
813573
813590
813713
813919
814027
814085
814205
814263
814483
814745
814788
814924
814952
815397
815614
815925
816031
816038
816069
816145
816193
816422
816465
816496
816589
816939
816960
816986
817033
817190
817247
817255
817259
817303
817324
817369
817503
817547
817604
817850
817924
817940
817941
818247
818295
818413
818593
818738
818745
818748
818959
819039
819181
819310
819391
819742
819799
819931
820066
820114
820394
820395
820900
820989
821041
821203
821226
821236
821379
821543
821677
821695
821827
822001
822124
822130
822192
822196
822395
822417
822482
822556
822591
822607
822713
822792
822849
822869
822926
822945
822995
823008
823088
823224
823282
823484
823577
823785
823796
823852
823885
823894
823948
824136
824162
824333
824387
824471
824646
824750
824889
825032
825072
825118
825292
825325
825678
825717
825734
825752
825792
825803
825862
825868
825915
825983
826287
826329
826354
826418
826445
826599
826671
826806
827157
827166
827193
827210
827235
827336
827433
827624
827748
827944
828005
828053
828306
828409
828435
828459
828465
828585
828761
828770
828867
829016
829109
829291
829540
829682
829958
829990
829995
830020
830024
830124
830134
830159
830197
830352
830504
830549
830555
830565
830576
830655
830758
830843
830977
830982
831004
831128
831180
831214
831309
831407
831837
831888
832100
832177
832250
832328
832502
832701
832767
833017
833084
833173
833441
833518
833535
833538
833551
833578
833676
833771
833956
834040
834057
834109
834162
834340
834621
834936
835083
835152
835224
835354
835569
835671
835680
835681
835714
835742
835753
836160
836525
836655
836697
836954
837422
837514
837708
838212
838236
838300
838671
838731
838747
838750
838899
838938
839036
839040
839274
839284
839345
839387
839473
839648
839679
840038
840201
840440
840458
840485
840625
840777
840778
840790
840827
840969
841036
841043
841095
841132
841156
841312
841443
841448
841450
841634
841688
842023
842217
842267
842269
842310
842346
842401
842425
842439
842618
842734
842910
842941
843057
843125
843137
843393
843396
843414
843445
843494
843507
843512
843577
843864
843953
844233
844413
844740
844786
845273
845538
845723
845827
845950
845956
846038
846321
846336
846455
846566
846660
846685
846688
846761
846848
847033
847099
847162
847248
847426
847440
847471
847576
847644
847653
847718
847803
847847
847856
847919
848304
848452
848515
848625
848881
849014
849022
849026
849076
849368
849444
849474
849789
849894
850401
850634
850702
850856
850868
850965
850983
851103
851211
851233
851427
851428
851566
851567
851653
851661
851685
851736
851817
851957
852139
852370
852636
852645
852718
852849
852961
853215
853247
853306
853369
853508
853584
853708
854013
854056
854199
854203
854349
854406
854419
854625
854640
854770
855100
855111
855129
855223
855251
855296
855327
855329
855371
855538
855629
855650
855842
856101
856127
856264
856318
856594
856663
856724
856760
856893
856918
856951
857135
857160
857228
857291
857321
857345
857594
857619
857940
857969
858009
858089
858095
858140
858142
858158
858161
858259
858261
858267
858300
858490
858516
858597
858639
858727
859027
859093
859120
859192
859203
859272
859508
859553
859594
859725
859736
859788
859835
860040
860110
860211
860239
860263
860316
860360
860392
860393
860394
860406
860436
860634
860672
860805
860857
861059
861401
861630
861643
861914
862091
862273
862410
862416
862435
862525
862639
862675
862769
863005
863166
863262
863266
863327
863365
863442
863533
863647
863654
863720
863829
863890
864268
864287
864325
864434
864527
864597
864611
864674
864926
865196
865512
865637
865666
865713
865845
866120
866127
866155
866168
866239
866398
866404
866421
866483
866598
866877
866896
866926
867064
867126
867344
867380
867382
867404
867571
867697
867711
867792
867900
867944
868153
868274
868504
868573
868843
868920
868993
869030
869041
869066
869094
869442
869615
869892
869923
869996
870000
870163
870199
870228
870270
870331
870491
870625
870803
870850
871039
871192
871282
871335
871391
871662
871819
871820
871852
872014
872178
872202
872233
872367
872519
872685
872752
872956
873158
873232
873272
873348
873522
873556
873869
874034
874060
874071
874111
874140
874388
874436
874772
874969
875128
875220
875231
875460
875480
875594
875779
875780
875839
875869
875900
875950
876078
876187
876276
876341
876394
876473
876487
876505
876632
876729
876793
876801
876898
877015
877070
877157
877346
877399
877417
877440
877445
877513
877525
877571
877620
877654
877727
877836
877879
877885
878117
878225
878249
878314
878894
879122
879185
879283
879354
879357
879374
879389
879392
879492
879574
879581
879651
879675
879684
879737
879761
879810
879910
879915
880013
880066
880189
880190
880308
880322
880372
880512
880553
880589
880685
880698
880756
880966
881009
881043
881068
881069
881070
881165
881374
881635
881716
881723
881747
881793
881900
882170
882349
882366
882410
882657
882734
882833
882991
883067
883105
883184
883248
883281
883462
883553
883680
883736
883858
883938
884233
884581
884592
884627
884709
884950
884983
884989
885003
885085
885206
885606
885655
885675
885756
885779
885814
886063
886292
886353
886449
886458
886575
886921
887045
887156
887202
887291
887384
887395
887426
887495
887522
887587
887713
887800
887842
888145
888167
888170
888466
888575
888614
888740
888754
888763
888981
888993
889160
889256
889437
889622
889790
889821
889829
889881
889980
889983
890010
890136
890183
890191
890301
890399
890622
890760
891085
891133
891287
891429
891586
891629
891846
891935
892121
892308
892345
892386
892412
892430
892565
892576
892652
892674
892715
893051
893072
893102
893144
893173
893464
893539
893627
893642
893701
893774
893867
893875
893901
893925
893967
893974
894068
894100
894138
894210
894240
894291
894559
894653
894657
894683
894686
894823
895035
895245
895357
895392
895471
895556
895657
895768
895957
896163
896210
896283
896676
896841
897055
897198
897346
897364
897382
897424
897526
897535
897879
897882
897962
898351
898534
898603
898705
898831
899118
899158
899542
899743
899928
900098
900126
900199
900250
900288
900347
900371
900423
900426
900679
901002
901107
901121
901155
901447
901589
901828
901834
901966
902077
902185
902220
902428
902455
902485
902490
902615
902714
902735
902764
902840
902873
902887
902946
902956
903021
903133
903177
903246
903265
903296
903715
903779
903827
903853
903960
904073
904225
904303
904334
904336
904781
904967
905030
905041
905129
905288
905355
905383
905447
905458
905483
905555
905817
905867
905871
905924
905925
905987
906043
906108
906293
906305
906462
907001
907016
907273
907326
907408
907887
908014
908231
908323
908892
908970
909241
909398
909489
909536
909724
909768
909984
910002
910026
910149
910208
910334
910365
910368
910418
910443
910557
910614
910637
910712
910759
910891
910960
911065
911083
911116
911275
911288
911666
911759
911900
911905
912031
912139
912233
912401
912407
912536
912610
912627
912635
912670
912683
912761
912777
912796
912902
913020
913078
913095
913151
913239
913274
913313
913427
913501
913685
913790
913836
913897
913981
914087
914108
914109
914137
914158
914185
914187
914283
914380
914459
914725
914765
914878
914969
915306
915370
915547
915612
915765
915802
916079
916087
916245
916286
916376
916387
916388
916692
916725
916792
916845
916851
917011
917013
917135
917187
917190
917210
917259
917434
917450
917643
917744
917888
918388
918428
918463
918612
918659
918865
918916
918923
918955
918988
919156
919191
919199
919222
919230
919518
919581
919671
919739
919745
919862
920016
920249
920279
920304
920365
920394
920454
920465
920576
920654
920696
920930
920947
921011
921091
921119
921125
921171
921307
921348
921924
922173
922502
922507
922585
922681
922729
922919
922963
922973
923143
923279
923439
923441
923477
923792
923806
923984
924091
924179
924189
924486
924612
924673
924675
924781
924995
925156
925369
925375
925467
925555
925676
925705
925856
926035
926077
926257
926341
926403
926431
926490
926606
926691
926708
926770
926803
926885
926913
926958
926998
927005
927206
927256
927401
927528
927553
927615
927762
927794
928066
928083
928103
928200
928280
928307
928667
928745
928746
928875
928883
928921
928936
929145
929201
929340
929713
929825
929898
929957
930021
930077
930223
930341
930424
930508
930672
930720
930804
930828
930898
930961
931017
931023
931051
931166
931526
931614
932013
932045
932052
932101
932112
932271
932285
932339
932375
932412
932536
932544
932551
932598
932651
932722
932761
932788
932801
932891
932966
933002
933031
933037
933107
933152
933249
933251
933252
933316
933350
933400
933412
933472
933908
933961
934137
934145
934154
934203
934281
934575
934623
934668
934863
935041
935190
935356
935429
935481
935501
935524
936101
936221
936237
936286
936315
936667
936733
936879
936883
936965
937037
937051
937259
937320
937573
937665
937868
937906
938074
938198
938322
938329
938586
938602
938618
938741
938862
938922
938964
938971
939261
939377
939385
939507
939587
939609
939649
939652
939672
939807
939881
940193
940212
940217
940247
940440
940642
940762
940879
941205
941418
941465
941501
941506
941629
941689
941695
941805
941823
941938
941971
942001
942124
942339
942604
942664
942824
943061
943485
943503
943872
943893
943927
943963
943980
944056
944166
944271
944301
944354
944727
944947
944974
945065
945208
945298
945414
945502
945685
945697
945744
945760
945888
946376
946543
946566
946625
946943
947020
947022
947268
947367
947409
947457
947513
947553
947570
947765
947773
947801
947825
947876
947925
948226
948228
948268
948272
948428
948498
948559
948608
948848
949036
949176
949704
949716
949798
949894
949912
949941
950024
950040
950203
950347
950400
950467
950504
950520
950547
950794
950845
950864
950977
951050
951104
951163
951200
951226
951271
951403
951521
951621
951630
951690
951724
951849
952087
952123
952135
952140
952224
952274
952544
952624
952760
952765
952868
952876
952893
952935
953097
953107
953254
953286
953592
953632
953848
953924
953934
954024
954071
954094
954138
954198
954294
954363
954481
954669
954930
955004
955104
955128
955225
955231
955427
955428
955429
955858
956173
956214
956302
956370
956674
956714
956932
957017
957504
957665
957733
957907
957953
958024
958141
958406
958510
958541
958725
958733
959158
959235
959490
959823
959982
959983
960034
960206
960324
960361
960436
960455
960508
960689
960843
960852
960937
961001
961073
961144
961210
961221
961412
961486
961534
961558
961599
961637
961639
961660
961669
961813
962265
962313
962461
962504
962523
962593
962752
962930
962932
963000
963121
963163
963210
963345
963350
963374
963429
963567
963589
963866
963969
964010
964043
964165
964191
964345
964352
964377
964433
964441
964485
964488
964550
964563
964663
964904
964974
965024
965260
965279
965356
965503
965513
965648
965682
965717
965821
965979
966084
966304
966348
966350
966392
966494
966524
966700
966702
966799
966888
966897
967036
967270
967302
967562
967840
967879
967889
968131
968200
968305
968447
968497
968501
968790
968801
968802
968807
968825
968846
968927
968930
968981
969003
969050
969085
969226
969322
969339
969344
969353
969475
969482
969528
969578
969713
969743
970000
970077
970089
970151
970172
970483
970552
970809
971059
971122
971211
971305
971386
971498
971504
971585
971590
971692
972039
972314
972514
972538
972613
972692
972739
972743
972980
973182
973323
973385
973523
973575
973635
973723
973729
973919
973951
973968
973971
973972
974078
974140
974402
974425
974472
974546
974939
974941
975083
975115
975310
975320
975349
975351
975447
975468
975523
975658
975776
975870
976096
976102
976389
976469
976583
976615
976689
976995
977003
977062
977143
977180
977255
977402
977625
977680
977688
977841
977944
977978
978107
978282
978312
978380
978445
978506
978555
978691
978856
978996
979146
979225
979250
979254
979384
979413
979543
979623
979629
979648
979781
979808
980029
980130
980171
980246
980289
980382
980545
980701
980742
981031
981284
981326
981367
981537
981658
981738
981813
982032
982306
982331
982402
982558
982692
982744
982957
982993
983008
983049
983070
983251
983405
983423
983443
983549
983690
983743
983906
983925
983927
983964
984086
984271
984380
984483
984521
984573
984719
984798
985035
985040
985428
985472
985502
985509
985516
985537
985545
985585
985635
985786
985874
985897
985979
986014
986126
986173
986247
986271
986272
986326
986409
986493
986567
986635
986648
986656
986668
986675
986689
986853
987031
987040
987105
987218
987388
987396
987399
987574
987785
987915
988068
988130
988386
988511
988608
988690
988699
988771
988887
988897
989095
989597
989697
989806
989988
989989
989995
990086
990203
990228
990361
990516
990584
990940
991028
991192
991280
991726
991854
992001
992029
992252
992266
992272
992312
992373
992488
992502
992599
992620
992653
992766
992805
992859
992937
993166
993167
993242
993348
993610
993619
994074
994104
994146
994257
994273
994310
994492
994503
994719
995086
995153
995214
995230
995257
995273
995333
995565
995610
995708
995824
995966
996234
996239
996288
996356
996545
996654
996680
996684
996764
996792
996856
997254
997425
997458
997487
997729
997993
998003
998009
998078
998099
998100
998114
998375
998407
998422
998576
998774
998832
998849
998881
998894
999236
999295
999398
999461
999539
999671
999693
999774
999975
