127
149
280
281
335
345
366
431
597
657
667
752
864
901
1008
1075
1084
1122
1263
1488
1703
1848
1855
1918
2065
2121
2167
2412
2466
2625
2732
3041
3074
3200
3264
3602
3611
3696
3753
3763
3767
3857
3898
3909
4048
4138
4419
4551
4849
4885
4912
4918
4975
5267
5609
5651
5676
5708
5871
5934
5996
6049
6218
6374
6431
6613
6646
7191
7280
7301
7605
7805
7863
7888
7969
8072
8088
8138
8150
8210
8244
8256
8346
8448
8546
8620
8765
8793
9028
9045
9301
9407
9467
9595
9666
9792
9831
9962
10358
10420
10620
10664
10771
11040
11219
11371
11404
11698
11960
12055
12132
12365
12510
12561
12965
13239
13277
13304
13451
13564
13661
13704
13786
14158
14389
14482
14510
14788
14955
15035
15097
15273
15395
15455
15602
15704
15813
15862
15907
15946
16051
16245
16462
16666
16772
16919
16973
17096
17312
17346
17439
17487
17628
17747
17768
17851
17904
17993
17996
18352
18375
18431
18485
18562
18563
18623
18661
18680
18912
18913
18983
19150
19438
19524
19533
19723
19992
20026
20149
20424
20527
20700
20720
20872
20914
21214
21320
21363
21496
21509
21551
21839
21890
22020
22119
22167
22177
22196
22310
22377
22430
22667
22705
22707
23035
23115
23269
23348
23360
23407
23422
23487
23561
23658
23665
23905
23912
23985
24163
24308
24442
24481
24516
24535
24550
24573
24648
24659
24696
24742
24893
24984
25026
25420
25479
25566
25626
25746
25843
26008
26048
26057
26165
26168
26226
26280
26478
26645
26707
26843
26868
26891
26998
27151
27231
27407
27544
27667
27671
27760
27780
27924
27984
28029
28062
28084
28099
28129
28161
28224
28274
28496
28581
28680
28733
28843
28918
28927
28964
29290
29299
29337
29441
29568
29719
30112
30245
30389
30445
30495
30652
30711
30821
30993
31173
31259
31385
31412
31558
31610
31645
31750
31755
31872
31910
31916
32030
32063
32119
32172
32190
32390
32555
32634
32668
32733
32846
33032
33219
33277
33288
33467
33573
33618
33658
33664
33709
33761
34020
34121
34182
34183
34361
34373
34426
34467
34545
34666
34764
34783
34875
35110
35312
35674
35679
35688
36013
36205
36265
36487
36497
36523
36542
36706
36754
36838
36913
37294
37317
37336
37593
37707
37803
38058
38065
38190
38408
38412
38612
38690
38705
38947
38965
39433
39448
39524
39543
39560
39564
39637
39792
39871
39901
39931
39959
40015
40103
40232
40335
40432
40438
40673
40692
40840
41067
41105
41216
41246
41289
41453
41572
41642
41753
41800
41865
41905
41912
41933
42134
42201
42203
42217
42506
42574
43022
43100
43184
43246
43293
43342
43684
43687
43693
43726
43856
43879
43894
43972
44130
44161
44178
44205
44315
44472
44533
44573
44731
44767
44788
44969
45000
45080
45084
45186
45298
45338
45348
45376
45580
45608
45627
45729
45774
45838
45921
45939
46001
46182
46444
46464
46487
46702
46985
47069
47175
47376
47397
47573
47577
47689
47705
47813
47841
47888
48069
48167
48182
48205
48212
48316
48369
48389
48482
48529
48531
48616
48629
48699
48733
48749
48829
48902
49187
49301
49347
49492
49595
49632
49794
49939
50169
50188
50189
50428
50623
50702
50858
50971
51222
51301
51322
51337
51402
51425
51658
51717
51865
51898
51930
51941
51950
51976
52045
52310
52917
52943
52963
52965
53355
53523
53761
53793
53800
53903
54056
54065
54099
54166
54211
54293
54334
54388
54421
54510
54694
54751
54965
55091
55093
55250
55467
55644
55699
55720
55943
55960
55972
56126
56159
56211
56275
56475
56531
56561
56599
56604
56661
56666
56692
56893
57017
57120
57129
57174
57227
57235
57269
57291
57292
57365
57373
57507
57913
57921
58111
58426
58508
58547
58588
58632
58661
58770
58780
58807
58870
58936
58975
59008
59031
59213
59264
59277
59342
59529
59695
59744
59835
59917
60149
60240
60270
60362
60546
60573
60903
61004
61208
61816
62023
62270
62286
62476
62522
62566
62978
63045
63065
63486
63613
63663
63687
63899
63914
63977
64076
64134
64189
64384
64580
65221
65342
65376
65386
65410
65501
65563
65764
65854
65870
65899
65928
66234
66546
66666
66724
66999
67060
67356
67392
67406
67421
67471
67556
67708
67960
68104
68140
68254
68505
68574
68607
68643
68842
68862
68987
69197
69290
69311
69583
69633
69670
69684
69767
69823
69967
69971
70035
70122
70301
70414
70473
70478
70608
70642
70686
70687
70752
70855
70939
71195
71400
71453
71531
71590
71790
71890
71944
72011
72079
72084
72086
72304
72311
72394
72416
72459
72619
73265
73368
73374
73422
73441
73472
73644
73742
73794
73818
73963
74058
74241
74490
74561
74612
74751
75002
75016
75068
75177
75203
75259
75320
75347
75503
75569
75699
75724
75742
75952
76131
76229
76357
76407
76452
76524
76676
76699
76719
77036
77090
77131
77240
77324
77464
77476
77527
77544
77594
77895
78009
78020
78083
78220
78241
78243
78245
78274
78314
78419
78434
78609
78619
78714
78803
79108
79213
79295
79296
79387
79471
79540
79542
79599
79612
79735
79820
79830
79957
80092
80178
80203
80242
80317
80497
80504
80614
80726
80733
80752
80843
80927
81246
81258
81267
81280
81302
81472
81636
81732
81850
81884
81923
82263
82272
82305
82532
82605
82882
82895
82920
83044
83097
83102
83135
83319
83450
83836
84109
84252
84376
84451
84490
84649
84664
84685
84687
84818
84919
85084
85130
85180
85694
85703
85899
85941
86018
86128
86176
86220
86354
86591
86669
86793
86819
86866
86928
86987
86999
87082
87088
87129
87189
87197
87296
87468
87800
88019
88057
88119
88243
88363
88492
88568
88640
89194
89491
89585
89677
89911
89986
90084
90088
90194
90251
90266
90398
90620
90664
90682
90809
90913
90927
90989
91013
91177
91217
91462
91533
91741
91869
91969
92055
92141
92284
92642
92753
92778
93064
93121
93155
93186
93341
93378
93490
93515
93627
93651
93771
93860
93863
93895
93924
93927
93947
94251
94313
94648
94761
94846
94978
95282
95407
95598
95716
95882
96060
96083
96136
96154
96200
96300
96386
96564
96568
96654
96822
96840
97031
97063
97085
97123
97249
97307
97343
97429
97443
97531
97569
97577
97580
97660
97722
97768
98022
98189
98212
98242
98306
98392
98659
98662
98736
98785
98912
98992
99050
99115
99200
99208
99210
99249
99250
99367
99417
99610
99613
99668
99836
99871
99890
99939
99972
100056
100136
100208
100273
100281
100587
100593
100647
100741
100845
100863
100982
101006
101080
101187
101237
101311
101346
101375
101579
101645
101731
101965
102072
102265
102392
102672
102725
102744
102782
102958
103009
103082
103303
103346
103398
103437
103570
103623
103693
103782
103867
103929
104253
104303
104324
104425
104602
104654
104701
104720
104732
104785
104935
105012
105062
105075
105190
105439
105468
105514
105556
105603
105715
106111
106148
106166
106200
106206
106408
106424
106537
106594
106596
106682
106689
106836
107063
107161
107413
107440
107551
107651
107838
107971
108066
108226
108340
108441
108453
108465
108506
108660
108714
108761
108846
108852
108904
109130
109151
109270
109429
109676
109689
109803
109815
109828
109875
110248
110454
110746
110794
110897
110911
111220
111325
111338
111341
111408
111469
111567
111583
111597
111646
111749
111797
111798
112078
112189
112192
112305
112359
112391
112467
112512
112518
112579
112714
112803
113111
113166
113279
113374
113650
113944
114183
114523
114812
114837
114957
115007
115049
115052
115073
115265
115340
115428
115446
115466
115475
115514
115738
115779
115789
115937
116031
116056
116399
116418
116462
116465
116474
116478
116749
116799
117000
117096
117143
117379
117396
117546
117660
117758
117768
117811
117846
117908
117969
117971
117994
118132
118369
118477
118500
118581
118660
118746
118783
118905
118920
119071
119166
119245
119264
119331
119376
119514
119572
119643
119760
119867
120155
120273
120294
120331
120487
120514
120539
120562
120570
120597
120603
120659
120717
120728
120758
121094
121109
121171
121187
121254
121406
121580
121599
121702
121764
121938
122133
122458
122486
122515
122646
122724
122777
122837
122882
122968
123113
123125
123323
123434
123501
123786
123819
123893
123896
123992
124108
124120
124263
124302
124376
124481
124546
124680
124736
124776
124877
124884
124942
125048
125602
125810
125984
126095
126219
126254
126325
126471
126500
126564
126744
127041
127124
127238
127293
127546
127675
127867
128117
128233
128248
128311
128319
128323
128350
128377
128382
128424
128521
128581
128585
128766
128958
129002
129272
129289
129305
129497
129637
129879
129901
129971
130090
130165
130255
130448
130479
130504
130639
130928
131003
131014
131030
131142
131166
131269
131311
131397
131756
131767
131776
131785
131823
131907
131990
132029
132112
132163
132311
132313
132374
132472
132502
132630
132716
132739
132862
132867
132896
133118
133208
133311
133349
133399
133543
133551
133675
133701
133825
134007
134023
134062
134097
134108
134114
134374
134394
134608
134618
134672
134814
134934
134943
134976
135085
135092
135156
135336
135481
135499
135559
135619
135701
135811
135865
135906
135973
136050
136075
136114
136234
136248
136253
136340
136516
136587
136646
136689
136843
136968
137075
137192
137301
137307
137336
137370
137392
137649
137783
137801
137808
137932
138011
138157
138160
138169
138213
138315
138667
138738
138985
139067
139264
139293
139570
139984
140010
140147
140159
140175
140535
140579
140616
140628
140795
140832
140943
141081
141104
141310
141411
141430
141514
141701
141814
142088
142095
142168
142283
142475
142483
142619
142722
142788
142793
142858
143079
143244
143295
143324
143343
143365
143408
143461
143537
143567
143664
143741
143773
144016
144098
144107
144139
144144
144207
144285
144314
144322
144359
144370
144381
144520
144589
144674
144796
144955
144963
145021
145065
145068
145279
145592
145605
145747
145969
146373
146383
146390
146493
146637
146655
146715
146733
146872
147084
147300
147363
147366
147475
147480
147540
148178
148180
148193
148265
148492
148548
148623
148644
148991
149015
149178
149180
149310
149767
149891
149907
150622
150693
150821
150858
150867
150920
151031
151204
151283
151289
151291
151407
151480
151699
151831
152185
152289
152298
152334
152476
152663
152720
152840
152905
152951
152959
153028
153035
153061
153092
153210
153256
153496
153553
153804
153826
153839
153883
153886
154063
154091
154189
154404
154408
154867
155021
155038
155165
155180
155228
155422
155587
155629
155922
155966
155998
156255
156400
156638
156728
156731
156960
157166
157522
157566
157683
157720
157741
157808
157863
158124
158223
158357
158395
158461
158663
158862
158970
159159
159389
159587
159934
160023
160044
160097
160112
160145
160248
160304
160367
160427
160554
160557
160584
160788
161018
161082
161118
161209
161414
161448
161582
161879
161882
161974
162229
162239
162307
162313
162329
162403
162648
162683
162871
163007
163098
163129
163170
163304
163392
163813
163916
164010
164036
164170
164207
164301
164372
164647
164775
164884
164896
164982
164999
165181
165275
165294
165367
165372
165396
165446
165660
165986
166051
166074
166086
166161
166202
166254
166263
166308
166363
166615
166669
166689
166723
166756
166828
166889
166937
167260
167372
167452
167453
167469
167578
167621
167826
167889
168185
168206
168251
168270
168483
168733
168781
168787
168800
168882
169014
169201
169219
169321
169656
169747
169790
169811
169876
169960
170063
170327
170611
170693
170697
170715
170784
170787
170806
171010
171015
171238
171277
171466
171473
171662
171670
171906
171998
172041
172231
172333
172388
172829
172853
172892
172942
172953
173076
173131
173762
173817
173902
174053
174071
174114
174321
174524
174855
175382
175387
175427
175516
175603
175608
175622
175871
175902
176075
176082
176404
176416
176530
176639
176721
176837
176986
177061
177264
177307
177425
177454
177622
177675
177700
177811
178117
178408
178482
178503
178613
178703
178841
178981
179085
179093
179198
179215
179253
179258
179316
179359
179439
179442
179514
179600
179621
179640
180148
180199
180251
180302
180383
180581
180837
180964
181112
181188
181209
181250
181284
181308
181447
181465
181590
181664
181668
181787
181907
181939
182026
182772
182777
182879
182882
183641
183866
184161
184196
184197
184315
184324
184335
184465
184580
184757
184794
184866
185006
185449
185481
185596
185713
185903
185931
186104
186175
186178
186212
186287
186294
186314
186399
186607
186660
186779
186790
186930
186963
187061
187325
187427
187442
187571
187674
187748
187856
187865
187945
187956
187968
188257
188258
188310
188411
188496
188580
188590
188733
188753
188779
188963
188966
188968
189150
189217
189375
189483
189709
189719
189864
189873
190081
190268
190751
190774
191206
191247
191261
191526
191678
192060
192345
192388
192389
192417
192850
192867
192934
193028
193261
193312
193366
193564
193583
193702
193722
193790
194063
194140
194331
194369
194474
194492
194560
194595
194808
194972
195474
195571
195811
195906
196115
196254
196386
196512
196604
196695
196933
196969
196982
197013
197113
197145
197184
197261
197273
197357
197503
197505
197537
197553
197649
197659
197744
197784
197802
197858
197931
197937
197969
198045
198073
198087
198197
198203
198678
198951
199003
199269
199300
199307
199423
199625
199668
199750
199812
199827
199877
199996
200073
200202
200382
200395
200491
200509
200650
200715
200720
200739
200744
200760
200785
200852
200934
200976
201021
201104
201143
201215
201434
201575
201824
201852
201925
201999
202521
202735
202748
202867
202870
202943
202977
203197
203286
203306
203337
203591
203606
203612
203633
203641
203660
203783
203793
203839
204196
204347
204377
204681
204765
204809
204882
205175
205179
205268
205316
205388
205505
205549
205851
205868
206241
206380
206443
206572
206661
206662
206778
206782
206808
206834
206840
206870
207144
207147
207150
207192
207318
207324
207343
207420
207429
207627
207796
207833
207882
208041
208071
208139
208169
208305
208376
208470
208471
208504
208513
208548
208589
208640
208653
208878
208943
209131
209421
209625
209661
209662
209850
210088
210257
210295
210333
210488
210513
210605
210681
210717
210744
210898
211065
211230
211505
211506
211850
211903
211935
211946
212028
212113
212178
212201
212239
212240
212296
212439
212554
212806
212815
212982
213238
213280
213686
213905
213935
213990
214218
214479
214509
214547
214668
214760
214864
215088
215149
215262
215312
215336
215350
215467
215620
215883
216082
216272
216585
216602
216673
216687
216702
216812
217138
217157
217161
217218
217250
217256
217263
217356
217444
217466
217585
217634
217696
217715
217783
217791
217818
217989
218264
218270
218289
218342
218363
218413
218502
218504
218584
218641
218701
218734
218873
218904
218984
219076
219104
219108
219473
219478
219772
219981
220061
220491
220696
220790
220836
220984
221033
221098
221167
221328
221339
221426
221576
221639
221657
221790
221894
221901
221913
221926
221993
222119
222200
222253
222298
222415
222505
222545
222626
222991
223018
223038
223103
223148
223176
223206
223245
223412
223414
223474
223563
223679
223705
223775
223971
224260
224383
224523
224587
224705
224745
224768
225041
225295
225297
225490
225595
225890
225928
225969
225971
226095
226255
226266
226320
226385
226390
226396
226402
226573
226650
226737
226755
227304
227350
227571
227609
227684
227798
227900
228106
228194
228287
228391
228453
228523
228695
228735
228876
228878
228887
229140
229270
229408
229476
229573
229580
229850
230042
230114
230272
230277
230311
230544
230590
230626
230632
230679
230746
230796
231017
231088
231207
231465
231504
231943
231966
231982
232080
232230
232458
232480
232608
232755
232980
233002
233250
233317
233334
233338
233422
233435
233495
233537
233570
233599
233636
233846
233852
233865
234034
234245
234395
234440
234505
234606
234830
234888
234933
234960
234981
235078
235158
235171
235223
235237
235282
235397
235398
235693
235839
236010
236090
236203
236334
236359
236408
236518
236884
236915
236965
237044
237070
237130
237235
237251
237823
237846
238114
238270
238296
238366
238387
238614
238616
238632
238797
238934
239157
239170
239194
239205
239320
239417
239514
239568
239880
239962
240005
240069
240150
240170
240362
240375
240488
240580
240625
240993
241254
241355
241457
241703
241901
241931
242117
242256
242418
242446
242469
242630
242790
242793
242841
242917
243134
243188
243270
243422
243700
244319
244333
244369
244396
244432
244436
244552
244777
244859
244912
244951
244954
245098
245162
245234
245240
245354
245395
245454
245761
245832
245881
245978
246066
246338
246366
246374
246501
246535
246579
246748
246837
246902
247097
247116
247189
247223
247262
247339
247371
247464
247616
247640
247645
247665
247695
247730
247891
247923
248106
248145
248148
248157
248270
248373
248509
248645
248653
248711
248779
249139
249151
249256
249373
249413
249609
249679
249704
249803
249925
250105
250163
250351
250682
250736
250997
251021
251104
251265
251308
251318
251384
251470
251546
251636
251828
252040
252108
252218
252397
252414
252593
252633
252969
253126
253190
253310
253356
253487
253513
253636
253729
253909
253959
254167
254329
254351
254358
254435
254502
254512
254578
254623
254714
254844
254922
255068
255216
255227
255291
255319
256111
256242
256248
256286
256309
256624
256662
256679
256776
257175
257192
257227
257343
257762
258164
258315
258425
258532
258730
258806
259163
259217
259329
259447
259468
259472
259530
259573
259585
259685
259804
259817
259867
259988
259995
260181
260204
260222
260262
260299
260395
260455
260491
260878
261398
261431
261970
261992
262022
262059
262144
262171
262223
262282
262308
262338
262384
262516
262693
262733
262822
262833
262855
262856
262921
262967
262994
263007
263166
263197
263204
263207
263447
263609
263838
263891
264004
264036
264234
264239
264332
264411
264624
264739
264747
264760
265085
265110
265130
265308
265605
265734
265851
266009
266030
266235
266548
266673
266761
267106
267211
267230
267250
267472
267636
267640
267708
267765
267923
267973
268022
268130
268293
268315
268372
268525
268531
268558
268726
268873
269240
269307
269352
269437
269677
269756
269824
269837
269841
269876
269883
269896
270131
270147
270204
270375
270448
270456
270553
270631
270645
270676
270743
270798
270863
271093
271226
271276
271281
271605
271626
271649
271717
271719
271801
271991
272002
272258
272504
272519
272710
272731
272796
272807
272904
273276
273294
273300
273340
273359
273365
273538
273943
274193
274247
274469
274475
274488
274610
274644
274659
274688
274863
275004
275099
275104
275164
275180
275217
275257
275497
275687
275786
276172
276175
276311
276318
276358
276439
276563
276578
276685
277045
277173
277249
277307
277455
277598
277699
277838
277848
277949
277956
278003
278236
278302
278315
278391
278406
278538
278641
278653
278758
278987
279086
279280
279281
279406
279611
279654
279813
279934
279978
280002
280064
280110
280342
280365
280420
280587
280660
280683
280723
280740
280870
280909
281033
281073
281178
281254
281291
281353
281652
281695
281789
282071
282166
282246
282321
282470
282648
282985
283037
283059
283128
283145
283353
283356
283561
283573
283741
283783
283800
283909
284251
284314
284335
284401
284418
284477
284628
284629
284750
284814
284852
285195
285387
285525
285557
286315
286384
286393
286570
286630
286734
286809
286810
286837
286859
287006
287039
287055
287149
287216
287735
287802
287812
287829
287878
287902
288381
288471
288638
288709
288762
288837
288844
288947
289054
289256
289339
289422
289638
289730
289745
289807
289834
289913
289964
290059
290109
290152
290157
290512
290560
290610
290718
290719
290924
290966
290979
291005
291072
291189
291196
291221
291233
291324
291336
291520
291835
291889
291978
292188
292270
292481
292614
292720
292756
292894
292915
293056
293112
293254
293434
293623
293814
293911
293965
293978
294259
294483
294674
294772
294862
294888
294975
295021
295104
295331
295370
295389
295421
295781
295938
296029
296087
296138
296251
296301
296572
296705
296859
296910
296941
297021
297127
297198
297200
297924
297960
298060
298069
298154
298188
298234
298312
298625
298631
298657
298749
298791
298793
298878
299164
299235
299255
299392
299456
299655
299820
299830
299912
300018
300029
300159
300270
300630
300803
300826
300907
300920
300958
301014
301041
301183
301206
301221
301400
301568
301582
301694
301744
301939
302214
302625
302646
302716
302846
302971
302987
303144
303153
303387
303404
303469
303470
303496
303563
303653
303831
303846
304003
304095
304147
304298
304305
304527
304583
304636
304687
305341
305473
305532
305681
305852
306067
306199
306498
306690
306769
306850
306880
307070
307212
307287
307473
307649
307728
307817
307913
307928
307944
307953
307989
308091
308540
308547
308584
308738
308745
308850
308948
309130
309167
309189
309203
309254
309255
309315
309394
309549
309551
309583
309632
309892
309930
310034
310042
310373
310443
310468
310503
310567
310647
310659
310859
310877
311013
311159
311169
311183
311406
311697
311712
311890
311942
311983
312018
312085
312160
312465
312519
312556
312636
312742
312775
312897
312946
313008
313012
313060
313148
313321
313382
313466
313528
313752
313753
313784
314089
314125
314411
314416
314519
314602
314607
314608
314611
314653
314870
315054
315213
315383
315511
315523
315922
316142
316320
316331
316355
316382
316396
316531
316676
316699
316745
316768
316776
316798
316852
316867
316906
317054
317177
317413
317453
317588
317651
317698
317936
318096
318319
318782
318794
318838
318982
318995
319251
319312
319588
319663
319671
319763
319900
320036
320100
320343
320477
320672
320726
320869
320949
320970
321008
321012
321078
321244
321671
321676
321704
321822
321946
321949
322075
322079
322116
322192
322214
322219
322266
322582
322640
322725
322756
322799
322931
323050
323146
323258
323423
323484
323695
323716
323730
323772
323844
324021
324408
324521
324575
324585
324669
324720
324942
325024
325197
325242
325463
325561
326319
326330
326387
326425
326494
326826
326941
326960
327032
327147
327175
327220
327915
327965
328030
328204
328273
328343
328375
328619
328743
329036
329048
329087
329121
329225
329234
329458
329506
329547
329717
330057
330087
330185
330233
330242
330331
330341
330723
330798
330812
330852
330996
331147
331232
331312
331331
331458
331468
331483
331612
331706
331953
332153
332295
332960
333102
333301
333447
333523
333580
333587
333591
333600
333609
333643
333793
333889
334236
334591
334910
335046
335193
335263
335644
335863
335871
335951
335971
335975
336133
336755
336921
336993
337020
337075
337156
337227
337425
337477
337487
337638
337840
337853
338022
338052
338314
338401
338443
338560
338562
338597
338614
338620
338690
338706
338739
338769
338779
339042
339047
339156
339162
339267
339378
339719
339728
339789
339839
339845
339885
339906
340001
340163
340272
340304
340439
340567
340600
340682
340687
340994
341310
341623
341681
341765
341793
341896
341908
341928
341933
342046
342109
342146
342183
342184
342198
342263
342423
342426
342956
342988
343004
343010
343139
343170
343187
343254
343269
343302
343522
343931
343943
344103
344182
344220
344322
344445
344546
344562
344714
344740
344766
344901
344965
344981
345011
345050
345082
345147
345387
345424
345611
345655
345708
345780
345941
346240
346260
346276
346584
346689
346760
346776
346926
347140
347170
347396
347494
347550
347778
347857
347911
347982
348024
348041
348070
348147
348161
348355
348565
348582
348633
348647
348692
348708
348770
348918
349028
349031
349145
349160
349208
349322
349332
349338
349418
349503
349681
349736
349770
349793
349964
350186
350238
350446
350529
350555
350556
350594
350639
350700
350721
351054
351111
351176
351411
351494
351699
351823
351893
351944
351982
352091
352154
352286
352333
352416
352472
352490
352491
352505
352584
352636
352808
352828
352897
353023
353152
353265
353363
353441
353459
353549
353575
353629
353715
353950
353993
354071
354119
354167
354339
354422
354459
354492
354666
354675
354720
354930
354978
355131
355194
355229
355313
355347
355567
355654
356181
356255
356380
356412
356447
356497
356539
356575
356633
356653
356876
357113
357260
357297
357512
357769
357771
357856
357961
358094
358349
358445
358781
358788
358817
358847
358990
359064
359098
359125
359211
359232
359302
359475
359603
359661
359724
359759
359763
359909
360193
360217
360256
360271
360484
360563
360713
360840
360887
360900
360990
361091
361268
361299
361334
361354
361441
361451
361453
361525
361770
361884
362202
362285
362304
362387
362414
362425
362430
362444
362645
362685
362783
362905
362933
363055
363063
363141
363191
363228
363359
363404
363446
363662
363800
363849
363885
363906
364011
364088
364185
364287
364624
364637
364643
364710
364757
364811
364862
364974
365004
365009
365037
365055
365236
365252
365304
365824
365870
365955
366238
366339
366433
366505
366598
366715
366836
366939
367114
367482
367493
367513
367579
367754
367853
367854
367907
367930
367950
367969
368153
368394
368403
368628
368730
368916
369001
369013
369224
369327
370014
370112
370170
370285
370331
370378
370568
370816
370824
370935
370938
371158
371286
371372
371409
371429
371495
371549
371588
371672
371710
371769
371861
372024
372026
372051
372071
372091
372239
372670
372776
372954
373038
373085
373102
373290
373317
373396
373397
373519
373604
373669
373849
373911
374145
374157
374277
374434
374525
374530
374692
374722
374792
375023
375129
375215
375240
375248
375260
375473
375489
375558
375565
375619
375642
375777
375875
376022
376069
376336
376769
376793
376862
377007
377029
377186
377412
377438
377454
377476
377639
377796
377949
378142
378178
378191
378199
378211
378284
378333
378519
378631
378635
378826
378893
378984
379047
379184
379206
379224
379247
379485
379500
379595
379596
379616
379635
379666
380072
380137
380266
380353
380539
380679
380743
380828
381031
381126
381153
381170
381378
381664
381754
381765
381779
381914
381944
382168
382354
382448
382467
382501
382505
382507
382514
382543
382778
382840
382993
383049
383113
383397
383406
383445
383608
383661
383724
383746
383926
383939
383988
384004
384035
384046
384162
384165
384314
384490
384529
384555
384665
384845
385005
385041
385093
385165
385194
385274
385349
385399
385453
385630
385632
385671
385699
385778
385970
385978
386246
386303
386305
386512
386561
386747
386818
386863
387060
387296
387450
387555
387606
387646
387691
387791
388119
388230
388311
388340
388408
388532
388580
388679
388699
389137
389215
389250
389305
389482
389642
389652
389841
389937
389964
390170
390195
390213
390249
390576
390628
390727
390742
391247
391248
391441
391503
391513
391588
391844
391895
391927
392001
392049
392056
392185
392206
392218
392355
392666
392780
392805
392893
393030
393289
393485
393748
394012
394055
394111
394121
394273
394334
394335
394344
394376
394459
394500
394519
394567
394580
394620
394731
394771
394866
394933
394934
395150
395191
395331
395454
395623
395692
395759
395767
395949
395955
396322
396334
396365
396465
396496
396584
396681
396692
396703
396712
396792
396976
397148
397167
397202
397381
397399
397427
397490
397541
397543
397766
397916
397929
397962
398079
398088
398173
398211
398316
398471
398512
398712
398786
398800
398824
398958
399148
399395
399477
399548
399645
399994
400066
400301
400481
400489
400598
400860
401011
401096
401131
401212
401678
401758
401803
401996
402040
402282
402362
402483
402824
402936
403006
403052
403181
403212
403216
403370
403532
403653
403686
403875
403923
403948
403981
404007
404134
404200
404236
404247
404461
404468
404476
404617
404670
404808
404957
405222
405342
405429
405444
405523
405771
406289
406646
406752
406890
406906
407036
407156
407268
407363
407587
407598
407717
407773
407782
407789
407814
407867
407925
408109
408283
408338
408501
408712
408930
409285
409338
409563
409579
409673
409813
410671
410714
410716
410817
410952
410956
410963
411005
411160
411398
411528
411654
411734
411809
411868
412050
412189
412202
412223
412235
412264
412296
412308
412504
412510
412522
412527
412602
412694
412753
412788
412810
412838
412866
412995
413000
413042
413183
413280
413323
413508
413544
413649
413759
413809
413848
413858
413862
413918
413975
414055
414103
414147
414171
414277
414299
414426
414524
414732
414825
414996
415073
415205
415218
415240
415323
415371
415661
415903
416026
416208
416384
416415
416468
416736
416755
417009
417022
417067
417343
417397
417474
417640
417851
417874
418110
418129
418196
418285
418291
418300
418369
418394
418479
418648
418660
418858
418877
419276
419311
419421
419691
419747
419748
419871
419938
420012
420156
420163
420400
420421
420498
420504
420545
420633
420693
420758
420767
420769
420812
420851
421109
421139
421323
421335
421504
421542
421579
421942
421955
421984
422159
422187
422197
422295
422447
422480
422558
422595
422634
422689
423093
423101
423190
423369
423522
423697
423705
423926
424009
424076
424114
424204
424516
424527
424556
424895
425163
425240
425286
425350
425448
425483
425772
425885
425895
426310
426364
426371
426389
426418
426521
426615
426751
426894
426988
427275
427305
427635
427679
427967
428080
428202
428383
428412
428780
428809
429142
429163
429192
429266
429359
429382
429461
429806
429883
430125
430135
430146
430181
430231
430449
430502
430713
430756
431158
431204
431355
431376
431463
431539
431551
431553
431589
431611
431645
431827
431937
431943
431962
432061
432078
432307
432347
432374
432410
432459
432508
432974
432979
433050
433108
433150
433187
433317
433320
433353
433415
433473
433518
433527
433838
434033
434084
434153
434352
434389
434391
434510
434752
434841
434861
434882
435095
435244
435276
435444
435574
435690
435725
435800
435824
436038
436132
436271
436291
436318
436441
436469
436511
436657
437062
437285
437401
437461
437610
437654
437668
437700
437720
437796
437804
437832
437966
437975
437981
438124
438242
438246
438406
438721
438735
439043
439063
439082
439216
439453
439815
440101
440108
440445
440457
440530
440547
440616
440626
440898
440992
441009
441042
441220
441242
441420
441660
441705
441716
441784
442001
442014
442282
442295
442343
442550
442721
443537
443564
443634
443868
443946
443966
444108
444127
444154
444296
444297
444334
444342
444417
444576
444734
444914
445129
445144
445390
445444
445596
445759
445907
445928
445957
446149
446162
446201
446466
446560
446648
446764
446882
447086
447156
447196
447201
447205
447241
447242
447465
447556
447576
447727
447810
447887
447941
448066
448174
448196
448267
448319
448329
448378
448452
448488
448657
448667
448764
448898
448904
448911
448972
449087
449149
449546
449594
449604
449678
449804
449909
449952
449968
450068
450072
450199
450355
450472
450665
450718
450740
450861
450878
450922
451060
451076
451337
451626
451735
451757
451992
451993
452074
452145
452274
452466
452515
452557
452604
452606
452616
452631
452649
452928
453210
453264
453319
453530
453561
453576
453577
453704
453765
453794
454166
454239
454362
454425
454549
454635
454842
455000
455115
455145
455210
455248
455652
455668
456270
456338
456350
456410
456496
456577
456647
456994
457035
457256
457338
457562
457675
457715
457758
457789
457834
457943
458046
458078
458110
458189
458203
458287
458338
458345
458432
458453
458493
458504
458582
458610
458630
458958
459120
459277
459309
459526
459627
459840
459919
460066
460144
460149
460783
460838
461179
461242
461315
462015
462179
462180
462481
462524
462546
462584
462706
462729
462759
462820
462864
462958
463112
463303
463399
463400
463452
463532
463562
463683
463871
463972
464015
464044
464066
464097
464123
464176
464463
464586
464690
464770
464829
465090
465150
465244
465284
465330
465349
465518
465534
465815
465817
465902
466032
466106
466315
466331
466416
466435
466636
466826
467128
467622
467810
467873
467874
467906
467992
468038
468167
468287
468305
468311
468326
468495
468527
468571
468590
468860
468909
468919
468991
469096
469602
469612
469629
469742
469783
469789
469850
469948
470079
470392
470652
470673
470692
470754
471144
471177
471411
471544
471582
471647
471674
471846
471925
472201
472372
472419
472570
472648
472697
472724
472804
472869
472938
472959
473012
473290
473466
473612
473781
473841
473896
473971
473999
474043
474137
474179
474388
474561
474632
474892
474909
474971
475106
475219
475313
475397
475637
475876
475988
476205
476424
476621
476713
476715
476751
476900
477052
477149
477231
477787
477828
478051
478178
478197
478287
478377
478384
478545
478572
478702
478758
478980
479034
479042
479655
479668
479808
479951
480040
480131
480280
480319
480525
480637
480753
480761
480874
480943
481011
481049
481110
481123
481235
481645
481833
481977
482017
482029
482031
482056
482063
482075
482357
482462
482549
482620
482696
482712
482825
482832
482877
482891
483078
483180
483181
483188
483437
483634
484042
484122
484293
484305
484354
484374
484375
484511
484557
484562
484572
484698
484699
484703
484793
484911
484923
484933
485123
485135
485196
485296
485424
485456
485640
485671
485710
485845
485872
485890
486091
486101
486141
486221
486397
486490
486495
486642
486779
487184
487194
487331
487370
487428
487465
487569
487684
487975
487999
488276
488450
488460
488464
488485
488586
488748
489007
489203
489243
489311
489516
489609
489878
490001
490003
490031
490061
490098
490127
490328
490741
490859
491184
491369
491392
491470
491539
491599
491763
491829
491937
492097
492116
492126
492162
492198
492265
492303
492364
492428
492509
492619
492624
492666
492861
493003
493014
493124
493158
493167
493248
493271
493378
493420
493585
493641
493833
494068
494127
494525
494581
494736
494819
494908
494921
495447
495590
495631
495642
495703
495865
495881
495938
495960
496127
496178
496182
496289
496594
496646
496806
496831
496914
496923
497158
497319
497391
497731
497847
497858
497908
497998
498037
498099
498204
498365
498404
498539
498555
498703
498718
498772
498881
498934
498979
499050
499093
499108
499166
499200
499446
499539
499600
499613
499795
499925
500023
500120
500127
500185
500199
500210
500212
500349
500367
500534
500565
500749
500801
500966
501081
501147
501175
501306
501326
501379
501498
501750
501828
501897
502103
502222
502261
502395
502405
502434
502586
502765
503295
503344
503427
503458
504055
504135
504225
504478
504641
504777
505403
505427
505502
505545
505704
505752
505776
505796
505873
505878
505968
506089
506239
506443
506523
506713
506919
507152
507171
507263
507337
507379
507763
507820
507893
507935
507959
507982
508009
508317
508436
508447
508471
508563
509128
509254
509290
509427
509666
509679
509759
509798
509875
509981
510107
510250
510305
510687
510776
510801
510966
511115
511138
511202
511376
511410
511551
511553
511600
511669
511726
511751
511953
512063
512196
512473
512648
512680
512754
512805
512821
512822
513017
513275
513345
513427
513779
513801
513808
513877
513904
514027
514210
514478
514479
514594
514624
514809
514962
515017
515080
515135
515350
515469
515514
515574
515695
515720
515749
515879
515970
516012
516129
516275
516305
516350
516403
516437
516648
516686
516699
516721
516897
517054
517307
517377
517454
518051
518317
518350
518600
518654
518679
518773
518778
518925
519048
519163
519200
519419
519454
519597
519673
519856
519993
519994
520216
520237
520379
520380
520387
520391
520407
520655
520734
520817
520909
520924
521060
521169
521389
521420
521512
521624
521641
521675
521697
521708
521759
521843
521844
521853
522008
522104
522226
522269
522380
522474
522607
522674
522791
522804
522846
522935
522961
523327
523344
523629
523684
523702
523795
523796
523975
524093
524225
524317
524344
524363
524524
524734
524968
524969
525007
525327
525352
525409
525411
525580
526089
526178
526309
526433
526448
526489
526548
526626
526722
526729
526815
527157
527275
527302
527342
527565
527745
527776
528134
528158
528291
528348
528593
528636
528716
528725
528733
528827
528858
528884
528928
529070
529806
529817
529931
529957
529974
529995
530123
530198
530345
530426
530488
530633
530906
530968
531036
531141
531153
531155
531167
531201
531251
531264
531285
531393
531413
531687
531823
531857
531864
531946
532367
532503
532606
532677
532697
532823
532824
532864
533335
533417
533471
533550
533709
533837
533893
533908
534078
534280
534306
534372
534426
534460
534516
534672
534715
534757
534857
534870
535048
535062
535124
535135
535268
535272
535308
535313
535362
535419
535500
535605
535668
535955
535972
536074
536196
536571
536695
536700
536721
536731
536988
537075
537159
537284
537430
537461
537483
537498
537576
537605
537718
537855
537878
538066
538078
538094
538465
538555
538600
538875
539087
539133
539173
539269
539284
539291
539448
539551
539867
539868
539890
539931
540003
540040
540067
540128
540224
540350
540482
540498
540546
540559
540634
540636
540638
540722
540948
540986
541106
541161
541201
541221
541261
541306
541488
541724
541767
541831
542047
542113
542342
542464
542625
542668
542759
542791
543025
543084
543182
543184
543255
543265
543329
543440
543545
543662
543722
543828
543954
543988
544077
544168
544254
544438
544469
544531
544573
544860
544883
544980
544998
545053
545212
545239
545409
545460
545530
545538
545564
545694
545759
545788
545835
545850
545909
545955
546138
546206
546248
546285
546313
546669
546723
546800
546946
546954
547315
547661
547708
547755
547795
547863
548228
548315
548351
548383
548698
548840
548970
549099
549102
549221
549435
549473
549621
549646
549714
549866
549869
550217
550382
550467
550785
550999
551129
551445
551561
551699
551715
551796
551813
551936
552380
552433
552610
552628
552651
553050
553567
553584
553713
553755
553948
553996
554215
554314
554341
554350
554662
554715
554825
554906
554932
555021
555338
555601
555638
555643
555767
555828
555830
555923
555995
556146
556163
556276
556540
556595
556831
556832
556920
556953
557183
557267
557761
557852
557906
558051
558188
558432
558468
558578
558596
558632
558655
558663
558699
558871
558889
559373
559553
559594
559658
559710
559808
559854
559866
559882
560067
560118
560258
560287
560529
560748
560838
560926
560981
561014
561024
561188
561240
561306
561376
561605
561611
561706
561913
561932
561962
562081
562199
562210
562244
562348
562355
562419
562447
562717
562751
562913
563060
563120
563162
563227
563489
563531
563557
563624
563680
563771
563852
563876
563966
563990
564158
564191
564217
564289
564558
564591
564597
564646
564700
564743
565044
565060
565175
565179
565364
565427
565438
565609
565648
565955
566108
566392
566721
566913
567024
567103
567282
567441
567631
567700
567707
567876
567888
568025
568201
568258
568335
568507
568566
568707
568761
568795
569121
569268
569346
569393
569423
569565
569595
569605
569824
569918
569964
570065
570515
570802
570959
571175
571512
571526
571601
571653
571667
571770
571963
572045
572160
572164
572197
572482
572525
572555
572935
573151
573225
573338
573451
573499
573571
573685
573715
573877
573943
573970
573988
574383
574814
574940
575021
575045
575080
575119
575148
575289
575610
575624
575625
575823
576058
576070
576336
576383
576392
576427
576533
576800
576805
576920
576943
577052
577084
577501
577532
577548
577643
577899
577906
577978
578006
578045
578167
578414
578439
578663
578942
579069
579094
579098
579162
579245
579281
579342
579357
579449
579598
579619
579711
579767
579793
579855
580031
580129
580195
580196
580284
580363
580388
580450
580475
580569
580684
580694
580719
580808
580919
580996
581030
581065
581109
581111
581164
581170
581193
581209
581423
581455
581469
581477
581548
581876
581961
581970
581971
582083
582253
582408
582462
582556
582598
582601
582677
582678
582756
582803
582876
583080
583179
583354
583587
583611
583656
583777
583780
583799
583866
584078
584125
584197
584263
584272
584281
584349
584447
584453
584748
584955
585306
585414
585435
585991
586205
586248
586259
586279
586334
586409
586462
586472
586508
586559
586672
586729
586958
587190
587284
587375
587425
587563
587641
587723
587805
588175
588211
588268
588372
588511
588606
588656
589090
589205
589253
589290
589394
589520
589557
589669
589683
589690
589801
589836
590086
590143
590184
590220
590293
590410
590417
590442
590663
590664
590751
590817
590856
590886
590974
590976
591033
591168
591327
591401
591444
591575
591617
591665
591666
591874
591894
592066
592104
592212
592349
592523
592593
592714
592783
593259
593277
593279
593298
593823
594107
594178
594218
594411
594466
594613
594625
594823
595012
595019
595126
595159
595189
595248
595432
595470
595489
595586
595709
595732
595825
596138
596236
596247
596336
596442
596634
596874
596914
596942
597254
597337
597470
597562
597583
597618
597649
597700
597886
598069
598111
598184
598232
598267
598351
598403
598461
598502
598512
598528
598592
598667
598719
599226
599389
599451
599543
599659
599692
599782
599848
599850
599897
599959
600125
600235
600261
600313
600735
600780
600903
600999
601013
601188
601195
601196
601308
601352
601491
601626
601697
601865
601944
602140
602168
602244
602273
602287
602418
602454
602478
602723
602750
602762
602808
602821
602892
602939
602949
603197
603203
603208
603351
603410
603521
603571
603581
603610
603821
603889
604261
604405
604538
604612
604672
604735
604762
604807
604836
604870
605164
605431
605437
605512
605636
605773
605810
605873
605929
605995
606031
606089
606122
606175
606233
606474
606613
606899
606922
606941
607020
607081
607198
607233
607299
607358
607466
607521
607531
607539
607695
607773
607843
608062
608388
608415
608542
608579
608586
608672
608718
608721
608735
608860
608891
608992
609047
609070
609139
609156
609178
609366
609466
609501
609508
609550
609586
609636
609795
609933
609944
609998
610100
610202
610392
610569
610785
610825
611081
611094
611110
611207
611260
611326
611863
611888
612226
612298
612396
612412
612849
613026
613063
613092
613169
613354
613373
613473
613638
613679
613820
613876
613911
613960
613963
613970
614172
614251
614273
614300
614402
614668
614746
614757
615027
615188
615544
615568
615627
615639
615702
615752
615833
615876
615944
615971
616034
616152
616272
616278
616361
617209
617294
617383
617386
617582
617584
617631
617679
617729
617931
617966
618178
618196
618467
618517
618760
618786
618979
619020
619036
619089
619198
619368
619468
619731
619758
619893
619960
620085
620505
620536
620577
620606
620623
620797
621247
621340
621394
621494
621548
621599
621799
621829
621844
621874
621920
622044
622073
622253
622397
622444
622816
622905
622925
622958
623104
623148
623260
623436
623507
623566
623567
623621
623633
623666
623735
623837
623861
623875
623889
623923
624066
624300
624345
624538
624646
624650
624879
624904
624912
625462
625807
626129
626403
626635
626671
626777
626818
626874
627089
627136
627234
627396
627419
627517
627616
627678
628005
628160
628561
628565
628751
628766
628965
629013
629057
629078
629187
629315
629360
629378
629641
630069
630125
630174
630528
630550
630718
630765
630818
631061
631203
631298
631309
631328
631357
631364
631433
631496
631525
631601
631818
631849
631877
631914
631987
632259
632319
632563
632583
632741
632941
633060
633205
633234
633392
633398
633500
633767
633821
633941
633974
633976
634136
634326
634427
634870
634878
634884
634971
635225
635250
635424
635456
635808
635896
635964
636285
636315
636454
636539
636952
636970
637088
637394
637433
637535
637685
637898
638360
638419
638432
638493
638641
638663
638951
639592
639616
639645
640086
640144
640166
640208
640224
640419
640430
640572
640597
640761
640797
640982
641017
641046
641256
641299
641344
641517
641766
641783
641838
641968
642016
642018
642027
642042
642117
642188
642306
642364
642406
642516
642560
642708
643130
643153
643193
643195
643387
643419
643448
643538
643577
643942
644037
644066
644107
644118
644163
644272
644312
644375
644410
644475
644505
644579
644629
644671
644933
644939
644968
644987
645052
645374
645381
645505
645542
645747
645854
645977
646014
646069
646362
646387
646407
646428
646502
646595
646620
646659
646704
646756
646832
646848
646980
647007
647304
647388
647483
647783
647794
648065
648073
648079
648082
648298
648399
648688
648763
648782
648791
648821
648976
648997
649030
649061
649072
649104
649145
649220
649271
649287
649291
649307
649420
649548
649664
650096
650411
650446
650457
650571
650651
650799
650983
651225
651282
651525
651598
651667
651669
651753
651857
651967
652055
652068
652233
652322
652857
652894
652897
653190
653254
653525
653564
653578
653597
653674
653787
653832
654075
654233
654292
654384
654402
654454
654641
654675
654749
654838
654927
654930
655014
655038
655076
655100
655192
655322
655385
655530
655554
655602
655622
655717
655811
655962
656011
656444
656468
656539
656617
656883
656914
656945
656993
657033
657228
657298
657777
657827
657830
657837
657947
658095
658169
658240
658501
658595
658706
658718
658766
658925
658976
659093
659250
659453
659500
659554
659565
659586
659597
659676
659689
659732
659842
659928
659990
660015
660114
660130
660294
660310
660613
660655
660696
660722
660855
660877
661171
661422
661635
661723
661787
661930
662026
662028
662196
662215
662451
662502
662601
662656
662681
662746
662816
663040
663071
663137
663182
663201
663287
663399
663414
663452
663939
663988
664023
664025
664052
664268
664272
664274
664277
664290
664601
664607
664613
664919
665000
665011
665028
665333
665529
665617
665730
665762
665839
665942
665991
666059
666077
666104
666157
666363
666535
666538
666559
666839
666941
666945
667170
667202
667230
667271
667298
667476
667572
667610
667627
667812
667901
667948
668212
668255
668358
668369
668477
668509
668525
668526
668766
668861
668871
668967
669040
669051
669097
669102
669123
669159
669313
669324
669516
669526
669528
669637
669650
669736
669745
669795
669871
669942
670296
670539
670680
670694
670759
670895
671153
671200
671472
671518
671670
671740
671974
671987
672063
672299
672328
672346
672404
672572
672757
672835
672965
673174
673397
673597
673602
673825
673834
673881
673981
674066
674122
674186
674197
674322
674342
674448
674537
674593
674623
675151
675293
675557
675786
675848
676020
676126
676144
676178
676402
676408
676693
676702
676893
676942
677355
677467
677517
677626
677637
677720
677841
677868
677939
678249
678325
678459
678805
679053
679226
679301
679421
679471
679783
679946
679959
679985
679997
680134
680222
680475
680575
680734
680783
680816
680899
680985
680996
680997
681086
681091
681147
681193
681263
681283
681370
681417
681449
681606
681841
682121
682210
682211
682365
682382
682398
682506
682534
682535
682669
682703
682704
682730
682824
683203
683226
683241
683296
683357
683384
683468
683588
683763
683864
684050
684058
684233
684519
684520
684915
685136
685160
685288
685432
685604
685754
685859
686056
686193
686280
686333
686369
686425
686428
686553
686611
686768
686778
686789
686868
686900
686917
687036
687037
687087
687129
687248
687343
687514
687515
687611
687849
687900
688139
688144
688342
688364
688383
688410
688685
688695
688704
688729
688835
688981
689158
689282
689332
689365
689375
689502
689618
689817
689834
689868
689974
690062
690162
690284
690315
690370
690493
690568
690669
690693
690889
691097
691265
691404
691523
691637
691640
691714
691871
691923
691929
692065
692155
692277
692284
692349
692402
692584
692632
692704
692705
692764
692833
692870
692878
692906
692969
692972
693357
693442
693506
693518
693565
693573
693602
693616
693735
693970
694025
694050
694088
694131
694146
694167
694182
694263
694339
694375
694413
694422
694464
694582
694669
694678
694864
694946
695174
695421
695501
695540
695567
695643
695885
696058
696373
696400
696457
696474
696525
696569
696622
696697
696893
697140
697170
697418
697483
698046
698172
698311
698329
698361
698438
698472
698736
698809
698823
698929
699268
699419
699678
699753
699863
699938
699951
700083
700110
700141
700215
700276
700365
700731
700757
700758
700781
700837
700901
701162
701292
701314
701402
701436
701514
701531
701658
702109
702148
702152
702187
702217
702280
702537
702634
703076
703288
703305
703377
703491
703534
703559
703581
703736
703784
703813
703822
703868
704030
704123
704177
704203
704255
704332
704360
704391
704470
704563
704805
704838
704847
704947
705017
705026
705106
705148
705430
705583
705595
705842
705917
706070
706091
706184
706359
706434
706527
706530
706555
706613
706641
706719
706724
706762
707006
707020
707036
707087
707331
707469
707511
707549
707770
707894
707906
708018
708055
708110
708204
708210
708237
708258
708264
708271
708377
708538
708646
708666
708742
708827
708834
708995
708996
709005
709048
709288
709379
709410
710006
710007
710688
710805
710875
710942
711199
711368
711580
711600
711641
711705
711732
711875
712072
712190
712531
712653
712712
712775
712897
713492
713767
713781
713782
713942
714022
714050
714633
714674
714733
714769
714779
714871
714903
714945
715105
715192
715199
715483
715502
715602
715759
715784
715811
715863
715926
716024
716066
716181
716323
716359
716444
716477
716520
716660
716668
716709
716875
717002
717089
717166
717292
717310
717349
717404
717447
717492
717581
717613
717652
717813
718219
718283
718305
718354
718379
718450
718555
718901
718948
718993
719086
719132
719136
719166
719315
719388
719738
719927
720079
720114
720335
720337
720356
720414
720485
720752
720820
720876
720898
720901
720952
720953
720959
721013
721148
721162
721299
721458
721490
721576
721641
722092
722229
722249
722258
722260
722286
722422
722500
722697
723010
723039
723106
723178
723284
723408
723668
723884
724256
724332
724424
724469
724640
724647
724821
724968
725096
725232
725319
725435
725717
725837
725948
726044
726153
726200
726258
726491
726605
726687
726690
726734
726784
726838
727067
727164
727185
727222
727805
727905
727939
727976
728279
728517
728535
728637
728646
728868
729007
729073
729114
729586
729635
729803
729914
730064
730181
730218
730370
730580
730634
730687
730896
730908
731205
731340
731401
731592
731604
731730
731890
732159
732433
732506
732537
732636
732705
732708
732842
733001
733239
733307
733334
733425
733534
733602
733909
734082
734141
734156
734464
734478
734538
734705
735015
735374
735422
735507
735515
735520
735552
735836
735951
735981
736072
736166
736167
736297
736436
736465
736507
736571
736650
736819
736966
737121
737230
737304
737306
737437
737650
737723
737775
738099
738204
738210
738235
738345
738367
738532
738664
738704
738711
738750
738798
739096
739346
739673
739688
739765
739768
739937
740013
740171
740229
740549
740560
740576
740639
741099
741107
741171
741188
741451
741465
741585
741689
741743
741828
741850
741856
741861
741927
742057
742395
742415
742478
742489
742541
742742
743054
743238
743512
743515
743659
743752
743854
743894
743981
744395
744422
744564
744606
744622
744849
744901
745035
745063
745073
745236
745301
745351
745387
745399
745751
745830
745855
745880
746055
746090
746368
746473
746622
746649
746932
747043
747057
747114
747185
747267
747447
747619
747753
748437
748491
748509
748925
748965
749038
749437
749690
749868
749899
749927
749938
750146
750292
750469
750548
750738
750823
750879
750954
750961
750970
750989
751052
751090
751232
751294
751734
751860
752342
752388
752420
752535
752601
752733
752895
753199
753212
753366
753564
753705
754135
754154
754284
754307
754324
754482
754504
754574
754575
754668
754884
754961
755034
755127
755493
755539
755563
755632
755668
755739
755916
755994
756073
756134
756424
756455
756570
756604
756639
756652
756858
757007
757035
757070
757161
757267
757355
757382
757385
757424
757480
757575
757704
757763
757809
757814
757858
757973
757982
758373
758412
758540
758567
758581
758710
758858
758889
758931
759174
759211
759254
759486
759698
759735
759739
759874
759976
760129
760253
760320
760354
760802
760933
760970
760986
761086
761183
761267
761313
761333
761368
761482
761566
761590
761734
761941
762033
762124
762284
762393
762492
762571
762663
762753
762890
762948
763051
763293
763336
763520
763571
763598
763626
763636
763809
763834
763856
763904
764173
764345
764349
764377
764521
764601
764662
764852
764969
765030
765135
765206
765326
765465
765685
765713
765793
765984
766082
766089
766090
766302
766521
766561
766683
766684
766743
766763
766793
766850
766912
766913
766971
767076
767166
767198
767208
767270
767420
767514
767804
767810
767887
768166
768401
768566
768585
768594
768680
768683
768730
768741
769122
769180
769184
769256
769490
769632
769644
769794
770129
770166
770256
770325
770358
770439
770466
770468
770687
770789
771117
771230
771415
771482
771500
771548
771652
771966
772084
772215
772232
772266
772296
772675
772750
772774
772780
772970
773017
773051
773224
773230
773243
773375
773377
773517
773528
773955
774177
774421
774440
774466
774639
774657
774730
774758
774794
774857
775058
775246
775354
775373
775417
775510
775534
775541
775806
775832
776125
776132
776274
776610
776654
776790
776883
776991
777273
777284
777335
777453
777544
777716
777961
778106
778169
778303
778349
778436
778493
778793
778958
779123
779154
779163
779179
779448
779634
779746
779781
779803
779869
780094
780141
780289
780394
780641
780707
780713
780735
780777
780822
780951
781121
781178
781290
781311
781372
781387
781395
781575
781625
781672
781707
781775
781881
782114
782121
782169
782203
782504
782505
782568
782611
782945
782966
782983
783493
783614
783893
783917
784128
784207
784212
784274
784302
784354
784430
784456
784540
784547
784560
784837
784980
785033
785097
785176
785181
785400
785463
785498
785512
785568
785682
785685
785728
785901
785947
786194
786332
786414
786442
786560
786620
786777
786964
787004
787084
787156
787178
787210
787222
787274
787524
787545
787777
787922
788065
788097
788165
788170
788210
788227
788627
788631
788728
788764
788774
788824
788990
789016
789063
789071
789299
789597
789630
789643
789645
789738
789751
789835
790027
790232
790294
790296
790488
790513
790573
790734
790978
791103
791422
791477
791648
791882
792041
792075
792096
792230
792556
792564
792617
792714
792755
792879
792900
792903
793040
793137
793161
793284
793493
793638
793642
793681
793696
793707
794343
794353
794534
794540
794632
794707
794729
794793
794952
794978
794982
795181
795271
795281
795426
795497
795537
795691
795797
796044
796157
796158
796264
796315
796870
796919
796935
797141
797162
797164
797169
797236
797262
797370
797519
797579
797601
797661
797837
797878
797982
798055
798275
798286
798353
798436
798452
798629
798656
798840
799159
799298
799314
799332
799333
799471
799484
799857
799955
799981
800093
800460
800515
800573
800653
800777
800821
800860
800877
800943
801232
801449
801677
801754
801762
801874
801906
801915
801989
802008
802541
802647
802723
802831
803062
803083
803088
803122
803245
803275
803299
803397
803426
803537
803667
803674
803887
803967
804102
804105
804170
804243
804279
804379
804446
804518
804571
804689
804861
805019
805287
805491
805520
805639
805677
805813
805842
805909
806014
806183
806258
806365
806411
806428
806450
806592
806732
806900
806947
807083
807111
807181
807302
807315
807647
807688
807699
807977
808035
808037
808090
808517
808593
808608
808657
808723
808758
808799
808805
808964
809519
809639
809684
809799
809831
809961
810131
810347
810386
810415
810483
810526
810541
810876
811039
811049
811065
811166
811268
811274
811301
811335
811831
811868
812094
812117
812209
812463
812544
812785
812814
813134
813261
813275
813380
813414
813480
813533
813799
813846
813953
814051
814200
814269
814654
814938
815069
815094
815110
815164
815183
815387
815421
815494
815598
815710
815904
816158
816265
816282
816317
816407
816934
817191
817212
817251
817459
817541
817724
817912
818102
818122
818174
818444
818445
818468
818483
818720
818810
818956
818960
818990
818991
819019
819036
819076
819179
819241
819280
819288
819421
819711
819723
819744
819947
820228
820256
820300
820313
820339
820410
820545
820672
820719
820793
820965
821161
821415
821445
821531
821554
821571
821630
821791
821912
822074
822159
822232
822306
822368
822409
822454
822470
822496
822570
822675
822804
822863
822904
823078
823082
823117
823415
823723
823753
823777
823929
824012
824054
824091
824510
824541
824592
824672
824782
824820
824832
825017
825149
825320
825434
825613
825694
825796
826010
826084
826121
826264
826453
826489
826519
826687
826773
826885
827062
827084
827155
827236
827663
827907
828064
828101
828159
828402
828484
828663
828692
828784
828790
828845
828926
829028
829066
829183
829359
829531
829569
829849
830085
830235
830478
830662
830835
830988
831098
831103
831116
831203
831285
831304
831340
831507
831559
831682
831813
832486
832595
832716
832869
833143
833277
833414
833545
833641
833852
833874
833885
833901
834050
834054
834097
834159
834256
834483
834699
834738
834777
834846
835015
835043
835145
835290
835317
835481
835545
835558
835622
835835
835870
835926
836041
836042
836149
836355
836357
836359
836430
836465
836677
836830
836902
837016
837372
837431
837503
837756
837764
837832
838048
838068
838140
838159
838506
838554
838582
838583
838635
838663
838776
838858
838860
838911
839017
839050
839105
839107
839151
839330
839377
839416
839952
840072
840216
840314
840432
840523
840618
840661
840784
840879
841087
841093
841173
841276
841629
841657
841730
841999
842007
842161
842288
842406
842447
842507
842590
842828
842836
842924
843312
843360
843419
843756
843879
844030
844096
844200
844290
844430
844585
844602
844718
844831
844920
845032
845097
845379
845423
845484
845498
845573
845619
845733
845794
845961
845980
845989
846041
846124
846370
846654
846871
846875
847024
847171
847190
847235
847341
847456
847489
847579
847585
847693
847852
847864
848086
848248
848431
848486
848487
848554
848609
848620
848654
848658
848669
848722
848842
848934
849131
849331
849369
849393
849577
849578
849662
849873
850000
850064
850189
850287
850403
850820
850876
851019
851076
851083
851090
851347
851392
851751
851842
851978
852037
852066
852522
852567
852612
852615
852631
853100
853120
853131
853173
853254
853265
853368
853417
853548
853585
853699
853787
854129
854192
854231
854319
854610
854689
854734
854769
854881
855260
855288
855399
855433
855501
855504
855602
855677
855724
855734
855849
855855
855909
855924
856077
856093
856324
856409
856439
856493
856957
857139
857140
857186
857378
857475
857504
857634
857740
857791
857811
857818
858048
858055
858116
858154
858170
858180
858254
858339
858592
858737
858775
858813
858820
858947
859002
859031
859032
859112
859428
859690
859882
859919
860180
860182
860189
860229
860297
860304
860397
860644
860737
860954
861157
861233
861277
861289
861301
861458
861582
861679
861784
861802
862065
862163
862270
862358
862607
862697
862757
862791
862894
862907
862993
863115
863197
863396
863445
863556
863572
863709
863739
863813
863844
864052
864068
864177
864337
864467
864513
864558
864559
864653
864719
864745
864787
864886
865078
865084
865286
865289
865294
865533
865565
865750
865928
866040
866083
866262
866345
866490
866498
866545
866585
866662
866940
866997
867023
867198
867203
867209
867291
867456
867520
867626
867726
867766
867826
867899
867948
868036
868046
868067
868078
868200
868213
868255
868418
868537
868545
868597
868645
868692
868739
868850
868892
868960
868997
869125
869224
869465
869484
869696
869728
869878
869951
869970
870103
870178
870246
870276
870304
870631
870700
871040
871067
871317
871322
871333
871645
871664
871704
871757
871775
871906
871907
872123
872199
872214
872373
872395
872409
872439
872493
872505
872565
872572
872651
872707
872714
872750
872764
872967
873028
873057
873278
873327
873346
873443
873531
873859
873865
873886
873951
874129
874173
874209
874269
874461
874621
874721
874722
874761
874946
875082
875104
875225
875343
875399
875446
875457
875511
875581
875632
875669
875714
875883
875951
876066
876384
876521
876628
876708
876754
877512
877575
877593
877647
877789
877854
878053
878142
878150
878360
878436
878552
878821
878845
878975
878988
879089
879339
879417
879431
879658
880167
880183
880242
880250
880314
880427
880735
880805
881050
881134
881351
881373
881375
881470
881523
881787
881823
881944
882032
882102
882396
882560
882628
882632
882708
882770
883135
883147
883291
883313
883472
883524
883578
883655
883792
883990
884026
884190
884279
884309
884321
884376
884425
884521
884560
884595
884646
884819
884873
884918
884966
884975
885034
885038
885123
885246
885255
885648
885650
885772
885959
886257
886277
886409
886585
886713
886764
886873
886912
887209
887334
887348
887412
887440
887512
887814
887868
887901
888083
888134
888247
888315
888342
888458
888462
888549
888643
889287
889413
889415
889574
889602
889647
889690
889727
889941
890098
890337
890541
890599
890673
890705
890711
890751
891185
891198
891479
891637
891925
892015
892059
892157
892204
892214
892383
892405
892415
892486
892530
892861
892872
892922
893485
893561
893629
893816
893840
894040
894044
894109
894236
894261
894268
894276
894446
894666
894890
895104
895130
895239
895265
895652
895653
895895
895903
895945
896099
896140
896217
896384
896514
896566
896587
896590
896649
896660
896740
896861
896868
897066
897301
897587
897638
897754
897770
897815
897818
897939
898191
898214
898328
898358
898420
898695
898722
898789
898961
899093
899153
899296
899372
899451
899496
899505
899673
899768
900051
900196
900341
900544
900566
900800
901235
901244
901751
901799
901827
901912
901916
901919
901978
902063
902081
902341
902613
902742
902944
902960
903044
903045
903285
903299
903427
903501
903509
903525
903684
903721
903758
903865
903877
903936
904007
904113
904115
904158
904436
904485
904500
904507
904628
904659
904802
904830
904865
905086
905272
905531
905658
905681
905855
905896
906037
906162
906257
906319
906340
906373
906390
906474
906613
906670
906677
906720
906748
906758
906787
906994
907024
907046
907201
907231
907339
907422
907462
907533
907591
907652
907857
907951
908197
908214
908239
908298
908339
908414
908606
908738
908740
908817
908871
908958
908977
909001
909366
909454
909509
909541
909616
909919
909959
909989
909992
910114
910230
910267
910292
910355
910407
910611
910743
910823
910828
910959
910972
911077
911096
911148
911276
911521
911564
911636
911655
911701
911744
911763
911866
911887
911897
911975
912080
912261
912354
912361
912579
912660
912891
912944
912987
913026
913034
913063
913127
913183
913245
913330
913491
913552
913606
914078
914100
914103
914460
914555
914558
914621
914736
914741
914745
914753
914798
914818
914935
915155
915182
915197
915570
915666
915671
915681
916066
916078
916265
916675
916809
916899
916945
916957
917002
917012
917336
917385
917426
917449
917464
917551
917683
917810
917942
918215
918392
918403
918571
918593
918602
918618
918676
918975
919059
919223
919306
919343
919425
919458
919533
919592
919600
919632
919784
919878
919951
920006
920195
920473
920474
920555
920743
920800
920995
921136
921153
921501
921647
921880
921938
921991
921995
922008
922043
922055
922137
922391
922433
922440
922452
922480
922867
922922
922998
923353
923621
923834
923838
923973
924388
924392
924433
924474
924488
924513
924528
924802
924919
925048
925052
925127
925247
925410
925463
925528
925839
925959
925987
926228
926295
926372
926555
926576
926824
926844
926951
927090
927150
927381
927460
927595
927646
927733
927777
928060
928065
928263
928343
928353
928370
928461
928479
928685
928709
928723
928951
929064
929118
929127
929175
929183
929311
929831
929867
929910
929945
930169
930470
930557
930565
930581
930826
930868
930936
930987
931369
931510
931544
931565
931655
931687
931891
932016
932069
932244
932317
932390
932398
932414
932537
932568
932617
932916
933026
933057
933069
933323
933622
933812
933856
933952
934022
934197
934225
934376
934407
934541
934568
934596
935097
935391
935513
935526
935675
935736
935836
935961
936014
936068
936102
936144
936165
936170
936210
936231
936252
936438
936625
936637
936851
936870
936921
936929
936991
937079
937154
937155
937254
937619
937670
937676
937774
937778
937838
937849
937938
937954
938187
938350
938381
938388
938422
938461
938572
938620
938643
938859
938882
938937
938939
938950
939096
939102
939210
939334
939565
939611
939634
939697
939785
939797
939819
939830
939848
939937
940342
940355
940483
940529
940543
940733
940868
940872
940968
941004
941041
941125
941325
941512
941563
941686
941737
941840
942043
942053
942075
942093
942140
942174
942176
942195
942206
942207
942300
942332
942358
942518
943026
943095
943340
944201
944253
944641
944659
944878
945114
945181
945288
945379
945452
945534
945588
945626
945630
945692
945962
946181
946298
946409
946749
946828
946840
947060
947203
947382
947401
947602
947843
947929
948087
948365
948367
948373
948429
948670
948672
948674
948697
948784
948823
949175
949225
949378
949744
949968
950182
950283
950368
950428
950694
951071
951230
951387
951526
951642
951684
951755
951815
951834
951955
951966
952011
952080
952139
952349
952444
952560
952666
952857
953015
953080
953124
953202
953377
953602
953610
953650
953721
953832
953895
954122
954222
954223
954258
954304
954324
954543
954675
954761
954869
955037
955122
955273
955447
955476
955517
955702
955795
956000
956024
956200
956257
956352
956429
956474
956476
956586
956592
956689
956696
956738
956808
957019
957311
957436
957547
957598
957738
957855
958052
958186
958192
958238
958242
958300
958384
958717
958861
959018
959064
959084
959115
959436
959514
959551
959615
959668
959697
960057
960068
960169
960380
960560
960938
960960
961250
961314
961399
961590
961760
961788
961843
961933
962425
962723
963030
963043
963044
963112
963293
963456
963575
963583
963596
963598
963735
963788
963878
964102
964251
964475
964606
964707
964839
964989
965041
965163
965232
965286
965324
965662
965778
966034
966166
966175
966180
966314
966429
966493
966576
966604
966622
966626
966657
966720
966724
966751
966942
966983
967095
967300
967311
967438
967561
967796
968009
968421
968624
968721
968768
969205
969454
969493
969804
969874
969999
970037
970269
970511
970587
970727
970871
970901
971048
971307
971360
971448
971557
971735
971803
971827
971837
971851
971911
971955
972074
972201
972241
972698
972842
973024
973181
973754
973841
973924
973965
974186
974322
974342
974360
974389
974451
974504
974636
974813
975184
975525
975563
975811
976136
976332
976440
976549
976554
976639
976712
976739
976824
976845
976912
976921
977145
977167
977241
977260
977275
977374
977437
977464
977596
977638
977734
977877
978148
978182
978214
978447
978450
978529
978738
978756
978757
978934
979083
979093
979094
979143
979193
979221
979255
979615
979645
979763
979765
979852
979853
980007
980094
980238
980409
980518
980715
980749
980764
980872
981227
981306
981375
981713
981840
981885
981904
981915
981938
982443
982829
983018
983062
983093
983117
983179
983187
983199
983395
983696
983908
983942
983962
984084
984266
984362
984383
984391
984421
984533
984538
984603
984740
984772
984901
984909
984923
985047
985119
985148
985207
985255
985273
985539
985581
985584
985632
985668
985693
985705
985803
985822
985851
985944
986131
986515
986657
986694
986741
986792
986803
987157
987206
987380
987470
987547
987647
987706
987734
987812
987881
987961
987982
988080
988249
988358
988395
988572
988920
988934
989012
989116
989185
989221
989242
989320
989788
990053
990116
990146
990220
990280
990311
990340
990502
990524
990558
990597
990642
990681
990742
990771
990855
990861
991279
991331
991400
991443
991689
991735
991799
992057
992126
992165
992196
992198
992398
992464
992550
992913
993047
993105
993145
993155
993216
993220
993403
993476
993564
993664
993740
993763
993814
993855
994453
994454
994459
994541
994633
994643
994802
994905
995042
995183
995276
995369
995372
995484
995582
995944
995992
996335
996355
996623
996647
996876
996930
996973
997194
997244
997313
997481
997498
997514
997540
997575
997679
997799
997850
997942
997981
998303
998514
998848
998970
998985
999045
999209
999290
999378
999380
999425
999451
999694
