355
397
466
527
676
757
894
944
980
1041
1066
1091
1152
1529
1575
1587
1618
1870
1977
2019
2168
2293
2320
2399
2400
2403
2440
2491
2572
2671
2802
3051
3113
3126
3321
3577
3788
3935
4059
4128
4183
4207
4209
4500
4682
4752
4769
5090
5096
5105
5203
5299
5321
5387
5408
5418
5428
5614
5620
5654
5733
5755
5810
5975
6082
6155
6248
6366
6377
6480
6485
6493
6610
6684
6763
6876
6922
7210
7362
7474
7661
7688
7702
7724
7770
7852
7872
7880
7898
7945
8091
8305
8410
8715
8831
9152
9332
9482
9506
9524
9630
9779
9828
9836
9965
10018
10047
10226
10490
10658
10921
10984
11174
11304
11325
11329
11330
11362
11523
11545
11569
12006
12068
12099
12128
12368
12434
12496
12507
12559
12737
12832
12875
12923
12975
13324
13496
13892
14030
14153
14167
14241
14362
14426
14465
14569
14602
14659
14693
14782
14848
14854
14972
14978
15059
15129
15171
15806
15820
16030
16044
16067
16177
16373
16519
16584
16603
16632
16747
16797
16907
16924
16971
17235
17285
17462
17482
17548
17776
17925
17942
17946
18136
18329
18458
18514
18598
18826
18847
18884
18964
19063
19363
19382
19483
19652
19821
19847
19848
19985
20126
20213
20290
20537
20645
20649
20679
20845
20939
21080
21112
21168
21245
21393
21428
21599
21677
21857
21895
21966
22080
22141
22159
22188
22334
22404
22485
22520
23033
23069
23100
23157
23412
23413
23560
23590
23677
23731
23766
23797
23813
23957
23984
24052
24232
24405
24526
24755
24808
24849
24868
24971
25042
25124
25243
25314
25412
25587
26247
26337
26347
26472
26492
26506
26604
26614
26764
26807
26812
27332
27467
27588
27806
27819
27841
27879
28292
28329
28437
28453
28493
28624
28800
28801
28966
28999
29119
29221
29263
29432
29469
29662
29677
29788
29961
30019
30099
30174
30237
30301
30393
30594
30614
30743
30955
31013
31238
31241
31318
31540
31597
31605
31669
31757
31871
31891
32258
32263
32328
32393
32501
32650
32922
33051
33261
33755
34039
34067
34093
34357
34488
34892
34922
34992
35008
35183
35254
35479
35495
35616
35729
35808
35842
35867
35880
35888
35974
36073
36165
36370
36383
36447
36554
36739
36765
36787
36978
37131
37443
37697
38007
38029
38123
38184
38199
38256
38392
38397
38422
38628
38875
38923
39133
39173
39182
39353
39668
39672
39811
39839
39845
39967
40177
40193
40244
40382
40431
40914
40990
40998
41091
41117
41354
41824
42116
42195
42470
42545
42764
42889
42904
43013
43033
43209
43211
43265
43289
43606
43635
43815
44085
44092
44173
44308
44448
44465
44554
44635
44770
44771
44816
44950
45007
45023
45039
45096
45269
45295
45304
45451
45586
45617
45672
45751
45808
45895
45942
46081
46098
46276
46351
46409
46540
46627
46767
46831
46869
46900
46972
46989
47185
47204
47211
47360
47453
47512
47516
47578
47718
47794
47806
47829
47889
48002
48123
48216
48231
48575
48727
48939
49069
49196
49223
49320
49357
49420
49782
49783
49796
49858
49888
50261
50284
50299
50340
50365
50606
50632
50634
50721
50854
50908
50970
50979
51144
51169
51202
51259
51305
51463
51497
51580
51728
51862
51887
51900
51968
51997
52153
52216
52244
52293
52313
52953
52958
52988
53096
53167
53557
53569
53595
53618
53704
53930
53969
53981
54241
54378
54422
54562
54870
54970
55014
55039
55053
55221
55289
55390
55519
55566
55732
55755
55922
55964
55973
56021
56024
56034
56094
56124
56593
56615
56645
56977
57199
57238
57510
57549
57641
57738
57773
57790
57847
57902
58083
58263
58320
58420
58667
58695
58859
58863
58985
59115
59127
59185
59217
59424
59447
59509
59662
59806
59921
60020
60067
60074
60132
60217
60329
60451
60472
60631
60651
60798
60825
61063
61127
61133
61161
61166
61213
61377
61428
61518
61591
62361
62512
62613
62650
62742
62771
62880
63161
63323
63343
63433
63585
63696
63896
63903
63944
63966
64267
64395
64424
64498
64744
64849
64982
64995
65190
65524
65822
65837
66341
66390
66493
66604
66625
66747
66886
66929
67074
67125
67233
67278
67288
67312
67427
67630
67782
67793
67861
67877
67942
67950
67991
67999
68078
68531
68559
68638
68744
68780
68818
68834
69001
69173
69310
69317
69413
69566
69622
69663
69671
70034
70056
70067
70443
70782
70925
70934
70995
71074
71152
71192
71323
71336
71848
71983
72214
72256
72261
72277
72293
72343
72469
72588
72660
72752
72758
72798
73113
73367
73466
73497
73512
73528
73642
73853
73980
74130
74207
74498
74772
75397
75402
75480
75751
75954
76017
76134
76344
76479
76554
76604
76615
76850
76990
77186
77254
77424
77462
77516
77737
77755
77888
77912
78010
78011
78066
78117
78142
78151
78176
78187
78260
78316
78400
78454
78531
78846
78860
78898
78948
78974
79079
79316
79416
79472
79834
79844
79854
80182
80238
80385
80416
80473
80558
80710
80894
80969
81031
81036
81062
81087
81111
81114
81130
81140
81238
81301
81520
81590
81630
81645
81702
81788
81833
81859
82037
82155
82245
82385
82459
82486
82525
82539
82566
82611
82653
82924
82945
83344
83443
83549
83571
83592
83618
83735
83749
83931
84029
84063
84207
84319
84492
84503
84535
84682
84857
84864
84907
84938
84940
85062
85131
85199
85307
85506
85885
85891
85900
85977
86148
86195
86198
86270
86304
86420
86462
86530
86665
86750
87067
87096
87193
87195
87239
87242
87255
87386
87394
87725
87805
87861
88010
88063
88138
88190
88365
88548
88691
88703
88758
88928
89074
89078
89085
89384
89444
89615
89733
89763
90071
90131
90214
90246
90250
90380
90565
90567
90587
90619
90654
90709
90884
90952
91240
91282
91339
91465
91540
91557
91593
91601
92121
92179
92386
92407
92664
93045
93101
93479
93542
93738
93894
94025
94039
94046
94117
94125
94148
94173
94202
94207
94325
94367
94371
94401
94610
94703
94735
94827
94860
94916
94948
95059
95086
95090
95104
95160
95162
95166
95170
95207
95353
95461
95462
95473
95668
95740
95886
96013
96056
96082
96107
96179
96311
96321
96462
96494
96604
96742
96786
96795
96796
96852
96855
96884
96896
97103
97287
97296
97401
97494
97505
97683
98089
98090
98262
98381
98449
98473
98474
98554
98700
98970
98999
99160
99214
99264
99343
99348
99551
99619
99801
99944
99973
100049
100123
100182
100229
100284
100297
100308
100407
100427
100459
100525
100702
100728
100800
100810
100882
101070
101138
101515
101541
101597
101602
101611
101649
101745
101856
101860
101945
101964
101986
102034
102101
102324
102342
102429
102528
102529
102540
102574
102793
102813
102913
102930
102981
103040
103065
103075
103109
103112
103121
103156
103181
103230
103263
103320
103339
103347
103876
103904
103994
104021
104047
104124
104152
104224
104393
104429
104533
104588
104726
104842
104861
104972
104985
105191
105344
105546
105677
105755
105861
105992
106023
106169
106292
106366
106373
106457
106511
106577
106865
106949
107075
107139
107174
107178
107464
107928
107933
107977
108093
108205
108379
108624
108742
108782
108896
108900
108960
109137
109161
109167
109374
109407
109488
109537
109548
109572
109714
109790
109791
109821
110053
110106
110293
110398
110429
110445
110568
110692
110732
110768
110881
110978
110984
111480
111486
111527
111593
111745
111814
111884
112021
112201
112324
112325
112330
112443
112549
112556
112638
112771
112781
112784
112800
112869
112894
112895
112964
113120
113128
113159
113421
113532
113632
113634
113777
113780
113782
113937
113969
114001
114064
114207
114237
114255
114289
114322
114503
114504
114536
114561
114838
114903
115199
115352
115468
115654
115659
116288
116542
116878
116933
116951
116999
117062
117108
117128
117139
117225
117290
117553
117587
117604
117623
117777
117822
118076
118247
118346
118645
118675
118768
118821
118891
118892
119004
119051
119212
119438
119481
119504
119608
119697
119778
119898
119899
120309
120516
120518
120862
120942
120959
121079
121141
121160
121261
121330
121367
121650
121682
121788
121832
122105
122255
122508
122527
122586
122593
123085
123108
123198
123372
123421
123475
123685
123804
123839
124003
124026
124032
124163
124173
124322
124400
124407
124436
124605
124724
124727
124790
124859
124913
124963
125030
125051
125128
125135
125163
125177
125438
125571
125665
125877
125910
125922
125947
125969
125970
125972
126234
126261
126305
126337
126437
126547
126559
126632
126671
127115
127212
127277
127573
127595
127696
127750
128273
128396
128461
128492
128500
128527
128538
128703
128806
128824
128901
129123
129326
129477
129544
129623
129702
129706
129769
129849
130047
130341
130385
130407
130482
130547
130562
130623
130680
130688
130772
130946
131203
131334
131395
131540
131687
131715
131781
131872
131962
132145
132251
132486
132582
132584
132884
132965
133003
133052
133112
133180
133206
133207
133245
133266
133323
133576
133602
133627
133672
133699
133889
133902
133903
133909
133913
133979
134081
134105
134214
134319
134462
134491
134505
134630
134983
135049
135381
135414
135457
135506
135517
135573
135670
135684
135834
135872
135941
135954
136079
136431
136533
136642
136651
136708
136729
136830
136916
136938
137063
137129
137345
137347
137476
137555
137573
137731
137743
137896
138010
138141
138191
138246
138258
138579
138617
138799
138815
138851
139045
139082
139123
139162
139212
139217
139361
139376
139437
139490
139906
139973
140072
140163
140242
140284
140339
140532
140691
140755
140797
140833
140904
140946
140956
140960
141010
141121
141429
141433
141451
141496
141572
141603
141667
141737
141822
141871
141914
141958
142126
142263
142270
142289
142487
142561
142752
142810
143033
143069
143273
143282
143321
143342
143418
143431
143467
143576
143577
143856
143943
144023
144024
144077
144166
144248
144360
144391
144454
144506
144554
144802
145000
145034
145078
145161
145268
145277
145311
145431
145509
145709
145776
146019
146100
146185
146204
146259
146260
146371
146387
146405
146476
146501
146509
146518
146605
146639
147160
147334
147428
147666
147712
147829
147860
147955
148055
148184
148240
148453
148481
148563
148714
148797
148827
148851
149182
149300
149455
149509
149540
149633
149716
149816
149860
150009
150132
150135
150239
150306
150432
150451
150507
150513
150612
150642
150690
150751
150812
150866
150906
151041
151063
151171
151277
151319
151375
151391
151422
151446
151889
151939
151965
152089
152161
152276
152332
152362
152388
152464
152580
152691
152701
152914
152954
153151
153152
153554
153556
153596
153657
153711
154155
154173
154262
154494
154739
154779
154932
155010
155289
155307
155489
155582
155750
156010
156106
156190
156279
156376
156771
156794
156938
156983
157041
157142
157145
157403
157437
157735
157909
157981
158127
158442
158473
158487
158600
158645
158766
158767
158851
158897
158921
159192
159231
159329
159519
159707
159729
159809
159931
159944
160253
160269
160337
160494
160602
160750
160845
160868
160948
160991
161080
161213
161725
161730
161765
161814
161858
162007
162072
162166
162212
162396
162609
162654
162846
162928
163043
163077
163349
163487
163570
163651
163907
164030
164160
164490
164566
164596
164741
164770
164774
164847
164923
165048
165103
165109
165138
165171
165228
165379
165576
165750
165794
165893
166159
166221
166304
166467
166695
167033
167072
167238
167357
167470
167550
167673
167752
167871
167975
168257
168293
168352
168426
168500
168524
168581
168612
168953
168965
168983
169003
169010
169145
169294
169379
169611
169691
169712
169919
169970
170008
170130
170240
170381
170605
170769
170815
170876
170934
171138
171204
171245
171491
171653
171673
171948
171993
172065
172345
172452
172530
172588
172678
172706
172835
172905
172992
172993
173156
173166
173202
173467
173563
173604
173755
173765
173784
173814
173966
173987
174108
174120
174205
174527
174567
174569
174642
174649
174817
174841
174907
175135
175253
175364
175407
175472
175478
175621
175893
175901
175985
176009
176078
176257
176496
176576
176654
176673
176780
176860
176941
176964
177005
177008
177158
177342
177722
177976
178037
178059
178180
178194
178217
178305
178330
178452
178484
178732
178821
179081
179101
179247
179291
179410
179764
179836
179901
180029
180072
180097
180297
180328
180373
180482
180512
180531
180552
180833
180874
180902
181040
181055
181068
181072
181157
181179
181305
181323
181423
181515
181633
181729
181944
181989
182004
182087
182292
182396
182758
182934
182978
183011
183167
183189
183278
183300
183302
183379
183380
183671
183729
183734
183820
184331
184341
184562
184958
185134
185210
185312
185344
185380
185474
185485
185668
185778
185942
186231
186396
186417
186473
186493
186573
186760
186904
187229
187355
187493
187772
187815
187847
188359
188414
188515
188635
188735
188788
188906
188942
188944
189021
189053
189135
189153
189156
189200
189250
189894
189899
189937
190130
190213
190347
190499
190572
190684
190707
190752
190809
190956
191045
191129
191147
191151
191184
191224
191667
192037
192114
192210
192284
192305
192369
192948
193019
193084
193095
193178
193188
193314
193341
193359
193405
193446
193492
193590
193648
193872
193925
194279
194361
194729
194859
195129
195165
195167
195417
195452
195463
195648
195684
195752
195762
195843
195961
195962
196315
196469
196694
196805
196937
196957
197002
197045
197116
197176
197236
197366
197550
197830
197899
197983
197997
198046
198121
198199
198230
198238
198387
198593
198824
198853
199139
199140
199141
199191
199281
199540
199758
199784
199850
199918
199989
200013
200084
200141
200254
200331
200442
200562
200955
201781
201878
201993
202140
202188
202252
202326
202568
202706
202709
202868
203030
203032
203105
203237
203305
203574
203723
203775
203826
203931
204066
204268
204351
204410
204453
204532
204648
204714
204772
204976
205149
205252
205521
205543
205644
205693
205827
205907
206015
206052
206476
206714
206745
206815
206914
206998
206999
207169
207252
207360
207379
207414
207658
207669
207670
208182
208270
208296
208330
208349
208393
208413
208428
208480
208660
208678
208752
208824
208844
208934
208969
209034
209239
209259
209292
209376
209762
209810
209930
209934
209943
210027
210031
210172
210176
210244
210362
210722
210732
210918
210962
210996
211073
211485
211760
211792
211864
212074
212103
212270
212333
212345
212538
212566
212844
212949
213058
213099
213278
213359
213689
213708
213783
213790
213794
213998
214026
214094
214233
214264
214585
214694
214925
215049
215065
215093
215308
215357
215420
215478
215608
215627
215783
215892
216035
216069
216072
216136
216162
216233
216549
216568
216572
216708
216780
216799
216967
217005
217096
217105
217437
217441
217507
217512
217736
218064
218102
218236
218465
218559
218576
218615
218742
218810
218820
218822
218867
218928
218948
219005
219082
219122
219214
219303
219315
219459
219462
219466
219505
219592
219634
219654
219794
219801
219810
219821
219891
220310
220358
220541
220550
220607
220659
220834
220919
220932
220942
221169
221440
221782
222088
222139
222142
222285
222332
222357
222398
222484
222491
222617
222637
222665
222691
222692
222853
222930
223346
223396
223792
223798
223945
224020
224094
224156
224215
224340
224364
224499
224521
224581
224652
224694
224748
224764
224870
225141
225306
225570
225614
225821
225978
226073
226084
226136
226193
226277
226309
226474
226502
226601
226621
226641
227404
227495
227718
227750
228031
228086
228164
228261
228430
228454
228511
228529
228602
228683
228819
228904
228910
228920
228983
228990
229049
229185
229273
229286
229288
229293
229366
229458
229503
229640
229869
230022
230039
230355
230360
230411
230439
230452
230459
230496
231051
231077
231166
231300
231320
231572
231621
231804
231809
231817
231926
231927
231962
232203
232239
232249
232319
232447
232483
232557
232614
232634
232643
232752
232781
232783
232897
233223
233291
233322
233355
233506
233552
233569
233613
233644
233792
234045
234068
234101
234123
234169
234372
234550
234624
234670
234706
234710
234742
234753
235247
235428
235439
235633
235639
235689
235727
235865
235867
235870
236032
236095
236230
236401
236570
236700
236706
236742
236943
236951
237074
237100
237122
237393
237404
237495
237537
237587
237874
237918
238000
238043
238218
238298
238326
238441
238544
238641
238711
238837
238888
238944
238953
239019
239024
239114
239129
239376
239383
239414
239504
239548
239644
239667
239841
239873
240159
240436
240440
240476
240564
240695
240747
240770
240820
240979
240985
241047
241078
241300
241301
241353
241587
241746
241846
242033
242103
242161
242175
242241
242250
242337
242465
242467
242553
242671
242752
242795
242844
242924
243116
243218
243290
243347
243386
243391
243460
243496
243747
243797
243830
243898
243918
243998
244056
244428
244482
244512
244873
244898
244943
244978
245000
245088
245440
245528
245548
245605
245738
246008
246039
246084
246117
246223
246332
246398
246661
246753
246961
247025
247145
247319
247623
247681
247841
247984
248164
248286
248376
248384
248496
248538
248780
248845
248884
248889
248938
248989
249021
249044
249077
249199
249405
249452
249543
249620
249630
249912
249951
249952
250003
250041
250346
250535
250743
250770
250931
250933
250988
251134
251171
251330
251639
251672
251718
251749
251816
251901
252114
252214
252472
252657
252682
252742
252814
252879
252903
252918
253067
253167
253263
253269
253362
253490
253642
253772
254108
254138
254178
254277
254330
254440
254566
254669
254705
255118
255186
255219
255325
255996
255997
256280
256354
256427
256495
256585
256810
257051
257194
257285
257361
257376
257401
257509
257547
257760
257899
257909
257965
257990
258099
258117
258254
258372
258403
258592
258606
258628
258739
258790
259246
259288
259347
259355
259807
259842
259915
259992
260043
260367
260439
260581
260767
261015
261098
261175
261291
261680
261728
261796
261915
262068
262242
262631
262637
262739
262834
263002
263125
263202
263206
263217
263339
263438
263445
263520
263622
263764
263793
263905
263929
264016
264209
264217
264227
264260
264337
264529
264645
264749
264862
264880
265069
265095
265124
265441
265665
265930
266033
266179
266195
266242
266332
266386
266533
266671
266760
266963
267051
267139
267144
267274
267298
267330
267432
267508
267516
267732
267781
268046
268123
268131
268139
268348
268389
268426
268438
268485
268561
268658
268691
268717
269169
269233
269282
269408
269487
269725
269730
269832
269836
269873
269906
270030
270114
270118
270241
270370
270394
270427
270610
270611
270724
270740
270764
271109
271200
271229
271364
271589
271659
271735
271776
271853
271951
271997
272026
272062
272461
272571
272608
272653
272674
272705
272723
272800
272979
272986
273248
273275
273287
273307
273402
273483
273505
273519
273610
273617
273619
273621
273818
273825
274161
274228
274267
274320
274445
274679
274748
274760
274811
274850
275061
275073
275132
275172
275219
275383
275427
275580
275769
275885
275928
275990
275997
276003
276005
276137
276380
276499
276535
276751
276805
276814
277131
277276
277374
277419
277511
277721
277829
278042
278102
278180
278291
278324
278325
278410
278427
278668
278682
278769
278854
278862
279286
279291
279354
279423
279462
279644
279685
279912
280071
280272
280368
280458
280464
280481
280679
280775
281070
281141
281222
281237
281310
281448
281553
281647
281659
281696
281900
282054
282277
282323
282478
282707
282716
282837
282852
282973
282995
283229
283262
283272
283329
283425
283472
283518
283566
283729
283792
283902
283931
284282
284825
284958
285028
285109
285379
285442
285466
285493
285747
285865
285930
286054
286255
286304
286424
286713
286928
286950
286979
287081
287132
287144
287482
287503
287653
287673
287695
287908
287992
288040
288055
288175
288276
288310
288317
288324
288394
288665
288740
288769
288803
288806
288816
288963
288989
288993
289110
289230
289287
289288
289408
289470
289472
289611
289661
289864
290159
290208
290399
290490
290577
290660
290714
290733
290749
290817
290965
290984
291001
291044
291089
291222
291322
291510
291672
291688
291705
291787
291823
291824
291896
292034
292039
292063
292492
292692
292779
292920
293088
293100
293163
293393
293474
293797
293823
293827
294000
294153
294274
294328
294374
294398
294509
294904
294943
295007
295078
295147
295162
295185
295231
295304
295415
295450
295459
295488
295929
296160
296194
296208
296354
296405
296605
296747
296818
296886
297038
297170
297188
297259
297390
297430
297559
297589
297601
297705
297716
297773
297826
298012
298062
298201
298455
298704
299130
299166
299340
299407
299420
299592
299728
299747
300079
300455
300505
300627
300756
300775
301065
301131
301137
301140
301268
301485
301535
301560
301746
301850
301908
301975
302051
302413
302434
302509
302580
302907
303273
303304
303370
303828
304190
304261
304393
304546
304650
304990
305160
305301
305492
305635
305701
305823
305914
306058
306093
306102
306126
306157
306165
306444
306561
306733
306840
307404
307423
307628
307742
307805
307859
307893
308025
308027
308104
308362
308510
308519
308581
308609
308702
308712
308741
308755
308841
309023
309052
309243
309245
309413
309540
309774
309880
309911
310031
310171
310271
310292
310334
310361
310644
310721
310794
310941
310977
311267
311362
311435
311468
311499
311607
311645
311694
312091
312165
312228
312345
312548
312550
312587
312758
312996
313034
313141
313170
313367
313368
313776
314151
314201
314363
314446
314553
314628
314728
315095
315206
315321
315434
315440
315556
315564
315803
315867
315888
315988
315998
316068
316154
316175
316183
316251
316547
316598
316834
316901
316943
316976
317269
317344
317374
317551
317611
317635
317687
317757
317774
317801
318043
318283
318314
318320
318332
318401
318482
318677
318736
318773
318784
318943
318947
319255
319258
319422
319500
319652
319693
319924
320061
320092
320157
320168
320305
320482
320659
320757
320884
320916
320980
320981
321166
321224
321229
321384
321427
321615
321718
321900
322022
322300
322432
322678
322700
322710
322827
322960
322991
323015
323035
323055
323106
323109
323143
323320
323393
323419
323420
323452
323714
323719
323764
323973
324094
324102
324173
324178
324187
324351
324630
324794
325076
325182
325238
325356
325365
325428
325607
325729
325840
325925
325938
325988
325990
326038
326122
326242
326355
326444
326491
326524
326543
326629
326765
326861
327069
327184
327296
327403
327449
327451
327540
327586
327610
327617
327847
328023
328024
328095
328191
328262
328364
328437
328471
328653
328718
328781
328831
328971
329005
329266
329349
329520
329613
329685
329905
329921
329957
330025
330066
330108
330156
330244
330286
330312
330384
330406
330481
330559
330851
330859
330876
330963
331242
331271
331439
331564
331616
331679
331721
331932
332024
332028
332108
332246
332330
332457
332479
332493
332545
332716
333012
333109
333231
333398
333583
333730
333738
333802
333975
334012
334356
334437
334648
334804
334855
334923
335064
335133
335135
335184
335493
335527
335648
335858
336053
336097
336108
336110
336444
336476
336663
336814
337291
337392
337470
337480
337599
337679
337709
337765
337768
337783
337804
337864
337964
338037
338072
338511
338633
338665
338861
338901
338902
338965
339015
339438
339560
339611
339840
339860
340142
340270
340335
340683
340697
340782
340946
341181
341230
341243
341305
341418
341449
341633
341741
341747
341965
341969
342370
342379
342430
342556
342626
342738
342932
343135
343419
343471
343862
343910
343911
344229
344249
344278
344317
344373
344375
344465
344511
344526
344527
344637
344748
344828
344861
344998
345040
345216
345373
345391
345403
345504
345554
345602
345930
346006
346059
346149
346205
346225
346366
346422
346429
346550
346708
346931
347049
347060
347097
347183
347371
347440
347450
347508
347677
347832
348307
348485
348768
348804
348836
348992
349032
349103
349216
349257
349339
349370
349383
349469
349492
349647
349690
349691
349815
349973
350113
350189
350232
350316
350564
350642
350658
350701
350737
350739
350906
350920
350941
350994
351078
351231
351271
351315
351374
351421
351557
351598
351712
351768
351913
351973
351988
352107
352118
352197
352360
352369
352421
352431
352480
352501
352570
352622
352628
352694
352830
352997
353018
353030
353187
353385
353453
353474
353486
353556
353739
354024
354440
354531
354577
354646
354782
354874
355035
355083
355105
355201
355363
355441
355595
355763
356089
356281
356428
356465
356503
356608
356614
356797
356812
356916
357142
357335
357509
357540
357597
357611
358250
358331
358382
358654
358718
358832
358840
358932
359115
359337
359551
359760
359774
359850
360002
360041
360064
360151
360308
360408
360534
360604
360902
360989
361077
361127
361206
361353
361437
361458
361680
361792
361915
361918
362022
362025
362063
362111
362181
362187
362433
362457
362701
362741
362820
363382
363442
363493
363537
363616
363735
363792
363888
364064
364065
364199
364213
364523
364607
364669
364848
364877
365112
365176
365225
365393
365448
365539
365548
365562
365998
366052
366105
366256
366392
366576
366780
366782
366969
367049
367158
367189
367225
367269
367403
367612
367642
367879
368074
368131
368262
368422
368450
368518
368824
368913
368924
368951
369004
369069
369499
369602
369620
369843
369887
370037
370100
370169
370344
370433
370528
370601
370675
370778
370831
370845
370886
371150
371205
371317
371337
371516
371889
371925
371927
371940
371993
372021
372036
372054
372072
372095
372107
372166
372225
372276
372293
372327
372354
372488
372519
372524
372577
372586
372752
372772
372788
372799
372992
373071
373147
373190
373223
373818
373932
374005
374054
374072
374171
374239
374388
374428
374478
374509
374602
374685
374700
374773
374890
375037
375148
375160
375213
375359
375497
375499
375552
375727
375736
375746
375816
375968
376060
376222
376683
376749
376789
376847
376861
377137
377346
377389
377399
377615
377658
377762
377804
377813
378053
378285
378529
378726
379109
379138
379143
379196
379273
379373
379498
379554
379628
379962
380084
380153
380233
380318
380360
380472
380557
380636
380824
380859
381014
381080
381119
381156
381162
381274
381306
381423
381588
381937
382012
382134
382137
382345
382427
382571
382584
382793
382803
382926
382989
383013
383019
383122
383144
383206
383451
383571
383591
383670
383684
383785
384099
384144
384180
384203
384398
384409
384485
384575
384689
384698
384774
384911
385290
385293
385352
385418
385491
385522
385672
385691
385731
385891
385944
386221
386319
386420
386437
386579
386632
387036
387163
387215
387596
387735
387821
387910
388027
388269
388333
388341
388542
388551
388606
388755
388790
388914
388934
388986
389014
389284
389497
389512
389648
389719
389721
390329
390398
390402
390436
390745
390807
390958
391005
391100
391143
391396
391552
391591
391616
391714
391775
391776
391810
392080
392237
392243
392268
392422
392513
392566
392584
392611
392677
392685
392781
392844
392850
392878
392886
392924
393126
393191
393381
393434
393548
393606
393675
393678
393848
394152
394155
394178
394185
394279
394502
394560
394953
395035
395183
395184
395404
395488
395492
395653
395733
395754
395810
395904
395930
396106
396108
396386
396426
396480
396486
396698
396752
396911
397076
397436
397600
397787
397877
397911
397927
397952
398095
398101
398142
398161
398323
398435
398792
398920
399062
399227
399270
399284
399505
399507
399510
399575
399619
399650
399656
399933
400079
400273
400280
400306
400419
400465
400478
400562
400605
400619
400640
400735
400865
400929
401152
401201
401213
401231
401480
401698
401711
401719
401828
401850
401924
401971
401974
401975
402009
402075
402295
402320
402409
402482
402524
402737
402797
402914
402930
402993
403062
403066
403118
403177
403197
403236
403300
403392
403420
403577
403581
403676
403725
403807
403824
403840
403890
404065
404131
404174
404334
404357
404369
404409
404433
404567
404723
404756
404812
404927
404942
404953
405141
405157
405207
405268
405277
405583
405759
406102
406114
406380
406513
406567
406656
406736
406821
406904
407108
407145
407203
407236
407299
407314
407791
407870
407911
408041
408199
408348
408915
408974
409302
409364
409374
409414
409560
409658
409917
409985
410323
410370
410490
410647
410691
410847
410920
410979
411193
411633
411710
411853
412056
412090
412239
412457
412469
412791
412975
412985
412992
413010
413021
413089
413151
413250
413322
413461
413594
413612
413709
413778
413812
413872
413901
414061
414084
414093
414283
414576
414678
414968
415095
415172
415261
415352
415423
415483
415555
415600
415630
416005
416022
416096
416202
416420
416595
416639
416661
416707
416859
416876
417016
417122
417197
417244
417494
417530
417731
417752
417822
417897
418122
418134
418146
418153
418155
418164
418167
418223
418228
418252
418299
418343
418856
418859
418930
419205
419510
419902
420049
420056
420413
420506
420543
420580
420869
420876
420878
420880
420925
420956
421459
421677
421929
422133
422179
422504
422804
422854
422879
422893
422937
422951
423023
423511
423582
423706
423783
423860
423891
423978
424270
424405
424409
424460
424866
424946
424995
425115
425197
425227
425408
425477
425515
425568
425733
425764
425946
426031
426079
426178
426300
426311
426662
426685
426847
426921
426989
426996
427418
427650
427717
427724
427782
427814
427856
427917
427928
428036
428052
428149
428174
428180
428221
428260
428463
428559
428807
428833
429049
429069
429183
429284
429347
429652
429805
429866
429871
429897
430061
430128
430143
430148
430248
430314
430382
430580
430618
430663
430749
430784
430805
431215
431220
431234
431299
431304
431323
431603
431627
431656
431694
431779
431843
432023
432102
432129
432352
432455
432522
432529
432570
432607
432621
432692
432697
432717
433016
433083
433087
433252
433280
433508
433712
433732
433817
433818
434066
434069
434207
434243
434327
434525
434609
434790
434844
435060
435062
435307
435386
435459
435505
435710
435722
435958
435994
436136
436390
436436
436437
436488
436849
436911
436979
437325
437437
437486
437525
437527
437564
437641
437717
437886
437935
437972
438163
438179
438269
438356
438500
438585
438613
438642
438804
438890
439071
439093
439130
439169
439339
439411
439477
439675
439693
439984
440051
440243
440265
440518
440723
440800
440826
441005
441078
441137
441292
441461
441719
441870
441997
442028
442032
442286
442289
442442
442554
442782
443025
443143
443253
443254
443271
443285
443404
443415
443572
443601
443924
443950
444075
444145
444215
444226
444326
444407
444516
444579
444590
444671
444700
444749
444811
444930
445151
445283
445368
445472
445500
445539
445553
445621
445698
445726
445896
446045
446072
446089
446210
446214
446353
446369
446410
446434
446696
446713
446834
446885
446888
446920
446934
446985
447037
447147
447364
447561
447603
447626
447745
447834
447944
448302
448372
448376
448386
448421
448736
448823
448852
448956
449207
449476
449477
449570
449622
449648
449686
449888
449969
450057
450090
450187
450339
450350
450393
450530
450576
450717
450741
450756
450765
450779
450784
451197
451288
451479
451606
451627
451701
451792
452005
452029
452052
452138
452187
452526
452685
452694
452767
452825
452841
452891
453012
453017
453101
453333
453363
453394
453557
453586
453681
453685
453696
453964
454014
454308
454509
454514
454918
455084
455184
455225
455259
455442
455446
455522
455894
455958
455967
456077
456153
456155
456192
456200
456248
456342
456381
456414
456500
456854
456873
456953
457177
457182
457265
457581
457634
457650
457680
457697
457720
457737
457782
458071
458152
458172
458179
458314
458329
458343
458462
458825
458965
459005
459069
459083
459231
459297
459579
459606
459636
459655
459833
459834
460128
460172
460201
460281
460402
460453
460663
460765
460769
460789
460893
460895
460925
461009
461199
461287
461299
461338
461368
461403
461412
461727
461882
462429
462523
462825
462833
462866
462886
463054
463153
463262
463376
463378
463644
463707
463712
463753
463898
463961
463963
464024
464055
464076
464093
464189
464330
464466
464468
464483
464496
464505
464657
464697
464923
464980
465020
465038
465113
465634
465831
465917
465923
466082
466417
466422
466472
466488
466575
466845
466863
466965
467050
467196
467290
467301
467308
467430
467671
467727
467843
468059
468209
468253
468392
468396
468450
468573
468740
468814
468830
468839
469090
469141
469312
469496
469649
469693
469746
469832
469871
469883
469961
470008
470090
470148
470223
470242
470313
470507
470519
470717
470862
470869
470891
471031
471042
471050
471198
471312
471604
471812
472020
472170
472200
472446
472568
472656
472739
472808
472856
472866
473076
473366
473367
473404
473456
473480
473505
473574
473722
473836
473853
473866
473918
473970
474265
474355
474414
474559
474640
474730
474734
474770
474856
474867
475104
475133
475196
475324
475420
475468
475567
475604
475790
476005
476036
476096
476297
476308
476348
476603
476842
476849
476905
476977
477232
477351
477437
477476
477611
477734
477836
477972
478020
478034
478247
478264
478273
478303
478485
478813
478835
478933
478977
479011
479085
479098
479352
479468
479476
479559
479568
479612
479683
479753
479760
479827
479874
480103
480121
480186
480343
480362
480459
480704
480844
480895
480923
480927
480946
481039
481073
481176
481222
481356
481466
481583
481584
481601
481737
481800
481856
481862
481930
481955
482000
482106
482286
482510
482602
482730
482744
482839
482903
482921
482960
483058
483157
483348
483528
483542
483556
484139
484316
484458
484601
484777
485030
485120
485136
485195
485222
485322
485452
485551
485624
485626
485729
485830
485853
485904
486015
486130
486175
486298
486333
486582
486846
486861
486880
486911
487405
487443
487566
487663
487738
487766
487956
488200
488205
488380
488381
488480
488536
488691
488703
488836
488919
489032
489085
489375
489388
489406
489499
489578
489599
489645
489895
490008
490022
490070
490076
490175
490218
490227
490232
490353
490373
490513
490531
490535
490691
490705
490896
491040
491321
491325
491576
491593
491634
491662
491755
491912
492104
492181
492202
492259
492307
492358
492377
492414
492452
492495
492654
492656
492684
492740
492755
492767
492807
492914
492958
493011
493222
493292
493548
493564
493626
493848
493918
494006
494201
494208
494477
494520
494589
494647
494676
495116
495334
495390
495407
495421
495430
495452
495695
495825
495956
496118
496302
496356
496415
496528
496815
496912
496927
497471
497744
497887
497889
498069
498129
498240
498286
498304
498312
498388
498420
498493
498597
498786
498788
498814
498932
498949
498952
498988
499009
499107
499214
499269
499318
499349
499412
499508
499552
499685
499700
499808
499911
500078
500189
500207
500283
500299
500383
500586
500610
500687
500852
500918
501128
501136
501180
501375
501452
501572
501626
501636
501995
502160
502179
502297
502330
502584
502683
502801
502975
503009
503011
503066
503079
503257
503266
503404
503419
503436
503480
503559
503631
503717
504026
504060
504159
504273
504333
504368
504429
504516
504628
504633
504661
504750
504937
504984
505255
505496
505505
505509
505583
505636
505713
505724
505758
505856
505983
506111
506175
506223
506264
506364
506407
506417
506444
506641
507345
507409
507431
507772
507800
507804
507831
507926
507938
507954
508274
508312
508339
508483
508832
508860
509360
509408
509511
509600
509684
509996
510147
510170
510207
510345
510520
510586
510739
510891
511008
511024
511277
511339
511385
511390
511610
511815
511877
511890
511951
512252
512264
512295
512307
512557
512979
513143
513147
513168
513185
513294
513333
513545
513691
513715
513772
513963
514035
514176
514456
514461
514577
514604
514739
514830
514848
514965
515076
515112
515205
515429
515498
515755
516081
516458
516633
516690
516694
516754
516781
516809
516871
516962
517061
517269
517407
517594
517718
517764
517785
517799
517893
517917
518074
518098
518109
518131
518391
518646
518652
518765
518950
519024
519291
519490
519549
519663
519760
519780
519942
520003
520027
520031
520052
520063
520121
520224
520331
520643
520694
520732
520848
520982
521052
521100
521218
521313
521398
521473
521653
521672
521744
521835
521896
522022
522033
522333
522364
522388
522628
522644
522692
522795
522835
522890
522914
522941
523010
523165
523223
523272
523419
523666
523694
524029
524042
524323
524333
524481
524510
524564
524622
524646
524694
524748
524845
524980
525037
525054
525175
525360
525481
525524
525614
525655
525672
525687
525740
525876
526005
526154
526197
526228
526918
527107
527231
527452
527470
527499
527511
527528
527692
527709
527784
527975
528009
528050
528186
528259
528309
528437
528540
528617
528770
528805
528838
528993
529115
529123
529165
529205
529381
529436
529442
529738
529832
529858
529887
529889
530084
530197
530364
530574
530638
530814
531176
531324
531767
531888
531976
532035
532144
532284
532449
532537
532549
532672
532784
533045
533058
533289
533320
533375
533409
533446
533449
533539
533568
533985
534094
534317
534375
534640
534718
534768
534887
534924
534970
534992
535066
535252
535306
535894
536031
536049
536247
536263
536374
536382
536504
536675
536735
536838
536840
536861
536948
537016
537143
537224
537268
537299
537313
537329
537331
537456
537538
537770
537941
537952
538001
538006
538196
538201
538245
538355
538527
538684
538694
538770
538842
538904
539015
539099
539115
539250
539416
539467
539613
539625
539747
539798
539889
540077
540169
540170
540210
540277
540335
540362
540521
540669
540762
541033
541043
541046
541229
541268
541290
541624
541650
541703
541758
541808
541911
542003
542027
542056
542216
542253
542426
542774
542822
543077
543227
543259
543297
543314
543392
543413
543439
543475
543608
543648
543830
543870
543995
544003
544059
544150
544261
544296
544343
544572
544713
544731
544804
544846
544907
544966
545027
545087
545234
545403
545511
545664
545665
545704
545727
546005
546044
546363
546438
546565
546618
546642
546648
546674
546766
546814
546820
546846
546887
546982
546985
546987
547040
547070
547392
547440
547484
547500
547638
547644
547673
547678
547752
547773
547785
548041
548243
548285
548286
548397
548436
548449
548452
548566
548776
548942
549010
549142
549205
549480
549540
549709
549767
549794
549809
549815
549816
549952
550110
550225
550381
550387
550390
550423
550451
550605
550676
550679
550713
550776
550787
551089
551244
551284
551313
551404
551432
551460
551595
551599
551690
551909
552021
552070
552200
552215
552297
552402
552416
552439
552501
552644
552649
552718
552756
552855
553008
553030
553278
553331
553414
553440
553676
553757
553875
553904
554111
554383
554456
554502
554541
554558
554652
554778
554910
554961
555068
555073
555085
555091
555196
555313
555605
555660
555665
555953
556010
556160
556201
556220
556231
556357
556588
556656
556666
556907
557038
557145
557375
557386
557422
557601
557923
557953
558108
558239
558296
558343
558378
558565
558646
558771
558777
558799
558941
559014
559028
559198
559230
559342
559623
559729
559770
559819
559820
560007
560080
560086
560437
560471
560505
560813
560847
561054
561170
561365
561574
561575
561620
561756
561831
561914
562051
562078
562135
562187
562202
562268
562434
562731
562756
562773
562821
562852
563208
563259
563394
563418
563419
563525
563599
563627
563934
564095
564137
564237
564428
564897
565089
565099
565117
565474
565576
565594
565672
565678
565787
566154
566202
566313
566384
566498
566501
566518
566522
566552
566646
566779
566781
567022
567275
567335
567466
567572
567687
567842
567844
568028
568341
568664
568757
568953
569163
569209
569368
569374
569434
569492
569667
569722
569740
569792
569903
569908
569981
570036
570095
570110
570112
570139
570148
570194
570269
570335
570391
570442
570640
570697
570829
570835
571050
571316
571404
571583
571747
571823
572228
572311
572347
572480
572510
572578
572677
572719
572745
572943
573227
573236
573245
573246
573343
573500
573702
573719
573737
573788
573829
573871
573966
573971
573999
574043
574059
574060
574144
574153
574389
574398
574432
574469
574497
574557
574589
575058
575318
575615
575772
575907
576033
576065
576270
576296
576346
576373
576503
576665
576721
577171
577265
577475
577650
577654
577819
578059
578081
578193
578305
578458
578620
578681
578775
579012
579077
579107
579631
579658
579728
579883
580188
580638
580750
580906
580970
580990
581402
581419
581557
581564
581672
581683
581754
581797
582174
582339
582354
582391
582420
582493
582626
582744
582850
582897
583016
583031
583058
583155
583163
583209
583216
583416
583459
583679
583759
583889
583901
583991
584015
584144
584146
584147
584182
584201
584307
584522
584557
584587
584656
584718
584730
584746
584787
584902
585261
585393
585455
585510
585512
585576
585704
585711
585777
585782
585847
585918
585965
585966
586060
586086
586258
586344
586348
586484
586504
586961
587078
587102
587107
587153
587179
587233
587340
587613
587681
587925
588152
588304
588409
588509
588553
588620
588757
588774
588955
588981
589133
589193
589283
589484
589501
589502
589529
589710
589730
589863
589975
590051
590223
590297
590298
590300
590350
590522
590672
590899
591130
591156
591278
591311
591427
591431
591528
591545
591558
591632
591703
591785
591915
591977
591978
591981
592005
592226
592515
592529
592539
592557
592763
593533
593593
593609
593631
593636
593691
593788
593872
594212
594317
594508
594745
594845
594864
594998
595246
595390
595534
595538
595746
595750
595765
595898
595930
595946
596254
596390
596506
596524
596583
596605
596627
596761
596937
596968
596971
597205
597321
597383
597566
597621
597627
597628
597635
597690
597725
597919
598072
598073
598437
598452
598483
598516
598697
598795
598847
598849
598883
599017
599115
599231
599236
599337
599424
599498
599522
599531
599784
599977
600035
600046
600066
600076
600102
600136
600145
600180
600205
600214
600249
600265
600290
600304
600433
600530
600555
600593
600683
600812
600841
600881
600914
601014
601089
601285
601374
601424
601584
601623
601630
601732
601786
601954
602003
602128
602191
602433
602745
603035
603255
603361
603399
603447
603471
603718
603723
603737
603809
603914
603975
604120
604130
604152
604336
604378
604483
604757
604799
604965
604987
604992
605199
605206
605340
605541
605601
605745
605775
605841
606000
606114
606290
606291
606484
606640
606730
606780
606807
606833
606914
607141
607405
607720
607912
608110
608120
608159
608355
608474
608513
608550
608703
608745
609036
609118
609168
609307
609429
609574
609643
609659
609733
609779
609805
609808
609969
610071
610236
610322
610336
610404
610494
610560
610563
610606
610672
610713
610930
611001
611017
611178
611512
611782
611826
611849
612133
612377
612474
612522
612526
612573
612585
612587
612722
612840
612902
612916
613105
613137
613216
613218
613228
613300
613339
613393
613400
613415
613468
613591
613676
613815
613847
613918
614071
614335
614399
614496
614596
614689
614690
614877
614879
614923
614993
615543
615919
615968
616036
616095
616102
616133
616157
616194
616269
616276
616384
616653
616919
617042
617090
617106
617247
617308
617467
617474
617545
617548
617741
617750
617854
617914
617938
618156
618215
618227
618290
618330
618351
618398
618465
618571
618807
618809
618863
618892
618907
619046
619228
619253
619333
619334
619433
619506
619675
619725
619975
619998
620110
620139
620271
620282
620361
620424
620471
620599
620625
620702
620820
620888
620900
621114
621242
621377
621385
621482
621779
621781
621877
622087
622107
622113
622128
622373
622424
622484
622500
622510
622566
622883
622999
623075
623155
623160
623462
623466
623628
623664
623834
623938
623986
624006
624015
624069
624209
624214
624222
624339
624440
624600
624606
624825
624855
624896
624917
625062
625072
625275
625379
625605
625710
625720
625724
625825
625908
625999
626080
626191
626198
626203
626221
626264
626382
626455
626516
626546
626666
626675
626971
627218
627423
627460
627462
627556
627638
627787
628074
628100
628130
628185
628257
628298
628313
628468
628527
628567
628664
628678
628781
629042
629061
629066
629152
629163
629175
629231
629240
629339
629420
629451
629482
629521
629577
629640
629718
629744
630345
630498
630519
630548
630552
630561
630579
630811
630832
630948
631074
631290
631329
631605
631608
631655
631664
631763
631956
631985
632081
632233
632307
632314
632349
632362
632365
632400
632419
632454
632595
632708
632870
633025
633038
633092
633181
633350
633358
633364
633464
634009
634117
634183
634220
634267
634286
634463
634476
634526
634582
634704
634714
634772
634824
634957
634981
635141
635428
635473
635489
635675
635709
635794
635893
635918
636106
636163
636540
636615
636624
636775
636810
636866
636913
636935
636981
637268
637312
637399
637463
637476
637737
637741
637944
637986
638135
638170
638214
638489
638504
638572
638840
639279
639581
639597
639816
639895
640066
640110
640154
640253
640312
640452
640516
640542
640614
640642
640687
640698
640847
640901
640914
640993
641230
641323
641425
641482
641522
641542
641592
641639
641645
641701
641750
641874
641906
641913
642264
642483
642490
642506
642549
642598
642609
642683
642752
642856
643010
643018
643181
643232
643282
643503
643533
643624
643628
643643
643751
643911
644126
644236
644386
644486
644515
644580
644673
644686
644720
644845
644851
644977
645264
645596
645987
645995
645997
646078
646120
646127
646169
646174
646187
646356
646406
646408
646417
646472
646517
646820
646916
646990
647071
647124
647141
647177
647270
647519
647562
647736
647784
648066
648076
648130
648151
648502
648618
648650
648814
649033
649035
649085
649138
649181
649358
649458
649472
649549
649554
649576
649631
649642
649792
649835
649903
649956
650057
650568
650582
650668
650974
651264
651325
651343
651389
651574
651612
651622
651763
651844
651905
651912
651958
652238
652492
652585
652595
652768
652878
652932
653023
653036
653559
653622
653777
653844
653965
654235
654339
654422
654695
654784
654897
654906
655098
655214
655224
655239
655249
655348
655439
655484
655579
655593
655880
655884
656014
656040
656138
656204
656309
656734
656933
656948
657057
657160
657310
657440
657503
657504
657531
657560
657684
657743
657759
657857
658133
658185
658309
658333
658484
658492
658674
658678
658712
658756
658877
658903
658946
659396
659423
659487
659782
660100
660209
660304
660326
660388
660758
660826
660988
661069
661088
661154
661253
661555
661646
661920
662107
662238
662594
662620
662753
662759
662857
662910
662963
662980
663002
663013
663146
663195
663302
663434
663551
663909
663921
664031
664053
664083
664173
664207
664246
664659
664687
664701
664749
664759
664778
664867
664920
664987
665170
665271
665310
665331
665371
665539
666011
666027
666106
666210
666296
666344
666399
666589
666672
667072
667346
667455
667485
667511
667514
667517
667591
667619
667713
667864
668078
668096
668247
668384
668432
668454
668587
668651
668660
668686
668703
669068
669122
669150
669251
669314
669341
669503
669569
669647
669673
669970
670051
670222
670417
670520
670607
670779
670803
670865
670919
671091
671116
671370
671428
671435
671496
671501
671609
671683
671793
671818
671898
671919
672220
672424
672586
672606
672890
673175
673408
673513
673540
673550
673781
674015
674092
674135
674166
674234
674463
674466
674583
674948
674955
675075
675093
675108
675204
675410
675447
675719
675752
675781
676067
676111
676222
676243
676244
676270
676314
676387
676448
676874
676922
676973
677053
677057
677287
677549
677762
678150
678293
678331
678651
678656
678693
678710
678726
678804
678867
678886
678909
679045
679072
679191
679463
679586
679657
679754
679787
679791
679841
679883
680137
680144
680294
680376
680466
680483
680531
680743
680819
680862
680926
681136
681154
681199
681336
681424
681529
681534
681635
681777
681800
681882
682071
682233
682372
682376
682394
682788
682937
682950
683193
683479
683705
683707
683969
684263
684326
684364
684419
684470
684528
684718
684720
684743
684902
684953
685061
685076
685528
685707
685792
685929
686102
686230
686276
686329
686363
686405
686605
686656
686686
686710
686756
686826
686899
686930
686933
686936
687040
687085
687089
687211
687223
687231
687407
687561
687617
687618
687643
687669
687733
687994
688009
688050
688247
688253
688379
688426
688643
688687
688698
688711
688789
688809
688847
689274
689296
689398
689481
689685
689713
689715
689730
689843
690332
690378
690525
690719
690824
690851
691153
691157
691296
691325
691344
691475
691949
692055
692069
692383
692400
692585
692785
692842
692985
693191
693256
693356
693384
693385
693511
693527
693702
693779
693808
693884
693885
693890
694081
694233
694435
694505
694580
694773
694901
695158
695219
695332
695347
695446
695610
695781
695890
696224
696229
696360
696522
696572
696660
696690
696742
696786
696858
697059
697082
697161
697239
697310
697599
697611
697726
697846
698041
698083
698139
698245
698302
698328
698414
698589
698845
698880
699164
699494
699612
699670
699725
699749
699888
700186
700194
700250
700394
700628
700853
701093
701125
701157
701170
701190
701304
701405
701444
701584
701601
701632
701645
701669
701818
702029
702074
702081
702213
702220
702247
702269
702395
702417
702491
702560
702662
702725
702731
703027
703337
703615
703689
703778
703842
703949
703955
703982
704090
704158
704293
704308
704342
704345
704909
704921
704926
704937
705097
705100
705262
705306
705311
705378
705399
705720
705737
705767
705774
705847
706025
706330
706334
706345
706381
706501
706558
706611
706619
706712
706832
706996
707054
707115
707120
707414
707492
707614
707619
708275
708313
708508
708616
708620
708737
708749
708788
708816
708904
708930
708941
708983
709026
709135
709183
709252
709370
709432
709509
709613
709675
709703
709719
709726
709778
709800
709990
709996
710049
710079
710172
710174
710217
710301
710440
710572
710880
710886
710894
710938
710943
711000
711193
711214
711337
711338
711463
711542
711706
711894
712027
712030
712145
712170
712211
712357
712404
712407
712599
712608
712620
712677
712803
712974
713143
713157
713172
713181
713187
713325
713419
713474
713487
713494
713658
713659
713855
713940
714061
714095
714150
714397
714471
714602
714682
714719
714787
714835
715075
715335
715542
715721
715855
715876
715969
715981
715996
716015
716072
716207
716344
716446
716454
716464
716465
716551
716591
716646
716896
717032
717163
717273
717326
717463
717496
717498
717528
717917
717973
717987
718164
718168
718492
718601
718859
718884
718941
719127
719147
719477
719569
719658
719660
719735
719745
719825
719909
720030
720143
720258
720474
720589
720800
720865
721047
721108
721213
721234
721279
721337
721368
721470
721487
721507
721545
721556
721617
721867
721980
722057
722580
722588
722619
722841
722956
722973
723032
723077
723143
723147
723548
723627
723745
723834
723906
723909
723973
724197
724232
724371
724387
724396
724468
724551
724583
724702
724789
725084
725108
725136
725245
725584
725768
725775
725781
725945
726025
726358
726443
726642
726672
726763
726842
726846
726952
727078
727277
727734
727751
727860
727915
728191
728231
728286
728343
728369
728657
728669
728765
728827
728957
729021
729129
729221
729228
729317
729466
729677
729693
729792
729940
730049
730134
730474
730487
730873
731008
731212
731414
731452
731605
731773
731877
731915
731997
732123
732140
732300
732468
732638
732641
732706
732713
732871
732884
732959
733129
733323
733342
733447
733528
733735
733783
733940
734104
734142
734268
734294
734316
734524
734614
734766
734865
734926
734931
735042
735056
735132
735348
735591
735667
735679
735786
735789
735795
735988
736135
736343
736511
737029
737033
737144
737302
737382
737406
737560
737762
737836
737869
737880
737925
737969
738460
738611
738630
738666
738891
738997
739055
739064
739104
739142
739275
739410
739691
739726
739803
739926
739999
740027
740164
740420
740496
740543
740551
740847
741133
741180
741258
741343
741438
741480
741525
741570
741672
741706
741765
741877
741881
741962
742031
742253
742337
742365
742403
742456
742558
742735
742834
742938
742991
743124
743126
743146
743173
743216
743237
743265
743356
743382
743631
743684
743700
743926
743929
744037
744055
744062
744263
744301
744571
744618
744632
744697
745090
745195
745202
745277
745283
745523
745558
745565
745693
745759
746085
746294
746361
746674
746700
746772
746816
746947
747047
747159
747233
747277
747529
747878
747922
747985
747995
748037
748093
748145
748301
748361
748371
748390
748417
748474
748581
748636
749079
749159
749259
749260
749284
749395
749431
749780
749801
749809
750085
750134
750193
750253
750257
750523
750697
750909
750941
750994
751281
751368
751405
751413
751521
751652
751717
751759
751796
751930
752137
752216
752253
752396
752397
752452
752822
752827
752867
752885
752934
753021
753106
753289
753325
753415
753446
753673
753707
753765
753767
753867
754000
754208
754246
754356
754525
754535
754591
754626
754775
754996
755099
755169
755351
755460
755654
755673
755815
755843
755921
755933
756070
756213
756223
756344
756556
756763
756891
756906
756907
756972
757288
757537
757610
757700
757843
758090
758150
758197
758293
758387
758414
758520
758631
758697
758816
758833
759001
759014
759100
759140
759248
759279
759299
759335
759381
759415
759501
759677
759814
760118
760240
760274
760298
760443
760714
760909
761194
761234
761235
761552
761826
761881
762034
762217
762337
762365
762538
762569
762610
762699
762944
763122
763275
763282
763327
763390
763392
763609
763677
763749
763842
764037
764047
764048
764182
764230
764247
764260
764375
764378
764497
764536
764697
764780
764895
765027
765033
765054
765200
765316
765648
765895
765904
765929
765938
766109
766139
766257
766494
766587
766623
766718
766747
766772
766791
767069
767106
767159
767229
767240
767411
767427
767731
767866
767871
767976
768038
768063
768096
768751
768906
769055
769190
769403
769489
769771
769806
769887
769982
770182
770437
770588
770809
771017
771268
771333
771365
771525
771711
771956
771960
771962
771969
771972
772013
772027
772040
772047
772148
772227
772241
772279
772305
772391
772539
772584
772585
772623
772671
772732
772839
772854
773160
773184
773403
773440
773496
773541
773570
773589
773836
773875
773924
773986
774040
774106
774394
774473
774645
774736
774924
774951
774965
774984
775056
775102
775115
775212
775244
775278
775357
775532
775591
775594
775595
775669
775704
775740
775813
775967
775991
775994
776116
776184
776423
776454
776519
776548
776747
776820
776985
776994
777298
777357
777486
777563
777639
777655
777737
777801
777812
777866
777928
777950
778094
778107
778192
778252
778265
778829
778849
778884
779181
779218
779223
779550
779574
779596
779600
779788
779877
779904
779947
779979
780021
780075
780211
780266
780428
780474
780638
780665
780693
780767
780975
781161
781267
781321
781499
781559
781612
781624
781651
781796
781983
782003
782096
782111
782396
782449
782656
782667
782754
782761
782990
783074
783095
783284
783388
783715
783782
783806
784040
784067
784140
784215
784288
784290
784496
784696
784723
784744
784830
784841
784908
784941
784949
785007
785025
785098
785140
785146
785290
785485
785546
785593
785668
785772
785809
785889
786180
786231
786309
786339
786497
786562
786726
786778
786970
787042
787063
787313
787761
787766
787795
788025
788086
788140
788169
788342
788478
788709
788730
788834
788862
788975
788999
789001
789205
789239
789356
789389
789490
789518
789687
789742
789880
789894
789948
789966
789997
790138
790228
790267
790376
790389
790437
790564
791036
791134
791189
791191
791258
791264
791275
791276
791403
791427
791593
791632
791812
791846
791973
792059
792258
792269
792412
792547
793233
793440
793456
793490
793496
793709
793769
793791
793932
794097
794181
794218
794519
794574
794578
794801
794812
794829
794899
794909
794921
795041
795091
795156
795311
795324
795412
795437
795483
795788
795798
796031
796153
796294
796483
796499
796717
796794
796805
796874
797124
797180
797292
797457
797500
797662
797676
797746
797859
798019
798228
798252
798741
798909
799012
799320
799394
799687
799701
799776
799882
799891
800020
800076
800442
800452
800541
800698
800787
800798
800837
800874
800907
800988
801049
801159
801168
801350
801434
801745
801808
801827
801842
801919
801935
801987
801993
802099
802158
802485
802591
802725
802999
803003
803027
803186
803296
803304
803424
803432
803450
803459
803586
803640
803827
804403
804424
804482
804500
804580
804591
804631
804798
804823
805056
805099
805113
805226
805275
805653
805747
805769
805799
805857
805931
806017
806024
806028
806207
806360
806368
806472
806541
806558
806576
806585
806845
806846
806892
807001
807267
807377
807389
807432
807473
807609
807768
807873
807881
808327
808386
808434
808509
808797
808809
808866
808871
809034
809140
809225
809277
809387
809405
809432
809437
809531
809741
809896
809972
810051
810095
810119
810290
810333
810578
810579
810595
810776
810784
810786
810928
810940
810954
810990
811007
811016
811162
811292
811317
811416
811426
811437
811540
811623
811720
811734
811772
811922
812138
812208
812280
812515
812738
813023
813053
813109
813478
813600
813734
813741
813780
813793
814079
814157
814334
814496
814538
814799
815259
815347
815469
815525
815652
815685
815818
815921
815945
816181
816299
816499
816547
816612
816650
816754
816782
816858
816959
817311
817349
817438
817639
817732
817869
818044
818109
818279
818526
818707
818756
818775
818779
818786
818954
819021
819090
819405
819434
819485
819518
819665
819790
819876
820029
820102
820260
820269
820544
820592
820775
820788
820815
820877
821028
821050
821265
821288
821364
821369
821434
821435
821444
821556
821767
821886
822093
822170
822207
822267
822320
822337
822422
822443
822463
822488
822549
822596
822609
822806
822975
823071
823156
823183
823240
823481
823633
823808
823843
823992
824123
824176
824198
824372
824501
824689
824712
824792
824955
824957
824958
825213
825550
825552
825600
825606
825922
825965
825975
826064
826116
826123
826162
826477
826500
826597
826624
826633
827048
827108
827384
827422
827488
827489
827578
828004
828226
828541
828593
828611
828817
828900
828999
829008
829073
829080
829090
829257
829262
829266
829393
829430
829848
829863
830007
830009
830142
830147
830256
830312
830328
830683
830849
830906
831080
831117
831118
831121
831152
831312
831371
831440
831653
831998
832233
832473
832527
832647
832670
832737
833132
833183
833249
833317
833411
833486
833560
833690
834282
834324
834415
834426
834443
834589
834626
834770
835265
835329
835335
835508
835597
835613
835688
835780
835878
835903
835951
835982
836090
836116
836212
836226
836331
836439
836507
836613
836623
836743
836773
836797
836968
836970
836990
837316
837349
837463
837841
837856
837973
838151
838194
838250
838310
838369
838386
838393
838672
838749
838868
838990
839015
839047
839144
839249
839611
839865
839872
839957
840137
840228
840254
840420
840452
840814
840875
840957
841074
841307
841315
841322
841375
841515
841532
841819
841850
841898
841956
842055
842140
842316
842471
842539
842701
842776
843036
843316
843343
843472
843699
843910
844143
844512
844571
844789
844930
844983
845012
845040
845071
845143
845178
845241
845271
845757
845811
845818
845843
846011
846029
846071
846075
846378
846519
846523
846545
846892
846912
846982
847582
847609
847667
847884
847896
847984
847985
848061
848262
848370
848546
848564
848719
848758
848765
848897
848967
849051
849166
849245
849266
849309
849328
849421
849645
849653
849657
849669
849755
849826
849988
850065
850097
850111
850209
850248
850282
850391
850449
850621
850825
850887
850909
851027
851125
851325
851396
851414
851514
851579
851629
851878
852227
852272
852312
852395
852973
853000
853036
853077
853335
853376
853404
853447
853448
853794
853810
853831
853833
853839
854076
854241
854375
854592
854622
854731
854796
854800
854843
855021
855053
855218
855318
855351
855470
855506
855581
855768
855817
855937
856028
856261
856342
856366
856371
856526
856989
857095
857138
857249
857271
857406
857443
857583
857815
857948
857971
857975
858015
858043
858632
858744
858755
858905
858939
859021
859044
859061
859151
859156
859320
859341
859455
859618
860609
860734
861064
861371
861470
861486
861502
861558
861594
861617
861635
861832
861922
862009
862024
862026
862067
862095
862144
862156
862784
862828
863091
863093
863226
863329
863382
863416
863424
863530
863543
863562
863602
863815
863911
863966
864271
864521
864631
864759
864798
865287
865415
865437
865609
865619
865767
866029
866094
866158
866278
866655
866666
866843
866885
866891
866953
866969
866980
866996
867137
867188
867208
867320
867387
867525
867572
867732
867876
867949
867967
867976
867979
867985
868069
868142
868284
868352
868427
868456
868669
868673
868707
868794
868845
868847
868906
868929
869482
869608
869620
869729
869768
869876
869940
869967
869978
870083
870316
870782
870837
870905
870928
870938
871028
871050
871135
871176
871229
871243
871373
871374
871398
871476
871569
871736
871957
872109
872221
872331
872436
872532
872553
872598
872625
872694
872703
872718
872886
872900
873013
873092
873130
873134
873221
873291
873324
873358
873463
873581
873649
873697
873699
873755
873874
873944
874300
874314
874446
874519
874695
874794
874831
874832
874860
875087
875283
875331
875381
875426
875454
875565
875655
875754
875942
875945
875989
876054
876064
876075
876225
876253
876305
876386
876476
876547
876662
876685
876843
877106
877209
877317
877320
877359
877469
877488
877542
877663
877820
878162
878182
878576
878679
878757
878777
878956
879082
879139
879285
879430
879655
879780
879962
879969
880072
880114
880263
880357
880438
880460
880568
880587
880820
881312
881407
881437
881453
881468
881653
881763
881919
881948
881965
882027
882126
882262
882309
882335
882392
882519
882595
882603
882644
882649
882674
882768
882992
883032
883130
883204
883457
883752
883894
883976
884060
884118
884538
885157
885241
885256
885367
885450
885556
885799
885867
885886
885896
885949
886114
886195
886201
886233
886262
886359
886377
886406
886525
886679
886701
886869
886882
887143
887430
887565
887758
887759
888076
888204
888246
888358
888435
888534
888536
888592
888950
889064
889620
889666
889712
889811
889958
889992
890032
890072
890178
890233
890303
890496
890878
890902
890960
891048
891069
891110
891274
891305
891373
891427
891428
891487
891534
891617
891670
891704
891731
891801
891924
891966
891968
892061
892248
892255
892257
892281
892375
892548
892668
892738
892786
892787
892792
892801
892849
892897
892923
893120
893226
893329
893409
893546
893956
894132
894204
894225
894271
894285
894490
894609
894645
894650
894736
894767
894889
895125
895230
895280
895381
895560
895697
895754
895785
895921
896150
896166
896181
896264
896340
896459
896683
896731
896856
897203
897208
897240
897243
897299
897360
897474
897537
897721
897794
897923
897955
898031
898295
898313
898548
898553
898626
898644
898682
898696
898926
899026
899107
899256
899426
899480
899564
899699
899701
899734
899991
899997
900018
900088
900229
900291
900328
900535
900641
900660
900708
900768
900828
900831
900958
901139
901267
901386
901422
901559
901718
901731
901941
902027
902107
902131
902168
902309
902310
902313
902480
902796
903159
903275
903434
903494
903689
903741
904180
904197
904253
904435
904549
904565
904610
904669
904691
904695
904712
904858
904917
904951
905035
905125
905186
905493
905509
905791
905909
905913
906017
906207
906819
906891
906907
906909
907007
907392
907489
907564
907753
907838
907845
907854
907883
908217
908436
908439
908483
908589
908618
908645
908704
908796
909154
909158
909312
909554
909615
909702
910022
910056
910127
910272
910431
910558
910598
910612
910736
910816
910912
910950
910993
911660
911693
911771
911876
911989
912069
912120
912174
912328
912478
912559
912592
912734
912735
912816
912837
913023
913097
913140
913192
913272
913364
913374
913390
913710
913838
913919
913944
914005
914058
914080
914257
914528
914574
914690
914718
914904
914943
915067
915420
915542
915750
915817
915946
916067
916173
916268
916341
916349
916596
916798
916834
916835
916911
916930
917045
917147
917228
917438
917488
917548
917629
917631
917800
917908
917918
917932
918264
918280
918304
918439
918471
918481
918485
918552
918796
918847
918889
919023
919028
919237
919444
919812
920002
920015
920046
920089
920302
920341
920361
920452
920507
920529
920635
920642
920784
920838
920902
920943
920949
921173
921175
921183
921332
921360
921480
921520
921623
922067
922445
922466
922482
922562
922639
922658
922705
923009
923039
923275
923295
923444
923479
923541
923658
923703
923736
923740
923881
923924
924058
924094
924129
924156
924167
924246
924247
924302
924363
924637
924779
924822
924853
924928
925071
925219
925392
925421
925475
925492
925502
925525
925532
925636
925664
925689
925857
925880
925924
925941
926049
926237
926685
926718
927056
927109
927117
927319
927490
927806
927852
927914
927920
927933
928252
928603
928613
928633
928687
928766
928825
928902
928937
929084
929182
929369
929386
929483
929487
929573
929685
929703
929749
929791
929990
930002
930272
930705
930711
930814
930874
930926
931186
931231
931322
931633
931669
931710
931747
931758
931766
931801
931847
932175
932231
932235
932383
932438
932457
932482
932766
932972
933054
933119
933129
933438
933553
933554
933631
933861
933876
933970
934119
934130
934350
934403
934636
934821
934867
934869
934875
935187
935264
935336
935444
935459
935581
935683
935754
935780
935856
936242
936545
937002
937011
937049
937169
937290
937295
937317
937507
937728
937839
937841
938004
938098
938107
938172
938227
938361
938367
938404
938484
938515
938608
938625
938636
938644
938657
938710
938723
938751
938840
939123
939135
939151
939238
939460
939612
939674
939733
939800
939840
940028
940122
940205
940361
940539
940547
940578
940627
940884
940930
940942
940981
941044
941118
941229
941299
941306
941344
941392
941427
941486
941702
941733
941793
942114
942196
942374
942416
942442
942481
942669
942729
942730
942829
943019
943079
943146
943304
943309
943344
943446
943466
943737
943749
943865
943891
943910
944239
944337
944412
944445
944665
944807
945127
945186
945372
945389
945459
945522
945550
946001
946081
946108
946215
946299
946343
946568
946581
946621
946803
946878
946920
946953
946975
947116
947204
947206
947412
947443
947453
947713
947800
948132
948322
948358
948585
948628
948805
948896
949155
949283
949300
949406
949411
949433
949530
949556
949586
949664
949729
949746
949749
949843
949868
950027
950100
950278
950365
950479
950537
950586
950792
950857
951036
951066
951133
951293
951384
951398
951421
951429
951513
951625
951737
951941
951971
951984
952079
952206
952262
952287
952481
952588
952663
952694
952822
952904
952943
953006
953060
953071
953082
953083
953112
953113
953140
953166
953283
953468
953537
953747
954056
954155
954486
954638
954854
954882
954909
954928
955021
955050
955086
955154
955334
955335
955470
955531
955647
955931
956005
956064
956158
956271
956585
956644
956666
956922
957066
957196
957395
957475
957921
957932
957967
958003
958198
958509
958704
958804
958820
958945
959106
959446
959451
959468
959482
959529
959536
959666
959669
959819
959977
960302
960397
960472
960546
960622
960652
960796
960923
960954
961230
961308
961309
961452
961567
961623
961675
961796
961846
961889
961904
961996
961998
962205
962258
962405
962489
962490
962503
962611
962616
962627
962645
962693
962759
963169
963305
963470
963601
963604
963631
963647
963699
963860
963882
963907
964009
964055
964090
964187
964260
964522
964688
964689
964744
964770
964976
965304
965348
965522
965609
965758
965762
965845
966007
966088
966102
966264
966332
966466
966563
966612
966656
966661
966887
966900
967034
967076
967096
967395
967490
967786
967856
967874
967991
968158
968429
968451
968540
968544
968650
968671
968724
968808
968810
968820
968864
968884
968905
968926
969006
969019
969116
969156
969235
969430
969494
969779
969943
970110
970251
970409
970501
970872
970892
970986
971079
971254
971289
971398
971416
971466
971529
971643
971677
971856
971916
971973
972142
972253
972385
972535
972582
972586
972599
972621
972664
972965
973000
973133
973148
973277
973364
973395
973702
973712
973787
973859
973917
973940
974009
974149
974200
974259
974288
974407
974420
974584
974692
974722
974728
975066
975481
975591
975594
975810
975822
975874
975883
976011
976049
976095
976167
976174
976214
976362
976367
976433
976607
976655
976770
976829
976922
976933
977066
977090
977097
977148
977152
977220
977253
977311
977323
977579
977630
977768
977777
977801
977805
977868
977923
977930
977965
978025
978117
978168
978200
978464
978491
978528
978564
978639
978664
978777
978786
978866
978937
978970
979247
979280
979297
979387
979583
979673
979688
979702
979923
979978
979997
980104
980194
980247
980352
980356
980361
980384
980627
980629
980649
980676
980693
980977
981363
981531
981535
981608
981715
981722
982117
982174
982223
982238
982265
982407
982593
982781
982876
982944
983182
983315
983318
983346
983370
983470
983507
983558
983618
983666
983694
983745
983800
983810
984006
984059
984313
984336
984338
984354
984359
984648
984664
984692
985176
985314
985494
985642
985650
985670
985684
985912
986047
986081
986175
986238
986596
986850
986873
986981
987295
987408
987481
987565
987611
987677
987690
987753
987805
987944
988044
988148
988353
988399
988446
988955
989006
989222
989384
989544
989852
989861
989869
990088
990260
990348
990398
990513
990580
990608
990623
990832
990906
991292
991315
991316
991387
991595
991769
992044
992183
992195
992239
992427
992457
992692
992743
992751
992861
992872
992988
993051
993157
993211
993228
993370
993667
993751
993754
993761
993857
993933
993938
993985
994025
994058
994150
994179
994249
994447
994463
994535
994592
994650
994666
994720
994737
994798
995080
995300
995357
995519
995656
995747
995835
996046
996101
996204
996469
996480
996600
996632
996645
996734
996786
996822
996839
996916
996947
996978
997065
997093
997191
997480
997492
997625
997648
997801
998160
998181
998284
998286
998437
998438
998645
998661
998685
998875
998931
998945
998964
999016
999111
999122
999248
999379
999708
999805
999916
