73
116
117
557
558
584
616
625
627
943
950
1031
1277
1379
1558
1631
1697
2002
2047
2289
2344
2504
2509
2645
2666
2791
2905
2946
2981
3091
3179
3268
3308
3372
3390
3608
3618
3803
3878
3880
3881
3957
4091
4142
4240
4276
4406
4672
5056
5179
5641
5710
6174
6182
6205
6246
6260
6317
6328
6358
6553
6879
6986
7008
7053
7157
7691
7699
7709
7788
7807
7944
8011
8023
8336
8447
8816
9241
9517
9584
9609
9735
9761
9785
9800
9912
9922
10098
10113
10325
10412
10480
10610
10709
10839
10862
10913
10962
11060
11241
11251
11258
11315
11377
11645
11690
11842
11920
11922
11927
12390
12563
12936
13008
13157
13256
13284
13333
13444
13554
13619
13634
13695
13755
13802
13824
13856
14016
14192
14246
14280
14289
14290
14440
14441
14504
14542
14653
14714
14794
14844
14904
14935
15045
15208
15422
15433
15452
15585
15676
15985
16146
16178
16316
16412
16443
16482
16483
16491
16495
16596
16687
16996
17104
17120
17234
17268
17452
17666
17698
17718
17777
18067
18218
18403
18469
18567
18573
18900
19197
19315
19414
19500
19574
19592
19982
20002
20191
20200
20291
20412
20505
20512
20621
20790
20795
20925
21184
21198
21243
21282
21342
21474
21506
21582
21729
21735
21854
22211
22364
22434
22481
22524
22677
23046
23049
23089
23150
23221
23301
23460
23570
23653
23693
23805
23807
23853
23874
23953
24007
24011
24455
24462
24945
24975
24989
25048
25127
25150
25164
25177
25376
25388
25496
25578
25741
26014
26157
26393
26424
26503
26579
26594
26628
26675
26869
26887
27068
27134
27135
27215
27304
27464
27480
27629
27680
27725
28011
28332
28357
28575
28619
28676
28906
28907
29424
29429
29490
29756
29907
30258
30316
30346
30455
30518
30535
30544
30625
30912
31005
31145
31202
31306
31434
31454
31569
31981
32065
32126
32189
32241
32273
32283
32289
32420
32470
32471
32549
32706
32842
32924
33129
33302
33317
33339
33549
33565
33684
33849
33942
34008
34130
34205
34338
34420
34432
34455
34465
34487
34518
34534
34900
34902
35041
35217
35252
35362
35475
35536
35744
35990
36019
36154
36317
36371
36456
36584
36960
37004
37103
37135
37155
37233
37323
37325
37564
37586
37675
37968
37997
38069
38127
38149
38196
38198
38217
38333
38365
38721
38780
38797
38801
38840
38872
38909
38958
39128
39262
39279
39442
39502
39518
39575
39703
39768
39789
40024
40026
40092
40330
40384
40444
40627
40643
40762
40898
41000
41020
41495
41918
41960
41973
41990
42023
42135
42188
42257
42363
42443
42485
42549
42617
42833
42852
42984
42985
43002
43062
43153
43214
43255
43256
43318
43362
43377
43651
43701
43801
43980
44089
44094
44246
44467
44476
44685
45257
45264
45401
45479
45587
45643
45698
45759
45802
45964
46003
46062
46065
46082
46175
46185
46192
46211
46250
46369
46688
46721
46756
46774
46885
47202
47338
47481
47607
47625
47656
47715
48036
48237
48481
48577
48617
48640
48807
49011
49077
49079
49099
49160
49281
49518
49567
49643
49652
50008
50035
50181
50278
50423
50704
50706
50710
50743
50808
50884
50978
51083
51153
51313
51536
51691
51732
51777
52007
52051
52110
52250
52295
52443
52587
52632
52741
52782
52934
53112
53123
53193
53354
53420
53426
53452
53571
53662
53672
53753
53907
53913
53966
53985
54037
54183
54362
54364
54480
54545
54613
54634
55027
55104
55255
55338
55486
55545
55843
55868
55871
55961
56056
56060
56075
56250
56305
56385
56441
56542
56606
56754
56972
57002
57214
57328
57618
57731
57735
57776
57792
57922
58054
58084
58117
58121
58146
58196
58241
58409
58454
58552
58558
58816
58848
59048
59135
59178
59340
59348
59362
59426
59438
59716
59859
59908
60055
60134
60383
60458
60486
60555
60709
60755
60763
60922
60996
61047
61061
61247
61251
61436
61653
61881
61992
62200
62238
62247
62300
62335
62544
62776
62923
63106
63307
63478
63488
63523
63603
63650
63995
64115
64142
64149
64358
64440
64500
64546
64714
64836
64845
64952
65008
65182
65596
65631
65644
65719
65723
65763
65787
65864
65988
66131
66244
66343
66414
66442
66648
66757
66887
66915
67075
67084
67137
67170
67247
67401
67509
67562
67668
67698
67986
68069
68593
68604
68615
68865
68931
68939
69003
69061
69095
69184
69206
69308
69408
69466
69534
69594
69794
69958
70177
70382
70463
70475
70634
70648
70690
70714
70899
71399
71650
71768
71861
71902
71955
71978
72031
72114
72128
72196
72244
72353
72488
72509
72686
72724
72726
72834
72853
72868
72950
73101
73106
73162
73438
73442
73558
73727
73986
73999
74036
74364
74593
74798
74924
75067
75106
75475
75716
76257
76401
76450
76522
76673
76692
76962
77103
77106
77141
77327
77466
77617
77670
77777
77836
78330
78350
78370
78396
78498
78580
78634
78722
78724
78829
79066
79096
79106
79187
79263
79386
79449
79505
79533
79549
79688
79714
79763
79785
79901
79916
80140
80249
80357
80424
80566
80654
80789
80793
80840
81059
81220
81250
81369
81517
81534
81612
81673
81800
81935
82021
82093
82108
82205
82326
82469
82652
82896
82905
82977
83165
83376
83467
83664
83680
83801
83866
84072
84074
84079
84216
84463
84576
84633
84640
84734
84961
85006
85013
85106
85258
85387
85389
85422
85501
85595
85734
85786
85942
85992
85999
86101
86127
86311
86398
86432
86445
86569
86572
86659
87003
87131
87168
87222
87258
87475
87505
87617
87691
87872
87931
87980
88074
88129
88198
88214
88262
88285
88320
88350
88550
88649
88697
88715
88898
88967
89449
89530
89547
89558
89775
90028
90054
90080
90280
90316
90351
90673
90681
90699
90781
91148
91256
91324
91329
91407
91442
91695
91756
91784
91873
91876
91970
91981
92079
92085
92111
92127
92195
92233
92245
92396
92456
92594
92606
92665
92668
92703
92714
92788
92807
92989
93139
93176
93329
93390
93613
93701
93814
94000
94107
94217
94384
94385
94407
94440
94567
94604
94656
94712
95123
95362
95368
95466
95666
95682
95778
95835
95843
95945
95988
96123
96171
96296
96448
96486
96489
96531
96737
96758
96763
96997
97406
97414
97529
97839
97862
97995
98028
98266
98413
98487
98521
98707
98808
99030
99036
99083
99401
99533
99576
99587
99734
99742
99970
100140
100179
100222
100245
100256
100346
100444
100492
100498
100643
100747
100872
100945
100972
100990
101003
101049
101051
101185
101256
101313
101340
101452
101474
101531
101638
101728
101824
101851
101970
102346
102517
102557
102627
102679
102792
102955
103063
103100
103198
103217
103256
103387
103446
103496
103556
103651
103732
103772
103856
104070
104129
104160
104355
104428
104615
104622
104741
104830
104843
104899
104927
105145
105342
105490
105584
105756
105815
106002
106055
106103
106263
106309
106314
106318
106370
106399
106445
106486
106573
106630
106647
106679
106820
107045
107106
107333
107542
107567
107792
107912
107950
108173
108241
108345
108402
108445
108447
108456
108470
108524
108806
109664
109792
109867
110061
110162
110182
110231
110340
110371
110438
110459
110477
110494
110559
110566
110609
110672
110754
110831
111060
111130
111428
111447
111477
111514
111695
111758
111770
111844
111845
111962
111981
111999
112124
112197
112253
112281
112282
112412
112469
112504
112508
112723
112739
112806
112870
112885
112893
113043
113124
113249
113250
113264
113265
113416
113690
113724
113930
113982
114190
114285
114327
114416
114478
114584
114613
114680
114744
114750
114802
114851
115046
115146
115414
115433
115583
115608
116307
116310
116400
116740
116751
116877
117035
117211
117249
117602
117703
117936
118249
118327
118447
118552
118614
118777
118896
118942
118988
119006
119393
119529
119605
119757
119903
120074
120240
120274
120374
120599
120635
120660
120768
120842
120883
120928
121044
121135
121177
121250
121503
121523
121833
121987
121993
122026
122053
122061
122099
122230
122404
122510
122555
122633
122704
122857
122916
122938
122940
122997
123011
123123
123135
123428
123459
123484
123647
123660
123732
123850
123872
123889
124051
124114
124141
124157
124224
124445
124601
124693
124768
124848
124869
124974
125132
125261
125310
125401
125410
125416
125485
125511
125630
125640
125659
125674
125734
125764
125848
125893
125979
126088
126172
126188
126448
126556
126563
126633
126659
126749
126852
126870
126929
127119
127297
127326
127480
127510
127604
127689
127692
127753
127758
127909
127919
128040
128220
128240
128356
128566
128586
128747
128794
128854
128858
128949
128991
129152
129156
129411
129434
129649
129774
129804
129811
129889
129942
129982
130350
130669
130741
130776
130864
130922
130971
131010
131055
131065
131356
131553
131592
131741
131822
131944
132054
132113
132144
132150
132175
132299
132304
132335
132341
132512
132681
132802
132992
133301
133340
133540
133808
133943
133966
134036
134259
134269
134356
134478
134592
134783
134957
134963
135424
135581
135614
135655
135668
135757
135807
135818
135934
136040
136045
136047
136067
136119
136174
136247
136304
136408
136460
136475
136545
136676
136737
136778
136783
136824
136981
137034
137260
137419
137422
137536
137760
137773
137971
137994
138068
138176
138425
138703
138742
139255
139322
139365
139385
139478
139655
139698
140029
140146
140178
140368
140390
140393
140479
140686
140758
140777
140813
141095
141352
141484
141613
141675
141698
141790
142065
142348
142473
142536
142571
142776
142778
142811
142867
143007
143009
143036
143072
143076
143456
143669
143681
143852
143945
143970
144175
144188
144284
144395
144407
144469
144588
144731
144741
144764
145011
145025
145562
145644
145723
145842
145908
145999
146002
146311
146425
146478
146568
146580
146796
146934
147255
147279
147510
147693
147699
147737
147741
147754
147762
147986
148245
148375
149067
149081
149113
149117
149239
149264
149296
149377
149410
149482
149491
149530
149683
149699
149743
149817
149914
149922
149965
150335
150345
150452
150500
150959
151002
151246
151410
151472
151479
151647
151662
152072
152156
152274
152291
152323
152340
152386
152530
152639
152672
152684
152887
152923
152955
153112
153267
153304
153557
153575
153709
153920
153967
154001
154103
154140
154143
154398
154654
154699
154730
154959
155006
155042
155122
155158
155229
155266
155290
155481
155596
155749
155772
155774
156098
156277
156306
156350
156363
156461
156531
156670
156758
156920
157237
157470
157626
157635
157907
157964
158020
158197
158308
158369
158499
158500
158621
158747
158949
159001
159090
159195
159391
159429
159440
159463
159641
159657
159718
159817
159821
160079
160137
160510
160669
160844
160857
160892
161038
161045
161098
161104
161159
161191
161400
161444
161646
161653
161866
161946
162044
162136
162314
162383
162388
162452
162485
162594
162685
163353
163367
163430
163518
163554
163617
163652
163769
163874
163913
164073
164329
164439
164581
164769
164870
164972
165175
165223
165232
165237
165247
165561
165692
165784
165946
165974
166102
166225
166326
166487
166620
166717
166988
167029
167032
167071
167137
167268
167319
167343
167482
167731
167914
167938
168051
168081
168135
168194
168395
168904
169070
169072
169126
169288
169631
169646
169797
169820
169855
169914
169993
170138
170233
170302
170404
170423
170505
170643
170661
170672
170884
171087
171148
171279
171493
171651
171716
171831
171838
171968
171969
172060
172131
172169
172173
172177
172391
172582
172818
172998
173208
173315
173328
173388
173593
173640
173723
173761
173810
174093
174126
174188
174190
174235
174278
174351
174404
174565
174775
174975
175042
175105
175280
175359
175414
175436
175602
175627
175628
175668
176056
176199
176222
176471
176592
176618
176771
176899
177071
177178
177322
177375
177430
177477
177500
177555
177588
177612
177674
177682
177824
177827
177855
177932
178025
178032
178095
178152
178558
178666
178888
179134
179148
179162
179616
179634
179810
179878
179980
179994
180049
180086
180278
180290
180315
180361
180381
180382
180516
180666
180676
181002
181045
181125
181173
181182
181200
181229
181366
181380
181638
181758
181903
182085
182243
182352
182373
182520
182621
182670
182696
182840
182913
183130
183196
183251
183364
183426
183434
183566
183760
183839
183843
183865
183880
183914
184027
184120
184134
184316
184339
184477
184581
184723
184734
184857
185035
185129
185243
185284
185300
185339
185439
185770
185785
185916
185955
185964
186478
186497
186577
186882
187036
187172
187243
187284
187342
187581
187652
187656
187661
187766
187899
187993
188038
188088
188151
188227
188272
188432
188654
188689
188771
188926
189131
189162
189206
189291
189310
189340
189381
189469
189927
190062
190090
190116
190176
190245
190257
190310
190500
190748
190805
190847
191081
191112
191124
191485
191764
191765
191824
191938
192138
192182
192217
192276
192489
192737
192892
193012
193120
193253
193255
193370
193746
193818
193919
193957
193981
194008
194016
194031
194069
194448
194543
194589
194709
194713
194935
194973
195014
195139
195147
195229
195273
195312
195325
195344
195360
195519
195603
195739
196065
196078
196084
196236
196321
196607
196633
196685
196862
197061
197099
197285
197319
197598
197687
197772
198116
198191
198351
198500
198574
198616
198718
198734
198901
199012
199056
199291
199599
199669
199807
199853
199937
200057
200058
200083
200353
200410
200439
200466
200613
200889
201052
201305
201345
201412
201476
201520
201551
201640
201746
201804
201861
201998
202095
202120
202128
202138
202173
202181
202399
202648
202733
202789
202887
203036
203072
203113
203168
203279
203324
203444
203543
203764
203840
203988
203996
204100
204197
204617
204829
205111
205170
205302
205443
205835
206041
206125
206248
206295
206298
206345
206375
206379
206431
206477
206514
206534
206613
206692
206724
206797
207030
207162
207306
207344
207368
207445
207472
207742
207778
207793
208011
208218
208410
208657
208668
208781
208886
208951
209074
209286
209366
209398
209430
209466
209653
209789
209801
209845
209954
210234
210251
210279
210316
210528
210636
210705
210775
210882
211004
211006
211018
211218
211469
211519
211530
211730
211784
211789
211932
211974
212021
212044
212090
212298
212549
212674
212953
212969
213011
213034
213119
213443
213609
213637
213656
213688
213747
213778
213880
213909
213939
213944
214165
214537
214576
214587
214597
214598
214624
214647
214657
214661
214765
214803
214820
214908
215069
215143
215226
215257
215278
215383
215521
215569
215792
215923
215952
216026
216216
216269
216474
216868
216951
217001
217388
217413
217479
217642
217693
217757
217879
218283
218487
218655
218674
219186
219401
219448
219483
219517
219581
219693
219745
219816
219846
220042
220047
220386
220517
220577
220658
220826
220857
220925
220971
221106
221229
221360
221403
221463
221522
221529
221678
221809
221824
221971
222034
222086
222135
222338
222436
222688
222751
222798
222814
222818
222829
223094
223242
223291
223461
223600
223697
223736
223868
223891
223970
223978
224238
224344
224349
224481
224529
224536
224560
224605
224634
224918
224949
225076
225105
225204
225236
225239
225378
225473
225559
225584
225627
225699
225766
225833
225842
225918
226118
226149
226214
226247
226274
226449
226584
226654
226759
226830
226914
227021
227065
227202
227240
227286
227352
227465
227669
227800
227849
227894
228089
228252
228305
228449
228466
228475
228477
228750
229280
229504
229539
229645
229752
230168
230176
230364
230469
230585
230660
230669
230808
230817
230955
231028
231156
231298
231352
231467
231585
231620
231822
232231
232252
232268
232433
232505
232615
232648
232702
232896
232926
233047
233052
233434
233481
233484
233490
233580
233590
233808
233843
233901
233922
234064
234126
234141
234207
234733
234771
234892
234926
235091
235261
235271
235326
235395
235510
235548
235616
235672
235686
235713
235939
236049
236163
236183
236312
236325
236355
236576
236585
236628
236658
236673
236692
236871
236948
236995
237256
237265
237439
237441
237444
237753
237842
237878
238005
238032
238492
238601
238604
238643
238653
238726
238817
238965
239119
239123
239210
239357
239359
239394
239515
239621
239744
239754
239778
239912
240078
240086
240115
240631
241106
241305
241555
241728
242254
242354
242382
242482
242554
242845
242884
243099
243163
243311
243352
243366
243431
243471
243503
243540
244127
244212
244266
244386
244402
244490
244506
244568
244644
244740
244811
245183
245213
245476
245477
245718
245728
245788
246060
246081
246220
246372
246667
246932
246974
247185
247426
247524
247635
247680
247709
247772
247916
247937
248049
248058
248303
248529
248571
248694
248727
248859
249008
249174
249208
249258
249260
249303
249367
249766
249800
249813
249928
250094
250166
250168
250201
250222
250254
250316
250478
250509
250616
250824
251012
251040
251078
251111
251167
251418
251445
251569
251595
251671
251678
251736
251799
252093
252124
252185
252315
252368
252391
252430
252868
252917
253007
253109
253201
253210
253262
253531
253655
253681
253771
253779
253952
254063
254150
254389
254667
254764
254772
254797
254954
254960
254995
254997
255003
255250
255306
255387
255420
255532
255630
255696
255715
255735
255824
256380
256517
256652
256658
256889
256934
257102
257408
257475
257504
257701
257761
257776
257784
257898
257915
258135
258429
258568
258623
258878
258896
259239
259254
259285
259308
259310
259426
259483
259787
259907
260015
260062
260117
260497
260527
260652
260755
260799
260815
260902
260948
261089
261182
261385
261584
261698
261724
262047
262378
262612
262629
262749
262755
263179
263225
263335
263421
263650
263719
263722
263881
263928
263932
264028
264161
264171
264204
264233
264330
264436
264445
264494
264504
264536
264542
264921
264966
265017
265301
265426
265725
265772
265945
265990
266178
266206
266213
266365
266463
266831
266974
266997
267068
267114
267174
267185
267267
267343
267359
267364
267447
267603
267654
267680
267745
267840
267874
268085
268089
268103
268159
268199
268236
268386
268427
268670
268756
268915
269155
269195
269205
269239
269409
269480
269515
269523
269576
269840
269921
269957
269967
269984
270128
270179
270223
270524
270616
270717
270851
271032
271035
271147
271496
271594
271721
271729
271767
271821
271940
272183
272430
272437
272514
272541
272616
272764
272789
272795
272869
273027
273103
273348
273380
273500
273542
273701
273777
273810
273928
274016
274089
274140
274177
274208
274304
274531
274672
274902
275035
275328
275530
275607
275669
275678
275685
275740
275790
275931
276039
276048
276054
276158
276303
276568
276758
276816
276866
276874
276887
276985
277015
277051
277122
277221
277244
277272
277357
277531
277695
277707
277735
277785
277843
277846
277954
277974
278104
278113
278350
278398
278482
278500
278568
278599
278620
278905
279112
280197
280265
280284
280298
280350
280597
280602
280621
280912
281044
281135
281302
281344
281475
281561
281569
281661
281765
281814
281895
281992
282035
282070
282093
282180
282275
282364
282427
282474
282518
282573
282679
282714
282736
282766
282796
282875
282880
282912
282964
283035
283070
283201
283312
283371
283478
283756
283787
283822
284090
284236
284642
284682
284736
284764
284794
284798
284849
284862
284915
284974
285010
285289
285514
285621
285628
285667
285734
285754
285766
285912
285951
286083
286132
286420
286535
286584
286607
286663
286947
287088
287151
287254
287283
287448
287472
287678
287688
287889
287918
287958
288096
288259
288354
288357
288362
288367
288395
288426
288501
288522
288716
288727
288964
289189
289412
289483
289663
289821
290141
290176
290311
290495
290801
290884
290923
291050
291339
291429
291430
291502
291533
291538
291633
291777
291815
291952
292053
292119
292239
292287
292293
292405
292508
292620
292640
292813
292823
292827
293090
293096
293124
293233
293255
293352
293580
293644
293764
293828
293864
293912
293953
294086
294479
294565
294631
294693
295194
295369
295378
295434
295543
295756
295772
295861
295889
296163
296215
296219
296271
296375
296413
296428
296713
296997
297001
297251
297325
297387
297464
297553
297643
297786
297800
297803
297996
298051
298145
298273
298458
298557
298744
298787
298821
298850
298944
299001
299003
299260
299311
299475
299676
299905
299933
299962
300120
300210
300374
300395
300441
300617
300625
300696
300736
300744
300770
300774
301223
301264
301360
301370
301418
301446
301492
301566
301821
301880
301989
302121
302248
302364
302385
302470
302512
302523
302608
302668
302784
302805
302812
303012
303043
303166
303325
303329
303346
303347
303460
303663
303702
303795
303922
303974
304254
304258
304320
304324
304355
304389
304403
304621
304678
304791
304864
304970
304973
305008
305147
305149
305431
305469
305496
305505
305513
305518
305526
305543
305785
305821
305970
306012
306226
306514
306614
306629
306844
306910
306986
307028
307211
307245
307305
307390
307398
307484
307604
307736
307862
308062
308069
308125
308180
308277
308402
308651
308678
308955
309196
309244
309452
309467
309497
309528
309586
309612
309674
309808
309863
309924
309968
310009
310080
310116
310162
310402
310426
310431
310496
310777
310838
310897
310989
311057
311079
311133
311252
311391
311642
311675
311912
311919
311926
312068
312173
312203
312261
312405
312503
312561
312678
312702
312789
312831
312845
312916
312971
312982
313047
313379
313464
313479
313560
313687
313885
313914
313986
314078
314234
314313
314617
314643
314916
314930
314951
314995
315061
315110
315112
315139
315334
315341
315363
315420
315473
315481
315529
315702
316195
316278
316544
316578
316588
316591
316636
316649
316655
316660
316797
316816
316859
316919
317014
317041
317200
317204
317287
317295
317300
317318
317358
317389
317922
318048
318214
318339
318458
318508
318509
318583
318951
318952
318967
319096
319109
319304
319323
319332
319383
319415
319621
319653
319700
319811
319904
319940
319959
319983
320263
320450
320451
320527
320587
320867
321110
321112
321220
321904
321956
322377
322483
322536
322537
322540
322658
322667
322921
323056
323058
323064
323069
323121
323405
323432
323537
323541
323568
323808
324007
324047
324117
324138
324306
324307
324466
324566
324644
324645
324671
325001
325064
325116
325228
325283
325377
325517
325518
325590
325636
325656
325680
325764
326000
326091
326215
326338
326446
326482
326507
326848
326899
327040
327234
327255
327515
327560
327727
327782
327899
328344
328466
328509
328684
328842
328906
328915
328980
329122
329198
329211
329292
329296
329362
329615
330080
330256
330413
330456
330461
330728
330913
331033
331120
331146
331230
331260
331853
331863
331927
331942
331968
332151
332198
332369
332375
332551
332798
332858
333042
333047
333049
333359
333443
333460
333788
333873
334032
334037
334177
334200
334265
334487
334813
334905
335416
335511
335573
335640
335765
335861
335885
335903
336171
336660
336716
336719
336735
336850
337131
337138
337162
337353
337414
337444
337492
337493
337582
337698
337785
337787
337797
337835
338188
338226
338311
338312
338532
338631
338931
339018
339149
339174
339357
339490
339522
339536
339545
339650
339716
339735
339773
339993
340028
340103
340248
340251
340287
340359
340416
340559
340904
341064
341107
341131
341149
341197
341351
341502
341729
341910
341918
341937
341983
341991
342509
342618
342621
343045
343204
343246
343364
343388
343418
343498
343572
343598
343815
344199
344222
344223
344225
344557
344688
344772
344834
344972
345193
345211
345336
345357
345488
345614
345718
345862
346009
346125
346483
346879
347105
347131
347222
347498
347534
347536
347572
347646
347655
347741
347823
347922
348007
348081
348135
348438
348650
348817
348892
348921
348922
348931
348971
348978
349261
349272
349476
349530
349816
349843
349868
349952
349980
350089
350210
350335
350456
350468
350732
350803
350891
350934
351034
351098
351125
351477
351663
351995
352058
352295
352313
352359
352426
352562
352587
352740
352754
352807
352911
352935
352968
352976
353047
353167
353278
353405
353869
353953
354377
354590
354596
354650
354771
354854
354901
354915
354916
355081
355085
355136
355276
355278
355317
355328
355521
355701
355708
355864
356087
356162
356163
356323
356553
356599
356688
356847
357086
357180
357552
357662
357797
357815
357816
357918
358238
358320
358564
358883
358939
358955
359197
359241
359390
359444
359472
359533
359608
359614
359711
359933
359960
359967
359968
360034
360259
360302
360348
360365
360377
360580
360645
360711
360863
360965
360993
361182
361249
361388
361401
361493
361516
361863
361926
362132
362154
362175
362531
362561
362790
362806
362807
362817
362835
362906
363030
363164
363329
363427
363463
363518
364102
364138
364197
364239
364392
364546
364553
364560
364575
364591
364598
364635
364916
364923
365135
365174
365180
365327
365608
365726
366077
366147
366498
366566
366655
366800
366809
366951
366976
367084
367396
367570
367916
368152
368235
368529
368552
368594
368648
368681
368791
368879
368999
369068
369219
369226
369265
369278
369329
369343
369601
369645
369854
370001
370195
370495
370654
370745
370790
370953
370985
370989
371003
371038
371040
371065
371103
371219
371350
371379
371444
371453
371532
371707
371753
371954
371996
372048
372105
372152
372161
372342
372560
372570
372833
372978
373128
373187
373200
373255
373283
373322
373336
373358
373416
373524
373722
373804
373814
373977
374242
374251
374348
374355
374444
374546
374552
374785
374835
374837
374849
374967
375001
375035
375082
375117
375123
375201
375226
375273
375328
375339
375349
375351
375381
375493
375547
375848
375921
376431
376607
376621
376632
376640
376660
377014
377050
377187
377236
377348
377562
377656
377732
377871
377967
378085
378212
378379
378464
378482
378676
378967
378993
379012
379692
379695
379696
379930
380164
380244
380269
380393
380427
380438
380467
380481
380498
380623
380641
380721
380900
380999
381220
381227
381309
381358
381438
381553
381610
381631
381954
382077
382346
382450
382491
382604
382747
382914
382937
383234
383257
383348
383379
383424
383521
383542
383546
383658
383698
383800
383899
383959
383990
383998
384048
384067
384084
384095
384111
384237
384354
384461
384504
384609
384956
385011
385066
385169
385271
385294
385479
385505
385686
385764
385956
386076
386093
386198
386199
386281
386322
386358
386361
386385
386466
386607
386731
386842
386860
386921
387023
387183
387269
387426
387946
387955
387981
388023
388077
388204
388317
388458
388473
388589
388742
388773
388797
388813
389218
389283
389498
389537
389643
389760
390126
390271
390291
390383
390395
390563
390609
390669
390736
390936
391168
391170
391221
391276
391346
391367
391374
391422
391563
391590
391605
391748
391980
392026
392063
392083
392090
392330
392467
392486
392495
392524
392530
392753
392866
393016
393058
393069
393162
393239
393271
393299
393352
393432
393586
393843
394081
394102
394105
394328
394513
394602
394630
394868
395026
395155
395161
395211
395472
395516
395605
395773
395809
395845
395968
396031
396040
396085
396164
396207
396279
396347
396416
396612
396640
396646
396680
396713
396747
396973
396991
397080
397176
397256
397266
397456
397493
397546
397607
397741
397763
397869
397944
398064
398072
398313
398416
398446
398638
398681
398795
398828
398901
399026
399052
399080
399182
399418
399444
399664
399701
399786
399810
399877
399901
400271
400279
400362
400450
400504
400560
400614
400634
400635
400647
400692
400704
400749
400844
400927
400931
400969
401203
401284
401377
401476
401585
401770
401818
402095
402154
402281
402290
402341
402422
402472
402558
402674
402713
402806
403023
403037
403092
403165
403296
403302
403362
403410
403509
403514
403525
403558
403631
403661
403744
403773
404055
404132
404215
404376
404449
404490
404665
404748
404761
404990
405212
405472
405514
405529
405554
405618
405823
405933
406002
406019
406047
406106
406148
406533
406617
406658
406792
406849
407031
407037
407074
407258
407335
407563
407675
408025
408095
408135
408207
408224
408356
408746
408870
408912
409076
409091
409094
409118
409204
409233
409383
409426
409741
409798
409821
410159
410167
410206
410259
410365
410438
410444
410500
410697
410724
410734
410774
410869
411217
411307
411351
411465
411562
411648
411723
411798
411816
412401
412413
412808
412876
413527
413615
413838
413846
414048
414256
414360
414491
414506
414511
414557
414801
414891
415040
415300
415354
415694
415888
415899
415923
415966
415981
416182
416299
416311
416362
416453
416483
416602
416662
416712
416760
416810
416818
416908
416943
417046
417231
417256
417275
417554
417558
417589
417858
417930
418263
418312
418363
418663
419057
419089
419224
419236
419306
419559
419588
419625
419696
419859
419860
420030
420115
420202
420237
420251
420302
420373
420384
420418
420538
420542
420602
420659
420714
420783
420820
420881
420940
420996
421017
421060
421158
421208
421413
421489
421527
421702
421953
422195
422264
422367
422425
422477
422485
422506
422553
422642
422741
422766
423000
423032
423119
423140
423215
423285
423387
423495
423592
423792
423991
424000
424110
424133
424307
424416
424439
424905
424949
424968
425154
425185
425214
425218
425344
425486
425658
425816
425936
426243
426321
426471
426742
426770
426970
426972
427016
427154
427251
427383
427567
427807
427962
428111
428474
428489
428548
428638
429031
429088
429540
429638
429645
429774
429786
429830
429892
429979
430115
430560
430692
430808
430892
430959
431167
431496
431620
431837
431896
431976
432172
432446
432626
432791
432816
432903
432947
432949
432972
433049
433168
433183
433333
433624
433627
433702
433767
433769
433807
433955
434023
434270
434282
434353
434436
434724
434777
434834
434939
435097
435137
435139
435325
435567
435599
435664
436063
436211
436256
436312
436454
436479
436716
436890
436915
437023
437151
437178
437276
437408
437573
437596
437865
437920
437964
437973
438252
438397
438401
438449
438502
438528
438584
438635
438743
438898
439140
439309
439340
439460
439536
439541
439544
439614
439628
439654
439786
439856
439936
440091
440129
440199
440274
440318
440341
440368
440460
440570
440607
440705
440727
440809
440863
440887
440927
440981
441190
441347
441358
441452
441500
441570
441621
441682
441745
441900
441926
442180
442312
442338
442342
442407
442487
442511
442533
442696
442717
442720
443157
443169
443562
443730
443806
443854
443865
443892
443914
444011
444032
444103
444341
444420
444488
444609
444617
444772
444813
444829
444963
444978
445098
445262
445397
445767
445886
445915
445916
446151
446187
446279
446334
446390
446428
446519
446614
446830
446855
446940
447289
447335
447367
447542
447560
447583
447665
447758
447859
447874
447892
447902
448118
448294
448686
448967
448976
449071
449211
449548
449635
449763
449799
449811
449946
450007
450032
450054
450066
450267
450302
450369
450681
450843
451278
451287
451433
451442
451597
451762
451821
452158
452395
452529
452648
452745
452901
453147
453233
453289
453302
453314
453337
453384
453644
453788
453814
453847
454151
454235
454300
454345
454409
454587
454662
454821
454878
454954
455124
455206
455371
455852
455891
455977
456040
456221
456280
456399
456530
456598
456651
456799
456801
456934
457098
457226
457246
457473
457511
457694
457705
457708
457795
457873
457907
458070
458243
458371
458444
458520
458525
458536
458585
458590
458599
458955
458991
459194
459321
459385
459493
459618
459625
459761
459768
459774
459832
460217
460230
460238
460239
460313
460383
460657
460680
460909
460946
461019
461026
461029
461087
461194
461251
461309
461405
461411
461510
461597
461692
461725
461735
461943
462109
462313
462316
462317
462329
462897
462918
463048
463104
463135
463316
463377
463436
463482
463559
463870
463900
463981
464103
464115
464247
464378
465253
465300
465544
465657
465718
465753
465872
465906
466041
466128
466277
466360
466425
466470
466499
466609
466674
466924
466928
467280
467305
467403
467434
467506
467678
467793
467801
467834
467842
467941
467972
468360
468383
468842
468960
468999
469081
469098
469219
469238
469395
469426
469431
469535
469554
469793
469836
469907
470147
470201
470401
470475
470501
470540
470556
470567
470640
470669
470725
470851
470893
470918
471012
471016
471327
471406
471612
471753
471815
471834
471931
471935
471970
472088
472097
472117
472173
472217
472265
472305
472435
472472
472490
472516
472641
472816
473106
473205
473329
473358
473405
473525
473557
473579
473677
473752
473792
473795
473830
474023
474133
474159
474277
474344
474431
474521
474722
474968
475098
475113
475155
475205
475404
475418
475752
475923
475958
476030
476103
476172
476256
476445
476460
476518
476593
476639
476852
476920
476956
477012
477014
477095
477166
477190
477205
477350
477516
477680
477810
477917
477970
478155
478160
478310
478346
478372
478431
478632
478651
478660
478677
478982
479204
479216
479275
479303
479392
479398
479415
479553
479614
479727
479756
479788
479828
479867
479957
480047
480111
480598
480725
480925
480997
481034
481044
481241
481424
481480
481528
481533
481575
481751
482437
482559
482594
482645
482653
482682
482718
482768
482883
482950
482977
483037
483135
483187
483279
483509
483557
483729
483731
483757
483818
483892
483907
483974
484090
484117
484146
484238
484249
484280
484554
484687
485020
485069
485095
485210
485249
485292
485311
485442
485550
485561
485680
485768
485836
485888
485944
486178
486232
486299
486410
486469
486488
486491
486536
486544
486623
486798
486868
486899
486970
487032
487073
487161
487261
487268
487301
487547
487606
487884
488184
488525
488755
488879
488911
489112
489187
489320
489321
489338
489347
489456
489459
489625
489635
489656
489828
489844
489921
489974
490229
490287
490421
490517
490595
490598
490872
490875
490993
491226
491245
491252
491306
491413
491419
491424
491444
491589
491668
491722
491851
492033
492392
492622
492797
492840
492988
493020
493022
493107
493181
493280
493716
493742
493762
493873
494153
494224
494282
494379
494405
494539
494614
494690
494719
494745
494822
494853
494855
494902
495001
495219
495475
495540
495665
495726
495893
496128
496222
496451
496543
496801
496821
496913
497182
497367
497369
497467
497566
497675
497859
497945
498325
498326
498407
498586
498680
498790
498918
498919
499089
499338
499378
499387
499527
499594
499717
499730
499864
500007
500111
500158
500291
500442
500473
500502
500513
500643
500713
500780
501105
501228
501255
501388
501607
501635
501683
501731
501842
501909
501929
502331
502718
502769
502770
502812
502950
503090
503218
503235
503315
503442
503556
503628
503658
503795
503857
504041
504042
504226
504239
504280
504357
504597
504624
504832
504914
504964
505031
505080
505135
505220
505237
505243
505337
505348
505429
505745
505750
505860
505929
506009
506082
506263
506265
506376
506546
506590
506711
506802
507033
507053
507346
507479
507501
507506
507530
507550
507604
507619
507633
507674
507890
507930
507947
508017
508173
508309
508357
508376
508455
508459
508611
508781
508986
509032
509064
509149
509223
509230
509338
509391
509482
509510
509631
509889
509907
510332
510402
510408
510428
510481
510758
510795
510878
511016
511025
511272
511417
511490
511540
511549
511646
511795
512008
512079
512090
512097
512145
512274
512330
512421
512456
512500
512560
512661
512671
512716
512831
512842
512868
513258
513286
513383
513566
513710
513818
513846
513999
514034
514042
514045
514113
514123
514167
514190
514245
514382
514468
514524
514681
514721
515000
515016
515069
515077
515340
515461
515464
515602
515627
515896
516087
516105
516240
516253
516298
516386
516640
516733
516963
517048
517060
517318
517429
517497
517528
517713
517788
517833
517895
517908
517968
517986
517990
518356
518528
518644
518648
518875
518898
518917
518956
518984
518986
519036
519038
519080
519110
519133
519202
519293
519330
519443
519550
519725
519854
519997
520107
520264
520340
520399
520465
520487
520503
520506
520507
520637
520750
520951
521012
521022
521074
521133
521147
521295
521425
521633
521638
521723
521796
521973
522163
522164
522194
522260
522292
522323
522476
522553
522622
522678
523026
523072
523311
523654
523774
523846
523868
523943
524052
524136
524195
524382
524414
524472
524554
524581
524609
524851
524919
524989
525059
525087
525119
525182
525229
525374
525429
525436
525826
525893
526157
526544
526608
526631
526636
526641
526683
526692
526781
526917
526979
526994
527120
527137
527259
527564
527825
528223
528312
528313
528328
528350
528390
528391
528584
528811
528997
529086
529107
529221
529277
529424
529462
529482
529583
529589
529664
529689
529758
529896
529933
529978
530119
530417
530445
530599
530636
530684
530905
530945
531063
531159
531160
531173
531175
531205
531262
531351
531534
531549
531653
531689
531728
531769
532017
532048
532279
532490
532663
532720
533351
533419
533454
533698
533776
533925
533969
534004
534040
534214
534307
534334
534342
534369
534409
534508
534563
534770
535055
535118
535171
535238
535250
535533
535708
535974
536132
536163
536199
536229
536260
536299
536332
536387
536562
536662
536754
536816
536841
536929
537093
537160
537200
537247
537292
537317
537421
537451
537603
537606
537641
537657
537834
538017
538096
538193
538222
538357
538458
538563
538659
538831
538880
538912
539084
539208
539375
539390
539474
539731
539792
539892
540220
540370
540501
540696
540697
541032
541044
541074
541158
541166
541186
541203
541394
541625
541771
541823
541943
542050
542373
542540
542641
542974
543105
543266
543271
543381
543488
543645
543656
543815
543886
544213
544338
544660
544681
544757
544766
545062
545113
545118
545120
545676
545746
545827
545828
545907
545952
546269
546283
546397
546431
546627
546809
546965
547034
547162
547284
547677
547710
547787
547802
547833
547871
547952
548435
548496
548517
548530
548626
548709
548718
548779
548890
548950
548992
549048
549166
549290
549301
549384
549566
549626
549634
549839
550004
550041
550045
550053
550169
550296
550355
550361
550532
550609
550777
550842
550931
551053
551355
551503
551877
551888
552020
552043
552093
552381
552387
552564
552574
552790
552868
552892
553002
553181
553323
553405
553407
553469
553515
553642
553779
553809
553849
553862
554053
554089
554249
554435
554779
554946
554970
555007
555078
555113
555144
555191
555372
555374
555386
555456
555478
555505
555801
556022
556127
556216
556272
556377
556415
556600
556677
556837
556839
557168
557365
557687
558094
558110
558169
558253
558358
558362
558387
558421
558425
558501
558623
558624
558673
558683
558904
558910
559317
559324
559551
559616
559734
559787
559832
559872
560332
560345
560600
561310
561359
561632
561912
561933
561957
562132
562234
562454
562584
562591
562757
562934
563021
563361
563386
563658
563755
563909
564041
564160
564172
564378
564512
564778
564792
564909
564962
564995
565035
565139
565156
565160
565210
565215
565446
565548
565602
565631
565738
565854
565929
565930
566039
566102
566328
566440
566455
566618
566702
566753
566809
566854
566859
566881
567018
567055
567060
567071
567099
567191
567227
567304
567348
567378
567541
567620
567648
567649
567751
567849
567975
568204
568252
568267
568274
568295
568296
568344
568427
568578
568695
569010
569124
569309
569331
569362
569363
569443
569483
569510
569645
569876
569885
569928
569991
570126
570372
570514
570571
570644
570695
570994
571028
571144
571341
571484
571513
571624
571699
571811
571903
571931
572065
572097
572169
572218
572251
572350
572424
572487
572548
572715
572903
572917
572940
573046
573181
573186
573362
573416
573435
573793
573822
573839
573901
574028
574044
574114
574339
574571
574798
574848
575272
575290
575628
575731
576022
576071
576120
576357
576584
576646
576689
576764
576884
576947
577100
577197
577414
577425
577523
577680
577724
577752
577846
577851
577887
577894
577950
578016
578042
578061
578112
578211
578260
578328
578340
578401
578513
578718
578750
579057
579100
579126
579459
579659
579796
579939
579990
580093
580158
580228
580287
580310
580374
580398
580737
581316
581319
581583
581593
581651
581689
581706
581766
581908
581963
582271
582373
582380
582802
582984
583048
583364
583576
583668
583702
583719
583865
584064
584122
584184
584708
584736
584909
584974
585002
585055
585151
585291
585360
585508
585656
585759
585795
585916
585954
585962
586020
586035
586212
586635
586691
586833
586888
587014
587094
587098
587177
587306
587332
587354
587471
587473
587479
587514
587542
587706
587764
587868
588197
588279
588345
588356
588379
588386
588487
588853
588872
588960
588995
589124
589441
589581
589661
589663
589705
589882
590236
590247
590503
590545
590700
590779
590794
590859
591198
591468
591501
591523
591532
591559
591564
591641
591782
591817
591953
592004
592027
592044
592110
592205
592283
592291
592389
592490
592658
592813
592868
592999
593003
593047
593308
593319
593337
593371
593384
593387
593638
593962
594051
594118
594180
594230
594316
594465
594611
594653
594721
594908
595004
595023
595045
595181
595381
595447
595570
595957
596079
596123
596150
596325
596387
596660
596822
596938
596941
597229
597267
597752
597870
597881
597893
598081
598162
598172
598449
598456
598607
598608
599149
599200
599215
599362
599403
599435
599460
599594
599681
599705
599775
599789
599859
599890
599909
600091
600189
600196
600222
600361
600398
600410
600578
600676
600751
600890
600962
600975
601073
601164
601217
601313
601684
601744
601807
602122
602326
602389
602507
602538
602598
602867
603065
603108
603126
603217
603243
603293
603299
603526
603529
603688
603712
603774
603775
603890
604062
604117
604148
604265
604466
604549
604591
604605
604680
604696
604881
605000
605010
605037
605109
605189
605443
605574
605687
605780
605897
605910
606015
606029
606086
606135
606257
606266
606280
606386
606541
606575
606796
606832
606962
607122
607215
607243
607316
607420
607448
607523
607679
607835
607956
608068
608154
608347
608430
608481
608499
608506
608527
608535
608597
608651
608664
608708
608938
609187
609195
609231
609279
609305
609309
609433
609682
609794
609973
609977
609999
610011
610084
610287
610390
610482
610574
610577
610792
610873
610874
610941
611327
611411
611454
611521
611592
611647
611727
611797
611855
611879
611897
612021
612159
612216
612332
612519
612623
612700
613000
613059
613232
613241
613443
613459
613537
613599
613753
613784
613817
614027
614386
614453
614458
614763
614783
614951
615204
615270
615467
615470
615594
615615
615681
615848
616050
616223
616237
616254
616277
616643
616803
616805
616812
616831
616859
616905
616994
617010
617049
617067
617147
617194
617330
617441
617447
617603
617695
617699
617721
617791
617836
617843
617923
617934
617947
617972
618198
618212
618570
618576
618645
618709
618956
619086
619336
619489
619501
619547
619756
619895
619967
619992
620342
620652
620752
620822
620906
620908
620948
620961
621019
621213
621217
621367
621455
621682
621686
621735
621784
621953
622022
622091
622139
622320
622372
622384
622516
622520
622526
622615
622632
622708
622929
623279
623341
623707
623798
623914
623949
623953
624140
624154
624246
624509
624575
624703
624706
624707
624782
625096
625307
625370
625697
625940
625952
625968
626097
626110
626140
626168
626229
626235
626249
626278
626343
626348
626393
626531
626596
626608
626706
627021
627415
627477
627489
627507
627820
627888
628040
628071
628088
628117
628142
628159
628202
628286
628331
628380
628593
628747
628858
628873
628918
629208
629221
629459
629493
629628
629664
629676
629776
630014
630079
630177
630212
630233
630408
630454
630497
630850
631137
631415
631486
631636
631643
631683
631806
631902
631905
631928
631937
631947
631953
631957
632207
632310
632337
632893
633035
633551
633645
633827
633921
633961
634125
634340
634357
634485
634522
634635
634685
634746
634786
634819
634852
635075
635189
635201
635219
635248
635316
635640
635662
635689
635822
635875
635900
636069
636184
636204
636234
636353
636520
636542
636665
636923
637068
637108
637255
637368
637623
637633
637634
637825
637866
637872
637890
637983
638026
638038
638451
638558
638605
638646
638807
638887
638941
639034
639173
639266
639280
639329
639524
639642
639668
639767
640113
640121
640341
640470
640556
640562
640624
640734
640821
640865
641145
641164
641281
641322
641334
641360
641402
641670
641744
641746
642078
642190
642236
642283
642309
642525
642551
643034
643046
643067
643297
643498
643779
643832
643847
644019
644022
644180
644182
644293
644330
644462
644466
644770
644953
644957
645006
645012
645031
645058
645096
645099
645183
645206
645354
645687
645953
645956
646021
646083
646159
646242
646265
646269
646342
646384
646458
646484
646491
646498
646535
646574
646631
646697
646818
646900
646958
647262
647277
647349
647484
647535
647620
647625
647643
647720
648063
648256
648308
648403
648589
648600
648612
648714
649078
649215
649216
649314
649317
649492
649533
649546
649610
649688
649754
649859
650222
650259
650323
650329
650362
650669
650776
650783
650979
651126
651138
651176
651307
651634
651649
651740
651935
652014
652027
652124
652359
652364
652524
652600
652700
652707
652715
652729
652779
652783
652987
653005
653009
653014
653208
653216
653222
653253
653293
653297
653318
653437
653481
653684
653698
653746
653811
653872
654022
654135
654211
654232
654594
654652
654709
654742
654758
655053
655064
655118
655193
655316
655403
655538
655620
655808
655885
655995
655999
656258
656286
656305
656352
656410
656631
656691
656716
656753
656960
657031
657158
657167
657234
657242
657331
657373
657467
657842
657924
657961
658056
658117
658274
658405
658419
658439
658573
658666
658858
658862
658924
658987
659161
659217
659451
659567
659577
659629
659693
659711
659712
659772
659978
660054
660206
660229
660336
660425
660464
660678
660793
661410
661624
661665
661728
661843
661859
661896
662137
662139
662207
662242
662363
662426
662488
662554
662891
662909
663046
663070
663264
663296
663451
663492
663743
663926
664170
664306
664541
664550
664644
664684
664848
664970
665014
665042
665070
665159
665173
665264
665369
665387
665496
665586
665655
665691
665803
665973
666214
666215
666273
666314
666318
666505
666618
666646
666682
666688
666812
666851
666852
666855
666965
667082
667198
667218
667342
667432
667456
667472
667494
667908
668031
668099
668218
668254
668554
668583
668618
668619
668654
668697
668707
668732
668958
669144
669336
669417
669663
669800
669841
669902
669962
670106
670143
670211
670248
670424
670642
670650
670659
670762
671009
671046
671050
671094
671141
671367
671409
671522
671524
671533
671727
671814
671860
671916
672126
672140
672151
672207
672222
672235
672253
672265
672350
672395
672430
672646
672667
672696
672732
672886
673066
673101
673106
673331
673387
673560
673926
673961
674106
674171
674259
674350
674516
674544
674577
674673
674702
674722
674727
674792
674857
674886
674919
674949
675064
675250
675263
675333
675373
675459
675613
675685
676005
676017
676085
676089
676117
676134
676588
676594
676811
676825
676850
676966
677152
677395
677435
678059
678133
678166
678265
678304
678401
678472
678484
678517
678565
678682
678685
678722
678759
678813
678818
678843
679214
679351
679399
679567
679756
679857
679871
680079
680081
680259
680331
680343
680494
680495
680512
680544
680547
680549
680678
680681
680804
681198
681297
681562
681658
681660
681664
681729
681908
681916
681963
682027
682105
682119
682207
682280
682381
682552
682596
682661
682707
682870
682894
682898
683049
683084
683890
684188
684285
684574
684640
684777
684870
684927
685169
685172
685278
685335
685478
685537
685587
685632
685636
685799
685808
686011
686058
686216
686221
686351
686359
686361
686416
686556
686573
686650
686771
686909
686985
686986
687022
687077
687273
687395
687545
687580
687672
687791
687937
688254
688436
688793
688808
688844
688993
689065
689154
689248
689399
689449
689488
689603
689869
689872
689936
690050
690101
690487
690704
690721
691052
691059
691236
691288
691461
691560
691607
691698
691748
691878
692068
692076
692157
692201
692330
692490
692524
692662
692694
692724
692837
692957
693004
693008
693078
693223
693414
693499
693516
693558
693744
693774
693974
694400
694686
694733
694872
695039
695235
695272
695316
695409
695420
695564
695604
695629
695757
695893
695927
696012
696090
696098
696144
696208
696814
696856
696863
696995
697115
697230
697475
697700
697859
698124
698556
698569
698760
698795
699014
699019
699101
699277
699316
699397
699682
699807
699838
699849
699889
699906
700120
700154
700262
700274
700277
700659
700960
701219
701234
701246
701336
701419
701455
701488
701491
701785
701830
701911
702000
702082
702119
702209
702558
702608
702639
702689
702753
702792
702838
703125
703181
703210
703302
703322
703372
703472
703561
703722
703735
703803
703897
703917
703983
703993
703997
704141
704199
704400
704449
704569
704591
704891
705010
705058
705109
705166
705335
706009
706075
706116
706180
706189
706193
706217
706266
706517
706643
706754
706788
706812
707104
707154
707315
707401
707428
707486
707677
707730
707918
707979
707989
708074
708190
708256
708375
708509
708685
709014
709053
709106
709162
709186
709200
709207
709224
709274
709546
709618
709757
709804
709952
709970
709991
710097
710142
710258
710259
710350
710400
710547
710570
710730
710753
711013
711074
711114
711178
711182
711298
711375
711436
711468
711544
711559
711616
711663
711671
711701
711720
711961
712004
712284
712440
712495
712560
712639
712816
712866
712989
713012
713026
713069
713101
713114
713120
713180
713465
713482
713539
713602
713714
713987
714052
714085
714223
714241
714758
714883
714901
714969
715026
715045
715079
715134
715211
715225
715233
715327
715903
715970
716004
716114
716334
716351
716358
716392
716634
716824
716946
716968
717391
717468
717481
717593
717728
717764
717774
718172
718174
718253
718260
718343
718645
718687
718794
718994
719077
719107
719110
719262
719266
719473
719519
719828
719862
719929
720117
720172
720180
720295
720299
720306
720308
720446
720537
720568
721316
721405
721622
721674
721763
721782
721898
722033
722094
722147
722173
722294
722303
722367
722516
722529
722570
722591
722722
722850
722867
723088
723090
723108
723192
723244
723394
723421
723642
723684
723698
723945
724068
724088
724101
724150
724198
724280
724296
724298
724308
724320
724395
724397
724427
724539
724648
724658
724837
724882
724987
725021
725516
725570
725572
725634
725724
725814
726031
726197
726201
726295
726317
726378
726410
726454
726730
726754
726802
726861
727002
727007
727071
727143
727362
727419
727491
727579
727722
727758
727761
727781
727911
728023
728117
728164
728721
728941
728987
729105
729318
729400
729439
729472
729473
729700
729762
729854
730082
730358
730421
730536
730569
730672
730691
730765
730807
730952
730970
730993
731020
731060
731247
731502
731758
731865
732035
732076
732219
732239
732304
732305
732336
732343
732365
732385
732387
732518
732578
732676
732986
733379
733470
733472
733498
733580
733625
733664
733676
733852
733958
734158
734194
734333
734490
734585
734589
734675
734925
735008
735014
735288
735478
735658
735665
735840
735856
736188
736252
736357
736394
736431
736556
736580
736831
736860
736871
737019
737210
737237
737518
737548
737573
737678
737681
737708
737753
737816
738207
738332
738438
738650
738754
738842
738993
739003
739206
739352
739474
739632
739712
739944
740111
740122
740133
740185
740273
740332
740367
740480
740636
740788
741023
741161
741178
741233
741239
741304
741472
741573
741676
741822
742006
742177
742202
742507
742559
743157
743234
743399
743475
743609
743630
743858
743883
743932
744111
744150
744165
744223
744319
744416
744556
744610
744626
744784
744871
744887
744981
745068
745088
745326
745538
745637
745695
745746
745750
745771
745883
745923
746073
746140
746219
746223
746359
746414
746625
746683
746701
746728
746810
746864
747060
747125
747356
747483
747680
747689
747697
747736
747921
747966
748031
748369
748420
748432
748498
748592
748593
748599
748659
748775
748957
749043
749133
749239
749264
749277
749482
749587
749781
749901
750295
750357
750436
750571
750714
750739
750753
750756
751046
751060
751157
751229
751392
751409
751563
751639
751693
751728
752012
752052
752105
752162
752231
752278
752400
752648
752702
752716
752838
752856
753141
753247
753418
753527
753624
753769
753823
753834
753908
753954
754095
754162
754189
754231
754282
754580
754603
754809
754853
754988
754995
755032
755163
755221
755340
755682
755923
755931
756015
756046
756056
756229
756388
756645
756787
756800
756808
756821
756851
756889
757009
757185
757390
757513
757577
757584
757744
757795
757815
757889
757965
757972
758085
758281
758333
758364
758510
758569
758787
758804
758830
758863
759052
759146
759192
759238
759266
759401
759813
759828
759879
759913
759928
760068
760286
760439
760534
760574
760619
761068
761580
761605
761901
762048
762229
762233
762278
762300
762380
762576
762605
762752
762799
762908
763081
763305
763476
763728
763789
763817
764072
764080
764275
764281
764294
764344
764435
764783
764844
764846
764988
765144
765153
765188
765259
765334
765390
765397
765522
765611
765717
765765
765767
765797
766011
766024
766094
766122
766232
766383
766514
766659
766668
766714
766754
766940
766961
767073
767473
767587
767665
767781
767954
768034
768149
768404
768516
768601
768753
768801
768828
768940
768967
769003
769530
769659
769823
769882
769890
769963
770002
770201
770229
770234
770355
770535
770746
770800
770827
770980
771155
771284
771438
771530
771660
771759
771924
771958
772191
772211
772509
772645
772652
772827
772869
772951
772979
773192
773235
773253
773342
773505
773606
773614
773872
773886
773931
773979
774005
774072
774156
774486
774522
774647
774694
774711
774872
774979
775258
775356
775538
775788
775876
775938
775956
776030
776064
776088
776100
776119
776269
776281
776392
776589
776861
776923
776995
777021
777038
777083
777153
777204
777300
777449
777569
777820
777953
778237
778340
778421
778473
778488
778516
778581
778589
778759
778981
779006
779302
779319
779339
779701
779731
779762
779796
779859
779891
779907
779994
780004
780082
780200
780241
780383
780384
780433
780447
780481
780698
780763
780806
780928
780936
781085
781272
781306
781324
781335
781489
781558
781660
781744
781830
781842
781950
781963
781974
782270
782284
782369
782381
782501
782508
782531
782555
782694
782696
783037
783048
783221
783228
783463
783466
783584
783694
783889
783982
784016
784057
784160
784499
784636
784668
784748
784888
784930
785032
785214
785712
785744
785877
785916
786168
786227
786330
786579
786825
786863
787457
787638
787672
787706
787942
788026
788127
788156
788318
788497
788506
788550
788745
788767
788948
789040
789107
789142
789237
789336
789394
789476
789701
789717
789809
789843
789862
789937
789951
790128
790301
790427
790495
790646
790694
790726
790775
790822
790969
791039
791116
791227
791429
791436
791522
791538
791659
791774
791866
791916
792051
792216
792229
792285
792340
792455
792475
792612
792811
792919
792981
793041
793075
793076
793079
793108
793279
793299
793356
793635
793907
793959
793967
794105
794206
794258
794271
794376
794491
794955
795066
795098
795326
795487
795519
795563
795569
795682
795752
795811
795818
795848
795889
796277
796306
796420
796641
796906
797012
797120
797152
797165
797355
797518
797539
797636
797659
797748
797800
798171
798268
798304
798328
798386
798627
798664
798702
798737
798823
798885
799070
799158
799166
799210
799235
799387
799480
799603
799706
799893
799925
799932
800082
800169
800422
800514
800548
800749
801011
801148
801202
801233
801261
801305
801428
801441
801473
801552
801646
801726
802098
802117
802188
802219
802227
802337
802547
802880
802961
802997
803042
803185
803249
803337
803351
803358
803571
804229
804351
804352
804443
804588
804791
804834
804839
804865
804879
804935
805001
805057
805289
805309
805560
805580
805630
805662
805756
805822
805829
805843
805865
805880
805924
805981
806023
806250
806306
806324
806776
806923
806933
806982
807057
807102
807230
807461
807553
807808
807823
807886
807898
807932
808272
808290
808295
808356
808424
808580
808864
808888
808968
808973
809058
809126
809328
809510
809625
809647
809712
810106
810183
810185
810346
810448
810558
810567
810619
810846
810983
811005
811048
811069
811269
811279
811287
811360
811368
811614
811790
811881
812142
812176
812318
812382
812510
812573
812648
812662
812695
812854
812936
813107
813324
813336
813366
813426
813440
813530
814192
814414
814473
814635
814660
814880
814914
814933
814941
815294
815312
815345
815417
815441
815636
815900
815959
816125
816143
816677
816719
816905
816973
817286
817321
817330
817370
817413
817444
817703
817733
817847
817878
817960
818131
818570
818774
818824
818945
819333
819475
819489
819617
819829
819996
820014
820379
820492
820584
820596
820622
820935
821024
821044
821155
821246
821287
821409
821506
821544
821559
821642
821698
821872
822167
822276
822376
822424
822527
822708
822966
823066
823083
823161
823178
823184
823301
823333
823348
823429
823696
823778
823786
823803
823946
824003
824129
824151
824202
824247
824282
824289
824347
824477
824515
824790
824816
825021
825218
825319
825493
825531
825750
825843
825851
825936
826153
826163
826252
826326
826401
826492
826814
826913
826961
826988
827029
827256
827268
827284
827333
827367
827400
827470
827704
827710
827736
827739
827849
827951
827992
828002
828017
828169
828210
828789
828825
828930
828933
828973
829102
829171
829338
829478
829537
829588
829605
829685
829711
829720
830078
830266
830361
830387
830400
830490
830551
830613
830756
830902
831067
831271
831308
831313
831357
831503
831625
831725
831761
831795
831798
831809
831878
832106
832203
832223
832232
832613
832722
832823
833018
833044
833070
833152
833353
833422
833704
833776
833913
834009
834106
834201
834223
834355
834391
834691
834718
834857
834990
835072
835079
835116
835138
835210
835213
835286
835293
835310
835498
835766
835970
836371
836846
836874
837163
837180
837189
837249
837263
837292
837479
837643
837671
837706
837751
837796
837939
837960
837998
838367
838447
838474
838692
838709
838721
838864
839100
839195
839282
839479
839480
839507
839644
840051
840100
840147
840206
840306
840489
840497
840508
840649
840663
841031
841058
841118
841451
841535
842011
842086
842176
842362
842454
842479
842496
842602
842741
842753
842764
842904
843038
843065
843142
843470
843482
843489
843594
843617
843656
843860
844022
844097
844167
844227
844282
844627
844780
844809
845039
845041
845147
845276
845458
845495
845501
845559
845584
845625
845646
845710
845930
846044
846050
846068
846116
846123
846172
846222
846289
846447
846452
846593
846686
846757
846966
847026
847137
847226
847580
847616
847712
847719
847869
847881
847937
848267
848360
848743
848824
848914
849182
849318
849553
849601
850629
850764
850771
850867
851001
851048
851081
851231
851242
851267
851614
851658
851670
851671
851769
851781
851813
851958
852081
852280
852366
852388
852433
852533
852806
852964
853080
853115
853140
853160
853228
853249
853276
853296
853319
853348
853588
853606
853712
853847
854116
854138
854143
854409
854507
854531
854604
854713
854772
854831
854870
855015
855142
855247
855492
855519
855728
855765
855892
855930
856036
856258
856388
856704
856746
856859
857126
857178
857407
857410
857415
857463
857498
857581
857603
857841
857881
857990
858076
858110
858514
858665
858778
858883
859019
859080
859211
859212
859322
859360
859436
859609
859634
859670
859683
859780
859806
859811
859871
860207
860237
860399
860400
860413
860472
860476
860547
860810
861074
861206
861300
861332
861345
861364
861375
861616
861817
862051
862224
862255
862389
862418
862489
862528
862530
862565
862572
862642
862650
862712
862871
862990
862992
863071
863187
863249
863317
863358
863360
863414
863457
863508
863516
863570
863631
863742
863780
863904
863914
864151
864224
864240
864322
864355
864357
864614
864697
864725
864729
864852
864965
864979
865133
865202
865383
865502
865685
865777
865916
866019
866048
866052
866567
866850
867102
867163
867246
867457
867538
867621
867622
867641
867851
867866
867963
868137
868176
868243
868559
868627
868644
868660
868694
868823
868887
868935
869100
869210
869234
869485
869520
869623
869654
869657
869756
869911
869997
870006
870060
870257
870272
870296
870450
870494
870615
870639
870701
870731
871053
871111
871116
871141
871479
871511
871723
871740
871759
871783
871801
872081
872103
872122
872236
872374
872485
872488
872692
872733
872753
872891
873090
873099
873159
873261
873490
873582
873712
873739
874014
874085
874139
874149
874223
874613
874970
875011
875102
875141
875256
875552
875580
875675
875882
876228
876350
876466
876479
876538
876552
876663
876734
876868
876889
876902
877036
877117
877176
877347
877377
877429
877430
877478
877694
877723
877785
877930
877978
878111
878144
878159
878250
878272
878389
878583
878589
878632
878801
878846
879116
879467
879583
879674
879723
879745
879759
880519
880594
880719
880769
880811
880928
880996
881087
881103
881122
881168
881204
881348
881706
881764
881862
882075
882177
882213
882334
882382
882481
882499
882506
882647
882676
882687
882720
882901
882923
882974
883035
883085
883140
883193
883231
883352
883383
883405
883720
884160
884311
884397
884421
884446
884797
884869
884898
885474
885510
885663
885677
885745
885993
885999
886119
886148
886275
886344
886399
886639
886695
886708
886940
886962
887066
887084
887286
887343
887435
887848
887922
888082
888389
888456
888494
888514
888600
888646
888784
889015
889037
889168
889215
889460
889588
889601
889746
889828
889872
889876
889957
889961
890056
890150
890467
890550
890657
890730
890823
891028
891086
891131
891266
891365
891596
891624
891738
891786
891967
892164
892534
892593
892595
892802
892865
892947
893244
893288
893428
893452
893460
893484
893556
893572
893865
893896
893952
894080
894202
894213
894233
894267
894352
894863
894878
894886
894947
894955
895259
895308
895374
895395
895397
895451
895475
895534
895931
896144
896229
896409
896430
896508
896584
896585
896850
896885
896916
897003
897005
897145
897164
897310
897611
897700
897756
897797
897943
898098
898108
898209
898413
898495
898516
898577
898778
898806
899037
899100
899194
899204
899269
899332
899552
899589
899894
900127
900156
900294
900335
900450
900473
900545
900562
900742
900972
901084
901104
901579
901631
901809
902124
902189
902419
902448
902463
902592
902614
902678
902692
902802
902902
903011
903329
903518
903613
903899
903953
905060
905147
905156
905371
905453
905674
905964
905965
906374
906413
906624
906626
906714
906723
906894
907222
907386
907452
907453
907660
907902
908114
908149
908240
908247
908526
908666
908770
908862
908919
908988
909114
909308
909478
909674
909690
909742
909779
910113
910338
910349
910393
910406
910521
910523
910560
910782
910895
911469
911585
911836
911932
911948
911978
912013
912110
912236
912364
912504
912533
912541
912593
912600
912719
912743
912778
912789
912794
912805
913185
913324
913349
913382
913517
913677
913714
913816
913964
914159
914210
914391
914454
914618
914676
914678
914679
914707
914708
914870
915003
915043
915207
915386
915483
915533
915569
915630
915767
916127
916175
916420
916521
916625
916665
916780
916883
916886
917396
917520
917563
917592
917762
917913
917986
918132
918219
918279
918461
918527
918595
918607
918685
918727
918733
919288
919330
919349
919351
919522
919606
919765
919955
920085
920156
920227
920358
920625
920647
920795
920865
920959
921079
921361
921378
921779
921901
921966
922182
922202
922278
922357
922487
922498
922533
922722
922755
922842
922887
923408
923494
923542
923560
923805
923868
923930
924046
924062
924257
924431
924491
924684
924783
924799
924860
925051
925172
925177
925262
925272
925322
925542
925657
925752
925767
925831
925899
926289
926577
926602
926620
926648
926712
926779
926892
926960
926969
927228
927255
927377
927480
927511
927835
927891
928094
928173
928359
928388
928525
928560
928576
928584
928605
928696
928760
929165
929188
929299
929460
929529
929586
929673
929838
929919
929932
930225
930232
930252
930495
930609
930610
930653
931016
931029
931070
931167
931400
931411
931509
931769
931886
931917
931944
931962
932300
932619
932657
932750
932793
932842
933001
933102
933170
933201
933253
933257
933301
933340
933402
933453
933500
933575
933613
933638
933661
933664
933803
933815
934131
934144
934244
934269
934447
934493
934559
934831
935005
935224
935586
935685
936026
936541
936546
936567
936829
936861
936938
937046
937164
937233
937244
937265
937400
937513
937600
937659
937691
937819
938118
938161
938229
938252
938284
938333
938395
938635
938676
938847
938849
939000
939228
939241
939242
939289
939335
939345
939415
939576
939596
940201
940236
940420
940454
940468
940549
940666
940680
940849
940900
940903
940928
941264
941466
941613
941729
941968
942106
942144
942156
942372
942378
942621
942626
942701
942704
942709
942808
942870
942889
942935
943177
943314
943519
943548
943663
943677
943763
943843
943846
943994
944475
944533
944859
944873
944924
945070
945191
945196
945349
945529
945677
946084
946200
946201
946446
946484
946577
946665
946715
946938
947288
947308
947404
947592
947630
947632
947786
947999
948388
948528
948613
948654
948698
948728
948808
948828
948868
949202
949249
949292
949390
949417
949537
949555
949588
949646
949689
949750
949797
949826
949951
949966
949978
949986
950071
950078
950147
950259
950424
950953
951057
951059
951069
951091
951287
951298
951305
951315
951357
951376
951446
951459
951477
951502
951607
951721
951726
951733
951900
951975
952000
952196
952243
952535
952642
952644
952786
952801
952869
952874
953052
953147
953163
953215
953230
953238
953436
953490
953496
953519
953528
953621
953678
953847
953868
953875
953932
953980
953989
954048
954051
954058
954259
954458
954828
954834
954911
955172
955275
955503
955708
955836
955924
956077
956106
956295
956542
956576
956688
956771
956964
957228
957264
957707
957783
957973
958087
958098
958530
958673
958691
958889
959253
959336
959453
959605
959712
959802
959811
959941
960193
960268
960275
960413
960459
960562
960578
960685
960816
960827
960850
960857
961010
961125
961151
961163
961218
961224
961256
961318
961424
961470
961519
961537
961610
961678
961815
962028
962073
962146
962158
962210
962368
962377
962669
962750
962863
962975
963415
963434
963491
963633
963786
963978
964449
964699
964778
965071
965217
965223
965313
965337
965374
965601
965789
965964
965972
966083
966123
966150
966162
966173
966203
966233
966335
966388
966495
966501
966747
966814
966828
966875
966933
966993
966996
967085
967134
967168
967206
967428
967573
967588
967623
967687
967712
967819
967903
968056
968144
968194
968340
968430
968511
968589
968774
968903
968916
968946
969194
969201
969483
969581
969604
969620
969719
969781
969861
969866
969914
969940
970371
970494
970520
970746
970902
970907
971041
971067
971471
971474
971484
971889
972059
972063
972088
972094
972238
972402
972660
972669
972714
972818
972845
972929
973280
973343
973356
973432
973463
973735
973851
973868
974029
974362
974363
974405
974551
974675
974772
974775
974912
975075
975108
975142
975300
975346
975426
975435
975463
975474
975593
975623
975650
975873
975896
975958
976008
976151
976185
976277
976574
976717
976858
976870
976991
977065
977141
977191
977465
977526
977530
978048
978061
978120
978518
978546
978561
978589
978598
978736
978754
978902
978958
979064
979086
979106
979253
979410
979493
979658
979676
979782
979813
979899
979930
980364
980572
980633
980837
980878
980987
981101
981109
981146
981203
981205
981257
981268
981328
981394
981586
981627
981648
981663
981785
981861
982277
982292
982303
982328
982350
982437
982503
982657
982694
982816
982882
982964
982972
982994
983055
983059
983268
983648
983984
984081
984119
984147
984530
984589
984674
984704
984884
984893
985127
985274
985351
985409
985551
985654
985776
985909
985914
986121
986207
986358
986382
986904
986942
987090
987093
987137
987260
987277
987326
987646
987719
988084
988235
988258
988529
988552
988866
989033
989087
989326
989454
989659
989713
990834
990909
991122
991402
991596
991738
991830
992143
992506
992536
992634
992776
992858
992964
993054
993063
993260
993321
993404
993443
993569
993589
993811
993960
994056
994215
994283
994398
994596
994610
994615
994627
994982
995008
995067
995087
995101
995139
995254
995509
995528
995727
995790
995792
995801
995803
995914
995934
995963
996071
996229
996284
996341
996509
996526
997372
997414
997469
997541
997626
997645
998154
998178
998200
998370
998465
998542
998816
998827
998830
998924
998997
999022
999053
999093
999096
999113
999319
999347
999483
999567
999748
999998
