95
165
220
242
322
411
473
493
501
516
840
936
971
1171
1295
1493
1516
1731
1789
1811
1881
2119
2161
2162
2434
2472
2522
2542
2582
2639
2696
2737
2890
2988
2990
3090
3155
3196
3286
3353
3463
3578
3693
3735
3885
3900
3975
4090
4341
4408
4426
4474
4503
4579
4593
4663
4694
4832
4888
4901
5146
5277
5335
5380
5554
5578
5793
5852
5928
5953
6134
6407
6689
6830
7098
7162
7258
7339
7476
7490
7519
7570
7957
8081
8205
8369
8381
8460
8581
8700
8704
8839
8960
8994
8995
9026
9047
9110
9246
9288
9388
9391
9626
9817
9919
9995
10045
10172
10432
10496
10540
10566
10595
10660
10819
11035
11069
11224
11246
11253
11297
11298
11339
11349
11508
11541
11560
11598
11672
11803
11934
11966
12110
12598
12697
12724
12778
12960
13079
13132
13317
13322
13403
13476
13574
13631
13847
13881
13979
14040
14070
14091
14924
15050
15076
15142
15176
15181
15275
15349
15477
15502
15634
15808
15882
16019
16214
16299
16469
16489
16509
16538
16843
16847
16854
16966
17106
17116
17213
17261
17267
17287
17298
17363
17574
17626
17756
17937
17938
18177
18202
18228
18268
18592
18594
18653
18718
18781
18844
18885
18958
19189
19252
19506
19851
19941
20022
20037
20399
20569
20590
20665
20743
20767
20943
21028
21032
21223
21237
21260
21368
21414
21524
21731
21770
22308
22382
22438
22507
22579
22638
22722
22841
23066
23140
23146
23166
23378
23497
23529
23554
23767
23929
24008
24018
24165
24227
24288
24321
24443
24561
24816
24888
25036
25060
25106
25178
25352
25454
25492
25600
25603
25663
25794
25818
26097
26435
26573
26646
26730
26763
26784
26959
27003
27192
27334
27361
27553
27562
27749
27840
27855
27922
27979
28058
28078
28217
28237
28309
28416
28532
28620
28662
28829
28923
28958
29043
29123
29264
29334
29393
29410
29924
29965
29967
30198
30212
30221
30516
30667
30805
31016
31103
31149
31166
31248
31311
31453
31510
31900
31970
32084
32214
32254
32291
32343
32404
32739
32802
32822
32951
33420
33579
33585
33615
33733
33837
34006
34062
34070
34081
34186
34327
34405
34470
34664
34855
35009
35045
35119
35260
35286
35454
35651
35722
35774
35835
35864
35876
35896
35917
36105
36166
36202
36206
36253
36269
36325
36543
36562
36595
36604
36616
36800
36812
36832
37012
37133
37462
37619
37891
38060
38110
38418
38428
38551
38723
39120
39303
39415
39685
39855
39907
40028
40040
40117
40248
40540
40661
40663
40702
40772
40811
41244
41587
41636
41645
41698
41767
41831
41859
41899
41954
42129
42155
42283
42509
42717
42834
42899
43046
43066
43231
43343
43452
43567
43664
43793
43808
43849
44039
44090
44425
44445
44499
44540
44600
44649
44798
44803
44844
44879
44891
45091
45275
45335
45393
45618
45649
45956
45982
46079
46107
46302
46311
46320
46455
46510
46538
46613
46722
46863
47033
47181
47205
47256
47290
47326
47346
47500
47876
47897
47916
47943
48134
48140
48236
48276
48302
48317
48318
48509
48897
48903
48949
48954
49051
49057
49227
49476
49597
49724
49807
49827
49976
50184
50223
50227
50361
50569
50611
50694
50819
51066
51112
51256
51368
51437
51581
51635
51707
51720
51840
51869
51967
52182
52218
52274
52278
52366
52392
52439
52622
52677
52690
53399
53437
53466
53599
53806
53918
53953
53982
54032
54175
54246
54272
54437
54807
55173
55195
55367
55402
55425
55457
55533
55610
55989
55992
56041
56132
56152
56166
56178
56335
56608
56711
56720
56806
56807
56879
57115
57211
57363
57577
57620
57717
57878
57899
57918
57945
57962
58171
58322
58432
58463
58481
58676
58711
58720
58834
58904
58965
59080
59165
59186
59565
59585
59669
59704
59708
59824
60230
60260
60360
60601
60741
60869
60893
60918
61129
61233
61572
61603
61745
61753
61865
61977
61993
61994
62087
62168
62217
62248
62378
62982
62990
63017
63027
63070
63105
63181
63254
63265
63282
63414
63454
63566
63775
63785
63931
64126
64338
64399
64463
64496
64618
64690
64745
64851
64971
65045
65073
65107
65264
65286
65366
65529
65594
65784
65788
65851
65908
65923
66210
66265
66269
66291
66373
66405
66755
66792
66898
67160
67184
67230
67434
67450
67627
67633
67789
68275
68292
68346
68406
68444
68550
68679
68709
68743
68759
68875
68893
68895
68909
69370
69456
69895
70010
70106
70160
70182
70582
70615
70677
70712
70808
70847
71002
71012
71045
71049
71133
71320
71584
71634
71648
71751
71816
71991
71993
72044
72187
72212
72243
72333
72421
72507
72556
72751
72804
72833
72935
72985
73062
73089
73115
73241
73473
73665
73908
74087
74313
74362
74387
74398
74630
74814
74885
74990
75026
75112
75118
75142
75333
75356
75876
76211
76640
76698
76763
76831
76870
76887
76895
76974
76992
77035
77061
77184
77204
77224
77242
77448
77486
77654
77845
78167
78195
78242
78289
78311
78509
78511
78543
78645
78706
78851
78936
79026
79027
79068
79074
79239
79311
79499
79514
79639
79678
79711
80095
80180
80204
80228
80274
80352
80381
80611
80774
80813
80928
81022
81352
81442
81464
81474
81748
81750
81757
81816
81986
82014
82040
82114
82157
82186
82273
82395
82557
82623
82626
82692
82740
82827
82835
82951
82991
83010
83025
83268
83361
83470
83591
83878
83948
84047
84055
84105
84114
84285
84430
84494
84568
84569
84688
84698
84783
84796
84810
84821
84849
85043
85298
85581
85830
85843
85851
85985
86006
86036
86082
86290
86292
86373
86406
86900
87018
87414
87457
87722
87735
87948
88065
88199
88256
88279
88428
88533
88815
88835
88901
88969
89006
89065
89143
89209
89262
89788
89980
90110
90193
90231
90290
90301
90318
90325
90427
90527
90618
90641
90670
90695
90712
90757
90770
90906
90954
90977
90999
91194
91253
91316
91553
91582
91634
91723
91897
92185
92247
92296
92305
92579
92632
92689
92936
92964
92981
93109
93122
93386
93558
93578
93633
93728
93763
93854
93896
94031
94070
94074
94108
94154
94315
94803
94870
94871
95127
95179
95185
95288
95335
95413
95430
95435
95453
95458
95607
95624
95954
95967
96098
96359
96543
96561
96563
96567
96632
96752
96762
96834
96976
97024
97220
97290
97320
97332
97420
97470
97485
97486
97512
97519
97787
97805
97845
98171
98247
98283
98289
98523
98544
98560
98772
98991
99119
99132
99344
99351
99380
99405
99736
99796
100036
100098
100374
100560
100725
100808
100906
101081
101181
101217
101278
101301
101310
101382
101421
101492
101621
101876
102055
102244
102272
102295
102368
102632
102760
102860
103074
103094
103277
103325
103326
103431
103645
103684
103723
103734
103820
103822
103868
103877
103905
103975
104046
104174
104295
104325
104361
104367
104491
104880
104922
105032
105093
105114
105221
105270
105323
105606
105632
105779
105846
105919
106007
106135
106299
106313
106336
106346
106575
106627
106690
106768
106943
106952
106998
107035
107053
107099
107225
107399
107678
107753
108075
108211
108266
108325
108362
108395
108415
108658
108765
108774
108866
108933
108935
108999
109020
109105
109146
109238
109261
109279
109346
109378
109577
109740
109865
109984
110037
110161
110243
110309
110322
110347
110479
110592
110649
110693
110812
110857
111074
111191
111204
111326
111409
111787
111840
112009
112051
112108
112209
112315
112429
112449
112450
112561
112582
112636
112640
112686
112782
112808
112944
113197
113199
113248
113300
113310
113322
113341
113369
113376
113590
113692
113711
113744
113799
113805
113890
113960
114038
114118
114155
114246
114304
114485
114500
114559
114805
115172
115288
115331
115519
115536
115571
115706
115754
115812
115929
115995
116049
116236
116308
116336
116506
116632
116646
116675
116962
117083
117095
117185
117282
117631
117678
117723
117997
118042
118131
118154
118214
118273
118298
118305
118405
118476
118487
118666
118811
118886
118921
119152
119732
119740
119847
119875
119994
120011
120037
120056
120113
120142
120199
120463
120612
120709
120938
121156
121202
121282
121320
121327
121688
121823
121864
122334
122351
122412
122497
122554
122581
122667
122756
122875
122998
123039
123134
123166
123184
123222
123225
123581
123778
123784
123854
124008
124029
124199
124301
124354
124355
124420
124517
124708
124718
124726
124756
124789
124891
125018
125168
125202
125235
125475
125717
125892
125954
126401
126418
126479
126514
126528
126684
126689
126731
126862
127037
127252
127321
127340
127530
127736
127901
128139
128166
128405
128411
128418
128432
128436
128467
128485
128866
128937
128938
128960
128971
128976
129098
129151
129200
129235
129324
129346
129566
129605
129826
129945
129981
130052
130068
130221
130277
130322
130405
130427
130429
130614
130632
130746
130797
131097
131127
131136
131185
131189
131250
131456
131575
131780
131919
132007
132296
132326
132405
132425
132574
132640
132708
132832
132919
133024
133127
133129
133202
133304
133367
133419
133450
133480
133707
133783
133858
134051
134244
134585
134595
134676
134719
135009
135029
135171
135441
135590
135743
135935
135982
136106
136226
136230
136283
136291
136409
136688
136810
136815
137070
137118
137450
137480
137524
137661
137977
138020
138046
138114
138124
138208
138291
138339
138373
138406
138440
138489
138552
138565
138575
138702
138998
139105
139169
139272
139401
139559
139648
139805
139915
139969
139982
140057
140208
140215
140225
140277
140449
140497
140719
140838
140849
140880
141343
141374
141746
141949
142058
142090
142162
142247
142389
142474
142512
142648
142841
142968
143417
143518
143527
143536
143544
143686
143778
143892
144044
144174
144181
144356
144613
144638
144684
144918
144977
145097
145140
145187
145189
145408
145420
145652
145902
145924
145977
146353
146625
146692
146931
146935
146974
147054
147092
147202
147231
147291
147349
147773
147783
147850
147910
148077
148128
148129
148175
148309
148400
148486
148502
148510
148541
148600
148652
148718
148790
148813
149031
149130
149229
149547
149613
149682
149765
149876
149933
150200
150224
150350
150613
150883
150910
150915
150940
151075
151111
151134
151146
151356
151398
151496
151588
151684
151696
151728
151874
151988
152116
152135
152346
152365
152433
152461
152526
152578
152669
152715
153004
153271
153290
153402
153524
153527
153783
153795
153984
154049
154567
154588
154626
154724
154728
155090
155173
155251
155549
155617
155721
155960
156510
156734
157055
157078
157120
157122
157256
157287
157328
157557
157641
157667
157748
157916
158002
158157
158172
158289
158354
158362
158570
158615
158641
158655
158790
158839
158946
158962
159228
159277
159281
159307
159430
159466
159510
159513
159553
159557
159565
159593
159667
159886
160222
160378
160715
160878
160995
161025
161077
161096
161110
161124
161509
161534
161642
161682
161697
161723
161782
161825
161853
161873
161966
161970
162185
162224
162309
162414
162471
162652
162707
162725
162755
162837
162875
162918
163100
163438
163541
163822
163861
163898
163991
164037
164123
164264
164270
164343
164354
164368
164381
164481
164664
164705
164713
164834
164856
165165
165260
165465
165519
165553
165641
165976
165983
165997
166186
166228
166297
166510
166623
167168
167324
167581
167601
167625
167664
167701
167837
168085
168098
168120
168413
168421
168424
168522
168890
168911
168964
169002
169011
169082
169098
169531
169554
169566
169593
169634
169751
169831
169963
169977
169980
170110
170165
170408
170413
170520
170528
170539
170568
170573
170722
170796
170816
170829
170901
171223
171410
171435
171571
171591
171635
171661
172052
172077
172221
172235
172278
172304
172308
172360
172375
172385
172492
172531
172694
172797
172841
172851
172956
172987
173158
173276
173400
173436
173481
173501
173953
174019
174096
174196
174322
174346
174455
174604
174643
174844
174878
174903
175038
175377
175495
175579
175601
175874
176308
176492
176627
176646
176698
176734
176817
176876
177064
177089
177125
177235
177390
177417
177449
177577
177621
177641
177752
177787
177921
177930
178016
178215
178227
178242
178324
178403
178433
178498
178625
178741
179029
179062
179099
179155
179320
179510
179596
179672
179739
179794
179884
179963
180085
180102
180317
180437
180467
180483
180538
180925
181128
181201
181215
181278
181310
181522
181963
181999
182043
182148
182245
182265
182370
182379
182380
182661
182678
182761
182912
183199
183253
183331
183424
183461
183617
183619
183699
183716
183803
183920
183982
184004
184048
184441
184445
184636
184766
184831
184919
184987
185137
185184
185274
185352
185566
185621
185662
185693
185867
186158
186243
186362
186521
186603
186634
186750
186859
186897
186931
186989
187163
187166
187259
187278
187303
187413
187461
187579
187628
187699
187811
188073
188093
188124
188277
188311
188420
188533
188534
188607
188854
189010
189119
189170
189290
189365
189570
189674
189869
190108
190408
190510
190517
190554
190557
190580
190619
190725
190761
191041
191053
191094
191098
191252
191254
191317
191364
191798
191898
191912
192022
192348
192397
192571
192660
192774
192793
192861
192873
192975
193207
193244
193257
193321
193601
194036
194224
194320
194417
194441
194477
194490
194592
194720
194779
194909
195006
195089
195124
195214
195414
195710
195738
195760
195766
195781
195823
196001
196215
196303
196562
196672
196734
196745
196771
196885
196896
196901
196961
197050
197100
197276
197355
197620
197639
197653
197754
197934
198331
198367
198405
198487
198492
198523
198548
198608
198609
198662
198909
198984
199137
199200
199348
199457
199467
199502
199594
199601
199670
199674
199729
199816
199885
199893
199979
200017
200098
200182
200277
200548
200568
200620
200942
201028
201051
201235
201247
201273
201359
201490
201536
201585
201754
201847
202171
202176
202338
202391
202715
202765
202798
202998
203045
203049
203144
203216
203287
203351
203395
203505
203528
203857
203927
203930
204045
204050
204164
204250
204467
204645
204699
204920
204925
205122
205217
205442
205483
205965
206128
206142
206189
206333
206357
206423
206457
206551
206614
206867
206916
207101
207145
207464
207579
207607
207608
207694
207723
207869
207906
207969
208115
208222
208281
208301
208514
208571
208593
208682
208837
209047
209445
209454
209522
210021
210039
210074
210272
210371
210660
210794
210860
210896
210917
211021
211291
211334
211415
211447
211536
211662
211693
211924
211930
212072
212107
212160
212163
212197
212223
212235
212278
212358
212476
212494
212556
212923
212961
212984
213177
213197
213260
213418
213471
213614
213629
213729
213793
214084
214330
214332
214349
214563
214565
214768
214826
214988
215045
215058
215077
215205
215441
215474
215548
215550
215623
215685
215752
215990
216128
216222
216242
216397
216398
216411
216435
216866
216920
216926
217068
217078
217262
217342
217481
217534
217539
217592
217603
217609
217720
217809
217926
218215
218538
218638
218903
218953
219119
219162
219254
219275
219338
219479
219526
219584
219758
219933
219938
219973
220056
220080
220536
220671
220712
220875
220882
220930
221141
221219
221352
221429
221577
221629
221635
222132
222303
222329
222427
222804
223020
223056
223135
223397
223494
223543
223567
223632
223662
223974
224099
224115
224169
224176
224287
224438
224454
224528
224718
224746
224844
224943
225043
225094
225160
225605
225754
225835
225930
226033
226121
226127
226198
226200
226220
226282
226418
226481
226707
226747
226807
227030
227054
227257
227277
227295
227491
227649
227729
227973
227980
228027
228268
228554
228630
228760
228787
228984
229263
229290
229336
229346
229469
229667
229697
229874
229992
230074
230117
230308
230437
230498
230619
230662
230809
231107
231181
231230
231235
231406
231421
231462
231466
231587
231590
231626
231627
231629
231661
231783
231785
232142
232225
232259
232418
232491
232537
232574
232860
232979
233106
233531
233685
233687
233731
234192
234243
234246
234280
234289
234394
234551
234762
234763
234911
235508
235539
235624
235636
235706
235834
235871
236011
236116
236211
236274
236330
236391
236525
236533
236754
236830
237174
237480
237740
237751
237765
237790
237974
238158
238229
238230
238242
238675
238721
238776
238816
238842
238949
238999
239450
239625
239649
239711
240126
240145
240199
240501
240557
240864
240891
240894
240968
241014
241103
241141
241155
241519
241620
241625
241814
241823
241832
241852
242157
242305
242322
242336
242357
242359
242387
242459
242527
242591
242707
242721
242860
242870
243029
243044
243161
243183
243233
243296
243424
243578
244098
244195
244280
244288
244475
244651
244687
244700
244754
244773
244855
244891
244929
244953
244963
245021
245089
245178
245185
245272
245336
245503
245680
245714
245722
245727
245752
245805
246090
246092
246127
246137
246333
246453
246498
246581
246605
247021
247122
247214
247232
247325
247442
247609
247664
247701
247727
247992
248032
248214
248359
248385
248469
248598
248608
248696
248766
249275
249313
249357
249422
249468
249471
249472
249516
249564
249598
249682
249817
249829
249923
249961
250017
250099
250129
250172
250303
250372
250467
250597
250614
250690
250705
250767
250870
250893
250959
251058
251151
251335
251388
251668
251683
251703
251704
251969
252118
252257
252350
252366
252388
252455
252735
252801
252844
252883
252915
252924
253122
253208
253311
253336
253371
253372
253385
253405
253586
253661
253673
253741
253836
253869
253971
254003
254046
254350
254619
254676
254711
254768
254820
254909
254993
255008
255066
255098
255152
255241
255279
255322
255515
255534
255617
255619
255671
255708
255839
255849
255904
256114
256169
256212
256356
256406
256766
256848
256978
257025
257156
257269
257580
257601
257738
257782
257878
257922
258150
258159
258292
258308
258478
258485
258594
258836
258992
259000
259319
259327
259602
259872
259937
260242
260249
260512
260547
260804
260830
260958
260997
261205
261259
261333
261348
261370
261423
261479
261483
261536
261539
261543
261655
261669
261747
261797
261798
261869
262042
262155
262466
262474
262477
262670
262729
262857
262872
262958
263018
263031
263063
263108
263142
263336
263391
263552
263646
263664
263702
263832
263844
263964
264024
264027
264045
264288
264500
264549
264621
264643
264857
264969
265100
265129
265134
265366
265504
265514
265610
265624
265636
265790
265884
265958
266000
266376
266409
266411
266544
266592
266753
266823
266999
267083
267143
267214
267325
267542
267649
267895
267982
268228
268286
268391
268468
268668
268684
268872
268977
269001
269180
269204
269220
269246
269324
269396
269433
269559
269572
269649
269803
269990
270157
270554
270679
270773
270791
270878
270972
271000
271024
271078
271080
271368
271463
271635
271639
271691
271833
271892
271911
272190
272293
272408
272417
272542
272617
272675
272730
272863
273022
273123
273134
273199
273301
273318
273349
273351
273414
273785
273788
273827
274020
274077
274112
274134
274212
274217
274404
274417
274512
274557
274575
274777
274795
274800
275053
275067
275181
275201
275202
275292
275365
275449
275466
275670
275777
275846
275973
276081
276279
276454
276485
276551
276996
277019
277136
277142
277203
277263
277316
277658
277680
278167
278377
278524
278834
278847
278866
278903
278966
278995
279124
279329
279501
279518
279579
279630
279799
279805
279841
279846
279963
279969
280013
280041
280042
280279
280319
280320
280359
280472
280516
280536
280588
280840
280848
280956
280996
281045
281068
281130
281185
281217
281224
281255
281274
281487
281777
281839
281855
281899
282194
282342
282365
282436
282520
282713
282848
282862
283055
283140
283164
283326
283349
283350
283499
283574
283647
283648
283850
283930
284027
284058
284172
284177
284216
284225
284273
284293
284309
284373
284461
284553
284579
284844
285081
285106
285125
285276
285407
285444
285462
285536
285664
285666
285670
285679
285789
285982
286018
286027
286129
286226
286276
286312
286361
286445
286480
286646
286830
286843
286929
286934
287042
287068
287096
287119
287160
287293
287311
287346
287349
287504
287654
287877
287894
287941
288025
288049
288232
288321
288508
288540
288725
288791
288832
288835
288934
288951
289009
289088
289149
289298
289344
289510
289555
289705
289802
289940
290027
290046
290081
290164
290374
290426
290458
290468
290507
290652
290767
291029
291087
291098
291120
291131
291238
291508
291611
291773
291888
292083
292124
292168
292175
292190
292204
292221
292466
292476
292522
292793
292987
293028
293109
293208
293235
293308
293340
293480
293523
293612
293626
293641
293646
293684
294418
294443
294446
294688
294791
294921
295150
295157
295662
295677
295701
295784
295951
295953
296063
296102
296203
296223
296367
296444
296607
296704
297049
297096
297201
297258
297261
297290
297377
297522
297548
297645
297712
297747
297780
297812
297935
297945
298193
298417
298571
298637
298672
298696
298773
298828
299004
299053
299180
299248
299423
299427
299509
299755
299853
299895
300056
300068
300228
300344
300370
300876
300991
300996
301027
301116
301127
301226
301460
301499
301536
301932
301978
302082
302160
302167
302398
302462
302472
302558
302717
302719
302848
302893
302901
302982
303090
303190
303248
303292
303357
303369
303414
303448
303631
303912
303928
304061
304135
304211
304213
304528
304655
304666
304708
304800
304846
305076
305087
305200
305373
305405
305407
305447
305476
305494
305579
305684
305732
305871
306076
306208
306330
306343
306402
306419
306724
306976
307006
307071
307187
307332
307445
307639
307688
307701
307731
307768
307923
307960
308040
308443
308447
308544
308666
308727
308935
309102
309138
309168
309226
309263
309359
309444
309493
309658
309742
309844
309943
309993
310222
310298
310335
310549
310710
310775
310864
310917
311005
311049
311089
311414
311441
311600
311720
311835
311987
312017
312073
312094
312109
312111
312251
312308
312350
312356
312357
312369
312429
312579
312649
312690
312872
313093
313277
313524
313533
313834
313845
314050
314185
314206
314247
314404
314435
314441
314502
314513
314600
314648
314901
314907
314912
315431
315465
315545
315622
315720
316126
316238
316635
316654
316661
316726
316905
317087
317136
317207
317327
317375
317470
317533
317697
317734
317844
317959
317983
318119
318130
318173
318181
318193
318222
318224
318350
318462
318502
318576
318811
319382
319517
319638
319685
319997
320019
320033
320043
320054
320204
320323
320427
320514
320750
321069
321075
321351
321587
321602
321619
321732
321743
321763
322036
322051
322066
322127
322184
322368
322456
322520
322656
322686
322805
322834
322915
323087
323104
323243
323517
323660
323668
323673
323693
323762
323775
323810
323831
323919
323975
324075
324150
324603
324660
324741
324916
324986
325318
325485
325544
325555
325592
325594
325690
326050
326087
326088
326232
326377
326475
326481
326585
326871
326911
326938
327122
327135
327339
327345
327421
327576
327635
327682
327762
327799
327857
327936
328090
328096
328387
328467
328565
328569
328780
328803
328854
328880
328920
329507
329539
329692
329795
329822
329866
330049
330129
330145
330530
330576
330700
330737
330780
330955
330988
331176
331178
331332
331527
331592
331632
331730
331758
331784
331829
331871
331900
332057
332132
332186
332223
332420
332438
332547
332648
332659
332825
332908
332991
333006
333085
333566
333590
333603
333705
333835
334368
334508
334600
334627
335007
335025
335145
335278
335431
335497
335547
335620
335720
335780
335784
335831
335865
335899
336055
336077
336179
336183
336457
336479
336521
336698
336809
337022
337207
337266
337571
337714
337733
338108
338111
338114
338158
338261
338540
338839
339087
339108
339160
339185
339243
339394
339401
339425
339878
340030
340042
340060
340074
340107
340144
340231
340302
340314
340452
340646
340741
340772
340854
340953
341012
341025
341120
341268
341342
341345
341403
341495
341593
341600
341624
341625
341890
341920
341977
342072
342288
342312
342390
342424
342491
342600
342945
342983
343096
343129
343466
343573
343576
343741
343744
343937
344005
344008
344032
344063
344087
344137
344155
344163
344378
344386
344450
344570
344625
344703
344724
344852
344937
345060
345274
345339
345352
345359
345861
345984
345985
346072
346157
346272
346324
346447
346654
346709
346802
346839
346887
346909
346946
346949
346993
347002
347068
347330
347351
347370
347374
347437
347519
347532
347541
347659
347731
347779
347978
348026
348231
348440
348445
348520
348581
348686
349079
349525
349538
349559
349645
349657
349693
349896
349936
349956
350192
350349
350427
350621
350762
350860
350938
350944
351076
351165
351238
351504
351546
351573
351860
351993
352207
352342
352385
352399
352413
352539
352554
352967
352986
353035
353082
353204
353297
353315
353367
353403
353548
353550
353648
353699
353708
353779
353824
353944
353996
354040
354108
354154
354466
354625
354661
354731
354880
354946
355074
355089
355103
355108
355110
355166
355370
355503
355576
355625
355669
355688
355717
355819
355840
355853
356044
356219
356285
356287
356448
356467
356518
356805
356921
356922
356968
357041
357053
357096
357237
357309
357383
357428
357685
357765
357988
358036
358121
358212
358321
358392
358552
358571
358575
358601
358609
358769
358858
359032
359092
359412
359431
359523
359524
359891
359911
359997
360155
360163
360340
360372
360491
360778
360786
360882
361001
361074
361152
361219
361355
361360
361443
361673
362037
362071
362257
362356
362437
362589
362702
362734
363050
363169
363229
363351
363451
363502
363680
363704
363718
364280
364283
364314
364435
364448
364495
364526
364552
364721
364742
364756
364771
364788
365079
365134
365224
365239
365306
365342
365460
365490
365570
365628
365694
365731
365782
365792
365913
365923
366164
366234
366278
366281
366322
366357
366443
366617
366621
366643
366648
367119
367128
367199
367380
367613
367703
367803
367848
368049
368130
368146
368625
368626
368760
368797
368942
369065
369301
369349
369888
369990
370011
370224
370315
370335
370351
370538
370701
370731
370749
370930
370941
370960
371087
371118
371242
371282
371361
371534
371698
371721
372019
372137
372213
372301
372365
372390
372417
372497
372511
372597
372600
372616
372779
372804
372814
372844
372973
373119
373256
373401
373656
373727
373960
374042
374119
374146
374153
374164
374169
374195
374219
374280
374488
374622
374772
374795
374949
374973
375225
375282
375345
375347
375520
375612
375653
375656
375760
375976
376185
376352
376443
376470
376493
376586
376768
377168
377330
377367
377534
377676
377685
377743
377904
377918
377942
377945
378041
378229
378281
378398
378403
378628
378731
378947
378959
378975
378982
378986
378991
379124
379309
379415
379440
379528
379546
379723
379727
379807
379837
379974
380015
380049
380129
380145
380363
380408
380418
380508
380556
380562
380680
380937
381143
381224
381417
381864
381926
381957
381997
382161
382317
382772
382785
382801
382807
382829
382884
382966
383026
383030
383072
383309
383382
383443
383703
383828
383839
383869
384015
384193
384196
384255
384262
384301
384302
384473
384478
384581
384617
384770
384777
384915
384960
385246
385433
385458
385475
385685
385776
386012
386156
386222
386223
386278
386373
386435
386484
386586
386612
386629
386648
386933
387013
387020
387084
387118
387144
387193
387348
387363
387370
387749
387767
387932
388042
388111
388177
388234
388278
388547
388554
388776
388780
388804
388962
389140
389419
389456
389532
389572
389665
390062
390426
390543
390568
390851
390943
391079
391103
391156
391164
391312
391444
391460
391487
391582
391730
391808
391950
391965
392105
392262
392275
392318
392372
392494
392612
392632
392695
392731
392912
392982
393100
393118
393202
393270
393273
393454
393814
393822
393895
393907
393924
393970
394010
394048
394054
394090
394186
394324
394372
394489
394533
394538
394760
394782
394858
394897
394988
395025
395100
395354
395386
395634
395670
395717
395957
395990
396011
396079
396231
396257
396371
396399
396435
396488
396546
396572
396577
396669
396731
396846
396854
396889
397013
397134
397343
397362
397374
397551
397571
397646
397786
397957
398239
398331
398565
398621
398732
398748
398772
398801
398814
398994
398996
399068
399118
399251
399406
399415
399528
399547
399565
399611
399641
399895
399915
400032
400082
400109
400347
400371
400437
400442
400456
400464
400528
400569
400644
400698
400768
400812
400816
401079
401472
401714
401917
401939
402018
402025
402137
402308
402331
402367
402469
402923
402929
403013
403187
403224
403238
403336
403748
403864
403882
404002
404010
404034
404057
404147
404224
404290
404607
404653
404910
404966
405041
405125
405267
405270
405383
405385
405392
405425
405435
405475
405558
405615
405691
405776
405779
405890
406028
406206
406323
406547
406611
406801
406851
406891
406913
406917
406970
406993
407002
407022
407131
407248
407325
407326
407359
407372
407376
407387
407405
407436
407622
407720
407817
407820
407918
408065
408090
408197
408662
408702
408752
408808
408869
409040
409252
409363
409447
409453
409689
409816
409822
409914
409927
410006
410028
410059
410125
410185
410190
410273
410299
410583
410729
410753
410831
410833
410936
411014
411095
411109
411134
411163
411420
411485
411501
411557
411598
411634
411641
411729
411842
411920
411946
412019
412108
412134
412166
412167
412427
412557
412559
412709
412774
412862
412927
413062
413192
413454
413568
413596
413614
413758
413762
413861
413984
413986
414581
414811
414852
415002
415027
415230
415353
415722
415786
415829
416162
416297
416466
416550
416558
416617
416988
417018
417157
417165
417368
417424
417480
417489
417537
417624
417693
417695
417735
417814
417973
418019
418049
418079
418113
418141
418171
418177
418324
418375
418530
418575
418637
418731
418773
418927
419084
419190
419401
419445
419829
420033
420130
420143
420184
420195
420489
420703
420818
420978
421072
421102
421162
421409
421412
421457
421609
421619
421698
421804
422001
422009
422010
422519
422554
422602
422677
422745
422768
422829
422842
422939
422963
423003
423091
423254
423414
423501
423684
423726
423948
424016
424107
424130
424164
424271
424316
424489
424497
424794
424828
424930
424952
425018
425495
425508
425578
425623
425783
425911
426151
426177
426329
426392
426415
426488
426503
426540
426619
426630
426713
427144
427295
427346
427714
427766
427797
428108
428109
428114
428324
428440
428460
428692
428706
429055
429168
429253
429291
429317
429337
429340
429443
429824
429929
429951
429992
430001
430273
430335
430498
430558
430632
430748
430753
430772
430938
431066
431137
431187
431344
431366
431431
431445
431516
431552
431810
431845
431869
431908
431927
431975
432127
432322
432365
432419
432578
432948
433089
433160
433337
433345
433352
433429
433586
433638
433841
433902
433918
433959
433990
434032
434238
434383
434578
434655
434760
434782
434838
434865
435054
435077
435096
435162
435570
435618
435716
435895
436228
436279
436499
436537
436607
436855
436877
436889
436898
436974
437027
437032
437309
437581
437614
437635
437702
437721
437752
437928
437996
438043
438140
438411
438603
438768
438975
439013
439050
439078
439199
439277
439388
439464
439490
439498
439504
439577
439579
439599
439715
439729
439835
439928
440180
440313
440465
440495
440892
440963
440996
441065
441296
441310
441353
441413
441422
441499
441538
441630
441805
442025
442152
442249
442257
442505
442656
442660
442705
442773
442879
442924
442964
443226
443318
443343
443354
443616
443677
443992
444054
444414
444468
444564
444625
444648
444816
444982
445143
445265
445524
445610
445650
445675
445692
445705
445790
445856
446088
446094
446135
446444
446480
446510
446573
446585
446611
446628
446641
446687
446832
446979
447007
447012
447418
447424
447602
447775
448039
448178
448235
448393
448398
448510
448579
448752
448902
448934
448999
449015
449150
449257
449334
449335
449413
449429
449461
449710
449832
449866
450008
450078
450094
450118
450119
450141
450189
450268
450318
450338
450464
450474
450560
450960
451238
451306
451358
451359
451454
451552
451769
451780
451871
451988
452095
452375
452427
452442
452463
452505
452642
452733
452766
452792
452837
452990
453015
453096
453196
453246
453322
453468
453521
453730
453851
453898
453906
453974
454081
454224
454252
454479
454529
454534
454657
454707
454747
454792
454800
454854
455019
455164
455415
455433
455501
455647
455716
455770
455885
455904
455930
456080
456498
456525
456858
456900
457026
457074
457125
457416
457494
457515
457668
457905
457990
458021
458084
458185
458187
458196
458232
458323
458352
458490
458526
458598
458626
458732
458777
458835
458913
459001
459018
459139
459289
459777
460018
460041
460069
460111
460118
460292
460397
460444
460479
460634
460690
460707
460738
460887
461322
461325
461327
461364
461513
461551
461670
461878
461900
462080
462362
462436
462534
462601
462620
462670
462679
462738
463037
463152
463160
463197
463208
463255
463292
463411
463431
463541
463569
463573
463742
464127
464273
464313
464383
464413
464416
464436
464880
464892
464928
465095
465239
465270
465342
465386
465499
465531
465576
465614
465937
465943
466055
466083
466289
466290
466383
466407
466426
466584
466773
466825
466837
467066
467246
467268
467271
467312
467315
467346
467651
467832
467882
467979
468015
468330
468408
468551
468608
468654
468679
468742
468773
468775
468934
468984
468987
469145
469326
469563
469675
469791
469815
469870
469934
470016
470018
470049
470080
470226
470309
470315
470447
470603
470780
470927
470986
471049
471167
471317
471706
471710
471755
471760
471772
471801
471814
471827
472169
472298
472364
472452
472517
472585
472660
472670
472746
472769
472906
472913
472920
472971
473030
473042
473097
473280
473300
473345
473407
473699
473718
473757
473772
473776
473803
473816
473953
474004
474212
474303
474469
474553
474593
474599
474612
474664
474726
474829
474853
474949
475024
475122
475171
475575
475889
475940
475942
475979
476015
476031
476064
476127
476536
476586
476601
476948
477204
477308
477357
477466
477506
477731
477884
477900
477914
477978
477982
478032
478046
478086
478270
478373
478448
478831
478883
479022
479059
479172
479292
479366
479375
479450
479467
479490
479527
479653
479790
479876
480007
480075
480226
480241
480279
480354
480380
480417
480441
480499
480539
480579
480667
480792
480853
480973
481167
481184
481346
481524
481661
481678
481717
481812
482116
482259
482280
482526
482529
482605
482797
482805
482814
482914
483001
483004
483071
483275
483354
483367
483449
483483
483628
483630
483720
483761
483914
483939
484019
484142
484179
484218
484228
484457
484466
484531
484550
484727
485331
485586
485591
486040
486049
486125
486165
486209
486255
486476
486485
486503
486776
486855
486904
487089
487145
487211
487285
487322
487431
487553
487589
487721
488033
488087
488208
488269
488287
488309
488331
488332
488432
488666
488671
488767
489120
489142
489384
489396
489407
489429
489548
489579
489647
489729
489765
490043
490121
490137
490271
490530
490620
490637
490639
490676
490843
490897
490965
491097
491141
491333
491455
491633
491647
491666
491671
491704
491740
491772
491800
491942
491986
492041
492165
492360
492510
492545
492675
492751
492752
492793
492933
493176
493247
493442
493461
493571
493766
493785
493863
493986
494024
494043
494178
494284
494385
494387
494413
494470
494473
494597
494638
494712
494783
494903
494907
494990
495217
495245
495523
495536
495589
495842
495961
495981
496138
496144
496150
496219
496269
496410
496489
496614
496934
496939
497001
497080
497096
497159
497220
497252
497254
497301
497365
497392
497500
497625
497652
497738
497747
497817
497831
497841
497937
498015
498105
498164
498177
498372
498417
499430
499445
499455
499544
499728
499866
499902
499909
500101
500277
500595
500751
500763
501009
501411
501454
501565
501605
501634
501681
501853
501998
502080
502122
502158
502318
502510
502535
502576
502600
502664
503084
503231
503239
503255
503264
503386
503508
503560
503581
503655
503718
503733
503778
504124
504289
504337
504467
504507
504536
504537
504573
504584
504635
504652
504678
504695
504872
505153
505224
505702
505711
505720
505789
505812
505825
505979
506029
506249
506282
506345
506375
506503
506508
506557
506818
507045
507057
507071
507084
507096
507548
507562
507577
507581
507736
507796
507862
507936
508029
508033
508044
508134
508302
508365
508613
509005
509035
509080
509097
509134
509147
509194
509323
509365
509366
509460
509471
509515
509558
509585
509616
509636
509671
509814
509983
510014
510094
510425
510496
510589
510659
510697
510836
510954
511079
511159
511248
511255
511460
511518
511783
511810
511820
512026
512074
512130
512287
512326
512505
512516
512613
512832
512937
512947
512976
512983
513101
513297
513684
513905
513978
513997
514009
514088
514144
514237
514304
514333
514417
514465
514608
514644
514676
514710
514794
514905
514977
515070
515405
515444
515537
515547
515654
516117
516322
516666
516920
516959
517004
517197
517448
517474
517515
517529
517565
517595
517629
517652
517700
517950
517973
517997
518116
518124
518158
518330
518351
518471
518565
518886
518905
519054
519358
519377
519432
519576
519637
519641
519786
519823
519857
519868
519871
519959
520110
520120
520179
520400
520471
520475
520534
520582
520676
520726
520764
520793
520860
520896
521050
521151
521293
521434
521443
521452
521591
521729
521751
521811
522027
522268
522370
522374
522472
522551
522602
522715
522888
522962
522968
523112
523296
523412
523463
523549
523693
523736
523747
523768
523824
523879
523985
524122
524292
524404
524533
524539
524607
524683
524894
525186
525531
525641
525658
525825
526190
526238
526252
526253
526386
526408
526620
527007
527061
527101
527147
527436
527497
527504
527517
527589
527654
527698
527835
527962
528196
528318
528434
528532
528656
528784
528799
528826
528839
528872
529110
529182
529348
529767
529848
529963
530015
530043
530181
530225
530256
530388
530399
530427
530663
530701
530812
530885
530991
531005
531138
531276
531295
531456
531500
531581
531601
531621
531683
531835
531840
532110
532115
532242
532341
532401
532425
532462
532465
532649
532667
532670
532708
532753
532766
532828
533029
533146
533353
533384
533650
533762
533912
533955
534121
534158
534205
534275
534411
534664
534874
535376
535455
535584
535617
535691
535695
535802
535858
536019
536214
536239
536316
536355
536604
536634
536681
536727
536915
537073
537107
537294
537305
537511
537543
537711
537794
537800
537884
537927
537959
537961
538070
538286
538340
538375
538462
538531
538534
538666
538730
538737
538793
538974
539138
539182
539428
539471
539640
539714
539839
540035
540056
540203
540337
540485
540487
540593
540775
540878
540984
541313
541495
541573
541632
541654
541722
541728
541839
541857
542392
542445
542501
542522
542792
542826
542943
543089
543275
543338
543464
543633
543686
543720
543892
543947
544095
544108
544141
544220
544284
544370
544461
544545
544598
544706
544999
545004
545248
545331
545518
545536
545621
545842
545844
545883
545903
545905
545965
545966
546091
546207
546296
546425
546464
546535
546570
546626
546836
546838
546898
547137
547345
547356
547380
547603
547668
547896
548034
548175
548226
548279
548282
548440
548485
548494
548582
548636
548653
548730
548773
548789
548986
548998
549055
549126
549256
549259
549306
549316
549576
549585
549681
549688
549921
549979
550134
550179
550222
550259
550262
550268
550347
550508
550762
550812
551004
551011
551146
551187
551211
551237
551271
551277
551333
551413
551478
551531
551542
551653
551876
552083
552157
552267
552562
552906
553261
553269
553314
553334
553692
553706
553805
553817
553873
554006
554019
554064
554079
554195
554211
554237
554246
554285
554808
554810
555010
555376
555487
555520
555615
555674
555774
555979
555996
556225
556442
556460
556527
556587
556612
556651
556936
557061
557062
557073
557119
557262
557727
557905
558136
558145
558148
558153
558182
558365
558428
558518
558563
558619
559022
559161
559405
559691
559758
560241
560285
560290
560355
560374
560436
560508
560574
560755
560768
560897
561001
561106
561392
561436
561453
561714
561824
561960
562098
562233
562398
562405
562650
562683
562796
562939
562943
562951
563118
563205
563521
563573
563596
563891
564162
564197
564543
564620
564718
565013
565063
565142
565267
565373
565453
565532
565673
565763
565791
565872
565978
566368
566410
566476
566485
566497
566542
566555
566839
567070
567221
567305
567381
567427
567545
567763
567787
567814
567861
567983
568196
568515
568738
568744
568762
568942
569090
569417
569506
569554
569617
569971
570103
570122
570127
570226
570276
570496
570700
570704
570954
570960
570995
571055
571104
571170
571332
571444
571453
571651
571905
572116
572142
572291
572352
572472
572520
572570
572726
572801
572821
573194
573230
573418
573422
573469
573572
573845
574007
574274
574277
574594
574633
574709
574739
574932
574983
575002
575004
575190
575200
575221
575232
575350
575449
575483
575955
576013
576200
576251
576344
576416
576442
576753
576771
577016
577059
577188
577349
577361
577432
577442
577740
578004
578077
578258
578316
578317
578325
578404
578535
578582
578944
579047
579146
579220
579311
579344
579565
579885
579930
580120
580142
580361
580453
580513
580535
580611
580647
580707
580845
580981
581167
581332
581336
581501
581536
581696
581794
581800
582055
582104
582145
582473
582530
582577
582592
582606
582968
583077
583115
583325
583345
583457
583493
583512
583541
583610
583827
583940
584079
584083
584173
584339
584360
584392
584573
584609
584752
584773
584797
585050
585185
585365
585376
585403
585543
585567
585893
585915
586030
586081
586130
586133
586457
586662
586792
586855
586909
586921
587151
587247
587359
587435
587577
587649
587844
587845
587887
587897
587950
588140
588190
588231
588340
588361
588407
588600
588608
588664
588990
589085
589125
589350
589420
589450
589497
589604
589633
589658
589662
589742
589779
589804
589977
590171
590249
590302
590322
590497
590611
590615
590911
591030
591133
591142
591200
591227
591244
591365
591381
591407
591482
591548
591563
591673
591685
591899
592310
592407
592472
592589
592597
592800
592897
592961
593023
593081
593121
593206
593239
593410
593446
593519
593641
594012
594211
594416
594552
594681
594754
594901
594973
594991
595216
595290
595318
595583
595601
595685
596238
596368
596416
596618
596646
596744
596817
596840
596851
597125
597129
597257
597274
597323
597466
597652
597830
598029
598152
598166
598293
598317
598376
598386
598541
598583
598724
598760
598842
599048
599153
599163
599199
599254
599486
599520
599583
599868
600149
600223
600339
600345
600389
600423
600604
600610
600618
600646
600659
600852
601035
601107
601162
601210
601371
601531
601637
601640
601698
601805
601855
601900
601901
602300
602322
602428
602435
602561
602630
602759
602865
602916
602976
603020
603189
603201
603478
603497
603685
603894
603965
604105
604111
604231
604236
604314
604541
604626
604805
605021
605136
605356
605460
605621
605632
605654
605730
605944
606053
606113
606315
606433
606638
607145
607596
607691
607851
607870
608033
608114
608124
608267
608301
608315
608387
608498
608627
608702
608820
609141
609326
609374
609399
609451
609485
609514
609531
609764
609828
609897
609982
609992
610073
610103
610134
610176
610213
610244
610377
610620
610627
610674
610696
610820
610999
611009
611026
611027
611130
611141
611243
611298
611303
611363
611500
611502
611504
611527
611528
611588
611742
611767
611847
611868
611893
612136
612188
612204
612258
612341
612693
612780
612889
613126
613525
613622
613773
613917
614257
614364
614440
614769
614796
614860
614876
615097
615166
615468
615504
615808
615812
615889
615981
616231
616320
616352
616676
616678
616796
616857
616861
617082
617161
617176
617342
617525
617543
617640
617712
617739
617865
617890
617980
618077
618078
618295
618374
618489
618562
618589
618699
618866
618982
619047
619190
619214
619219
619248
619337
619365
619549
619603
619659
619763
619871
619903
620214
620291
620293
620374
620434
620567
620670
620728
620812
620881
620915
620962
620977
621093
621609
621750
621772
621828
621833
621866
621936
622117
622149
622204
622334
622764
622771
622812
622970
622972
623018
623027
623248
623353
623397
623678
623728
623877
623928
623975
623981
624072
624187
624328
624447
624495
624576
624653
624683
624744
624759
624814
624914
624971
624994
625009
625049
625100
625220
625280
625436
625505
625524
625608
626327
626389
626652
626719
626764
626876
626929
627007
627101
627209
627440
627737
627788
627801
627865
627869
628025
628106
628189
628260
628272
628302
628307
628321
628354
628364
628423
628523
628658
628793
629207
629396
629449
629495
629524
629540
629557
629693
629739
629813
630122
630210
630257
630278
630539
630624
630668
630672
630770
630787
630824
630884
630886
631666
631822
631874
632097
632204
632332
632373
632469
632526
632785
632889
632939
633076
633220
633260
633571
633628
633629
633693
633788
633810
634027
634166
634175
634218
634234
634386
634525
634532
634550
634861
634873
634904
635119
635174
635337
635390
635419
635453
635457
635464
635483
635566
635633
635651
635996
636027
636044
636056
636190
636238
636429
636721
636883
637071
637276
637411
637484
637650
637667
637729
637956
637960
638167
638202
638203
638425
638629
638732
638866
638992
639017
639057
639405
639450
639606
639708
639770
639874
639983
640188
640239
640661
640684
640754
640807
641252
641277
641382
641466
641504
641822
641846
641859
642212
642259
642497
642546
642773
642870
642997
643113
643132
643293
643361
643402
643530
643544
643667
643670
643691
643769
644235
644298
644457
644576
644596
644619
645008
645080
645203
645242
645503
645945
646331
646418
646462
646613
646887
646902
646908
647046
647169
647411
647479
647496
647530
647587
647815
647819
647907
647948
648297
648303
648344
648438
648503
648610
648631
648700
648829
648989
649004
649013
649165
649257
649396
649398
649406
649428
649502
649515
649536
649657
649751
649771
649886
649921
649936
650160
650176
650333
650353
650355
650433
650439
650597
650766
650814
650820
651081
651273
651607
651627
651688
651705
651798
651986
652040
652210
652229
652252
652257
652340
652433
652573
652769
652839
653158
653196
653269
653413
653535
653688
653858
653957
654067
654185
654224
654358
654397
654485
654552
654638
654740
654772
654854
654931
655198
655287
655353
655377
655859
655868
655874
655989
656010
656013
656199
656224
656498
656502
656560
656573
656600
656638
656667
656695
656725
656887
657161
657305
657358
657419
657532
657617
657625
657680
657844
657859
657881
657915
657929
658057
658325
658388
658412
658490
658642
658722
658813
658945
659011
659358
659470
659505
659506
659731
659946
660025
660228
660393
660540
660580
660878
661151
661420
661423
661429
661548
661960
661979
661992
662020
662093
662226
662240
662318
662402
662421
662459
662670
662672
662699
662958
662976
663104
663229
663257
663320
663384
663404
663658
663754
664032
664135
664221
664249
664405
664430
664610
664637
664656
664680
664753
665063
665091
665196
665233
665254
665255
665304
665377
665412
665516
665666
665699
665806
665873
665892
665945
666023
666180
666187
666238
666243
666290
666480
666497
666594
666609
666625
666828
666918
667057
667303
667425
667427
667516
667587
667647
667714
667789
667924
668085
668176
668352
668483
668492
668541
668592
668614
668628
668713
668925
668947
668968
669027
669121
669262
669544
669620
669764
669834
669837
670033
670247
670340
670370
670371
670530
670817
670873
670930
670938
670943
670991
671007
671013
671043
671044
671258
671316
671350
671459
671467
671481
671493
671536
671630
671763
671802
671920
672085
672218
672305
672309
672313
672410
672727
673013
673091
673165
673216
673426
673479
673503
673689
673720
673771
673886
673903
673934
673985
674088
674161
674276
674290
674337
674484
674669
674830
674877
675070
675073
675162
675386
675387
675427
675464
675518
675549
675552
675612
675703
675825
675856
675926
675938
676170
676367
676436
676589
676652
676858
676884
676921
676971
676999
677052
677070
677089
677164
677188
677201
677290
677528
677584
677606
677730
677788
677835
677863
677870
678053
678205
678225
678426
678496
678798
678949
678987
679003
679654
679711
679733
679781
679851
679976
680061
680135
680442
680623
680691
680741
680944
681005
681116
681192
681328
681430
681565
681599
681637
681761
681794
681987
681991
682069
682075
682194
682262
682304
682397
682482
682577
682794
682882
682911
683085
683229
683242
683270
683303
683789
683938
683941
683944
684131
684149
684386
684439
684537
684550
684612
684661
684741
684805
684865
684981
685060
685096
685212
685221
685436
685473
685711
685763
686125
686204
686271
686520
686526
686581
686663
686666
686819
686838
686980
687074
687106
687169
687256
687308
687357
687413
687417
687442
687484
687522
687638
687804
687996
688038
688115
688197
688199
688218
688316
688582
688683
688851
688989
689113
689138
689163
689198
689382
689566
690112
690164
690202
690213
690272
690281
690286
690400
690416
690491
690643
690775
690778
690814
690836
690951
691166
691305
691378
691393
691547
691623
691692
691844
692007
692048
692347
692465
692548
692711
693131
693265
693323
693644
693768
693804
693853
694022
694144
694199
694249
694317
694353
694621
694725
694931
695149
695270
695344
695495
695568
695699
695752
695815
695874
696117
696181
696228
696411
696608
696647
696651
696890
696894
696913
696921
696971
697055
697101
697129
697182
697219
697279
697312
697403
697508
697527
697755
697825
698007
698028
698166
698191
698192
698272
698277
698464
698544
698555
698599
698782
698948
698988
699089
699340
699382
699463
699465
699538
699667
699847
699944
699994
700049
700050
700058
700140
700171
700213
700236
700324
700355
700437
700508
700541
700579
700661
700667
700802
700851
700872
700898
700987
701089
701091
701127
701232
701483
701596
701624
701673
701915
701944
702020
702030
702044
702062
702183
702291
702399
702471
702488
702555
702658
702811
702869
702870
702995
703103
703208
703235
703270
703361
703838
704145
704373
704435
704507
704581
704818
704826
705003
705083
705155
705195
705238
705386
705781
705841
705889
706085
706152
706314
706594
706668
706797
706798
706945
706946
707070
707370
707423
707564
707587
707620
707815
707887
707896
708014
708200
708299
708462
708489
708529
708560
708569
708615
708711
708721
708845
708887
708935
709107
709132
709295
709310
709486
709642
709723
709813
709827
710082
710323
710325
710340
710377
710503
710542
710566
710629
710666
711037
711133
711263
711392
711412
711438
711470
711480
711565
711571
711813
711848
711920
711979
712134
712246
712468
712507
712514
712533
712598
712663
712687
712761
712798
712811
712956
713002
713103
713112
713170
713247
713252
713286
713296
713322
713414
713496
713610
713630
713704
713737
713806
713856
714260
714808
715186
715236
715251
715257
715264
715313
715336
715361
715399
715456
715498
715534
715927
715948
715957
716162
716185
716200
716384
716430
716441
716451
716542
716554
716606
716813
716817
716999
717027
717104
717152
717403
717711
717724
717731
717805
717938
717944
718155
718173
718441
718523
718570
718809
719145
719171
719230
719533
719601
719602
720035
720048
720050
720080
720087
720255
720599
720731
720815
720866
720951
721165
721264
721267
721327
721718
721769
721836
721838
722078
722336
722351
722375
722449
722531
722574
722625
722900
722988
723074
723136
723168
723330
723414
723489
723577
723605
723708
723899
723921
724031
724074
724096
724131
724290
724803
724846
724849
724869
724877
724879
724905
724985
725023
725339
725424
725519
725681
725942
725996
726026
726038
726043
726175
726337
726403
726611
726729
726799
726825
727397
727682
728003
728287
728303
728318
728356
728387
728403
728454
728488
728489
728534
728589
728601
728604
728828
728841
728847
728884
728982
728985
729032
729045
729205
729212
729554
729620
729623
729714
729836
730076
730093
730096
730209
730212
730221
730496
730628
730725
730728
730768
730790
730902
731010
731095
731115
731208
731265
731272
731383
731510
731543
731682
732129
732243
732324
732372
732543
732760
732950
732976
733049
733087
733122
733130
733443
733759
733772
733872
733879
733962
734014
734045
734059
734103
734110
734233
734257
734286
734508
734571
734648
734669
734721
734751
734769
734808
734850
734954
735022
735338
735394
735471
735575
735721
735725
735793
735850
736049
736094
736162
736244
736353
736379
736409
736464
736504
736540
736628
736713
736719
736838
736848
736873
736900
736941
736952
736974
737054
737199
737205
737231
737507
737538
737632
737648
737715
737760
737841
737903
737910
737930
738076
738150
738217
738487
738502
738597
738795
738797
738874
738957
739043
739110
739217
739235
739419
739584
739626
739650
739760
740057
740198
740321
740432
740457
740733
740874
741150
741237
741403
741439
741531
741576
741928
741986
742208
742502
742591
742682
742957
743000
743024
743040
743051
743065
743304
743372
743421
743570
743685
743777
743922
744022
744067
744282
744308
744318
744337
744362
744485
744507
744548
744607
744741
744830
744848
744884
745141
745172
745224
745263
745312
745321
745481
745552
745599
745618
745623
745788
745877
745951
746122
746171
746490
746663
746685
746762
746985
747157
747270
747527
747662
747724
747848
747948
748086
748131
748228
748249
748287
748394
748503
748508
748512
748519
748642
748647
748815
748878
748881
748914
748917
749107
749267
749283
749405
749448
749517
749748
750047
750202
750407
750633
750641
750797
751351
751477
751510
751547
751602
751665
751752
751848
751862
752586
752842
753248
753278
753430
753436
753478
753571
753679
753792
753838
753839
753861
753942
754013
754050
754060
754173
754211
754236
754253
754257
754345
754500
754555
754639
754973
755003
755035
755088
755150
755224
755237
755407
755560
755642
755754
755812
755813
755816
755957
755966
756095
756097
756120
756200
756241
756258
756386
756565
756586
756623
756667
756713
756860
756917
756969
757026
757064
757089
757154
757200
757333
757469
757625
758017
758035
758153
758328
758350
758378
758498
758648
758664
758668
758718
758980
759326
759365
759391
759436
759439
759440
759463
759600
759625
759726
759778
759860
759926
759957
760192
760478
760536
760718
760758
760783
760921
760977
760996
761025
761120
761127
761135
761175
761303
761431
761434
761459
761688
761749
761950
761960
762068
762259
762470
762734
762744
762897
763221
763372
763373
763470
763536
763738
763902
763999
764013
764171
764412
764416
764490
764590
764738
764791
764850
764953
765031
765036
765057
765329
765493
765911
765974
766078
766121
766126
766168
766186
766321
766389
766555
766599
766633
766693
766724
766750
766765
766970
767018
767029
767065
767196
767390
767637
767640
767802
767925
767977
768011
768249
768289
768301
768305
768809
768879
768972
769097
769158
769302
769354
769509
769517
769567
769621
769699
769766
769805
770123
770513
770579
770840
770873
770966
771103
771203
771206
771269
771380
771429
771674
771917
772057
772139
772149
772152
772209
772278
772295
772462
772507
772603
772637
772707
772775
772821
772882
772908
773060
773156
773419
773465
773676
773840
773889
773926
774141
774379
774490
774533
774595
774613
774844
774860
775014
775091
775127
775140
775169
775204
775250
775300
775434
775457
775487
775507
775720
775794
776065
776080
776311
776361
776379
776516
776627
776773
776978
777186
777376
777436
777439
777498
777504
777531
777553
777583
777650
777653
777671
777813
778020
778033
778096
778098
778132
778165
778180
778191
778196
778321
778367
778528
778633
778969
779034
779042
779149
779176
779182
779200
779325
779563
779672
779691
779913
780001
780129
780181
780652
780862
780960
780985
781051
781260
781263
781514
781537
781816
782135
782138
782259
782317
782397
782549
782623
782720
782789
783032
783054
783177
783335
783455
783468
783537
783591
783623
783691
783839
783843
784074
784256
784295
784298
784584
784687
784762
784794
784933
785008
785040
785126
785194
785297
785430
785459
785539
785564
785575
785626
785658
785937
786016
786212
786269
786318
786401
786411
786565
786593
786612
786882
786899
786900
787150
787481
787565
787700
787751
787767
787812
787875
787966
788037
788265
788281
788290
788414
788417
788421
788545
788623
788668
788753
788866
789044
789062
789068
789073
789115
789133
789222
789288
789410
789736
789827
789983
790074
790195
790311
790325
790361
790366
790669
790742
790826
790895
791233
791279
791288
791355
791382
791551
791636
791663
791721
791773
791825
791877
791971
792040
792056
792137
792421
792558
792639
792719
792754
792823
792868
792906
793029
793131
793184
793221
793282
793328
793334
793384
793522
793559
793575
793578
793708
793871
793889
793926
793954
793975
793976
794087
794113
794134
794250
794362
794398
794504
794571
794576
794806
795319
795342
795499
795668
795735
795780
795912
795924
796012
796049
796397
796692
796767
797027
797374
797450
797456
797471
797529
797912
798030
798212
798241
798259
798393
798461
798469
798537
798631
798675
798801
798824
798940
799191
799353
799580
799602
799684
799837
800150
800312
800445
800456
800537
800888
801012
801078
801138
801337
801521
801619
801658
801674
801812
801890
802072
802278
802302
802339
802384
802471
802638
802752
802965
802989
803086
803267
803466
803665
803696
803701
803725
803778
803875
803914
804179
804499
804583
804660
804769
804820
805055
805083
805382
805420
805483
805539
805554
805582
805585
805712
805789
805846
805913
805935
805942
806097
806099
806145
806200
806226
806936
807376
807447
807458
807657
807698
807714
808078
808160
808165
808283
808599
808647
808670
808899
809007
809085
809161
809327
809344
809390
809407
809484
809599
809604
809688
809777
809806
809808
810026
810135
810231
810245
810322
810433
810527
810600
810800
810869
810946
811033
811075
811130
811178
811209
811223
811263
811550
811594
811735
811939
811962
812104
812153
812210
812245
812524
812682
812692
812731
812855
813079
813272
813508
813558
813742
813763
813810
813845
813976
814061
814113
814119
814292
814383
814430
814437
814456
814469
814506
814533
814537
814563
814583
814618
814775
814807
814812
815144
815155
815466
815585
815939
816231
816310
816389
816567
816570
816579
816680
816774
816854
817015
817136
817153
817167
817280
817395
817888
817937
817983
817984
818167
818281
818357
818378
818437
818806
818876
818898
818969
818987
819115
819188
819536
819674
819783
819810
819846
819859
819869
820038
820232
820350
820400
820485
820521
820534
820608
820647
820743
820779
820816
820854
821051
821430
821632
821651
821701
821806
821858
821991
822051
822058
822336
822345
822479
822548
822677
822723
822924
822946
822980
823059
823225
823233
823237
823241
823257
823386
823394
823530
823533
823560
823596
823673
823761
823787
823846
823873
823908
823920
823921
824109
824194
824210
824246
824404
824563
824839
825078
825124
825392
825497
825509
825548
825820
825838
825932
825980
826007
826097
826181
826256
826564
826749
826893
826904
827006
827046
827124
827146
827292
827371
827432
827691
827753
827788
827832
827914
828010
828065
828068
828095
828109
828265
828367
828414
828670
828786
828788
828797
828833
828872
828905
828929
829141
829214
829235
829255
829298
829365
829466
829635
829687
829700
829756
829809
829816
829966
829996
830063
830190
830212
830285
830389
830413
830433
830610
830736
830740
830826
830888
830914
830933
830980
830997
831020
831097
831119
831274
831297
831315
831425
831429
831443
831628
831839
831928
832534
832559
832650
832712
832729
832772
832853
832859
832992
833041
833256
833309
833345
833895
833936
834058
834076
834101
834245
834449
834453
834539
834695
834932
834938
835030
835048
835095
835108
835202
835353
835462
835591
835593
835609
836034
836455
836628
836664
836811
836879
836903
836923
836966
837035
837379
837403
837517
837527
837666
837767
837835
837881
838398
838401
838496
838613
838626
838651
838760
838785
839069
839133
839333
839388
839483
839609
839612
839709
839847
839922
840067
840089
840220
840337
840404
840548
840570
840695
840914
840921
841242
841267
841293
841440
841487
841520
841606
841760
841823
841939
841943
841977
842154
842180
842228
842250
842321
842465
842475
842498
842522
842535
842699
842981
843004
843010
843070
843172
843207
843282
843357
843540
843639
843984
843988
844002
844154
844166
844206
844372
844393
844414
844484
844824
844825
845007
845078
845109
845266
845287
845328
845407
845589
845630
845665
845692
845724
845800
846015
846018
846022
846064
846164
846237
846243
846498
846512
846585
846671
846837
846853
847188
847386
847480
847526
847532
847702
847716
847887
847936
848038
848125
848185
848214
848261
848353
848397
848794
848868
848887
849176
849184
849185
849230
849232
849267
849343
849510
849598
849702
849703
849738
849882
850133
850371
850372
850505
850508
850523
850565
850631
850695
850767
850920
850956
850987
851045
851070
851145
851158
851435
851447
851512
851672
851899
851926
851945
851972
852292
852344
852523
852562
852672
852692
852744
853023
853035
853279
853322
853356
853465
853730
853795
853903
853993
854012
854040
854089
854134
854208
854279
854301
854574
854948
854977
855057
855069
855118
855367
855434
855460
855533
855539
855712
855911
855994
856076
856172
856195
856222
856368
856369
856372
856405
856462
856516
856539
856561
856626
856867
856944
857484
857557
857569
857612
858047
858276
858376
858381
858491
858617
858677
858688
858705
858784
858898
859005
859154
859329
859379
859385
859441
859642
859652
859724
859746
859804
859820
859947
860028
860088
860105
860202
860342
860411
860452
860535
860578
860642
860697
860730
860903
860913
861115
861169
861361
861436
861534
861689
861725
861957
862151
862271
862353
862379
862544
862551
862663
862705
862719
862754
862831
862974
863139
863209
863260
863293
863363
863380
863407
863435
863526
863587
863717
863741
863842
864080
864285
864384
864400
864428
864528
864544
864701
864983
865130
865146
865179
865489
865881
865933
865990
866129
866178
866492
866559
866641
866728
866962
867078
867095
867097
867128
867361
867401
867411
867463
867467
867728
868125
868168
868386
868431
868554
868583
868653
868672
868807
868962
868965
869116
869131
869156
869599
869679
869680
869856
869927
870016
870106
870195
870384
870640
870654
870747
871098
871113
871145
871251
871293
871594
871611
871756
872143
872335
872422
872564
872594
872629
872654
872731
872746
872790
872818
872873
872905
873101
873296
873484
873835
874011
874119
874145
874166
874190
874201
874441
874584
874670
874747
874910
874934
875096
875245
875255
875264
875327
875332
875405
875764
875840
876284
876410
876513
876610
876636
876667
876832
877022
877160
877202
877271
877290
877315
877621
877639
877649
877667
877699
877759
877959
878092
878103
878175
878194
878301
878519
878652
878678
878776
878852
878879
878946
878996
879008
879107
879229
879340
879438
879585
879647
879914
879974
880145
880196
880299
880339
880347
880415
880579
880688
880793
881064
881095
881220
881253
881270
881298
881391
881834
881873
881916
881971
882083
882136
882229
882237
882291
882403
882562
882612
882784
882882
883136
883242
883530
883597
883675
883832
883975
884051
884221
884271
884653
884748
884923
884941
885007
885062
885138
885211
885260
885329
885464
885513
885535
885536
885602
885652
885687
885703
885712
885729
885877
886076
886242
886499
886662
886766
886769
886806
887056
887234
887323
887342
887370
887457
887720
887902
888175
888304
888395
888511
888568
889027
889176
889248
889420
889489
889605
889629
889817
889841
889955
890489
890623
890682
890807
890990
891036
891104
891113
891390
891519
891773
892100
892129
892132
892136
892140
892162
892191
892194
892225
892249
892423
892637
892659
892870
892915
892961
893040
893077
893093
893127
893313
893429
893502
893512
893590
893607
893626
893661
893674
893676
893703
893760
893843
893946
894102
894139
894155
894249
894464
894587
894667
894699
894739
894842
895009
895099
895462
895675
895747
895802
895882
895926
896002
896041
896151
896373
896538
896753
896876
896974
896975
897126
897236
897371
897391
897496
897509
897548
897806
897827
897963
897979
898032
898176
898249
898257
898588
898646
898749
898889
899020
899031
899092
899111
899170
899333
899641
899691
899914
899932
900049
900092
900257
900297
900377
900408
900475
900493
900542
900639
900752
900861
901031
901115
901170
901256
901333
901512
901611
901761
901839
901870
902202
902244
902372
902567
902569
902642
902673
902702
902750
902895
902967
903387
903481
903573
903607
903768
903794
903952
904103
904110
904118
904153
904326
904506
904544
904616
904872
904931
905006
905264
905333
905529
905615
905623
905710
905740
905745
905806
906041
906063
906112
906681
906685
906727
906938
906989
907169
907268
907565
907714
907734
907739
907901
908147
908245
908272
908287
908401
908509
908525
908542
908737
908774
908910
909147
909224
909519
909613
909740
909918
910197
910362
910385
910397
910485
910493
910514
910577
910619
910647
910871
910937
911040
911202
911214
911650
911652
911825
911907
912023
912194
912274
912394
912410
912590
912636
912668
912788
912870
912907
913109
913174
913205
913211
913225
913327
913476
913522
913566
914075
914088
914133
914148
914194
914245
914336
914359
914562
914866
915164
915229
915367
915448
915471
915567
915733
915803
915806
915827
915916
915973
916042
916059
916081
916449
916542
916609
916621
916745
917085
917148
917196
917535
917648
917904
918057
918095
918159
918234
918282
918334
918367
918417
918491
918614
918648
919018
919145
919227
919396
919404
919449
919529
919575
919624
919882
919909
919922
920245
920380
920447
920769
920797
921156
921221
921246
921431
921599
921695
921778
922048
922323
922424
922575
922808
923005
923027
923048
923124
923162
923186
923236
923250
923507
923538
923558
923583
923766
923855
923911
923970
924017
924067
924104
924310
924359
924518
924772
924940
925012
925078
925121
925350
925453
925509
925619
926090
926140
926167
926310
926500
927395
927591
927594
927759
927802
927977
928081
928133
928342
928544
928589
928657
928692
928740
928796
928827
928900
928905
928955
929079
929116
929287
929333
929411
929455
929531
929805
929998
930011
930128
930165
930238
930385
930432
930716
930810
930830
930835
931165
931237
931291
931418
931470
931518
931764
931770
932042
932091
932222
932263
932286
932541
932567
932580
932947
932954
933061
933092
933200
933477
933570
933576
933643
933791
933801
934001
934125
934301
934343
934345
934412
934433
935202
935293
935387
935399
935416
935433
935441
935494
935611
935649
935759
935777
935949
936243
936388
936402
936540
936685
936745
936810
936811
936923
936959
937068
937195
937228
937365
937404
937613
937634
937685
937721
937755
937878
937922
937962
937965
938079
938094
938439
938688
938835
938906
938928
939058
939097
939297
939445
939470
939646
939764
939799
939953
940250
940323
940505
940520
940679
940723
940736
940760
940819
940877
941009
941027
941169
941225
941245
941572
941650
941683
941886
941965
941966
941976
942132
942145
942216
942256
942357
942453
942466
942549
942557
942738
942744
942758
942887
942945
942973
942981
943041
943209
943301
943405
943540
943546
943620
943698
943745
943806
943830
943875
944023
944199
944323
944356
944890
945051
945249
945401
945521
945524
945545
945660
945663
945955
945960
945977
946003
946010
946028
946154
946281
946303
946586
946600
946695
946699
946820
946845
947040
947088
947165
947219
947516
947536
947546
947595
947637
947656
947756
947875
948007
948220
948236
948249
948309
948375
948449
948494
948547
948709
948716
948751
948754
948891
948957
949049
949170
949273
949278
949331
949426
949453
949594
949600
949622
949703
949938
949944
950075
950083
950199
950234
950755
951167
951198
951283
951333
951340
951344
951351
951460
951535
951558
951562
951571
951613
951831
951870
951920
951963
952006
952044
952432
952514
952522
952742
952811
952840
952843
952918
952972
952976
953056
953261
953347
953483
953527
953601
953761
953922
953933
953950
953958
953960
954462
954553
954580
954813
954986
954998
955032
955141
955229
955311
955321
955370
955440
955444
955492
955534
955651
955782
956002
956134
956187
956223
956360
956451
956608
956621
956668
956726
956748
956768
956839
956872
957105
957128
957180
957236
957268
957286
957293
957353
957790
958112
958266
958301
958397
958550
958584
958631
958683
958722
958785
958816
958840
958851
958938
958966
958986
958988
959011
959040
959078
959114
959337
959385
959535
959537
959544
959558
959860
960022
960252
960260
960548
960671
960701
960880
960916
960927
961034
961118
961172
961269
961393
961547
961602
961896
961930
962337
962553
962624
962876
962920
962964
963028
963031
963082
963199
963250
963488
963568
963591
963605
963627
963998
964185
964341
964373
964672
964748
964761
964818
964835
964977
965129
965174
965205
965479
965514
965686
965704
965759
965862
965867
965937
965968
966046
966093
966152
966159
966253
966278
966302
966453
966596
966599
966710
966762
966862
966865
967051
967269
967306
967367
967418
967424
967486
967487
967643
967674
967877
967952
968048
968067
968119
968152
968371
968445
968477
968557
968794
968890
968907
968954
969254
969385
969403
969426
969511
969520
969598
969671
969748
969753
969771
970028
970073
970103
970222
970236
970273
970389
970433
970453
970548
970618
970674
970692
970779
970815
970849
970897
970920
970976
970991
971250
971380
971619
971741
972319
972348
972427
972534
972626
972677
972689
972748
972774
972817
972862
972866
972889
973223
973295
973344
973346
973380
973464
973539
973673
973685
973715
973908
973977
974065
974353
974374
974414
974673
974843
974883
974913
975059
975139
975209
975469
975792
975844
975988
976086
976108
976123
976154
976275
976312
976333
976378
976520
976557
976608
976641
976698
976812
976948
976994
977088
977428
977471
977652
977701
977887
977991
978060
978454
978456
978666
978692
978703
978705
978846
978873
978925
979082
979113
979148
979243
979328
979506
979512
979581
979661
979783
979804
979822
979892
979915
980005
980034
980357
980387
980488
980708
980709
980880
980908
980952
980961
981077
981196
981333
981411
981459
981609
981620
981681
981743
981873
982131
982267
982375
982383
982404
982426
982497
982973
983074
983078
983136
983162
983294
983330
983358
983385
983387
983495
983656
983806
983838
983847
983944
984071
984141
984678
984840
985083
985223
985423
985491
985648
985815
985896
986052
986059
986105
986234
986263
986342
986374
986499
986650
986969
987095
987121
987213
987311
987533
987571
987688
987912
987937
988078
988205
988561
988621
988689
988736
989160
989260
989265
989396
989508
989757
989801
989836
989932
990023
990223
990273
990314
990539
990708
990790
990942
991108
991179
991377
991447
991566
991622
991678
991715
991727
991812
991853
991882
991993
992262
992275
992388
992459
992568
992681
992708
993221
993263
993647
993844
993925
994004
994267
994351
994399
994494
994766
995066
995181
995264
995349
995513
995570
995700
995779
996169
996913
997076
997109
997355
997813
997983
998031
998119
998294
998372
998477
998533
998536
998556
998596
998622
998662
998663
998842
999189
999215
999239
999402
999508
999590
999641
999647
999651
999724
999733
999739
999794
999894
999970
