188
328
496
535
588
784
842
920
1136
1238
1361
1395
1519
1729
1944
2133
2141
2392
2442
2464
2470
2535
2604
2652
2950
3028
3099
3257
3301
3438
3458
3537
3550
3552
3616
3623
3725
3802
3883
4117
4157
4230
4350
4359
4431
4671
4710
4767
4773
4867
4940
4948
4983
4988
5132
5291
5339
5367
5509
5671
5827
5866
5984
6025
6196
6403
6404
6449
6488
6491
6685
6806
6934
7115
7334
7443
7459
7489
7562
7837
8028
8038
8383
8422
8432
8458
8463
8508
8683
8713
8761
8772
8788
8829
8993
9069
9180
9197
9285
9328
9733
9739
9770
9801
9827
9971
10008
10027
10036
10105
10212
10345
10372
10375
10398
10701
10707
10772
10848
11086
11141
11449
11585
11627
11768
11801
11824
12044
12232
12411
12491
12509
12600
12650
12955
12961
13099
13113
13114
13178
13203
13326
13416
13666
13688
13741
13772
13827
13849
14000
14156
14202
14251
14373
14461
14585
14660
15074
15102
15115
15116
15250
15330
15441
15463
15530
15545
16000
16213
16223
16310
16692
16787
16818
16898
16927
17151
17271
17372
17441
17610
17617
17691
17866
18061
18409
18462
18490
18497
18608
18643
18677
18772
18789
18875
18966
19082
19318
19326
19460
19568
19582
19603
19700
19756
19829
20108
20241
20393
20454
20468
20474
20479
20781
20804
20810
20815
20934
20944
20945
21072
21074
21478
21489
21613
21635
21847
21914
22010
22037
22038
22206
22340
22352
22395
22402
22782
22911
22930
23062
23207
23304
23392
23437
23619
23996
24108
24113
24214
24279
24306
24375
24402
24409
24434
24447
24595
24827
24895
24925
25030
25058
25333
25557
25758
25790
25884
26003
26132
26230
26287
26580
26664
26695
26765
26805
26822
27170
27276
27307
27310
27587
27633
27738
27951
27971
28057
28068
28080
28132
28234
28352
28369
28374
28605
28627
28694
28994
29079
29281
29288
29453
29759
29836
29893
30049
30590
30630
30857
31106
31131
31154
31315
31383
31444
31622
31819
31831
31979
32070
32375
32535
32580
32608
32643
32719
32750
32756
33228
33298
33365
33376
33402
33465
33548
33602
33880
33975
33981
34032
34241
34409
34415
34662
34819
34885
35115
35308
35327
35360
35390
35484
35504
35669
35712
35750
35902
35969
35985
36029
36094
36319
36502
36625
36751
36757
36825
36909
36923
36930
37028
37239
37287
37414
37508
37556
37676
37704
37709
37756
37783
37830
37842
37887
38010
38011
38023
38118
38245
38293
38340
38620
38704
38848
38878
38883
38962
38979
38987
39181
39599
39812
39878
40138
40150
40188
40252
40519
40703
40864
40984
41014
41166
41181
41207
41261
41445
41707
41893
42148
42212
42226
42293
42386
42401
42711
43029
43137
43345
43479
43499
43607
43697
43703
44010
44127
44274
44290
44399
44403
44441
44580
44627
44749
44828
44960
45010
45102
45270
45336
45406
45457
45487
45886
46097
46259
46260
46589
46662
46679
46687
46903
46939
47044
47301
47312
47379
47393
47593
47671
47675
47793
47857
47952
47978
47985
48295
48319
48326
48435
48460
48525
48586
48648
48669
49049
49110
49224
49261
49478
49510
49552
49623
49655
49831
50163
50246
50345
50442
50753
50815
50821
50937
50948
50967
51190
51197
51273
51385
51422
51477
51593
51652
51802
52111
52126
52205
52237
52258
52354
52398
52554
52570
52594
52933
52944
52977
52990
52996
53657
53691
53713
53732
53736
53887
53946
54074
54173
54286
54309
54365
54410
54419
54426
54512
54566
54667
54739
54874
54985
55177
55271
55278
55397
55557
55724
55765
56734
56908
57018
57086
57441
57504
57688
57780
57874
58065
58086
58218
58313
58368
58586
58634
58938
59018
59180
59463
59850
59864
59887
60012
60032
60075
60160
60223
60228
60749
60756
60764
60785
60850
60885
60892
61136
61201
61220
61293
61337
61338
61410
61569
61657
61664
61690
61713
61794
61826
61863
61950
62166
62172
62257
62732
62752
62998
63071
63096
63286
63381
63538
63570
63674
63759
64040
64347
64426
64504
64662
64747
64764
64829
64911
65316
65465
65567
65580
65595
65803
65830
66032
66113
66544
66681
66708
66748
66900
67087
67194
67656
67730
67780
67864
67899
67966
68024
68247
68265
68308
68586
68746
68816
68851
68943
69145
69215
69343
69612
69672
69957
69986
70052
70113
70161
70350
70385
70391
70585
70715
70789
70862
71031
71157
71242
71564
71855
71907
71975
71977
72009
72032
72048
72087
72156
72238
72381
72517
72562
72643
72710
72855
72871
73091
73112
73127
73246
73266
73380
73408
73532
73543
73546
73582
73624
73678
73680
73947
74088
74157
74283
74319
74396
74494
74604
74707
74851
74870
75004
75050
75087
75192
75400
75508
75543
75551
75644
76003
76008
76021
76062
76235
76653
76721
76769
76876
76890
77017
77175
77238
77290
77429
77434
77450
77511
77550
77612
77749
77787
77810
77969
78107
78147
78230
78407
78414
78536
78557
78799
78984
79013
79374
79713
79733
79818
79908
79946
79962
80152
80241
80284
80449
80669
80861
80906
80991
81123
81342
81378
81546
81608
81834
81860
82007
82008
82153
82316
82378
82466
82538
82593
82628
82635
82641
82801
82815
82969
82989
83011
83053
83144
83318
83387
83477
83526
83553
83626
83739
83775
83928
83962
83965
84033
84059
84204
84314
84506
84554
84676
84843
84879
84951
85011
85046
85069
85244
85382
85410
85440
85668
85713
85820
86011
86039
86052
86214
86218
86240
86302
86474
86505
86558
86718
86721
86725
87025
87180
87225
87482
87492
87585
87706
87845
87997
88086
88088
88204
88246
88562
88675
88771
88924
88954
89162
89249
89273
89340
89349
89406
90021
90044
90254
90453
90562
90801
90926
91075
91331
91460
91507
91697
91794
91881
92300
92387
92403
92571
92602
92795
92845
92884
92954
92968
93416
93956
94062
94080
94118
94261
94350
94390
94470
94590
94662
94785
94873
94934
95142
95452
95496
95535
95601
95739
95781
95831
95875
96101
96119
96150
96169
96243
96259
96269
96497
96514
96718
96941
96989
97036
97102
97131
97186
97192
97226
97330
97435
97694
97866
97912
98088
98234
98367
98380
98794
98890
98919
98998
99103
99111
99234
99424
99763
99915
100143
100163
100203
100302
100310
100382
100443
100552
100614
101119
101262
101293
101329
101366
101447
101472
101574
101651
101754
101800
101822
101862
101871
101910
102077
102126
102166
102282
102333
102395
102403
102421
102465
102469
102476
102989
103114
103212
103423
103605
103621
103641
103687
103689
103739
103746
103821
103976
104138
104142
104170
104582
104664
104735
104783
105169
105204
105286
105322
105678
105696
105982
106105
106230
106472
106625
106739
107123
107128
107193
107332
107570
107809
108101
108287
108360
108366
108664
108667
108783
108966
108979
108992
109168
109211
109224
109399
109820
109954
110072
110144
110196
110273
110304
110400
110513
110762
110825
110898
110981
111100
111150
111155
111187
111249
111259
111483
111523
111707
111906
111914
112098
112150
112293
112302
112341
112353
112369
112433
112568
112644
112826
113033
113217
113381
113424
113507
113523
113667
113707
113709
114163
114404
114409
114429
114543
114600
114772
114995
115039
115071
115083
115085
115216
115281
115410
115881
115988
116223
116370
116434
116533
116577
116660
116772
116887
117041
117243
117323
117486
117788
117832
118025
118092
118157
118165
118498
118540
118637
118650
118724
118765
119020
119221
119460
119622
119786
119801
119804
119836
119921
120086
120093
120159
120230
120270
120288
120295
120446
120580
120595
120829
121065
121090
121281
121378
121537
121857
121895
121953
122050
122067
122282
122327
122339
122364
122370
122392
122597
122787
122788
122847
122911
122972
122995
123048
123266
123267
123538
123560
123635
123754
123774
123922
124002
124212
124511
124528
124664
124711
124772
124894
124896
124910
124939
124992
125096
125110
125432
125500
125503
125769
125932
125991
126053
126079
126177
126187
126392
126443
126522
126558
126770
126803
126876
127003
127061
127191
127335
127369
127433
127464
127473
127488
127533
127668
127728
127784
127816
127916
127999
128024
128115
128170
128184
128201
128268
128451
128574
128600
128606
128637
128774
128975
129035
129074
129117
129278
129285
129526
129954
130067
130144
130159
130340
130374
130530
130539
130558
130579
130820
130823
130879
130955
130958
131011
131037
131058
131096
131198
131246
131384
131386
131421
131549
131680
131835
131931
132087
132138
132370
132419
132530
132558
132617
132652
132738
132798
133026
133090
133130
133144
133297
133299
133446
133503
133664
133732
133827
133929
134014
134291
134310
134388
134481
134488
134607
134629
134870
134893
134977
135026
135114
135270
135406
135408
135410
135566
135696
135742
135914
135969
136179
136258
136269
136282
136384
136387
136476
136483
136706
136745
136807
136813
136848
136931
136932
137062
137218
137281
137291
137328
137474
137853
137873
138030
138233
138263
138289
138312
138374
138513
138700
138995
139063
139083
139174
139294
139398
139449
139621
139670
139699
140088
140428
140453
140644
140782
140801
140842
140953
141110
141249
141320
141380
141420
141456
141695
141733
141802
141805
141828
141849
141939
141993
142041
142166
142195
142340
142426
142527
142537
142706
143057
143110
143322
143395
143440
143601
143641
143836
143857
143949
144153
144196
144254
144467
144517
144592
144677
144890
145525
145789
145822
146095
146153
146251
146374
146430
146504
146578
146654
146711
146740
146843
146937
146964
147013
147024
147085
147218
147249
147372
147421
147520
147603
147645
147958
148040
148217
148291
148421
148504
148506
148515
148594
148872
148877
148918
149012
149016
149017
149104
149314
149370
149387
149388
149524
149553
149864
150053
150137
150179
150292
150392
150455
150644
150645
150796
150876
150880
150891
150927
151015
151192
151207
151208
151338
151521
151714
151783
151857
151979
152321
152564
152725
152762
153011
153033
153076
153195
153249
153348
153411
153552
153571
153594
153794
154088
154174
154219
154530
154625
154749
154834
154972
155092
155135
155150
155262
155321
155342
155360
155365
155427
155799
155840
155908
155942
156051
156198
156239
156302
156329
156457
156593
156844
156847
156967
156981
157057
157230
157344
157370
157408
157439
157457
157477
157661
158037
158043
158256
158343
158350
158383
158662
158907
159038
159098
159448
159475
159828
159833
159970
160037
160050
160211
160432
160553
160685
160745
160818
161142
161420
161852
161918
162077
162116
162123
162183
162264
162325
162537
162538
162583
162680
162763
162862
162978
163019
163062
163373
163396
163607
163629
163684
163888
163946
164075
164186
164308
164312
164432
164605
164810
164813
164875
165084
165210
165257
165418
165651
165728
166171
166567
166663
166721
166751
166797
166825
166850
166946
166961
167119
167201
167437
167679
167777
167901
167945
167998
168159
168174
168218
168368
168392
168411
168530
168734
168771
168845
168934
169316
170004
170050
170166
170175
170369
170397
170491
170506
170508
170569
170614
170677
170700
171590
171614
171771
172160
172303
172485
172554
172565
172651
172802
173029
173169
173248
173249
173271
173530
173644
173698
173788
173873
173977
174002
174091
174211
174292
174355
174372
174384
174670
174708
174969
175073
175093
175106
175223
175432
175444
175480
175593
175707
175727
175794
175823
176033
176036
176377
176649
176731
176847
176966
177004
177025
177440
177596
177611
177635
177710
177785
177903
178023
178119
178129
178219
178401
178517
178603
178615
178795
178865
178950
179067
179157
179263
179394
179402
179480
179543
179814
179816
179858
179906
179934
179968
180077
180081
180092
180144
180277
180387
180472
180635
180674
180989
181001
181317
181394
181459
181542
181636
181640
181680
181759
182058
182101
182219
182227
182288
182497
182562
182614
182639
182704
182947
183061
183070
183074
183150
183201
183349
183420
183708
183794
183828
183978
184031
184105
184258
184398
184535
184711
184733
184806
184944
184969
185025
185135
185138
185193
185230
185361
185388
185410
185679
185699
185712
185862
185874
185952
186068
186138
186213
186257
186313
186467
186543
186695
186711
186727
186746
186810
187024
187113
187225
187261
187357
187369
187419
187463
187582
187755
187804
187807
187886
188106
188114
188364
188368
188479
188546
188728
188772
188842
188943
189179
189386
189408
189517
189651
189680
189982
190037
190059
190092
190221
190428
190532
190750
190832
190903
191056
191244
191398
191611
191749
191820
191828
191860
191987
192071
192322
192563
192981
193241
193458
193507
193616
193621
193729
193772
193853
194006
194176
194205
194372
194432
194488
194508
194533
194889
194989
195324
195409
195456
195483
195529
195667
195709
196040
196121
196188
196285
196352
196470
196712
196722
196767
196772
197239
197313
197455
197460
197496
197774
198280
198312
198550
198595
198829
198859
199285
199324
199397
199401
199469
199519
199660
199691
199904
199980
200055
200427
200456
200572
200662
200856
201156
201256
201391
201393
201467
201469
201805
201818
201845
201863
201952
202278
202400
202835
202947
202971
203361
203387
203449
203567
203858
203909
203979
204010
204033
204062
204138
204174
204209
204364
204424
204646
204842
204923
204970
205023
205255
205375
205460
205476
205536
205740
205801
205997
206043
206101
206314
206386
206593
206599
206897
206902
207187
207212
207345
207347
207355
207417
207699
207913
207914
208156
208373
208465
208535
208544
208676
208693
208709
208723
208863
208909
208918
209025
209059
209359
209416
209426
209477
209663
209723
209746
209779
210291
210409
210550
210562
210628
210692
210869
211058
211090
211250
211344
211453
211648
212002
212030
212130
212299
212607
212668
212683
212737
212868
212942
213065
213084
213127
213159
213179
213486
213508
213525
213668
213690
213768
213828
214158
214343
214429
214471
214538
214557
214608
214722
215147
215219
215280
215307
215580
215681
215877
215899
215988
216074
216102
216214
216291
216378
216430
216452
216522
216647
216820
216878
217026
217104
217114
217124
217150
217194
217221
217248
217335
217359
217433
217472
217482
217502
217537
217594
217613
217745
217746
217831
217892
218042
218100
218174
218186
218200
218250
218498
218552
218566
218609
218685
219133
219493
219548
219569
219621
219879
219957
220097
220153
220348
220382
220513
220611
220668
220744
220853
220892
220997
221042
221093
221107
221154
221180
221336
221480
221511
221530
221553
221558
221707
221886
221969
222040
222128
222179
222401
222433
222523
222581
222608
222640
222737
222915
223322
223468
223667
223760
223823
223865
224022
224244
224254
224258
224331
224385
224569
224596
224657
224988
225148
225319
225368
225386
225398
225409
225494
225549
225553
225612
225635
225772
225869
225974
226003
226013
226203
226235
226260
226283
226311
226536
226590
226604
226756
226761
226866
226878
226895
226922
226988
227238
227347
227421
227793
227885
227893
228005
228128
228493
228729
228825
228922
229001
229291
229729
229759
229768
229838
229934
230145
230236
230406
230463
231045
231063
231246
231322
231326
231505
231583
231642
231720
231763
231872
231877
231897
232247
232315
232344
232377
232451
232601
232669
232737
232774
232810
232862
232995
233129
233294
233558
233643
234220
234250
234475
234518
234679
234693
234711
234983
235020
235064
235206
235306
235319
235322
235414
235479
235513
235577
235607
235671
235874
235889
235917
236076
236101
236746
236792
236798
236819
236850
237025
237095
237097
237302
237328
237632
237909
237951
238056
238079
238175
238423
238438
238469
238540
238650
238651
238787
238881
238895
238937
238950
239061
239116
239259
239368
239432
239603
239793
240031
240089
240265
240273
240326
240335
240469
240502
240846
240982
241200
241225
241347
241365
241377
241482
241691
241744
241874
241936
241983
242049
242134
242210
242365
242521
242609
242773
242784
242864
243036
243041
243145
243178
243356
243593
243619
243664
243691
243817
243820
243945
243952
244094
244135
244157
244237
244246
244352
244356
244491
244550
244833
244849
244850
244925
245005
245358
245381
245398
245433
245483
245486
245499
245573
245853
245868
245921
246002
246280
246352
246380
246421
246448
246500
246754
246755
246869
246914
247051
247061
247127
247131
247224
247323
247366
247525
247605
247638
247717
247904
248137
248254
248324
248363
248415
248441
248600
248729
248777
249018
249020
249065
249094
249160
249211
249224
249327
249365
249426
249509
249623
249661
249687
249712
249946
250044
250505
250658
250663
250747
250779
250842
250962
251282
251433
251513
251606
251609
251881
251920
251968
252154
252205
252274
252358
252588
252671
252748
252836
252953
253028
253271
253303
253344
253348
253364
253532
253693
253840
253940
254008
254267
254449
254693
254752
254770
255030
255063
255126
255360
255370
255393
255575
255783
255947
255985
256004
256028
256056
256115
256200
256444
256471
256476
256674
256680
256698
256721
256834
256845
256846
256879
256886
257522
257723
257780
257827
258063
258202
258297
258415
258469
258608
258644
258811
258863
258875
258930
258947
259054
259106
259146
259307
259353
259445
259534
259541
259549
259581
259589
259691
259766
259768
259843
259948
259951
259967
260023
260126
260346
260351
260425
260481
260636
260669
261029
261114
261150
261323
261359
261379
261461
261924
261976
261987
262154
262502
262527
262548
262555
262584
262649
262765
262790
262835
262837
262984
263323
263348
263449
263490
263611
263675
263883
263903
263931
263975
263992
264021
264089
264170
264181
264190
264417
264587
264606
264620
264916
264970
265040
265239
265278
265416
265436
265532
265593
265601
265703
265713
265940
265944
266025
266150
266219
266236
266300
266360
266444
266582
266719
266735
266754
266806
266817
266846
267017
267057
267111
267213
267293
267391
267629
267719
267873
268010
268072
268110
268167
268319
268429
268586
268625
268629
268659
268710
268771
268854
268860
268944
269191
269328
269360
269441
269478
269657
269823
269839
269855
269870
270041
270129
270161
270219
270256
270483
270600
270940
270994
271037
271047
271130
271144
271289
271453
271518
271591
271900
271905
271945
272078
272177
272298
272462
272654
272692
272721
272853
272871
272889
272896
272917
272942
273167
273394
273561
273665
273748
274008
274222
274234
274300
274301
274396
274719
274726
274790
274873
274919
275118
275142
275158
275223
275240
275262
275434
275708
275742
276193
276223
276316
276476
276621
276802
276815
276818
277071
277258
277359
277450
277786
277889
277892
277963
278137
278365
278382
278709
278735
278950
278991
279292
279363
279374
279430
279434
279444
279532
279695
279790
279900
280095
280305
280406
280415
280434
280717
280748
280778
280809
280835
280936
280975
281088
281205
281688
281864
281911
282152
282270
282314
282641
282670
282994
283067
283345
283480
283615
283668
283745
283747
283837
283869
283881
284012
284049
284163
284231
284318
284393
284580
284703
284706
284925
284967
285067
285103
285180
285403
285563
285690
285761
286026
286051
286412
286492
286500
286561
286590
286612
286706
286816
287000
287339
287352
287589
287640
287748
287780
287935
287939
288051
288344
288350
288403
288474
288603
288705
289053
289202
289225
289239
289255
289326
289524
289542
289686
289689
289722
289725
289744
289767
289828
289841
289891
290001
290045
290226
290234
290287
290493
290499
290502
290545
290740
290753
290874
290927
290964
291010
291017
291191
291201
291284
291384
291534
291576
291638
291724
291731
291774
291782
291870
291944
292027
292143
292148
292409
292550
292770
293035
293084
293156
293250
293263
293368
293430
293579
293604
293786
293806
293849
294005
294162
294514
294701
294789
294931
294982
295020
295088
295118
295155
295216
295259
295359
295518
295561
295629
295683
295734
295961
295999
296112
296116
296304
296348
296465
296556
296575
296762
296781
296867
296952
297080
297107
297299
297300
297332
297389
297495
297664
297692
297708
297816
297820
298072
298164
298166
298179
298248
298270
298393
298399
298614
298644
298714
298806
298853
298954
299015
299046
299068
299150
299177
299303
299339
299366
299439
299649
299732
299738
299849
300005
300174
300268
300390
300400
300577
300643
300699
300808
300957
301099
301391
301659
301735
301775
301820
301836
302001
302080
302091
302290
302479
302607
302677
302853
302972
303007
303024
303092
303098
303188
303231
303344
303373
303506
303511
303647
303830
303869
303904
304024
304225
304278
304477
304602
304627
304673
304849
304972
305132
305256
305273
305419
305677
305692
305992
306029
306056
306169
306313
306334
306359
306400
306477
306571
306607
306726
306841
306890
306995
307007
307042
307188
307208
307230
307275
307284
307328
307351
307432
307513
307533
307559
307595
307610
307733
307754
307778
307851
307894
307897
308087
308201
308258
308269
308585
308687
308752
308761
308763
308888
308975
309296
309477
309564
309616
309706
309737
309996
310000
310174
310338
310401
310538
310541
310749
310831
310866
311024
311031
311050
311077
311100
311129
311559
311632
311691
312054
312064
312080
312226
312443
312576
312633
312773
312825
312955
312978
313031
313123
313414
313553
313699
313856
313896
313941
313978
314002
314266
314554
314820
314892
315086
315122
315294
315415
315454
315589
315670
315735
315737
315780
315792
316002
316024
316121
316150
316208
316431
316501
316610
316650
316697
316705
316769
317147
317420
317430
317578
317722
317790
317958
318070
318382
318388
318527
318554
318616
318765
318790
318795
319052
319067
319285
319497
319503
319704
319742
319785
319824
319899
319994
320083
320188
320264
320317
320352
320781
320858
321017
321035
321047
321057
321127
321152
321202
321258
321430
321540
321747
321797
321811
321894
322081
322093
322157
322234
322245
322373
322669
322766
322796
322917
322974
323222
323298
323593
323798
323821
324036
324045
324050
324184
324491
324508
324589
324602
324604
324844
324889
324893
324909
325037
325052
325154
325158
325249
325325
325387
325632
325738
325794
325900
325987
326442
326596
326609
326679
326973
326983
326987
327022
327031
327036
327320
327331
327672
327790
327867
327886
328037
328172
328203
328486
328525
328531
328536
328661
328685
328832
328963
328965
329125
329207
329226
329233
329240
329250
329612
329967
330153
330165
330463
330517
330578
330610
330694
330807
330857
330897
330936
330942
331024
331155
331253
331512
331587
331636
331639
331746
331778
331860
331909
331958
332115
332129
332249
332498
332515
332530
332584
333254
333347
333464
333518
333628
333830
333885
333893
333900
333982
334061
334105
334254
334462
334469
334544
334570
334614
334996
335102
335107
335327
335680
335688
335785
335990
336060
336118
336154
336163
336172
336198
336263
336291
336422
336736
336866
337091
337208
337332
337503
337631
337812
337936
338024
338132
338417
338463
338470
338536
338963
338987
339093
339331
339385
339447
339462
339558
339597
339907
340038
340058
340084
340175
340380
340516
340656
340837
340968
340978
341038
341054
341257
341326
341421
341464
341714
341735
341898
342002
342117
342204
342244
342529
342963
342981
343061
343141
343190
343355
343525
343541
343593
343768
343876
344198
344370
344457
344522
344742
344763
344846
344875
344953
345021
345691
345724
345754
345936
345960
346219
346280
346314
346625
346673
346859
346864
346883
346894
346956
346978
347018
347037
347115
347163
347227
347339
347551
347598
347762
347876
347999
348056
348164
348178
348191
348671
348699
348879
349319
349459
349620
349684
349869
350013
350057
350159
350325
350404
350539
350678
350821
350910
351043
351085
351160
351163
351196
351278
351327
351361
351386
351393
351739
351874
351949
352194
352257
352268
352363
352376
352476
352497
352524
352567
352658
352702
352764
352852
352992
353126
353172
353268
353366
353502
353638
353758
353780
353842
353965
354092
354101
354247
354259
354288
354354
354579
354687
354817
354849
354906
355084
355117
355126
355144
355172
355348
355476
355608
355668
355777
355902
355948
356058
356151
356201
356312
356344
356353
356359
356368
356522
356667
356698
356719
356729
356735
356813
357230
357325
357411
357459
357462
357474
357595
357661
357673
357711
358289
358461
358511
358677
359000
359257
359417
359684
360235
360390
360452
360549
360644
360970
360991
361013
361053
361139
361164
361259
361512
361624
361701
361712
361713
362178
362297
362415
362467
362528
362666
362760
362782
362803
362830
362900
362935
362979
362988
363136
363523
363678
363897
363909
363997
364089
364403
364530
364648
364652
364790
364796
364804
364946
365024
365175
365230
365267
365485
365489
365647
365677
365713
365822
365924
365983
366126
366157
366165
366552
366608
366775
366898
366899
367025
367105
367140
367161
367306
367477
367574
367632
367747
367779
367830
367851
367897
368064
368530
368556
368621
368674
368676
368677
368843
368853
368917
369034
369456
369459
369734
369769
369775
369814
369818
369885
369886
369985
370096
370261
370288
370359
370386
370393
370577
370639
370752
370753
370865
371058
371068
371186
371203
371293
371494
371498
371527
371636
371790
371793
371816
371822
371897
372150
372284
372613
372659
372704
372761
372762
372770
372882
372883
372948
373093
373217
373377
373803
374018
374092
374172
374258
374260
374387
374397
374580
374632
374923
375008
375015
375043
375134
375146
375179
375227
375255
375407
375429
375485
375502
375508
375606
375640
375698
375714
375764
375960
375973
376018
376186
376350
376385
376613
376658
376788
376830
376950
377511
377664
377849
377857
377884
378034
378051
378194
378261
378287
378431
378437
378470
378602
378690
378747
379411
379463
379645
379711
379720
379887
379960
380133
380654
381265
381525
381899
381972
382036
382103
382195
382222
382236
382267
382405
382416
382704
382742
382992
383308
383499
383630
383686
383777
383835
383872
384090
384128
384208
384365
384427
384534
384707
384856
384885
384941
385014
385084
385140
385154
385171
385215
385443
385555
385960
386094
386142
386316
386368
386542
386657
386680
386723
386726
386837
386962
387139
387278
387380
387477
387566
387622
387718
387760
387764
387771
387911
388151
388168
388190
388362
388531
388723
388725
388764
388766
388814
388827
388857
388868
388898
389148
389173
389190
389420
389441
389455
389660
389800
389994
390009
390263
390296
390388
390513
390573
390771
390815
390818
390848
391182
391187
391200
391245
391547
391973
392019
392089
392267
392531
392540
392852
392905
393021
393022
393166
393205
393215
393232
393330
393440
393448
393717
393861
393921
393944
393994
394033
394086
394143
394201
394385
394444
394515
394566
394795
394896
395198
395416
395437
395535
395836
395858
395879
396057
396183
396209
396514
396557
396656
396704
396762
396904
397113
397279
397321
397329
397388
397440
397469
397549
397582
397691
397698
397699
397743
397812
397833
398050
398066
398122
398508
398522
398649
399153
399177
399403
399759
399852
399874
399902
400186
400348
400691
400765
400767
400806
401108
401120
401135
401165
401175
401181
401308
401353
401428
401497
401978
402019
402047
402093
402124
402208
402353
402424
402468
402505
402699
402751
402968
403450
403856
403858
403868
403921
403987
404153
404300
404350
404395
404600
404786
404823
405034
405057
405231
405258
405282
405389
405545
405897
405955
406041
406075
406144
406241
406327
406372
406471
406557
406841
406946
407054
407200
407212
407346
407378
407502
407520
407630
407638
407801
407812
407874
408278
408287
408332
408455
408609
408636
408639
408684
408887
409080
409135
409146
409276
409384
409838
409949
409952
410038
410256
410586
410651
410830
410841
410982
411115
411150
411190
411413
411444
411524
411604
411881
411935
412069
412104
412173
412367
412394
412514
412608
412609
412628
412673
413022
413068
413268
413279
413299
413312
413318
413361
413493
413501
413534
413763
413783
413801
413843
413888
413915
413919
414330
414390
414740
414956
415199
415209
415294
415500
415641
416045
416143
416176
416199
416209
416295
416601
416716
416808
416824
416856
416883
416917
416972
417120
417173
417531
417568
417660
417702
417966
418123
418374
418432
418455
418647
418661
418787
418915
418941
419036
419457
419460
419621
419707
419833
419893
419927
420031
420080
420118
420283
420337
420510
420704
420890
421011
421050
421174
421237
421251
421321
421389
421447
421494
421643
421761
421782
422003
422563
422606
422791
422891
422940
422979
423189
423192
423466
423568
423653
423710
423789
423989
423990
424040
424070
424153
424203
424252
424266
424317
424512
424513
424544
424870
424969
425138
425310
425610
425633
425660
425680
425735
425778
425955
425995
426086
426157
426167
426244
426291
426410
426482
426740
426804
426910
427170
427189
427192
427254
427265
427367
427439
427507
427671
427739
427829
427884
427958
428254
428276
428296
428305
428553
428681
429005
429137
429169
429185
429226
429341
429429
429441
429479
429502
429601
429825
430080
430323
430336
430355
430638
430672
430759
430891
431142
431231
431465
431757
431885
431901
431916
432211
432337
432429
432473
432486
432527
432653
432756
433040
433105
433251
433643
433680
433682
433876
433893
434036
434147
434176
434257
434331
434381
434433
434435
434612
434668
434753
434768
434795
434994
434995
435052
435056
435084
435217
435283
435361
435377
435426
435501
435687
435857
435870
435908
435922
436030
436099
436180
436192
436203
436341
436419
436740
436856
436990
437014
437072
437320
437392
437478
437787
437845
437890
438020
438118
438192
438229
438310
438358
438471
438731
438782
438950
438967
439046
439055
439102
439153
439213
439368
439404
439416
439617
439732
439748
439796
439904
440089
440285
440352
440639
440762
441018
441061
441077
441099
441151
441271
441442
441454
441624
442110
442153
442178
442451
442615
442719
442791
442896
442922
443000
443056
443108
443156
443274
443284
443450
443474
443531
443884
443897
444233
444351
444402
444557
444616
444724
444752
444852
445066
445271
445322
445435
445531
445565
445684
445926
445993
446054
446364
446479
446621
446657
446865
446965
447021
447181
447243
447244
447291
447405
447442
447467
447530
447621
447725
447751
447783
447912
448113
448181
448470
448525
448770
448787
448822
448892
448959
449479
449739
449768
450161
450196
450205
450334
450428
450521
450523
450846
450887
450937
451040
451091
451295
451349
451482
451646
451831
451836
451866
452201
452299
452342
452445
452462
452468
452645
452647
452840
452856
453179
453180
453288
453428
453489
453495
453496
453527
453632
453709
453784
453791
453940
453984
454095
454143
454281
454363
454418
454470
454503
454599
454817
454827
454845
455096
455111
455140
455181
455197
455207
455246
455338
455376
455545
455706
455834
455866
456012
456131
456228
456264
456278
456301
456314
456331
456526
456587
456592
456616
456656
456658
456697
456783
456791
456896
457029
457151
457219
457263
457320
457502
457641
457762
457788
457808
457860
457957
458042
458080
458408
458891
458929
459032
459056
459148
459266
459416
459429
459478
459956
460097
460103
460152
460169
460200
460237
460321
460366
460387
460647
460658
460808
460829
461249
461263
461343
461783
462371
462533
462554
462561
462683
462872
463016
463040
463149
463214
463367
463622
463694
463846
464120
464222
464260
464281
464549
464569
464597
465111
465190
465224
465259
465262
465759
466403
466603
466620
466673
466801
466850
466937
467007
467014
467317
467362
467363
467637
467744
467881
467887
467961
468000
468179
468217
468219
468225
468296
468333
468341
468449
468524
468528
468976
469075
469489
469852
469895
470088
470143
470161
470340
470377
470391
470414
470786
470838
470853
471015
471267
471268
471313
471339
471365
471382
471567
471583
471665
471716
471766
472164
472199
472297
472727
472782
472973
473201
473207
473354
473415
473490
473529
473571
473642
473697
473783
473804
474106
474183
474279
474353
474478
474589
474625
474703
474705
474773
475146
475148
475239
475252
475419
475445
475465
475614
475640
475741
475786
475910
476153
476408
476519
476588
476700
476737
476974
477152
477159
477360
477420
477424
477522
477598
477764
477770
477872
477953
478080
478553
478740
478996
479268
479327
479659
479677
480169
480215
480256
480437
480507
480922
481047
481164
481633
481666
481677
481791
481808
481878
482352
482358
482545
482569
482647
482688
482923
482929
482954
482997
483008
483009
483043
483094
483171
483237
483290
483429
483549
483877
483919
484002
484073
484219
484388
484490
484579
484643
484700
484951
485002
485138
485145
485224
485265
485318
485395
485540
485558
485562
485943
486115
486388
486419
486441
486458
486629
486924
487008
487041
487112
487180
487182
487383
487391
487402
487419
487462
487702
487707
487769
488097
488266
488288
488404
488435
488443
488468
488489
488528
488544
488724
488773
488852
489131
489461
489613
489695
489710
490054
490118
490251
490371
490510
490547
490571
490615
490721
490773
490815
490863
490889
490986
491190
491229
491259
491383
491400
491452
491512
491613
491733
491766
491770
491779
491831
491883
491981
491988
492021
492036
492308
492330
492402
492449
492702
492788
492837
492936
492997
493161
493195
493208
493286
493351
493371
493407
493411
493524
493552
493590
493612
493664
493748
493765
493815
493853
493934
493946
493952
494032
494250
494492
494530
494541
494670
494878
494998
495045
495054
495065
495164
495366
495404
495477
495575
495622
495628
495820
495861
495863
495914
496009
496186
496205
496331
496344
496352
496462
496675
496769
496944
497052
497114
497128
497138
497170
497294
497303
497331
497343
497473
497556
497840
497950
497960
497995
498116
498349
498531
498547
499164
499220
499228
499485
499506
499676
499847
499896
499962
500453
500532
500597
500636
500740
500768
500931
501171
501178
501191
501239
501262
501310
501571
501788
501978
502083
502092
502581
502933
502937
502996
503030
503049
503127
503326
503399
503403
503425
503530
503951
504039
504062
504162
504227
504271
504272
504282
504404
504427
504636
504715
504831
504855
504909
504933
505010
505087
505110
505113
505201
505298
505305
505332
505404
505660
505848
505942
505966
506103
506278
506280
506288
506385
506480
506506
506674
506743
506786
506803
506820
506827
506871
507253
507282
507370
507389
507671
507905
507996
508120
508394
508675
508682
508788
508824
508856
508918
508941
508961
509007
509152
509374
509586
509649
509707
509754
509822
509839
509923
510015
510175
510213
510282
510310
510342
510414
510515
510669
510788
510867
510876
510949
510996
511242
511486
511980
512001
512030
512098
512453
512486
512593
512638
512746
512806
512888
512962
512985
513015
513091
513248
513249
513325
513361
513682
513698
513721
513910
513925
514025
514110
514173
514192
514295
514324
514327
514358
514426
514565
514666
514725
514729
514736
514754
514867
515131
515206
515283
515322
515483
515674
515730
515866
516009
516040
516103
516225
516377
516418
516630
516705
516848
516876
517024
517128
517132
517381
517516
517599
517621
517688
517749
517797
517824
517978
518091
518092
518184
518229
518256
518312
518355
518456
518510
518516
518731
518782
518833
518869
518982
519261
519289
519417
519466
519522
519537
519586
519615
519744
519779
519894
520038
520125
520198
520423
520576
520581
520595
520610
520716
520842
520852
520985
521087
521094
521190
521427
521517
521572
521598
521671
521694
521732
521879
521965
522046
522231
522591
522724
522874
522957
523065
523107
523114
523285
523444
523513
523554
523630
523790
523870
523877
523882
523919
524150
524249
524395
524422
524550
524571
524652
524764
524869
524876
524912
525150
525258
525274
525279
525379
525393
525420
525647
525839
525895
525932
525939
526204
526206
526219
526347
526657
526681
526749
526937
527047
527056
527083
527134
527269
527356
527383
527782
527853
527894
528071
528254
528383
528415
528429
528432
528737
528777
529095
529173
529263
529446
529460
529586
529683
529694
529904
530101
530407
530683
530841
530897
530992
531001
531376
531387
531483
531507
531551
531704
531832
531858
531952
531961
532270
532305
532413
532696
532786
532951
532963
533001
533020
533041
533411
533451
533629
533734
533836
534049
534090
534152
534312
534569
534605
534759
534781
534796
534830
534911
534963
534995
535169
535249
535361
535371
535567
535669
535696
535730
535734
535783
535789
535837
535847
536056
536083
536090
536198
536220
536268
536333
536420
536464
536609
536664
536690
536798
536858
536971
536985
537081
537185
537277
537308
537355
537366
537469
537585
537643
537663
537797
537803
538092
538175
538624
538788
539004
539030
539143
539481
539612
539652
539697
539932
539934
540097
540106
540139
540353
540354
540373
540382
540568
540644
540694
540855
540872
540914
540974
541206
541293
541296
541310
541328
541527
541609
541622
541645
541668
541707
541855
541856
541860
541882
541894
541958
542137
542146
542288
542320
542402
542438
542439
542606
542634
542650
542739
542878
542948
542968
543393
543402
543643
543664
543777
543908
544144
544219
544351
544414
544416
544444
544462
544700
544911
544923
545681
546097
546240
546270
546382
546628
546790
546808
546873
546903
547044
547244
547288
547349
547420
547505
547631
547664
547729
547817
548068
548114
548202
548544
548592
548724
548860
548868
548881
548932
549160
549217
549292
549314
549334
549379
549438
549511
549600
549783
549891
549916
550352
550466
550518
550599
550637
550715
550778
550814
550943
550972
551149
551172
551243
551278
551389
551471
551489
551591
551923
551960
552086
552228
552232
552287
552316
552319
552327
552346
552382
552388
552397
552542
552638
552749
552862
552884
552886
552951
553065
553127
553190
553501
553668
553825
553847
553913
554121
554134
554183
554191
554368
554418
554615
554829
554835
554919
554955
555074
555322
555463
555489
555511
555612
555768
555851
555930
556081
556147
556196
556338
556369
556388
556549
556571
556620
556649
556682
556923
556966
557001
557295
557300
557320
557359
557567
557613
557642
557660
557699
557737
557833
558005
558008
558278
558373
558397
558469
558471
558499
558561
558626
558662
558735
558805
558892
558968
558982
559108
559139
559240
559292
559523
559546
559578
559597
559730
559981
559983
560212
560276
560283
560330
560545
560882
561129
561225
561323
561397
561442
561484
561558
561610
561728
561731
561764
561788
562290
562317
562324
562613
562881
562906
562945
563132
563135
563246
563434
563508
563513
563564
563597
563598
563683
563879
563955
564084
564085
564236
564255
564284
564323
564392
564411
564454
564455
564514
564560
565007
565080
565181
565216
565230
565494
565614
565618
565620
565776
566076
566106
566166
566198
566307
566524
566565
566801
567005
567146
567296
567453
567457
567475
567615
567686
567791
567843
567941
568073
568074
568079
568264
568401
568467
568504
568514
568583
568597
568706
568782
568841
568933
568991
569150
569213
569356
569359
569707
569716
569752
570007
570053
570106
570328
570597
570599
570720
570729
570830
570860
570999
571165
571258
571305
571309
571371
571470
571550
571610
571702
571723
571913
571958
572027
572211
572495
572521
572617
572660
572717
572728
572849
572852
572960
572961
572989
573074
573300
573306
573467
573551
573637
573683
573804
573833
573920
573932
574008
574035
574227
574367
574374
574442
574547
574684
574875
574982
575152
575169
575378
575389
575430
575609
575725
575785
575788
575803
575992
576066
576152
576414
576474
576673
576789
577165
577282
577311
577374
577444
577582
577734
577743
577823
577853
577991
578135
578182
578286
578329
578338
578356
578412
578616
578617
578677
578706
578712
578934
578985
579013
579359
579478
579605
579606
579646
579669
579789
579892
580013
580028
580080
580148
580162
580268
580405
580473
580615
580716
580792
581032
581137
581142
581153
581174
581186
581210
581297
581322
581746
581767
581837
581861
582130
582263
582323
582415
582433
582508
582550
582650
582726
582967
583070
583074
583184
583320
583413
583454
583484
583545
583763
583835
583887
584124
584423
584424
584433
584894
584984
584991
585111
585293
585429
585443
585507
585540
585605
585680
585987
586054
586197
586198
586283
586306
586364
586411
586547
586747
587049
587062
587261
587315
587460
587547
587698
587832
587931
587978
587983
587995
588016
588064
588098
588120
588143
588262
588282
588289
588315
588587
588676
588736
588791
588793
588810
588903
588949
588975
589029
589038
589047
589089
589388
589696
589704
589803
589978
590118
590502
590600
590688
590758
590780
590901
591005
591014
591028
591292
591315
591320
591357
591459
591599
592022
592355
592403
592420
592517
592693
592946
593004
593020
593035
593155
593175
593181
593196
593450
593687
593819
593870
593948
593988
594052
594128
594175
594209
594242
594400
594414
594420
594459
594569
594599
594634
594684
594774
594913
594955
595100
595271
595511
595580
595591
595631
595846
595849
596038
596047
596157
596170
596421
596568
596589
596653
596684
596712
596723
596729
596837
596998
597009
597099
597273
597312
597363
597425
597463
597471
597502
597522
597529
597675
597747
598087
598145
598199
598216
598252
598263
598334
598487
598503
598579
598673
599136
599233
599294
599428
599801
599954
600430
600451
600482
600510
600779
601012
601044
601066
601104
601199
601565
601588
601629
602243
602660
602882
602931
602993
603147
603373
603442
603522
603533
603753
603817
603995
604065
604189
604645
604851
604995
605088
605118
605238
605326
605445
605564
605575
605808
605868
605895
605952
606072
606203
606209
606302
606321
606424
606654
606667
606679
606700
606850
606853
606875
606952
607244
607314
607349
607375
607650
607683
607711
607816
607858
608083
608283
608341
608441
608590
608635
608656
608780
608850
609076
609180
609248
609319
609632
609663
609766
609774
609777
609806
609857
609883
610094
610163
610172
610238
610291
610483
610520
610875
610952
610970
611002
611347
611355
611492
611511
611538
611548
611662
611667
611752
611755
611894
612365
612395
612424
612525
612559
612570
612721
612812
612896
612988
613132
613213
613268
613336
613463
613522
613529
613747
613793
613900
614199
614371
614469
614483
614520
614680
614722
614865
615153
615175
615443
615465
615567
615658
615816
616047
616160
616189
616298
616350
616364
616463
616592
616595
616614
616624
616715
616726
616782
616904
617023
617347
617352
617356
617440
617473
617566
617845
617929
618117
618141
618389
618485
618509
618597
618689
618702
618765
618950
619010
619097
619131
619237
619316
619416
619477
619619
619688
619825
619929
619972
620174
620178
620181
620221
620288
620349
620572
620608
620665
620846
620975
621021
621433
621462
621693
621701
621768
621809
621859
621961
621963
622048
622252
622519
622735
623371
623396
623421
623634
623639
623653
623759
623810
623920
624027
624044
624057
624093
624393
624425
624531
624552
624647
624654
624747
624753
624956
625102
625369
625658
625670
625688
625823
625826
625924
626165
626178
626185
626274
627088
627142
627244
627448
627512
627640
627698
627709
627734
627863
628108
628137
628332
628387
628478
628512
628532
628677
629058
629279
629301
629352
629411
629454
629578
629608
629782
629881
629935
630060
630098
630110
630398
630433
630514
630562
630738
630742
630793
630797
631025
631138
631363
631427
631460
631506
631750
631824
632032
632055
632065
632119
632158
632183
632351
632450
632610
632705
632786
632955
633005
633058
633202
633349
633535
633782
633843
634050
634217
634254
634281
634544
634645
634769
634775
634995
635004
635016
635088
635138
635567
635671
635742
636030
636269
636577
636604
636740
636961
637011
637040
637093
637182
637223
637378
637468
637566
637883
637905
638114
638201
638209
638303
638304
638366
638424
638565
638772
638811
638881
639066
639332
639504
639513
639518
639523
639533
639534
639614
639699
639806
639841
639885
639925
639994
640299
640342
640557
640591
640657
640714
640789
640841
640897
641196
641279
641395
641521
641539
641571
641632
641704
641718
641798
641861
641912
642028
642070
642154
642388
642709
642710
642728
642738
642809
642959
642971
642983
643133
643157
643429
643772
644033
644042
644147
644234
644416
644526
644544
644562
644771
644790
644946
644994
645338
645498
645594
645901
646210
646225
646263
646296
646424
646552
646557
646622
646706
646768
647359
647416
647443
647485
647838
647904
647981
648060
648252
648267
648744
648824
648882
648950
648973
649130
649189
649269
649340
649343
649388
649490
649558
649704
650121
650147
650163
650231
650315
650423
650591
650634
650761
650848
650884
651197
651297
651488
651788
651817
651853
651934
652005
652036
652095
652099
652205
652261
652276
652283
652348
652403
652479
652591
652631
652635
652665
652696
652969
653164
653268
653475
653778
653836
653886
653894
654019
654051
654053
654098
654209
654400
654544
654601
654656
654754
654891
655147
655216
655291
655356
655445
655580
655646
655892
655964
655971
656069
656096
656120
656174
656326
656398
656403
656494
656557
656700
656750
657090
657202
657726
657784
657787
657959
657976
658065
658097
658353
658660
658764
658778
658845
658885
658919
659040
659265
659347
659370
659373
659411
659428
659429
659501
659561
659573
659580
659642
659766
659774
659950
659999
660030
660088
660089
660174
660220
660328
660374
660391
660515
660730
660737
660820
661053
661556
661659
661729
661795
661813
661937
661989
662120
662191
662367
662431
662472
662511
662888
662906
662982
663172
663344
663432
663444
663641
663662
663952
663953
664027
664149
664340
664369
664572
664658
664822
664909
664917
664964
664965
665004
665214
665246
665319
665608
665612
665828
665835
666036
666115
666124
666274
666285
666390
666670
666806
666921
667040
667156
667174
667189
667368
667518
667566
667702
667798
667816
667920
667933
667976
668527
668949
669029
669134
669236
669307
669527
669552
669556
669564
669641
669877
669980
670134
670193
670217
670280
670363
670498
670532
670909
670956
670973
671006
671385
671447
671452
671591
671690
671710
671773
671796
671824
671935
672029
672059
672118
672135
672351
672499
672514
672611
672819
672853
673214
673323
673332
673381
673505
673538
673557
673661
673807
673936
673977
674217
674245
674419
674757
674788
674884
674977
675018
675039
675256
675277
675419
675665
676212
676834
676838
676997
677184
677200
677444
677707
677777
677902
678081
678126
678252
678413
678436
678512
678523
678723
678725
678799
678920
678928
678988
679075
679114
679283
679354
679579
679605
679653
679804
680067
680071
680255
680292
680507
680573
680624
680628
680650
680776
680817
680977
681187
681280
681364
681389
681426
681492
681668
682224
682289
682299
682385
682436
682584
682629
682822
682928
683020
683056
683151
683302
683493
683503
683551
683646
683735
683894
683940
683975
684140
684324
684328
684411
684712
684844
685127
685168
685214
685277
685330
685617
685845
685898
685906
685909
685938
686016
686245
686318
686440
686510
686546
686659
686918
687006
687117
687164
687249
687473
687609
687660
687750
687765
687775
687850
688164
688245
688252
688331
688374
688428
688547
688553
688599
688822
688876
689137
689150
689244
689246
689403
689538
689573
689616
689648
689661
689701
689779
689884
689920
690138
690331
690360
690911
691087
691220
691297
691439
691450
691474
691603
691706
691718
691761
691771
691809
691852
692042
692227
692285
692454
692602
692633
692653
692720
692862
692955
692970
693045
693101
693125
693190
693279
693307
693333
693396
693586
693664
693848
693871
694010
694203
694228
694254
694345
694372
694532
694619
694685
694697
694707
694838
694981
695027
695035
695273
695359
695450
695489
695490
695543
695654
695670
695685
695845
696042
696220
696480
696681
696820
696886
697032
697110
697113
697231
697251
697252
697325
697329
697342
697349
697386
697406
697701
697843
697937
697966
697979
698056
698161
698294
698333
698439
698497
698640
698757
698772
698819
698844
698970
699234
699285
699582
699644
699649
699759
699862
699966
700131
700189
700234
700287
700548
700626
700642
700720
700899
700954
700996
701011
701040
701047
701064
701200
701273
701287
701296
701403
701432
701473
701497
701578
701815
701874
701926
702012
702038
702061
702200
702245
702259
702275
702297
702426
702479
702505
702549
702649
702796
703079
703135
703172
703342
703420
703507
703569
703677
703792
703931
704080
704389
704482
704549
704733
704861
704862
704917
705086
705147
705280
705296
705356
705460
705489
705509
705611
705760
705871
706051
706164
706319
706332
706399
706470
706550
706702
706772
706906
706949
707051
707121
707182
707416
707516
707534
707605
708037
708123
708135
708220
708323
708445
708488
708527
708539
708548
708579
708587
708664
708927
709012
709381
709687
709704
709937
710310
710311
710332
710446
710468
710471
710486
710596
710611
710988
711007
711192
711469
711541
711676
711748
712006
712062
712297
712509
712579
712585
712619
712665
712710
712739
712799
712862
712882
712949
713165
713194
713467
713666
713701
713706
713710
713745
713755
713826
714147
714173
714174
714182
714201
714211
714322
714367
714373
714848
714942
714957
715185
715266
715326
715357
715388
715435
715452
715589
715623
715806
716010
716091
716105
716157
716179
716219
716435
716689
716994
717131
717146
717180
717210
717328
717462
717575
717587
717678
717762
717819
717828
717974
718323
718574
718586
718654
718719
719069
719224
719280
719284
719496
719502
719546
719892
720046
720057
720060
720348
720456
720457
720526
720611
720633
720785
721015
721551
721557
721593
721637
721743
721870
722177
722212
722302
722482
722610
722872
722909
722910
723008
723065
723298
723320
723358
723387
723398
723514
723619
723900
723920
724004
724025
724414
724430
724693
724735
724799
724838
724946
725106
725123
725211
725218
725315
725371
725421
725514
725684
725718
725742
725758
725926
726034
726036
726045
726160
726182
726329
726400
726496
726548
726585
726735
726768
726849
726938
726953
727050
727055
727133
727265
727292
727301
727331
727363
727379
727540
727650
727828
727906
727937
727984
727997
728031
728051
728183
728195
728210
728327
728592
728691
729024
729090
729209
729494
729528
729557
729697
729853
729954
729964
730009
730111
730124
730226
730302
730452
730457
730548
730669
730767
730799
731005
731065
731068
731150
731216
731283
731300
731512
731641
731763
731769
731891
731922
731965
732353
732403
732415
732474
732544
732545
732773
732786
732851
733103
733165
733223
733231
733261
733278
733314
733421
733524
733553
733640
734433
734537
734645
734682
734685
734953
735011
735084
735180
735252
735253
735309
735364
735383
735494
735745
735768
735843
736053
736093
736152
736192
736263
736310
736373
736380
736502
736547
736554
736559
736985
737236
737300
737323
737339
737374
737580
737665
737699
737781
737796
737972
738164
738180
738230
738282
738319
738334
738581
738674
738717
738807
738816
738827
738904
739518
739547
739592
739702
739708
739814
739934
740176
740199
740299
740423
740483
740564
740658
740699
740921
740969
741011
741241
741313
741391
741516
741518
741601
741764
741785
741831
741863
741892
741936
741978
742025
742093
742114
742309
742442
742510
742827
742936
743076
743106
743219
743330
743369
743510
744411
744453
744551
744642
744756
744790
744803
744818
744863
745079
745260
745371
745466
745639
745768
745787
745846
745872
745890
745919
745932
745943
746043
746080
746192
746251
746333
746340
746804
746978
747198
747256
747365
747367
747382
747457
747582
747630
747917
748028
748084
748127
748198
748243
748618
748658
748814
748887
748932
749178
749209
749403
749421
749487
749660
749720
749731
750094
750102
750122
750151
750175
750250
750346
750588
750650
750741
750771
751011
751170
751273
751386
751655
751805
751838
751874
752271
752288
752428
752799
752806
752932
753120
753331
753558
753567
753648
753718
753775
753940
754204
754288
754351
754415
754569
754617
754658
754714
754721
754745
754947
755082
755091
755107
755148
755257
755316
755425
755456
755579
755602
755606
755703
755800
755818
755849
755912
756047
756314
756334
756341
756396
756513
756591
756752
756771
757027
757076
757150
757257
757561
757647
757715
757752
757777
757878
758204
758386
758440
758444
758480
758561
758568
758587
758654
758732
759118
759185
759205
759325
759416
760012
760105
760124
760219
760421
760624
760884
761021
761033
761057
761132
761229
761233
761371
761389
761391
761736
761746
761813
761818
761860
761910
761974
761979
762010
762052
762097
762252
762275
762288
762358
762360
762363
762504
762558
762561
762684
762880
762889
763040
763053
763223
763354
763558
763616
763624
763788
763798
763880
763926
763931
763996
764138
764501
764625
764628
764999
765111
765371
765458
765547
765555
765813
766041
766196
766359
766403
766530
766651
766722
766837
766941
766965
767043
767187
767373
767460
767639
768025
768179
768183
768207
768259
768266
768436
768886
768934
768943
768960
769141
769242
769531
769575
769979
770048
770112
770155
770159
770186
770219
770274
770307
770315
770381
770391
770595
770680
770766
770802
770838
770983
770986
771001
771232
771283
771300
771353
771460
771476
771541
771707
771741
771968
771976
772028
772030
772053
772082
772239
772240
772246
772337
772571
772638
772664
772767
772894
772932
772963
773032
773106
773129
773149
773309
773310
773698
773758
773765
773811
773920
774193
774331
774363
774417
774549
774558
774592
774685
774710
774759
774922
775177
775249
775261
775609
775713
775912
776129
776365
776366
776400
776509
776674
776746
776897
776927
777125
777159
777202
777293
777383
777399
777525
777660
777691
777700
777711
777892
777934
778311
778334
778771
779322
779323
779401
779575
779583
779664
779670
779846
779867
779933
780162
780273
780413
780491
780546
780620
780699
780756
780824
780900
781001
781042
781089
781131
781258
781319
781407
781411
781414
781844
781930
781934
781956
782170
782274
782418
782639
782687
782692
782703
782766
782827
782831
782832
782936
782937
782948
783122
783136
783148
783209
783541
783552
783558
783590
783779
783857
783924
783960
783961
784025
784093
784117
784210
784413
784631
784705
785465
785553
785754
785811
785822
785838
785880
786137
786144
786506
786555
786599
786647
786648
786698
786776
786814
786928
787117
787154
787191
787203
787257
787301
787548
787671
787914
788008
788113
788268
788311
788540
788775
788919
788956
789157
789164
789332
789365
789480
789698
789819
789944
789973
790140
790280
790498
790517
790555
790605
790644
790848
790859
790892
790905
790994
791037
791219
791241
791280
791301
791876
791972
792160
792169
792296
792300
792343
792382
792479
792501
792637
792814
792936
793258
793458
793567
793754
793806
794040
794227
794340
794459
794484
794634
794665
794706
794716
795084
795114
795161
795245
795481
795566
795656
795771
795956
795991
796041
796113
796180
796358
796472
796538
796616
796634
796664
796728
797332
797361
797375
797432
797929
797950
798084
798126
798315
798407
798425
798497
798603
798610
798651
798769
798869
798915
799110
799204
799223
799231
799422
799583
799920
799926
799935
800004
800036
800074
800099
800121
800127
800140
800159
800195
800218
800276
800500
800529
800578
800689
801110
801188
801239
801386
801503
801538
801634
801682
801695
801757
801793
801926
802340
802363
802676
802949
802991
803040
803157
803311
803368
803751
803918
803932
803946
804062
804077
804190
804219
804384
804440
804663
804792
804909
804950
804962
804970
805034
805419
805567
805666
805684
805957
806052
806436
806473
806601
806630
806633
806712
806722
807256
807331
807351
807416
807424
807441
807521
807522
807524
807549
807594
807725
807792
808044
808402
808709
808819
808926
808949
808953
809030
809616
809716
809725
809979
810034
810054
810259
810340
810385
810405
810754
810761
810899
810920
811054
811132
811299
811312
811484
811489
811516
811539
811654
811663
811682
811761
811874
811949
812127
812130
812145
812239
812311
812317
812337
812431
812850
812930
813017
813039
813386
813878
813888
813891
813914
813930
813939
814218
814223
814227
814467
814621
814731
814840
814850
814950
815017
815176
815214
815379
815402
815608
815712
815724
815750
815997
816041
816182
816264
816380
816420
816475
816584
816616
816618
816866
817085
817109
817206
817366
817617
817987
818015
818136
818156
818280
818329
818409
818564
818609
818659
818672
818784
818800
818825
818849
818860
818917
818920
819016
819146
819275
819351
819425
819444
819662
819707
819725
819737
819802
819901
820025
820076
820086
820095
820282
820317
820343
820358
820401
820612
820838
820898
820923
821039
821273
821319
821427
821456
821535
821710
821756
821857
822041
822146
822151
822331
822334
822387
822469
822624
822652
822665
822681
822805
823018
823132
823170
823337
823465
823476
823738
823892
824033
824040
824049
824099
824217
824218
824244
824251
824314
824507
824631
824765
824904
824926
825122
825154
825190
825233
825333
825668
825766
825998
826057
826119
826185
826218
826377
826839
826849
826905
826953
826970
827016
827159
827190
827237
827318
827459
827687
827692
827764
827920
827954
828077
828249
828440
828546
828548
828549
828597
828727
828730
828774
829014
829164
829234
829432
829637
829704
829805
829954
829957
830412
830559
830926
830939
830978
830989
831039
831185
831245
831317
831323
831346
831354
831463
831502
831561
831780
831814
831830
832006
832013
832048
832189
832213
832344
832370
832411
832522
832698
832864
832870
833186
833428
833450
833563
833633
833883
833941
834166
834225
834411
834500
834503
834576
834597
834778
835007
835163
835206
835209
835219
835242
835425
835510
835600
835895
835990
836000
836053
836113
836172
836351
836440
836569
836975
836998
837051
837233
837275
837306
837352
837430
837577
837679
837878
838006
838221
838381
838390
838566
838624
838830
838893
838916
838936
838983
839038
839386
839488
839560
839723
839813
839834
840031
840464
840553
840580
840761
840851
840902
840961
841009
841165
841203
841205
841244
841687
841834
841900
842141
842179
842184
842185
842307
842343
842395
842493
842548
842724
842864
842991
843015
843167
843236
843372
843464
843520
843536
843547
843623
843816
843845
843914
844303
844339
844375
844419
844489
844532
844550
844662
844673
844846
844901
844956
845184
845187
845192
845216
845544
845568
845636
845655
845669
845863
845870
846361
846538
846868
847092
847153
847236
847378
847602
847828
847851
847858
847916
847986
848001
848104
848182
848223
848265
848268
848336
848354
848513
848528
848575
848939
849040
849239
849418
849545
849849
849852
849902
850015
850101
850223
850228
850260
850373
850421
850462
850672
851098
851182
851196
851198
851362
851425
851586
851595
851597
851615
851711
851763
851787
851803
851808
851976
851997
852068
852098
852147
852485
852501
852740
852967
853012
853430
853499
853526
853619
853809
853863
854133
854296
854503
854565
854671
854795
854894
854954
854958
854986
855258
855262
855425
855562
855594
855608
855780
856168
856517
856557
856601
856625
856716
856789
856845
857060
857184
857262
857601
857611
857621
857624
857635
857744
857754
857782
857839
857854
857861
857976
857997
858021
858065
858178
858214
858279
858437
858458
858606
858651
858717
858729
858741
858855
859129
859167
859270
859601
859651
859853
859877
860044
860066
860295
860314
860373
860426
860831
860943
860980
860999
861091
861187
861260
861353
861500
861553
861626
861692
861760
861981
862165
862180
862331
862495
862726
862842
862937
863006
863032
863123
863196
863464
863486
863580
863618
863621
863826
864097
864133
864203
864277
864582
864628
864768
865032
865112
865166
865481
865546
865642
865717
865778
865810
865883
866016
866061
866098
866374
866987
867044
867186
867210
867213
867285
867493
867631
867639
867746
867834
867964
867989
868007
868100
868301
868327
868375
868454
868499
868505
868521
868536
868608
868737
868747
868884
868901
868992
869149
869207
869218
869249
869643
869647
869659
869719
869745
869855
869895
869988
870201
870212
870464
870666
870696
871114
871151
871178
871238
871252
871292
871771
871778
871791
871831
871995
872032
872079
872270
872495
872498
872595
872725
872800
872928
872955
872958
873253
873260
873269
873350
873474
873486
873557
873591
873689
873714
873768
873906
874098
874121
874169
874193
874261
874306
874490
874676
874752
874762
875106
875114
875510
875590
875638
875820
875849
875975
876144
876176
876212
876270
876349
876460
876614
876622
876649
876739
876790
876812
876838
876901
877103
877307
877497
877672
877989
878398
878471
878482
878498
878577
878644
878973
879068
879145
879241
879321
879404
879419
879507
879559
879600
879691
879758
879842
879852
879932
879939
880156
880177
880193
880214
880226
880364
880392
880493
880517
880631
880647
880654
880737
880749
880765
880774
880788
880818
880949
881230
881372
881442
881507
881613
881660
881820
881824
881865
882130
882196
882354
882464
882467
882889
882969
883430
883703
883765
883854
883923
883936
884010
884077
884135
884185
884205
884209
884220
884323
884343
884600
884795
884804
884845
884872
884971
885312
885481
885534
885575
885622
885659
885755
885788
885836
885869
886050
886154
886204
886269
886421
886613
886664
886723
886773
886780
886781
886848
886929
887020
887039
887304
887328
887610
887648
887828
887969
888006
888152
888223
888480
888523
888527
888645
888655
888806
888816
888864
888926
889170
889212
889280
889670
889678
889887
889924
889959
890097
890146
890206
890210
890273
890410
890485
890506
890569
890679
890700
890716
890724
890764
890803
890872
890932
891002
891169
891182
891271
891717
891943
891951
892081
892150
892154
892283
892443
892464
892471
892496
892723
892763
892840
892875
892924
893053
893396
893509
893593
893611
893635
893715
893871
893919
893961
894160
894302
894310
894326
894410
894697
894714
894718
894734
894785
895106
895178
895199
895284
895609
895784
895961
895983
896076
896280
896285
896370
896416
896425
896463
896549
896600
896847
897054
897152
897204
897284
897341
897498
897839
897952
898050
898077
898107
898331
898343
898529
898609
898637
898871
898878
898921
898960
899161
899181
899205
899369
899394
899586
899861
899933
899965
899988
900033
900096
900115
900143
900337
900416
900446
900503
900775
900778
900930
900946
901166
901245
901694
901821
901989
902326
902477
902538
902571
902670
902979
903013
903190
903255
903445
903502
903558
903575
903611
903938
903981
904008
904045
904048
904204
904209
904236
904492
904522
904547
904956
904995
905085
905286
905372
905378
905442
905636
905735
905739
905788
905910
906009
906032
906068
906571
906593
906675
906789
906842
906848
906997
907184
907215
907260
907277
907348
907390
907595
907633
907691
907713
907817
908117
908271
908275
908375
908513
908571
908614
908815
909284
909334
909359
909396
909477
909780
909826
910035
910209
910435
910472
910568
910584
910608
910696
910735
910742
910834
911086
911088
911130
911157
911351
911425
911507
911511
911728
911753
911766
911841
911901
912012
912046
912156
912213
912301
912411
912535
912795
912882
912920
913039
913062
913146
913167
913186
913264
913319
913334
913393
913470
913538
913573
913821
913829
913863
913915
914019
914038
914044
914074
914102
914198
914231
914290
914345
914365
914440
914594
914793
914831
914840
914898
914901
914965
915034
915099
915109
915363
915528
915638
915819
915878
915966
915979
916000
916096
916103
916324
916328
916371
916677
916720
917267
917331
917368
917390
917429
917491
917693
917785
917858
917946
918031
918046
918058
918174
918213
918259
918267
918802
918832
918843
918873
918914
918993
919065
919216
919341
919354
919371
919466
919488
919656
919689
919721
919760
919786
919814
919815
919821
919864
919982
920074
920136
920203
920262
920323
920335
920368
920535
920539
920704
920785
920789
920885
920916
920922
920982
921018
921160
921229
921400
921461
921673
921732
921758
921806
921848
921964
922237
922251
922304
922370
922825
922877
923213
923274
923480
923509
923547
923608
923684
923779
923830
924032
924054
924072
924113
924276
924279
924346
924376
924460
924651
924676
924701
924755
924870
924887
924961
925124
925175
925260
925419
925457
925589
925697
925932
926061
926222
926314
926554
926773
926846
926868
927097
927171
927215
927227
927393
927427
927466
927474
927556
927614
927617
927814
927923
927949
928088
928175
928203
928326
928334
928419
928455
928555
928772
928789
929261
929388
929698
929712
929796
929812
930267
930283
930317
930497
930595
930668
930748
930781
930782
930795
930942
931002
931392
931561
931726
931744
931876
931908
931977
932029
932291
932338
932361
932436
932528
932607
932608
932634
932674
932803
932853
933041
933188
933294
933366
933519
933609
933707
933874
933973
934060
934305
934549
934564
934601
934710
934728
934814
934943
935000
935066
935144
935282
935551
935560
935609
935667
935682
935788
935796
935863
935988
936018
936031
936070
936150
936250
936340
936348
936579
936662
936666
936830
937008
937232
937588
937679
937683
937803
937843
937874
937919
937981
937987
938137
938243
938444
938483
938532
938603
938627
938852
938876
938993
939136
939247
939274
939378
939505
939510
939562
939689
939743
939755
939860
939921
939968
939975
940041
940084
940469
940643
940675
940911
940977
941042
941145
941150
941218
941263
941269
941312
941323
941328
941380
941640
941647
941750
942105
942165
942315
942353
942452
942564
942624
942732
942967
943012
943051
943093
943094
943096
943098
943181
943241
943285
943289
943322
943371
943389
943411
943573
943606
943682
943733
943908
943931
944079
944181
944410
944563
944571
944586
944800
944866
944914
945106
945276
945447
945575
945604
945682
945723
945866
946027
946128
946173
946249
946356
946389
946540
946605
947007
947015
947193
947226
947434
947461
947561
947579
947707
947732
947762
947874
947938
947956
947996
948334
948392
948437
948513
948566
948635
948889
949118
949151
949307
949486
949945
950006
950025
950110
950121
950450
950481
950526
950661
950715
950846
950852
951141
951146
951158
951215
951418
951748
951776
951866
951942
951951
952052
952174
952272
952422
952447
952595
952635
952732
952735
952805
952815
952860
952915
953092
953175
953269
953330
953407
953420
953511
953726
953786
953840
953874
954072
954131
954227
954691
954721
954775
954957
954970
955045
955110
955125
955433
955678
955683
955876
956159
956193
956196
956292
956329
956397
956434
956483
956546
956569
956623
956697
957140
957179
957189
957291
957336
957338
957358
957417
957440
957518
957612
957946
958114
958400
958456
958472
958586
958596
958684
958737
958943
959238
959294
959398
959647
959713
959739
959894
959973
960102
960257
960274
960307
960470
960605
960875
960876
960892
960939
960956
960963
961003
961135
961307
961466
961718
961809
961826
961835
961837
961899
962040
962059
962208
962311
962359
962367
962733
962780
962798
962827
962945
962982
962993
963008
963081
963098
963175
963395
963544
963645
963791
963842
963843
963903
963990
964013
964072
964130
964264
964301
964367
964588
964722
965248
965499
965589
965652
965740
966070
966261
966284
966462
966544
966750
966857
967016
967145
967207
967259
967271
967323
967437
967598
967721
967750
967839
967946
968062
968386
968692
968694
968838
968937
968939
969000
969267
969425
969627
969735
969803
969807
969831
970122
970404
970602
970624
970750
970829
970877
970879
970942
971002
971068
971073
971075
971194
971206
971237
971446
971587
971777
971959
971979
971989
972090
972139
972211
972231
972539
972564
972594
972619
972654
972806
973018
973401
973421
973452
973534
973550
973553
973624
973641
973802
974044
974068
974112
974307
974441
974697
974954
974970
974992
975045
975065
975204
975245
975269
975325
975427
975530
975695
975705
975755
975803
975832
975885
975989
976082
976349
976353
976388
976412
976810
976924
976993
977144
977203
977468
977510
977665
977708
977746
977941
978277
978645
978654
978760
978792
978835
978931
979062
979117
979176
979385
979415
979433
979466
979468
979502
979606
980039
980087
980202
980211
980226
980295
980368
980556
980594
980754
980783
980832
980979
981079
981141
981180
981223
981320
981421
981508
981519
981686
981718
981776
982033
982079
982313
982403
982470
982699
982814
982864
982870
982968
983195
983296
983300
983477
983523
983544
983728
983859
983872
984008
984172
984202
984246
984285
984329
984396
984500
984561
984683
984720
984749
984823
984827
984941
985086
985128
985335
985338
985376
985454
985470
985483
985488
985593
985689
985717
985757
985831
985895
986036
986254
986363
986405
986413
986724
986747
986786
986787
986884
987201
987374
987474
987621
987668
987698
987741
988269
988442
988478
988486
988678
988838
988905
988918
988954
988982
989034
989119
989123
989187
989213
989243
989539
989554
989621
989648
989654
989655
989670
989783
989909
989915
989985
990019
990119
990152
990336
990380
990605
990709
990892
991005
991044
991093
991252
991261
991283
991363
991378
991385
991417
991518
991549
991681
991868
991960
991961
992193
992299
992677
992695
992723
992842
992853
992866
993141
993288
993796
993891
993993
994090
994263
994499
994587
994714
994723
995016
995028
995271
995329
995411
995435
995476
995526
995531
995660
995733
995745
995808
995814
995954
996066
996093
996184
996213
996413
996542
996554
996687
996918
996995
996996
997014
997051
997128
997193
997211
997465
997808
997865
998146
998386
998497
998599
998798
998918
999025
999040
999304
999348
999356
999511
999538
999564
999834
999835
999850
