120
315
477
500
704
892
900
916
940
968
979
1253
1309
1420
1453
1605
1695
1707
1721
1840
2091
2328
2365
2378
2388
2497
2601
2891
2970
3137
3219
3394
3529
3631
3656
3851
4032
4055
4066
4083
4087
4095
4380
4499
4525
4528
4838
4946
4955
5169
5221
5225
5517
5618
5695
5722
5785
5787
5867
5875
6057
6085
6340
6381
6429
6452
6513
6529
6573
6592
6598
6907
6917
6931
7167
7168
7173
7312
7693
7773
7782
7900
7941
8048
8241
8288
8304
8314
8318
8363
8586
8596
8675
8725
8762
8781
8951
9013
9065
9345
9445
9468
9556
9640
9726
9756
9760
9804
9818
9819
9880
9975
10472
10690
10912
11056
11129
11194
11406
11423
11542
11648
11702
12156
12209
12359
12475
12480
12526
12572
12620
12657
12818
12859
13082
13088
13100
13107
13164
13185
13186
13507
13622
13657
13919
13937
14255
14270
14435
14681
14736
14798
14966
14984
15143
15371
15411
15505
15654
15909
15984
15994
16015
16028
16086
16383
16507
16528
16601
16708
16879
16959
17044
17055
17146
17310
17313
17351
17421
17432
17742
17745
17754
17856
18369
18378
18552
18756
18801
18846
19203
19216
19539
19636
19798
19883
19915
19948
20033
20138
20253
20346
20360
20451
20538
20667
20755
20757
20778
21125
21202
21307
21389
21398
21503
21714
21745
21765
22065
22244
22401
22458
22573
22760
22819
23252
23308
23370
23385
23502
23543
23617
23793
23820
23836
24004
24541
24581
24607
24623
24747
24762
24897
24921
24983
25216
25236
25343
25530
25604
25797
25804
25900
26179
26356
26609
26619
26726
26828
26966
27205
27396
27418
27563
28015
28106
28208
28279
28284
28346
28514
28724
28727
28826
29055
29075
29087
29098
29189
29201
29347
29440
29547
29628
29674
29763
29886
29930
29952
30028
30242
30251
30395
30426
30448
30494
30819
30825
30869
30939
30976
31076
31113
31126
31144
31163
31208
31230
31282
31313
31430
31497
31514
31537
31564
31626
31689
31701
32314
32377
32437
32439
32504
32585
32645
32795
32986
33178
33304
33384
33386
33454
33508
33586
33621
33663
33679
33864
33893
34037
34170
34348
34421
34549
34795
34831
34880
34981
35071
35073
35140
35358
35549
35571
35613
35824
35834
36156
36240
36347
36362
36368
36378
36438
36551
36806
36919
36988
37139
37194
37227
37254
37324
37348
37383
37425
37442
37460
37524
37592
37752
37764
37808
37815
37841
37936
37961
37973
38165
38369
38527
38543
38834
38870
39048
39067
39082
39106
39109
39172
39193
39244
39699
39797
39919
39942
40162
40415
40421
40478
40684
40691
40892
41092
41239
41255
41322
41813
41830
41851
42106
42164
42171
42253
42492
42513
42720
42857
42868
43061
43110
43243
43310
43327
43382
43391
43431
43486
43517
43730
44188
44444
44525
44653
44852
45020
45055
45237
45346
45371
45372
45628
45805
46121
46153
46345
46411
46617
46838
46839
46969
47015
47079
47233
47255
47306
47469
47717
47851
48045
48076
48185
48427
48518
48528
48559
48630
48679
48697
48880
48909
48946
49002
49004
49153
49499
49500
49621
49691
49770
50012
50018
50146
50187
50195
50394
50491
50695
50697
50909
51005
51025
51027
51029
51044
51219
51260
51286
51440
51470
51698
51810
51817
51943
51952
52219
52268
52316
52412
52460
52654
52848
52916
53015
53018
53042
53055
53105
53106
53157
53480
53492
53651
53777
53791
53807
53812
53945
53951
53960
53962
54279
54359
54385
54464
54757
54802
54846
54852
55155
55170
55194
55235
55281
55532
55631
55870
55983
56110
56246
56453
56697
56835
56871
56932
56939
56983
57032
57094
57419
57485
57677
57804
57898
57920
58160
58286
58316
58392
58421
58478
58612
59172
59472
59661
59703
60171
60226
60376
60439
60558
60673
60691
60700
60718
60790
60896
60901
60943
61013
61056
61071
61120
61200
61361
61403
61632
61662
61703
61901
62040
62072
62243
62390
62418
62604
62919
62935
63093
63147
63187
63199
63206
63210
63260
63418
63456
63458
63516
63740
63866
63928
63993
64003
64023
64072
64114
64187
64238
64385
64472
64564
64629
64725
64860
65138
65149
65229
65259
65329
65513
65572
65868
65883
65912
65939
66034
66084
66200
66313
66321
66332
66447
66503
66610
66676
66764
66795
67070
67082
67147
67198
67429
67511
67574
67883
67920
67922
67981
68137
68167
68169
68173
68544
68772
69199
69211
69675
69694
69779
69973
70091
70183
70262
70554
70709
70735
70893
71100
71341
71376
71467
71600
71611
71935
71959
72041
72104
72119
72136
72163
72179
72241
72424
72480
72570
72654
72690
72697
72977
73378
73416
73446
73509
73548
73695
73731
73782
73933
74026
74073
74121
74169
74192
74260
74336
74413
74527
74806
74817
74855
75367
75464
75488
75542
75560
75563
75758
75823
75826
75905
75985
76203
76279
76362
76370
76415
76515
76562
76565
76646
76770
76912
77022
77129
77222
77300
77422
77565
77581
77592
77757
77859
77908
77915
77985
78112
78303
78626
78659
78679
78764
78781
78938
78988
79105
79137
79264
79279
79331
79446
79589
79710
79814
79877
80080
80093
80101
80172
80173
80260
80295
80670
80749
81155
81207
81360
81374
81406
81487
81728
81772
81957
81972
81978
81999
82151
82240
82398
82495
82517
82526
82632
82658
82819
82942
83001
83162
83205
83271
83304
83346
83352
83750
83987
84103
84106
84259
84362
84363
84509
84641
84674
84699
84737
84770
84976
84987
85040
85238
85251
85290
85480
85538
85695
85753
85776
85809
85828
85917
86122
86142
86265
86300
86307
86336
86397
86495
86543
86595
86656
86762
86903
87026
87153
87156
87192
87232
87234
87284
87549
87590
88015
88136
88251
88275
88364
88457
88555
88624
88629
88668
88899
88916
88968
88993
89288
89424
89458
89739
89811
89829
89875
89895
90083
90332
90509
90521
90638
90640
90795
90833
90937
90997
91048
91574
91630
91659
91700
92057
92337
92339
92363
92535
92731
92809
92831
92974
93088
93128
93188
93237
93340
93397
93418
93474
93532
93670
93691
93761
93920
93932
93988
94016
94030
94064
94102
94228
94389
94469
94494
94571
94854
95144
95419
95541
95858
95884
96209
96723
96861
96913
97060
97075
97193
97280
97366
97602
97736
97752
98043
98072
98143
98250
98285
98431
98498
98586
98600
98721
98837
99349
99383
99603
99660
99679
99834
99918
100060
100088
100116
100205
100253
100316
100696
100723
100750
100889
100958
101022
101343
101433
101482
101581
101656
101832
101897
101937
101998
102205
102229
102275
102350
102440
102714
102821
102844
102858
102944
102979
103078
103122
103137
103231
103312
103518
103529
103546
103576
103627
103774
104000
104241
104401
104501
104507
104545
104597
104630
104672
104874
104996
105220
105226
105292
105369
105373
105607
105760
106010
106092
106244
106335
106502
106570
106605
106699
107050
107051
107094
107303
107566
107706
107842
107853
107874
107875
108017
108042
108059
108109
108110
108138
108264
108558
108604
108640
108646
108674
108725
108766
109047
109101
109209
109464
109569
109678
109985
110003
110302
110409
110414
110456
110492
110660
110661
110713
110848
110888
110919
110941
111188
111215
111266
111464
111530
111546
111622
111652
111927
112008
112038
112213
112268
112409
112550
112598
112631
113337
113377
113405
113412
113422
113425
113437
113562
113611
113810
113841
113929
113985
114087
114182
114227
114511
114603
114655
114668
114740
114761
114770
114788
114796
115058
115099
115232
115257
115437
115463
115470
115501
115552
115656
115844
115890
115917
116080
116299
116470
116638
116706
116821
116897
116915
116919
117061
117080
117115
117134
117161
117246
117255
117362
117402
117729
117850
118007
118009
118075
118078
118087
118150
118228
118502
118546
118565
118729
118961
118986
119032
119167
119226
119410
119441
119503
119571
119660
119665
120073
120247
120262
120311
120323
120489
120528
120661
120727
120812
120823
121142
121353
121401
121453
121490
121508
121694
121728
122131
122159
122225
122264
122612
122722
122824
122862
122950
123049
123052
123163
123174
123211
123377
123397
123521
123578
123857
123859
124118
124338
124464
124482
124483
124609
124862
124984
125039
125169
125322
125334
125374
125530
125795
125960
125967
125996
126035
126057
126135
126306
126419
126486
126666
126698
126856
127016
127028
127125
127381
127451
127493
127528
127589
127947
127974
128091
128155
128160
128276
128301
128540
128818
129052
129115
129281
129430
129448
129503
129652
129957
130190
130199
130329
130394
130406
130436
130615
130715
130755
130811
130867
130933
130977
131308
131453
131505
131663
131721
131792
131986
132105
132125
132740
132816
132820
132861
132866
133043
133141
133159
133339
133477
133538
133590
133635
133688
133723
133765
133884
133906
134030
134227
134327
134430
134540
134589
134675
134721
134758
134962
135031
135109
135179
135195
135380
135395
135564
135635
135720
135915
135940
136213
136251
136361
136380
136560
136649
136853
136913
137525
137556
137650
137678
138016
138051
138166
138200
138223
138428
138474
138536
138792
138897
138908
138952
139006
139298
139300
139370
139409
139410
139432
139448
139548
139665
139714
139723
139930
140092
140102
140224
140244
140319
140448
140488
140489
140490
140613
140775
140844
140972
141004
141260
141267
141336
141419
141450
141455
141565
141594
141602
141788
141915
141973
141983
142013
142386
142582
142658
142664
142668
142688
142696
142743
142770
142823
142893
143095
143149
143464
143499
143546
143594
143698
143755
143953
144229
144421
144437
144516
144539
144636
144654
144792
145064
145169
145186
145216
145233
145305
145411
145487
145538
145615
145676
145844
145915
146186
146250
146279
146773
146831
146865
146884
146993
146995
146996
147120
147171
147209
147235
147248
147293
147307
147311
147361
147364
147451
147469
147492
147518
147787
147825
147876
148187
148233
148384
148617
148658
148819
148895
148925
149042
149056
149057
149260
149325
149379
149545
149700
149724
149747
149849
149963
149990
150089
150227
150304
150399
150415
150448
150454
150475
150926
151012
151140
151236
151244
151295
151315
151320
151550
151580
151609
151678
151798
151923
151984
152004
152013
152079
152115
152160
152227
152292
152440
152680
152815
152873
152911
152919
152949
153135
153202
153252
153805
154029
154044
154058
154156
154190
154285
154325
154560
154831
154865
154971
155013
155036
155052
155174
155265
155308
155312
155352
155525
155679
155694
155819
155834
155862
155883
155986
156208
156334
156539
156559
156683
156768
156913
156996
157064
157196
157213
157312
157685
157734
157853
157887
157889
157891
157933
158055
158098
158107
158195
158244
158285
158326
158390
158448
158456
158474
158594
158623
158774
158800
158956
158963
159284
159412
159460
159589
159731
159827
159838
159874
159932
160141
160163
160175
160189
160197
160336
160426
160565
160589
160624
160767
160901
160990
161072
161134
161183
161423
161469
161774
161887
161935
162437
162573
162599
162676
162721
163005
163187
163211
163371
163382
163452
163486
163551
163687
163733
163793
163841
163917
164048
164835
164863
165045
165126
165179
165249
165290
165296
165303
165335
165533
165545
165559
165689
165806
165954
166172
166181
166261
166288
166391
166456
166762
167085
167155
167236
167274
167338
167641
167891
167912
168106
168122
168381
168611
168970
169088
169198
169258
169445
169599
169686
169733
170055
170149
170393
170427
170514
170870
171131
171352
171447
171806
171826
171850
171890
171923
171929
172013
172070
172113
172222
172236
172238
172291
172323
172570
172624
172736
172863
172900
173038
173114
173236
173251
173283
173285
173304
173322
173417
173506
173553
173694
173828
173922
173957
174031
174236
174285
174407
174414
174432
174707
174847
174928
174935
175029
175209
175232
175400
175431
175457
175462
175518
175557
175687
175912
175930
175944
175979
176228
176232
176332
176408
176429
176498
176909
176956
176995
177187
177324
177340
177359
177461
177574
177660
177677
177695
177745
177768
177792
177899
178065
178148
178235
178337
178544
178571
178675
178708
178734
179042
179540
179712
179744
179839
180076
180129
180157
180321
180643
180725
181271
181287
181382
181411
181518
181552
181573
181579
181612
181696
181848
181918
181934
181955
182244
182419
182504
182637
182643
182967
183069
183121
183338
183346
183460
183676
183826
183857
184071
184270
184294
184301
184338
184471
184536
184666
184673
184754
184896
184957
185152
185275
185276
185290
185296
185416
185445
185471
185600
185604
185625
185753
185826
186182
186372
186443
186485
186622
186842
186913
187012
187022
187179
187224
187249
187254
187373
187435
187450
187560
187598
187703
187710
187724
187954
188346
188447
188488
188490
188506
188579
188614
188652
188737
188787
189004
189152
189224
189273
189330
189451
189482
189494
189551
189565
189847
189945
189955
190054
190138
190186
190193
190315
190473
190571
190610
190778
190821
190831
190889
190890
191043
191324
191456
191497
191514
191524
191543
191548
191592
191905
192423
192647
192705
192728
192747
192883
192905
193023
193221
193254
193384
193525
193612
193669
193673
194175
194404
194558
194645
194647
194698
194739
194864
194982
195085
195105
195181
195247
195267
195305
195336
195337
195437
195512
195616
195633
195868
195893
195913
195929
195942
196012
196029
196484
196543
196730
196750
196938
196940
197171
197214
197280
197338
197382
197405
197413
197423
197542
197575
197872
197882
197971
198050
198123
198226
198366
198390
198400
198511
198693
198722
198936
199080
199151
199262
199327
199369
199371
199411
199414
199474
199706
199712
199796
199811
199890
199931
200046
200886
201167
201279
201344
201366
201389
201423
201614
201639
201699
201719
201871
202061
202102
202236
202288
202292
202344
202416
202638
202791
202792
202805
202908
202915
202925
203091
203164
203430
203739
203910
204128
204151
204295
204415
204501
204654
204735
204744
204759
204802
204821
204940
204942
205068
205230
205370
205496
205568
205641
205685
206053
206262
206356
206393
206463
206469
206762
206773
206779
206852
207081
207127
207228
207278
207291
207367
207465
207629
207682
207774
207950
207978
208303
208316
208372
208377
208421
208453
208473
208719
208730
208782
208894
208971
209154
209267
209384
209468
209543
209562
209636
209639
209883
209887
209977
210005
210062
210183
210240
210309
210341
210369
210380
210390
210444
210492
210805
210827
210921
211243
211268
211333
211359
211548
211600
211753
212136
212280
212454
212592
212624
212701
212924
212995
213287
213438
213490
213589
213644
213683
214043
214228
214232
214267
214304
214360
214374
214393
214442
214574
214634
214675
214960
215084
215111
215258
215369
215391
215452
215520
215566
215576
215637
215656
215960
215978
216127
216189
216267
216279
216442
216497
216657
216761
216782
216927
217156
217409
217430
217535
217578
217648
217805
217912
218183
218226
218247
218380
218506
218509
218510
218571
218606
218690
218789
218829
218842
218981
219336
219669
219756
219853
219889
219941
219947
219954
219997
220256
220287
220313
220322
220357
220369
220434
220583
220707
220718
220831
220920
220947
221140
221213
221259
221337
221340
221444
221506
221526
221580
221761
221900
222020
222206
222363
222454
222595
222679
222788
222793
223060
223076
223349
223424
223554
223657
223744
223751
223862
223939
224177
224186
224190
224311
224386
224452
224752
224805
224886
224941
225020
225056
225082
225102
225253
225337
225366
225552
225563
225672
225831
225843
226006
226030
226043
226047
226098
226103
226125
226306
226383
226397
226450
226467
226490
226516
226582
226585
226767
226771
226790
226820
226891
226943
227040
227317
227381
227461
227514
227626
227783
227788
227957
228009
228049
228055
228057
228070
228162
228288
228531
228534
228726
228958
229021
229034
229100
229115
229145
229169
229311
229513
229551
229571
229627
229668
229870
229958
230097
230107
230231
230234
230517
230756
230800
230811
230842
230952
230966
230992
231074
231271
231339
231526
231545
231573
231696
231747
232271
232347
232396
232446
232509
232573
232796
232916
232994
233064
233074
233098
233369
233559
233579
233718
233807
234134
234230
234251
234537
234588
234590
234662
235004
235007
235009
235153
235300
235457
235462
235504
235663
235886
235996
236022
236128
236338
236371
236483
236484
236520
236538
236573
236626
236671
236772
236815
236853
236865
236925
237076
237150
237538
237646
237715
237907
238071
238185
238197
238593
238691
238728
238743
239050
239125
239131
239159
239268
239303
239353
239418
239628
239651
239769
239836
239952
239989
239995
240060
240092
240107
240216
240282
240306
240597
240604
240713
240966
241229
241430
241501
241554
242007
242026
242064
242156
242179
242389
242677
242709
242926
243040
243108
243140
243222
243468
243566
244004
244345
244624
244755
245100
245140
245316
245366
245451
245529
245587
245652
245797
245887
246156
246180
246209
246253
246284
246401
246447
246631
246693
246727
246838
246884
247062
247075
247095
247099
247188
247219
247463
247478
247588
247613
247932
248615
248665
248734
249095
249315
249350
249425
249542
249579
249588
249647
249772
250014
250022
250199
250284
250394
250410
250472
250748
250802
250836
251000
251170
251320
251633
251841
251900
251929
252186
252219
252378
252551
252639
252912
253119
253123
253267
253380
253626
253697
253719
253818
253883
253936
254155
254245
254337
254570
254818
254940
255060
255064
255121
255132
255159
255257
255269
255369
255578
255754
255775
255937
255962
256103
256258
256287
256431
256649
256858
256888
256987
257013
257074
257313
257354
257487
257552
257691
257791
257935
258231
258249
258274
258445
258929
258946
259073
259216
259266
259390
259460
259548
259689
259760
259801
259839
259900
259975
260055
260061
260077
260082
260089
260168
260212
260387
260429
260593
260827
260835
260898
260918
260989
261016
261105
261110
261112
261289
261338
261440
261540
261646
261718
261979
262146
262227
262331
262351
262577
262590
262598
262607
262697
262761
263415
263690
264143
264215
264218
264334
264350
264410
264444
264560
264753
264770
264912
264933
265173
265240
265250
265260
265357
265704
266051
266199
266321
266518
266575
266577
266950
266984
267246
267358
267445
267460
267556
267711
267721
267756
268094
268440
268538
268846
269252
269257
269260
269453
269519
269635
269907
269943
269955
269994
270205
270229
270243
270384
270392
270428
270533
270707
270882
270889
270938
271105
271158
271176
271244
271506
271645
271799
271932
272300
272359
272583
272691
272788
272885
272895
272898
273016
273100
273181
273273
273425
273722
273752
273800
273888
273907
274038
274104
274256
274347
274359
274739
274976
274977
275083
275128
275194
275239
275280
275345
275520
275861
275985
276035
276155
276179
276269
276284
276300
276391
276537
276712
277129
277247
277266
277346
277639
277652
277694
277725
277780
277787
277886
278105
278255
278416
278503
278577
278761
278799
278807
278867
279044
279259
279413
279443
279488
279627
279749
279863
280017
280091
280561
280605
280761
280766
280893
280950
280979
281010
281157
281333
281414
281543
281577
281586
281815
281869
282019
282171
282391
282425
282500
282592
282693
282771
282898
282974
283121
283174
283310
283495
283725
284136
284276
284354
284463
284466
284636
284691
284768
284788
284797
284970
284978
285012
285045
285248
285343
285364
285385
285417
285485
285528
285615
285715
286007
286013
286093
286115
286143
286279
286532
286603
286702
286755
286823
286945
287014
287090
287136
287152
287331
287605
288160
288192
288287
288444
288521
288554
288617
288708
288729
288766
288901
289083
289253
289550
289588
289643
289662
289685
289699
289765
289795
289839
289842
289944
289967
290066
290087
290354
290368
290404
290523
290674
290788
290866
290944
290967
291062
291140
291413
291599
291617
291719
292237
292238
292431
292569
292719
292784
292822
292975
292982
293073
293179
293215
293259
293276
293411
293607
294193
294262
294326
294338
294407
294454
294970
294994
295009
295062
295128
295129
295291
295375
295413
295437
295528
295667
295778
295822
296090
296204
296355
296564
296749
296753
296806
296835
296935
296974
297153
297202
297384
297411
297590
297722
297788
298021
298059
298144
298148
298189
298274
298441
298602
299009
299044
299167
299405
299571
299580
299700
299721
299825
299942
300229
300236
300337
300339
300436
300609
300663
300767
300827
300868
300971
300987
301105
301315
301474
301509
301580
301611
301677
301725
301728
301844
302016
302026
302130
302262
302353
302598
302791
302833
302838
302914
302956
302962
303032
303100
303218
303674
303682
303819
303901
303961
303991
304040
304212
304243
304451
304656
304703
304880
304942
305263
305334
305343
305390
305477
305676
305847
305898
306088
306172
306332
306497
306757
306901
306978
306981
307017
307098
307105
307170
307229
307247
307346
307362
307386
307391
307498
307737
307763
307784
307785
307787
307832
307891
308106
308155
308210
308354
308586
308749
308802
308804
308820
308946
308996
309002
309152
309398
309654
309705
309717
309884
310052
310154
310288
310324
310345
310458
310472
310506
310523
310633
310812
310899
310978
311026
311059
311154
311165
311308
311498
311596
311727
311765
311865
311887
311969
311976
311986
312288
312378
312580
312613
312675
312680
312798
312846
312968
313016
313116
313160
313216
313384
313802
313927
314237
314285
314302
314690
314691
314881
314906
315194
315230
315260
315299
315354
315593
315701
315709
315769
315830
315881
315915
315953
315958
315999
316033
316099
316124
316136
316158
316167
316176
316879
316927
317002
317011
317228
317258
317352
317409
317425
317446
317474
317483
317503
317516
317645
317747
317847
317914
318080
318140
318161
318454
318604
318918
319003
319181
319194
319381
319769
319813
319841
319842
319935
319958
320038
320087
320107
320396
320452
320476
320504
320546
320748
320795
320983
321013
321106
321630
321661
321741
322068
322228
322787
322969
323024
323147
323164
323187
323206
323210
323709
323756
323783
323963
323964
324206
324308
324403
324590
324606
325046
325226
325341
325370
325403
325464
325514
325650
325983
326067
326080
326164
326227
326248
326289
326360
326415
326434
326463
326779
326832
326931
326998
327023
327037
327170
327340
327491
327659
327740
327804
327842
328047
328078
328682
328726
329076
329120
329137
329152
329182
329218
329238
329323
329345
329415
329594
329598
329628
329670
329699
329715
329855
329882
329901
330232
330425
330460
330515
330631
330646
330746
330747
330761
330962
330971
330991
331017
331030
331051
331055
331293
331373
331426
331436
331461
331644
331799
331800
331831
331886
331907
331944
332006
332091
332316
332359
332399
332427
332475
332676
332744
332789
332929
333023
333486
333640
333714
333763
334690
334949
335037
335054
335439
335460
335601
335623
335659
335790
335823
335878
336035
336147
336245
336257
336340
336412
336419
336478
336649
336682
336967
336971
337114
337119
337179
337191
337198
337223
337542
337648
337852
337897
337915
337983
338091
338115
338209
338227
338296
338361
338491
338623
338626
338629
339254
339406
339612
339643
339672
339823
339950
340075
340204
340244
340253
340276
340336
340561
340564
340883
340928
340975
341116
341174
341360
341626
341887
342168
342235
342546
342569
342588
342636
342680
342702
342821
342835
342844
342848
342912
343003
343034
343064
343082
343153
343198
343206
343243
343554
343575
343600
343606
343808
343847
343945
344247
344270
344528
344618
344694
344801
345314
345345
345404
345406
345545
345745
345785
345840
345955
346107
346111
346199
346379
346434
346450
346548
346763
346770
346844
347284
347298
347391
347567
347636
347842
347881
347955
348077
348092
348139
348165
348254
348268
348437
348494
348495
348583
348605
348800
348890
349015
349096
349159
349197
349230
349303
349315
349388
349389
349411
349425
349438
349601
349623
349791
349819
349932
350140
350166
350301
350338
350421
350540
350558
350659
350980
351207
351257
351388
351544
351570
351600
351645
351662
351748
351802
352126
352208
352263
352349
352383
352528
352535
352723
352725
352801
352873
353009
353032
353194
353270
353284
353452
353674
353755
353852
353883
354002
354066
354111
354116
354146
354186
354213
354306
354355
354409
354481
354572
354575
354595
354712
354882
354925
355128
355161
355339
355351
355352
355431
355583
355892
355893
356128
356202
356245
356464
356515
356803
356880
357095
357169
357289
357322
357362
357506
357652
358098
358196
358313
358345
358389
358538
358629
358758
358759
358809
358814
359011
359043
359226
359237
359349
359361
359401
359425
359637
359758
359761
359764
359814
359946
360005
360239
360252
360278
360335
360551
360582
360595
360608
360627
360751
360862
361062
361341
361565
361695
361907
361910
361954
362336
362403
362556
362648
362668
362670
362846
362891
362982
363092
363149
363180
363211
363240
363303
363385
363481
363482
363747
364121
364124
364136
364178
364224
364278
364341
364467
364894
364896
364933
365050
365052
365213
365357
365364
365551
365636
365711
365992
366056
366057
366101
366138
366363
366396
366653
366690
366717
366751
366824
366911
367046
367121
367207
367210
367298
367311
367945
368013
368077
368106
368229
368348
368532
368595
368689
368723
369261
369330
369419
369433
369441
369552
369553
369721
369873
369914
369922
369988
369999
370103
370201
370262
370307
370383
370416
370434
370475
370613
370727
370773
370782
370975
371342
371401
371474
371634
371738
371796
371922
371937
372025
372057
372149
372209
372248
372311
372325
372348
372353
372401
372437
372498
372668
372719
372837
372867
372915
372937
372952
373077
373104
373333
373459
373529
373562
373589
373680
373763
374050
374112
374248
374371
374429
374508
374565
374568
375162
375181
375194
375285
375662
375872
375889
376064
376072
376209
376256
376301
376405
376497
376510
376589
376601
376846
376885
377020
377039
377075
377141
377209
377226
377291
377448
377499
377513
377754
377759
378029
378109
378268
378419
378711
379040
379107
379323
379364
379462
379682
380119
380254
380345
380431
380469
380496
380533
380604
380983
381026
381133
381363
381574
381599
381612
381620
381828
381834
381843
381859
381912
382081
382349
382475
382515
382601
382873
382965
383011
383081
383087
383127
383136
383148
383164
383225
383278
383303
383326
383429
383437
383452
383522
383929
383945
384145
384148
384210
384239
384275
384401
384416
384432
384464
384492
384749
384782
384892
384950
385305
385329
385401
385566
385680
385682
385692
385708
385733
385762
385806
385882
385914
385924
385943
385962
385980
386060
386241
386546
386554
386608
386811
386871
386916
386984
387121
387172
387192
387287
387303
387588
387614
387942
388001
388048
388081
388206
388305
388452
388681
388855
388963
389007
389170
389195
389227
389264
389492
389630
389775
390004
390021
390038
390076
390216
390534
390693
390707
390857
390882
390960
390989
391349
391434
391603
391667
391812
391819
391831
391836
391902
391911
391961
392087
392263
392300
392377
392440
392497
392551
392594
392766
392832
392960
393035
393154
393335
393472
393508
393574
393623
393724
393778
394087
394136
394196
394204
394556
394570
394604
394637
394709
394747
394781
394814
395043
395164
395224
395480
395525
395612
395712
395724
395802
395878
395958
395981
396146
396222
396291
396443
396456
396459
396540
396599
396734
396759
396815
396837
396861
397025
397075
397199
397254
397258
397290
397334
397378
397406
397425
397482
397625
397650
397996
398010
398202
398207
398220
398278
398283
398411
398660
398990
399010
399055
399117
399237
399561
399604
399610
400037
400080
400212
400264
400265
400415
400523
400577
400690
400851
400857
400949
401012
401039
401177
401259
401292
401378
401490
401521
401707
401859
401958
401988
402277
402278
402478
402497
402599
402747
402764
402843
402892
402934
402972
403108
403416
403755
403949
404157
404186
404284
404327
404375
404408
404413
404613
404618
404662
404800
404832
404834
404873
404898
404912
405073
405079
405160
405178
405525
405534
405546
405550
405698
405794
405837
405855
406228
406344
406455
406498
406543
406544
406679
406705
406748
406755
406772
406912
407011
407026
407047
407098
407157
407217
407231
407278
407398
407710
407737
407748
407913
408087
408117
408146
408185
408308
408311
408317
408361
408485
408496
408554
408559
408623
408656
408838
409009
409054
409117
409138
409234
409246
409289
409402
409543
409799
409892
409912
410099
410158
410217
410353
410460
410673
410864
410882
411434
411471
411519
411618
411784
411894
412017
412035
412210
412313
412376
412495
412533
412539
412675
412720
412951
413016
413218
413224
413291
413306
413392
413992
414135
414187
414221
414293
414418
414503
414702
414710
414720
414999
415054
415108
415117
415296
415517
415527
416016
416049
416243
416346
416461
416565
416831
416853
416862
416959
417098
417236
417293
417303
417582
417672
417680
417730
417756
417790
417948
418021
418027
418124
418306
418518
418529
418796
418839
418884
418922
418992
419047
419055
419061
419081
419149
419227
419331
419356
419626
419665
419686
419915
419952
420077
420226
420250
420300
420638
420669
420860
420877
420932
420937
421122
421161
421387
421696
421697
421814
421933
421990
422062
422064
422314
422371
422411
422501
422730
422817
422894
423033
423062
423211
423349
423385
423492
423584
423613
423946
423960
424227
424306
424370
424421
424469
424612
424943
425030
425038
425097
425125
425347
425377
425378
425454
425489
425492
425543
425601
426182
426215
426256
426414
426422
426510
426657
426926
427152
427237
427307
427597
427779
427922
428016
428031
428090
428815
428828
428891
428925
428933
429007
429048
429077
429197
429275
429286
429321
429345
429390
429513
429859
429864
430017
430153
430366
430494
430627
430704
430786
430846
430980
431161
431263
431359
431369
431391
431415
431421
431503
431529
431669
431748
431791
431942
432361
432505
432601
432647
432652
432666
432942
433122
433422
433826
433882
433915
433929
433973
434055
434152
434276
434304
434416
434495
434669
434708
434842
434970
435072
435123
435213
435689
435717
435817
435855
435997
436068
436139
436237
436245
436257
436304
436314
436658
436669
436761
436767
436817
436919
437033
437126
437313
437481
437645
437701
437730
437853
437868
437946
438137
438264
438354
438433
438447
438456
438742
438774
438889
438904
438924
439239
439265
439303
439448
439487
439816
439852
439969
439988
440183
440266
440302
440310
440413
440497
440774
440976
441051
441111
441142
441580
441710
441713
441948
441969
442015
442106
442126
442577
442679
442726
442935
443081
443149
443162
443170
443219
443283
443571
443606
443637
443712
443744
443784
444141
444279
444343
444393
444431
444445
444511
444832
445295
445353
445369
445554
445636
445947
446186
446212
446289
446738
446871
446931
447052
447187
447206
447421
447461
447707
447756
447800
447963
448286
448305
448365
448559
448589
448619
448732
448737
448875
448985
448986
449169
449216
449407
449433
449536
449601
449840
450037
450089
450113
450130
450218
450332
450349
450539
450540
450734
450870
450945
450991
451208
451226
451377
451488
451548
451688
451814
451820
452129
452163
452168
452179
452269
452488
452543
452607
452655
452785
452793
452963
453197
453324
453352
453355
453370
453741
453779
453968
454149
454164
454222
454574
454651
454655
454773
454791
454929
455133
455166
455297
455390
455412
455454
455462
455640
455677
455725
455927
456028
456103
456261
456445
456524
456627
456712
456787
456794
456879
456949
457003
457016
457189
457285
457349
457368
457517
457554
457774
457899
457915
458562
458639
458837
458844
459460
459469
459527
459697
460205
460297
460377
460396
460644
460851
460856
460885
461125
461204
461216
461234
461353
461372
461500
461516
461621
461771
461822
461883
462107
462224
462228
462289
462425
462488
462583
462623
462894
463023
463170
463474
463490
464415
464536
464589
464882
464958
465006
465279
465434
465574
465624
465704
465749
465816
466059
466099
466200
466308
466671
466810
466929
466966
467034
467063
467171
467390
467973
468064
468232
468286
468480
468597
468682
468704
468719
468755
468779
468805
469020
469121
469151
469240
469248
469298
469414
469428
469437
469471
469536
469576
469756
469897
470019
470030
470050
470129
470218
470522
470611
470785
470825
471125
471159
471179
471258
471571
471588
471616
471667
471746
471803
471918
471924
472037
472131
472184
472243
472593
472595
472662
472776
472822
472904
472952
472977
473302
473489
473805
474036
474163
474524
474587
474662
474782
474846
474857
474875
474978
475172
475192
475218
475318
475320
475530
475536
475543
475566
475580
475743
475868
475904
475905
475919
475997
476295
476379
476632
476640
476647
476837
476839
476932
477066
477072
477109
477255
477283
477405
477482
477583
477592
477659
477888
478014
478076
478114
478229
478309
478359
478649
478768
478840
478967
478971
478984
479027
479053
479063
479311
479440
479472
479642
479686
479748
479775
480030
480032
480101
480106
480167
480185
480251
480265
480587
480908
480949
481089
481097
481187
481281
481342
481366
481434
481550
481653
481670
481815
481842
481885
482188
482382
482513
482786
482827
482830
482860
483044
483060
483084
483277
483331
483419
483451
483706
483727
483738
483783
484006
484323
484634
484864
485062
485137
485227
485308
485314
485394
485603
485815
485897
485909
486136
486161
486475
486489
486510
486609
486964
487096
487195
487343
487379
487416
487688
487739
487827
488019
488300
488399
488439
488479
488518
488577
488804
488952
488991
489003
489205
489252
489351
489470
489561
489605
489795
489972
490037
490199
490360
490463
490560
490582
490638
490808
490987
491389
491408
491525
491714
491745
491847
491869
491987
492007
492011
492059
492079
492101
492327
492498
492543
492577
492682
492760
492768
492771
492917
493135
493155
493174
493303
493446
493567
493579
493588
493598
493614
493847
493961
493972
494040
494122
494200
494239
494505
494595
494711
494733
494738
494747
494851
494884
494974
495058
495193
495240
495256
495282
495302
495375
495378
495397
495480
495595
495720
495723
495742
495755
495837
495936
495977
496077
496079
496152
496158
496386
496441
496455
496474
496517
496665
496713
496738
496922
497025
497153
497357
497406
497440
497589
497600
497612
497615
497673
497691
497797
497956
498009
498033
498463
498558
498595
498652
498662
498761
498809
498876
498913
499001
499091
499422
499423
499559
499607
499678
499769
499913
499983
500252
500267
500281
500330
500344
500458
500696
500708
500775
500783
500834
500976
501013
501198
501200
501338
501621
501644
501815
502079
502320
502333
502354
502374
502390
502539
502540
502592
502825
502835
502876
502994
503142
503401
503414
503462
503744
503836
503923
504229
504249
504422
504629
504705
504776
504884
504900
504927
504934
505009
505258
505317
505331
505360
505466
505528
505589
505665
505735
505889
505927
506297
506322
506344
506395
506448
506639
506788
506797
506855
506874
506911
507149
507199
507237
507264
507533
507574
507711
507822
507836
507922
507949
508073
508164
508315
508470
508513
508596
508919
508943
508955
508962
509055
509112
509161
509166
509193
509209
509250
509288
509435
509467
509498
509675
509697
509700
509888
509993
510031
510078
510116
510146
510208
510290
510304
510433
510448
510459
510580
510656
510779
510845
511088
511309
511323
511425
511506
511630
511780
512066
512170
512232
512280
512508
512518
512530
512634
512682
512718
512893
512995
513083
513182
513203
513458
513505
513546
513612
513625
513654
513826
513913
513944
514067
514075
514092
514111
514209
514312
514361
514595
514621
514695
514702
514716
514717
514775
514826
514829
514999
515059
515145
515165
515385
515724
515768
515773
515927
515948
515967
516321
516405
516462
516525
516574
516592
516725
516802
516882
516883
517071
517298
517367
517397
517483
517566
517574
517685
517762
517875
517934
518230
518465
518602
518849
518940
519041
519049
519073
519104
519155
519190
519284
519314
519362
519409
519411
519631
519664
519761
519816
519926
519983
520106
520266
520292
520329
520365
520425
520463
520599
520751
520779
520847
520858
520913
520962
521142
521403
521610
521617
521628
521683
521817
522222
522356
522464
522749
522814
523062
523115
523349
523391
523587
523802
523833
523867
524018
524084
524134
524321
524357
524434
524452
524490
524555
524714
524786
524901
525132
525139
525249
525380
525451
525491
525528
525544
525603
525633
525635
525713
525823
525920
525973
525977
525998
526040
526278
526401
526434
526539
526719
526721
526784
527117
527197
527294
527313
527330
527331
527463
527572
527727
527768
528028
528133
528192
528212
528270
528369
528438
528683
528851
528899
529104
529396
529397
529398
529466
529501
529600
529651
529691
529716
529799
529808
529912
530062
530092
530255
530374
530538
530668
530720
530761
530767
530884
530914
530942
530986
531086
531113
531117
531163
531412
531470
531663
531684
531727
531741
531785
531875
531922
531969
532007
532065
532086
532138
532274
532287
532593
532688
532768
532818
532867
532873
533026
533511
533521
533615
533634
533668
533704
533722
533970
534128
534180
534355
534376
534537
534946
535300
535314
535390
535395
535401
535435
535728
535860
535964
536009
536017
536073
536232
536294
536324
536348
536492
536528
536697
536872
537041
537334
537337
537353
537564
537622
537637
537706
537897
538032
538088
538116
538176
538285
538388
538405
538417
538469
538522
538605
538612
538717
538836
538930
538938
538947
539042
539146
539177
539214
539273
539399
539430
539453
539574
539761
539767
539809
539887
539921
539925
540007
540049
540098
540167
540221
540233
540345
540398
540407
540462
540569
540571
540680
540836
540854
541059
541101
541334
541417
541551
541613
541756
541779
541877
541895
542126
542129
542222
542230
542244
542476
542602
542656
542776
542887
542978
542987
543046
543101
543447
543542
543548
543744
543906
543955
543996
544160
544162
544280
544431
544587
544682
544699
544722
544852
544988
545111
545206
545286
545435
545506
545648
545674
545791
545796
545902
545917
545922
545929
546004
546143
546201
546374
546386
546450
546494
546533
546586
546699
546975
547071
547105
547298
547527
547542
547585
547602
547620
547746
547897
547971
548010
548123
548240
548261
548424
548427
548610
548769
548818
548856
548963
549210
549331
549343
549430
549481
549556
549640
549671
549715
549734
549887
549959
550088
550184
550250
550273
550356
550482
550893
551016
551038
551055
551113
551152
551367
551459
551480
551771
551981
552120
552286
552405
552449
552492
552512
552621
552652
552824
552834
552903
553017
553243
553371
553393
553619
553761
553900
554000
554084
554126
554205
554564
554591
554842
554847
554915
555170
555186
555263
555280
555336
555392
555479
555697
555720
555798
555819
555932
556007
556105
556107
556358
556359
556394
556547
556592
556754
556850
557053
557211
557304
557471
557543
557615
557635
557686
557785
557959
557998
558087
558152
558226
558316
558408
558413
558419
558430
558559
558707
558712
558778
558867
559037
559044
559070
559169
559173
559267
559274
559355
559364
559369
559515
559563
559698
559907
559925
560066
560082
560459
560514
560581
560738
560778
560873
560913
561291
561339
561379
561454
561516
561537
561781
561859
561887
562016
562028
562037
562102
562282
562422
562433
562540
562597
562681
562827
563027
563051
563089
563382
563411
563453
563809
563859
563914
564026
564112
564129
564272
564564
564817
565006
565019
565093
565137
565296
565310
565432
565549
565613
565700
565703
565771
565772
565863
565903
565935
566006
566061
566217
566232
566243
566295
566331
566356
566390
566460
566507
566749
566792
566841
566862
566948
566989
567032
567195
567246
567354
567395
567593
567614
567744
568124
568263
568444
568595
568616
568624
568657
568665
568723
568806
568882
568908
568931
568937
568977
569000
569450
569542
569585
569611
569640
569719
569766
569905
570035
570158
570196
570259
570469
570615
570858
570879
570905
570908
570947
571013
571067
571362
571587
571719
571778
571840
571861
572082
572205
572320
572354
572379
572417
572527
572664
572695
572730
572828
572859
572996
573404
573419
573450
573587
573599
573604
573622
573690
573762
573815
573906
573945
574000
574031
574077
574097
574858
575077
575228
575388
575432
575532
575555
575640
576004
576108
576178
576221
576223
576611
576634
576685
576708
576730
576806
576850
576903
576905
576924
576959
576980
576991
576993
577269
577363
577372
577411
577467
577507
577617
577633
577653
577717
577889
577892
578029
578039
578067
578068
578123
578168
578252
578395
578411
578442
578514
578598
578604
578784
578865
578886
578991
579016
579039
579091
579104
579127
579287
579375
579473
579556
579575
580058
580063
580207
580265
580476
580487
580662
580868
580874
580939
581088
581121
581194
581306
581364
581377
581388
581457
581473
581571
581608
581840
581853
581922
582019
582041
582142
582173
582247
582417
582727
582778
582831
582836
582955
583045
583119
583152
583164
583395
583411
583509
583537
583642
583666
583743
583783
583819
583843
584119
584210
584449
584544
584653
584780
584954
585054
585165
585213
585216
585257
585405
585456
585564
585589
585672
585830
586009
586101
586165
586370
586372
586374
586395
586567
586612
586620
586726
586796
586875
586943
587113
587137
587262
587349
587366
587590
587592
587628
587718
587859
587874
587920
588104
588161
588267
588357
588542
588619
588659
588739
588784
589065
589131
589330
589359
589614
589759
589764
589849
589885
590054
590315
590512
590604
590610
590647
590724
590824
590834
590883
590924
591022
591041
591214
591225
591456
591622
591623
591923
591942
591996
592034
592211
592258
592290
592636
592657
592662
592789
592983
593038
593046
593102
593238
593250
593412
593783
593826
593905
593985
594002
594222
594318
594380
594570
594722
594807
594881
594947
594990
595168
595321
595344
595476
595870
596373
596456
596781
596811
596842
596949
597386
597549
597653
597679
597815
598492
598635
598664
598731
598890
598976
599008
599047
599059
599257
599465
599499
599547
599625
599663
599792
599824
599886
600089
600100
600303
600449
600672
600901
600912
600991
600995
601039
601054
601070
601149
601160
601482
601557
601602
601668
601887
602035
602126
602138
602142
602379
602413
602529
602674
602781
602886
603050
603088
603244
603355
603356
603552
603682
603773
603902
603928
603986
604012
604044
604153
604203
604521
604741
604796
604849
604909
604947
604991
605066
605094
605377
605430
605547
605560
605781
605948
606133
606254
606299
606372
606443
606488
606626
606663
606720
606773
606848
606933
607057
607100
607301
607327
607469
607674
607719
607795
608268
608399
608444
608641
608756
608790
608802
608851
608893
608904
608968
608982
608983
608993
609302
609610
609762
609824
609825
609910
609941
610280
610489
610623
610626
610662
610673
610756
610778
610893
610976
611086
611128
611151
611174
611236
611288
611387
611464
611507
611615
611714
611728
611777
611966
612044
612213
612284
612436
612618
612677
612686
612738
612754
612876
612901
613151
613259
613277
613410
613514
613608
613705
613711
613744
613800
613821
613895
614266
614306
614339
614356
614413
614507
614521
614621
614624
615059
615101
615106
615132
615206
615211
615260
615286
615314
615409
615425
615593
615638
615703
615705
615880
616177
616257
616397
616425
616441
616601
616759
616924
617041
617070
617169
617255
617291
617299
617309
617382
617389
617626
617629
617655
617733
617765
617767
617775
617788
617908
617961
618057
618080
618092
618163
618164
618179
618249
618250
618255
618312
618659
618811
618891
618934
619181
619499
619542
619545
619605
619743
619749
619773
619810
619820
620090
620099
620167
620196
620375
620388
620518
620531
620610
620727
620941
620942
620972
621033
621141
621166
621496
621622
621758
621776
621876
621899
621965
621985
622143
622222
622243
622244
622310
622437
622533
622593
622805
622831
622884
622902
622915
623070
623130
623200
623446
623514
623766
623802
623827
623841
623915
623989
624193
624329
624349
624394
624780
625004
625163
625226
625426
625440
625464
625493
625686
625731
625828
625982
626113
626147
626207
626272
626377
626458
626731
626741
626773
626816
626830
626856
626902
626943
627106
627181
627329
627347
627416
627469
627628
628047
628179
628253
628595
628656
628902
628922
628930
628964
629029
629077
629224
629369
629470
629474
629502
629515
629623
629669
629962
630028
630371
630381
630400
630405
630490
630589
630592
630700
630747
630876
631068
631069
631133
631139
631141
631236
631240
631255
631291
631602
631668
631708
631715
631721
631757
631998
632009
632022
632066
632116
632140
632188
632327
632410
632439
632676
632892
632897
632945
633217
633256
633384
633413
633418
633441
633490
633593
633599
633638
633711
633728
633996
634000
634073
634171
634229
634244
634380
634455
634466
634563
634568
634650
634720
634840
634897
635204
635353
635410
635618
635668
635687
635715
635881
635914
636002
636051
636074
636174
636186
636317
636541
636610
637101
637148
637241
637534
637647
637795
637843
637862
638004
638019
638239
638405
638471
638562
638639
638653
638738
638816
638915
638928
639119
639311
639314
639404
639585
639629
639688
639693
639735
639760
639972
640016
640060
640151
640216
640332
640380
640768
641043
641156
641173
641515
641728
641740
641761
641849
641943
642069
642174
642331
642338
642478
642568
642587
643055
643134
643196
643203
643406
643525
644002
644095
644183
644251
644421
644703
644746
645128
645382
645608
645620
645746
645835
646024
646206
646236
646237
646343
646420
646449
646463
646495
646608
646658
646727
646973
647032
647081
647086
647115
647142
647336
647647
647737
647739
647814
647931
648054
648106
648135
648167
648225
648386
648802
649065
649161
649187
649292
649540
649781
649844
649909
649924
650027
650067
650076
650134
650150
650182
650356
650381
650449
650489
650515
650677
650680
650703
650732
650964
651065
651300
651344
651533
651565
651580
651747
651910
651918
652131
652173
652222
652320
652428
652615
652862
653083
653256
653270
653414
653479
653486
653569
653719
653961
653972
653982
654195
654639
654845
654868
654929
655211
655453
655582
655789
655882
655914
656062
656079
656179
656223
656359
656362
656413
656559
656611
656623
656860
656932
656935
657007
657008
657066
657333
657371
657514
657598
657629
657649
657746
657764
657875
658030
658130
658320
658365
658693
658700
658717
658854
658935
659270
659371
659447
659808
659874
659920
660083
660122
660452
660591
660601
660664
660772
660832
660954
661254
661268
661379
661391
661606
661674
661804
661819
662044
662052
662327
662354
662724
662792
662889
662981
663019
663194
663310
663333
663343
663366
663547
663620
663741
663947
663954
664200
664225
664236
664254
664263
664342
664413
664415
664577
664814
664819
664923
665053
665081
665121
665124
665135
665278
665308
665349
665388
665465
665470
665560
665784
665865
665929
665961
666006
666184
666195
666615
666757
666794
666863
666970
667019
667049
667071
667118
667241
667354
667390
667404
667443
667540
667558
667750
667757
667869
667899
667905
667909
667930
668136
668172
668265
668306
668336
668378
668391
668397
668500
668695
668724
668882
669039
669063
669142
669312
669394
669513
669523
669780
669966
670324
670353
670426
670688
670690
671125
671129
671306
671356
671416
671434
671453
671469
671507
671509
671605
671671
671693
671767
671878
671888
671938
671948
671957
671992
672074
672468
672677
672751
672804
673253
673398
673588
673702
673836
673909
673954
673979
674031
674120
674173
674183
674193
674266
674330
674627
674954
674990
675016
675120
675451
675476
675485
675659
675676
675788
675835
675844
676001
676365
676416
676424
676501
676730
676869
676953
676969
677009
677189
677426
677552
677579
677657
677878
677882
677966
677974
677982
678136
678442
678487
678629
678758
679098
679153
679218
679282
679366
679690
679737
679840
679899
679927
680099
680618
680709
680755
680946
681068
681123
681221
681272
681281
681452
681455
681714
681855
681857
682213
682301
682427
682472
682575
682681
682683
682689
682848
682912
682976
683063
683096
683358
683988
684173
684290
684463
684615
684745
684943
685082
685131
685210
685247
685313
685348
685453
685491
685517
685532
685666
685757
685786
685789
685952
686050
686265
686367
686532
686795
687000
687192
687743
687744
687758
687777
687891
688084
688194
688408
688449
688492
688528
688621
688706
688785
688798
688802
688879
688920
688927
688992
689032
689130
689194
689290
689534
689612
689639
689723
689801
689839
689856
689980
689981
690127
690282
690366
690610
690630
690690
690929
691129
691192
691238
691352
691676
691898
691984
691997
692087
692094
692167
692205
692221
692228
692255
692294
692300
692534
692538
692557
692597
692681
692823
692915
693055
693113
693178
693322
693341
693381
693464
693531
693536
693669
693692
693696
693731
693760
693857
693919
693942
694107
694197
694245
694298
694394
694436
694438
694468
694490
694515
694654
694731
694803
694813
694814
694967
695252
695533
695565
695611
695741
695761
695780
695811
695903
695948
696258
696277
696292
696468
696602
696738
696755
696948
697016
697046
697078
697156
697188
697541
697580
697828
697833
697929
697944
698027
698187
698331
698394
698563
698586
698685
698687
698848
698962
699151
699233
699337
699454
699505
699528
699694
699701
699934
700121
700155
700320
700737
700738
700744
700770
700839
700861
700885
701002
701088
701102
701140
701183
701293
701626
701773
701864
701868
701900
701941
702238
702347
702453
702483
702654
702702
703030
703038
703058
703082
703605
703687
703781
703863
703872
703875
703929
703933
703944
704042
704075
704083
704319
704496
704741
705190
705259
705352
705377
705389
705519
705565
705642
705826
705839
705873
705968
706013
706068
706089
706155
706187
706237
706396
706446
706562
706787
706911
706928
707009
707168
707209
707222
707256
707284
707567
707664
707700
707802
707807
708033
708034
708170
708171
708266
708361
708596
708613
708668
708731
708790
709070
709225
709286
709346
709424
709560
709682
709721
709810
710005
710119
710404
710426
710438
710512
710575
710631
710651
710771
710856
710867
710946
710976
711150
711219
711339
711366
711381
711491
711605
711707
711939
711944
712031
712039
712333
712382
712785
712812
713054
713077
713088
713262
713629
713651
714006
714015
714138
714140
714200
714334
714400
714490
714567
714647
714659
714768
714788
714811
714854
715104
715351
715377
715496
715620
715704
715935
715999
716059
716106
716109
716156
716166
716268
716301
716313
716314
716535
716870
716964
717028
717360
717376
717443
717524
717569
717574
717621
717633
717651
717713
717733
718089
718144
718157
718221
718228
718519
718580
718638
718681
718841
719044
719111
719225
719271
719364
719458
719556
719882
719970
720098
720105
720109
720119
720197
720393
720528
720877
721011
721034
721059
721084
721132
721194
721242
721344
721528
721532
721572
721666
721856
721914
721983
721989
722065
722199
722381
722455
722491
722547
722565
722607
722946
723044
723247
723393
723426
723614
723820
723836
723941
724085
724182
724213
724278
724370
724418
724545
724836
724871
724938
724954
725086
725116
725164
725213
725297
725300
725693
725772
725937
725938
725976
725987
726140
726211
726259
726261
726281
726339
726379
726421
726440
726469
726525
726833
727275
727315
727358
727762
727764
727825
727946
727963
728039
728155
728162
728223
728442
728448
728723
728726
728762
728849
729137
729149
729180
729186
729251
729345
729387
729484
729632
729806
729852
729892
729989
730006
730080
730114
730132
730154
730349
730353
730429
730593
730619
730623
730636
730659
730783
730904
730907
730925
731263
731274
731313
731432
731471
731491
731513
731664
731693
731705
731878
731908
732042
732194
732486
732496
732521
732576
732730
732766
732767
732993
733193
733318
733355
733474
733507
733567
733570
733704
733912
733960
733981
734043
734093
734312
734415
734434
734489
734545
734607
734912
734919
734943
735047
735048
735190
735341
735580
735690
735691
735759
735817
735894
735944
736064
736131
736249
736752
736771
736806
736881
736886
736905
736909
736940
736989
737066
737070
737318
737362
737421
737559
737594
737764
737766
737790
737862
737922
737990
738035
738240
738276
738277
738289
738604
738713
738759
738981
739039
739357
739360
739429
739469
739564
739773
739848
739850
739911
739933
739984
740110
740272
740329
740517
740757
740780
740845
740972
740985
741015
741054
741190
741456
741478
741500
741636
741724
741773
741781
741942
741950
741973
742018
742089
742263
742285
742463
742644
742669
742717
742819
743420
743439
743482
743524
743568
743626
743657
743715
743743
743914
744032
744266
744542
744559
744644
744690
744724
744767
744780
744838
744933
744970
744976
745052
745244
745267
745360
745374
745409
745430
745437
745567
745581
745747
745857
745878
746065
746071
746084
746185
746274
746525
746624
746626
746875
746920
747375
747390
747634
748300
748312
748379
748475
748617
748630
748805
748837
748841
749370
749465
749553
749574
749618
749715
749861
749941
749996
750263
750327
750471
750508
750730
750844
751271
751396
751400
751787
751873
751948
751982
752114
752142
752157
752282
752308
752313
752336
752489
752533
752663
752719
752988
753040
753085
753111
753121
753222
753301
753379
753402
753421
753498
753542
753543
753596
753605
753629
753794
753914
754017
754077
754134
754428
754485
754551
754696
754723
754828
754958
755125
755140
755177
755324
755591
755598
755634
755706
755848
755872
755958
755988
756058
756065
756086
756259
756291
756360
756509
756658
756668
756701
756890
757172
757310
757520
757536
757653
757872
757873
757992
758133
758190
758235
758256
758780
758968
759088
759194
759276
759312
759319
759336
759479
759509
759594
759719
759793
759838
759890
759909
759958
760094
760211
760317
760415
760466
760549
760674
760687
760750
760769
760774
761013
761206
761219
761307
761319
761410
761438
761511
761530
761547
761751
761760
761932
761948
762161
762188
762544
762559
762586
762775
762824
763073
763214
763787
764020
764061
764186
764224
764232
764296
764391
764555
764679
764692
764710
764807
764808
764843
764856
764864
764870
765415
765428
765449
765516
765543
765599
765891
766201
766654
766710
766721
766730
766919
767056
767071
767318
767359
767723
767819
767827
767874
767927
767984
768239
768309
768310
768368
768432
768590
768875
768907
769005
769029
769087
769195
769213
769386
769498
769526
769576
769645
769693
769886
769916
769977
769989
770168
770196
770340
770627
770659
770696
770784
771084
771091
771139
771222
771336
771339
771453
771715
771730
771746
771912
772110
772200
772212
772419
772644
772695
772719
772744
772798
773254
773256
773585
773760
773812
773916
773934
774046
774181
774220
774228
774384
774634
774680
774686
774752
774876
774914
775112
775175
775208
775216
775299
775370
775380
775477
775488
775506
775518
775581
775651
775652
775660
775768
775785
775885
776012
776047
776220
776254
776344
776363
776544
776552
776726
776841
776847
776859
777023
777049
777122
777150
777302
777456
777648
777657
777847
777852
777886
777890
777958
778249
778518
778649
778663
778685
778774
778840
779237
779315
779360
779459
779703
779734
779864
780018
780029
780166
780463
780827
780891
780902
781167
781424
781425
781432
781457
781495
781513
781614
781627
781653
781666
781741
781797
781850
781859
781907
782069
782128
782149
782159
782207
782399
782516
782658
782742
783027
783482
783593
783595
783626
783686
783688
783764
783883
784214
784379
784398
784412
784487
784605
784756
784765
784924
784991
785080
785105
785169
785207
785256
785830
786006
786043
786368
786638
786640
786663
786738
786835
786892
786912
786914
786953
786974
786976
787044
787045
787220
787265
787428
787549
787575
787640
787745
787847
787948
788006
788231
788234
788299
788510
788594
788800
789451
789454
789558
789614
789623
789708
789729
789732
789771
789873
789917
790071
790183
790200
790415
790428
790461
790577
790670
790768
790779
790813
790870
790939
791207
791245
791251
791474
791568
791620
791692
791698
791792
791805
791842
792022
792072
792427
792568
792623
792675
792707
792915
792920
792937
792938
792984
793154
793265
793271
793359
793413
793570
793831
793965
793995
794413
794562
794670
795008
795103
795164
795191
795806
795823
795934
795960
795974
796053
796060
796126
796276
796326
796400
796459
796632
796691
796763
796932
796963
797206
797260
797276
797433
797499
797544
797753
797876
797888
797960
798263
798288
798294
798351
798387
798417
798740
798771
799052
799366
799498
799634
799710
799768
799816
800022
800101
800181
800226
800290
800824
800840
800844
800868
800891
800896
801021
801030
801296
801405
801422
801511
801600
801629
801663
801838
801940
802229
802470
802791
802811
802915
803156
803230
803454
803490
803527
803546
803558
803774
804050
804082
804573
804582
804645
804700
804782
804930
805120
805396
805504
805515
805735
805742
805786
805853
805855
806006
806114
806236
806417
806496
806631
806796
806804
806827
806913
807295
807431
807466
807684
807716
807730
807839
807844
807919
807944
807997
808086
808118
808144
808252
808467
808521
808630
808747
808778
808831
808861
809107
809147
809190
809250
809580
809816
809914
809955
810056
810191
810229
810566
810667
810750
810780
810791
810801
810838
810840
810882
810884
810896
810924
810973
811578
811615
811658
811716
811764
811845
811858
811863
812036
812037
812057
812063
812071
812242
812350
812425
812574
812605
812767
812909
812960
813216
813289
813327
813352
813574
813611
813615
813643
813649
813822
813852
814170
814213
814306
814407
814480
814638
814861
814887
815053
815114
815169
815332
815382
815408
815515
815564
815832
816236
816374
816386
816504
816526
816536
816738
816758
816871
817027
817056
817091
817094
817279
817520
817572
817647
817704
817893
817928
817961
818235
818401
818571
818735
819008
819073
819235
819244
819477
819534
819630
819741
819788
819942
819974
820020
820044
820067
820092
820139
820143
820160
820171
820374
820756
820773
820823
820910
820973
821072
821126
821139
821143
821176
821215
821227
821330
821331
821498
821614
821802
822045
822244
822324
822433
822447
822621
822662
822812
823079
823339
823383
823413
823586
823588
823612
823823
823881
823905
823968
824092
824115
824146
824167
824172
824213
824234
824301
824450
824479
824583
824603
824710
824758
824771
824866
824880
824961
824982
825159
825204
825297
825402
825443
825585
825729
825754
825976
825987
826090
826113
826475
826504
826635
826667
826685
826686
826863
826954
826963
827234
827394
827531
827745
827761
827877
827987
828035
828156
828279
828299
828368
828530
828556
828620
828684
828693
828859
828895
828955
828995
828997
829241
829246
829656
829782
829942
830244
830253
830265
830367
830420
830483
830532
830596
830652
830677
830773
830821
830911
831006
831043
831066
831086
831252
831265
831301
831422
831538
831646
831677
831702
831736
831745
831910
831923
832258
832284
832347
832447
832775
832855
832910
832917
833148
833177
833408
833629
833813
834017
834072
834081
834098
834124
834190
834216
834257
834358
834461
834655
834682
834840
834889
834909
835062
835092
835102
835252
835356
835503
835529
835584
835658
835719
835740
835788
835934
835946
836064
836118
836254
836326
836390
836433
836548
836588
836747
836748
836866
837011
837068
837101
837248
837256
837284
837462
837489
837614
837661
837662
837670
837684
837730
837757
837779
837804
838121
838172
838264
838656
838699
838751
838855
838967
839048
839106
839173
839296
839315
839332
839391
839425
839663
839728
839978
839988
840244
840289
840461
840539
840545
840633
840766
840791
840802
840822
841002
841123
841228
841326
841509
841590
841598
841797
841862
841952
842038
842114
842122
842127
842236
842333
842512
842680
842796
842984
843063
843109
843311
843363
843542
843544
843564
843611
843708
843980
844157
844270
844402
844437
844460
844508
844515
844548
844725
844774
844873
845145
845236
845250
845348
845618
845958
846088
846148
846153
846235
846303
846358
846422
846428
846561
846677
846683
846814
846906
846936
847015
847055
847085
847215
847369
847444
847552
847672
847688
847774
847834
848007
848083
848095
848284
848581
848772
849046
849059
849074
849080
849106
849130
849172
849221
849359
849509
849666
849690
849756
849800
850018
850079
850413
850495
850524
850557
850674
850743
850832
850833
850980
851000
851026
851143
851167
851309
851541
851639
851709
851730
851774
851795
851861
851947
852087
852099
852427
852434
852471
852865
852894
853085
853135
853324
853377
853385
853439
853613
853729
853813
853828
853916
853925
854034
854120
854389
854415
854597
854666
854853
854982
855132
855163
855269
855275
855353
855452
855488
855665
855688
855767
855832
855920
856215
856441
856445
856490
856613
856618
856642
856680
856730
856778
856836
857075
857172
857326
857422
857495
857688
857721
857761
857771
857917
858097
858187
858199
858212
858461
858548
858554
858608
858812
859046
859070
859105
859177
859205
859256
859327
859439
859560
859583
859748
859981
860077
860163
860289
860306
860351
860694
860701
860849
860875
860933
860994
861014
861111
861116
861492
861785
861807
861929
862075
862130
862269
862315
862349
862445
862454
862472
862531
862659
862781
862802
862810
862988
863203
863368
863381
863415
863430
863514
863706
863736
863761
863799
863840
863991
863998
864004
864197
864640
864878
865026
865034
865215
865290
865302
865333
865361
865535
865602
865670
865769
865803
865835
865971
866009
866058
866329
866367
866405
866416
866616
866661
866703
866722
866924
866964
867141
867264
867290
867316
867500
867646
867668
867675
867845
868104
868134
868308
868419
868432
868484
868501
868671
868753
868803
868963
869033
869319
869361
869423
869460
869561
869782
869793
869991
870003
870120
870293
870301
870334
870346
870375
870445
870561
870564
870682
870868
870875
870910
870917
870959
870998
871011
871059
871100
871155
871316
871343
871445
871491
871558
871742
871761
871769
871777
871889
872017
872145
872170
872204
872231
872248
872280
872351
872419
872429
872458
872592
872815
872832
872862
872922
873063
873290
873363
873604
873636
873637
873732
874026
874036
874224
874286
874447
874498
874813
874971
875052
875149
875270
875293
875304
875315
875653
875676
875717
875723
875810
875955
876203
876316
876389
876431
876658
876713
876725
877017
877035
877238
877420
877633
877689
877911
877960
878157
878296
878327
878356
878457
878617
878625
878755
878789
878808
878814
878916
878940
879049
879232
879257
879401
879435
879474
879521
879544
879800
880288
880501
880648
880780
880839
880912
880958
881010
881017
881038
881159
881315
881399
881404
881406
881540
881621
881626
881751
881772
881828
881911
881991
882141
882427
882442
882470
882504
882511
882547
882605
882694
882932
883018
883034
883124
883177
883320
883368
883432
883544
883609
883831
883856
883897
883926
883945
883964
883980
884046
884187
884242
884292
884363
884374
884561
884747
884784
885013
885339
885352
885362
885410
885443
885910
885923
885945
886108
886129
886146
886163
886192
886362
886440
886466
886554
886615
886657
886715
886906
886918
886995
887238
887344
887360
887419
887696
887883
887891
887904
887940
888312
888336
888346
888676
888704
888821
888837
888874
888955
889019
889020
889088
889090
889174
889221
889388
889532
889680
889692
889770
889943
890276
890372
890462
890740
890768
890786
890793
890817
891005
891160
891451
891492
891508
891528
891561
891620
891711
891716
891725
891726
891748
891836
891979
891990
892032
892105
892211
892324
892424
892467
892505
892640
892760
892962
892976
892981
893054
893212
893239
893371
893450
893521
893640
893660
893700
893824
893933
894050
894122
894153
894444
894521
894722
894743
894755
894801
894829
894872
894936
894985
895026
895069
895285
895287
895418
895489
895620
895827
896124
896215
896257
896469
896551
897008
897027
897238
897324
897545
897547
897552
897557
897558
897571
897610
897728
897733
897777
897781
897848
898084
898148
898195
898208
898262
898497
898549
898561
898600
898666
898869
898893
898929
899080
899464
899534
899618
899621
899793
899847
899921
900074
900355
900564
900629
900690
901151
901184
901243
901290
901351
901533
901535
901591
901735
901772
901814
901933
901947
902060
902159
902218
902277
902301
902355
902432
902452
902527
902530
902552
902629
902715
902716
902770
902773
902827
902940
903018
903277
903305
903527
903545
903604
903838
903850
903907
903962
904018
904335
904338
904342
904534
904594
904681
904718
904726
904831
904978
905082
905359
905609
905758
906042
906146
906185
906277
906351
906527
906588
906619
906638
906686
906695
906798
907082
907086
907464
907487
907632
907640
907664
907858
907862
907864
907876
907975
907985
908027
908151
908285
908288
908501
908520
908546
908561
908578
908714
908735
908742
908749
908754
908855
908923
908947
908976
909313
909349
909427
909461
909642
909651
909744
909850
909966
910221
910353
910361
910547
910580
910606
910636
910655
910675
910722
910734
910754
910825
911038
911053
911061
911188
911192
911252
911407
911408
912000
912339
912363
912448
912673
912849
912861
912968
913052
913088
913125
913162
913176
913260
913370
913446
913662
913696
914070
914125
914128
914144
914180
914302
914485
914861
914970
915008
915055
915186
915341
915374
915455
915538
915549
915618
915909
915997
916010
916023
916091
916201
916312
916351
916354
916369
916413
916490
916667
916775
916822
916826
917199
917241
917288
917333
917759
917842
917856
918113
918290
918324
918565
919017
919122
919127
919203
919319
919326
919714
919811
920082
920218
920464
920516
920825
921128
921189
921193
921210
921381
921499
921575
921611
921697
921892
922207
922218
922261
922442
922664
922784
922812
922855
922862
922937
923028
923029
923265
923595
923723
923772
923841
923908
924020
924140
924178
924186
924241
924314
924546
924702
924709
924859
925304
925311
925438
925545
925552
925599
925614
925766
926096
926292
926445
926536
926622
926640
926731
926970
927091
927118
927211
927262
927391
927400
927488
927757
927851
927910
927911
928247
928375
928405
928473
928670
928762
928816
928855
928868
928948
928972
928981
929072
929181
929501
929630
929640
929879
929983
929985
930064
930152
930228
930260
930319
930323
930410
930452
930563
930950
931055
931080
931379
931512
931541
931602
931723
931754
931905
931990
932039
932226
932331
932365
932426
932637
932795
932896
932945
932970
932971
933038
933087
933174
933419
933440
933441
933510
933712
933717
933743
933806
933825
933852
933866
933923
933979
934042
934251
934266
934290
934423
934450
934469
934518
934539
934583
934614
934839
935026
935034
935268
935313
935365
935508
935511
935514
935534
935666
935750
935820
935861
935882
936104
936107
936203
936228
936331
936430
936533
936699
936754
936792
936881
936995
937078
937179
937189
937274
937453
937813
938028
938273
938337
938415
938450
938492
938500
938547
938684
938894
939091
939121
939447
939459
939481
939725
939927
939949
940064
940173
940276
940339
940352
940396
940441
940451
940753
940859
940863
940874
940925
941160
941199
941251
941439
941487
941537
941602
941623
942040
942062
942120
942215
942418
942642
942893
942964
943237
943354
943551
943657
943775
943834
943840
943900
943919
944101
944252
944282
944329
944416
944418
944611
944654
944926
945056
945120
945213
945289
945381
945593
945632
945994
946088
946194
946212
946271
946327
946589
946906
946971
947008
947149
947263
947402
947430
947544
947554
947557
947792
947906
948072
948119
948282
948303
948343
948350
948463
948469
948511
948530
948669
948686
948778
948878
948917
949027
949070
949188
949356
949906
950115
950389
950403
950509
950548
950600
950804
950813
950941
950952
951121
951135
951345
951574
951589
951604
951681
951813
951990
952119
952136
952207
952402
952409
952501
952682
952825
952890
952961
952982
953054
953090
953131
953190
953193
953231
953279
953396
953474
953827
953870
953988
954030
954319
954334
954415
954423
954427
954460
954544
954660
954672
954679
954771
954846
954999
955041
955071
955124
955299
955568
955654
955801
955805
955835
955887
955899
956325
956478
956579
956680
956760
956773
956805
956809
956836
957058
957069
957229
957324
957528
957555
957576
957931
958205
958370
958394
958443
958648
958799
958800
958993
959023
959193
959331
959397
959419
959499
959667
959857
959938
959997
960015
960065
960117
960213
960221
960238
960255
960316
960327
960510
960523
960529
960686
960765
960790
960803
960896
961234
961286
961491
961495
961512
961583
961611
961655
961673
961808
961844
962077
962147
962316
962335
962383
962552
962599
962671
962707
962773
963145
963319
963506
963597
963642
963713
963965
964477
964540
964871
965021
965067
965096
965218
965250
965319
965325
965428
965461
965493
965621
965772
965777
965823
965865
966009
966024
966097
966101
966105
966118
966321
966365
966401
966468
966470
966474
966613
966733
966923
966935
967179
967183
967186
967188
967371
967948
967981
968108
968156
968170
968317
968350
968352
968548
968597
968687
968771
968862
968895
968972
968980
969802
969896
969995
970084
970125
970519
970689
970933
971174
971276
971340
971349
971363
971479
971598
971627
971708
971855
971875
972021
972025
972276
972365
972622
972629
972763
972799
972995
973115
973592
973742
973819
973865
973866
973955
974246
974347
974401
974599
974648
974657
974707
974874
974961
975017
975137
975178
975191
975200
975262
975285
975306
975520
975587
975639
975652
975861
975912
976067
976101
976225
976263
976268
976273
976313
976422
976425
976547
976756
976762
976883
976974
977105
977127
977173
977198
977218
977513
977648
977855
977972
977988
978003
978051
978161
978181
978204
978367
978373
978460
978557
978583
978633
978671
978697
978894
978920
979299
979316
979339
979542
979589
979631
979678
979761
979762
979844
979863
979932
979980
980000
980021
980155
980223
980261
980388
980460
980563
980606
980653
980660
981163
981229
981261
981460
981477
981662
981835
981926
981962
982028
982242
982302
982594
982621
982622
982627
982661
982995
983221
983258
983357
983406
983450
983509
983535
983686
983823
983853
983919
984079
984243
984327
984410
984457
984489
984540
984553
984560
984630
984733
984864
984903
985197
985268
985284
985624
985653
985691
985722
985761
985801
985804
985857
985921
985974
985986
986313
986423
986576
986700
986725
986731
986744
986847
986891
986959
987033
987354
987428
987439
987469
987475
987569
987598
987600
987618
987654
987726
987728
987743
987861
988325
988374
988379
988466
988495
988576
988777
988822
988835
988863
988877
989022
989032
989063
989143
989374
989375
989402
989406
989696
989825
989898
989938
989946
989979
990095
990110
990149
990215
990259
990263
990300
990308
990377
990396
990417
990613
990746
990939
990943
991068
991127
991348
991479
991584
991707
991711
991719
991778
991831
991979
992016
992106
992181
992282
992287
992438
992445
992458
992534
992679
992737
992837
992851
992983
992997
993038
993050
993096
993241
993243
993422
993445
993455
993456
993500
993550
993650
993665
993816
993850
993873
993901
993987
994151
994277
994427
994493
994557
994563
994582
994583
994682
995107
995163
995200
995243
995338
995530
995537
995625
995765
995878
995926
996143
996334
996507
996566
997105
997243
997303
997367
997423
997592
997630
997726
997825
997863
997890
997924
997977
998018
998050
998073
998074
998139
998150
998230
998331
998604
998642
998834
998893
999157
999259
999372
999416
999556
999616
999656
999770
999780
999897
999932
