17
213
237
298
313
330
358
591
725
790
812
1199
1207
1213
1254
1265
1355
1416
1660
1740
1813
2012
2105
2146
2148
2219
2283
2386
2394
2435
2478
2487
2493
2524
2547
2571
2576
2592
2627
2751
2940
3231
3375
3431
3455
3544
3845
3860
3870
4071
4079
4147
4159
4160
4318
4404
4467
4470
4519
4654
4753
4860
4994
5069
5219
5593
5690
5759
6024
6061
6094
6127
6364
6505
6533
6535
6710
6726
6912
6955
7074
7106
7331
7359
7450
7517
7549
7610
7780
7815
7887
7897
7899
7917
7976
7995
8141
8154
8167
8170
8201
8294
8297
8440
8451
8647
8663
8669
8731
8750
8879
8916
9063
9067
9143
9195
9227
9483
9695
9824
10310
10555
10855
10975
10987
11008
11243
11259
11418
11470
11639
11782
11834
11945
11969
12072
12185
12238
12314
12532
12694
12788
12893
12977
13015
13041
13043
13140
13156
13162
13192
13201
13206
13287
13318
13373
13402
13519
13555
13568
13640
13694
13801
13980
14062
14203
14236
14260
14268
14500
14561
14711
14877
14941
14944
14949
15053
15110
15123
15197
15456
15667
15686
15698
15854
15998
16144
16232
16253
16256
16309
16379
16391
16403
16487
16617
16658
16660
16715
16748
17061
17132
17347
17650
17682
17788
17821
18152
18198
18244
18465
18479
18739
18759
18787
18848
18903
18992
19008
19048
19057
19212
19217
19372
19690
19803
20007
20071
20178
20180
20232
20269
20513
20760
21097
21160
21229
21244
21444
21453
21487
21576
21590
21695
21758
21861
22016
22057
22064
22145
22149
22277
22303
22356
22372
22445
22553
22555
22589
22623
22703
22827
22988
23454
23622
23646
23679
23713
23790
24152
24246
24256
24303
24436
24450
24459
24806
24810
24908
25082
25218
25592
25876
25992
26191
26292
26316
26416
26423
26450
26497
26507
27103
27378
27515
27527
27751
27812
28038
28225
28295
28320
28334
28511
28604
28613
28653
29037
29064
29103
29127
29132
29213
29418
29477
29577
29579
29655
29838
29916
30130
30252
30282
30300
30410
30424
30444
30471
30478
30501
30637
30772
30849
30892
31680
31739
31809
31820
32011
32330
32352
32400
32431
32546
32696
32711
33045
33099
33101
33213
33322
33581
33823
33911
34187
34251
34371
34602
34657
34906
35249
35281
35343
35499
35621
35806
35922
36002
36069
36201
36301
36386
36402
36552
36555
36712
36892
36896
36993
37130
37169
37303
37438
37611
37703
37788
37833
38033
38074
38100
38170
38231
38515
38565
38611
38626
38729
38766
38926
38945
38990
39011
39038
39105
39115
39187
39251
39305
39366
39516
39590
39632
39853
39859
40213
40454
40473
40545
40575
40890
40943
40961
41071
41127
41167
41324
41407
41478
41517
41570
41589
41809
41993
42016
42066
42276
42312
42338
42344
42377
42496
42500
42742
42865
42888
42944
42969
43126
43171
43559
43942
44261
44330
44374
44447
44477
44521
44526
44578
44680
44874
44924
45064
45082
45136
45152
45226
45404
45428
45595
45603
45604
45660
45692
45789
45831
45965
46041
46059
46308
46324
46422
46492
46512
46826
47030
47284
47355
47404
47455
47581
47752
47773
47798
47991
48026
48278
48399
48494
48645
48951
48958
48976
48986
48999
49098
49265
49353
49419
49713
49855
49983
50052
50107
50384
50386
50545
50561
50567
50831
50906
50944
51096
51338
51468
51551
51588
51676
51773
51779
51848
51871
51936
52046
52270
52314
52373
52477
52526
52575
52617
52858
53070
53134
53315
53325
53387
53505
53708
53815
53974
54088
54205
54335
54474
54706
54849
55089
55208
55701
55729
55808
55812
55917
55996
56156
56163
56351
56361
56607
56746
56859
56937
57210
57348
57409
57519
57543
57678
57850
57862
57894
57975
58125
58176
58230
58247
58302
58417
58430
58436
58522
58599
58622
58651
58715
58802
58829
58858
58881
58939
59221
59249
59395
59622
59846
60014
60017
60304
60337
60389
60413
60438
60697
60759
60998
61002
61007
61128
61204
61327
61393
61407
61430
61474
61551
61674
61750
61874
61918
62094
62190
62306
62374
62527
62551
62807
62910
63192
63331
63340
63481
63699
63790
63801
63858
63859
64544
64752
64770
65189
65215
65338
65378
65446
65647
65771
65775
65874
65916
65935
65936
65941
65954
66001
66112
66143
66312
66334
66382
66457
66468
66543
66585
66657
66877
66966
66978
67126
67260
67284
67332
67460
67619
67849
67860
68011
68116
68126
68188
68298
68300
68400
68603
68661
68919
68957
69006
69161
69272
69280
69477
69488
69703
69994
70053
70064
70175
70401
70432
70663
70944
70947
70975
71076
71103
71282
71305
71346
71568
71688
71838
71839
72058
72093
72145
72193
72836
72903
72905
72980
73038
73053
73157
73193
73255
73326
73483
73584
73590
73633
73685
73723
73774
73914
74401
74461
74686
74702
74865
75111
75212
75483
75849
75869
75927
76166
76182
76542
76567
76573
76583
76613
76634
76638
76852
76885
77116
77121
77446
77614
77662
77732
77752
77854
78060
78227
78519
78579
78651
78720
78737
78956
79040
79081
79090
79169
79375
79403
79409
79577
79867
79907
79998
80035
80144
80160
80186
80201
80227
80297
80362
80407
80546
80594
80770
80919
80931
81194
81201
81385
81418
81446
81529
81578
81773
81918
82129
82135
82179
82356
82394
82404
82519
82547
82559
82591
82825
82830
82888
83041
83047
83284
83291
83305
83535
83617
83716
83861
83940
84037
84192
84218
84231
84365
84474
84487
84507
84628
84660
84768
85151
85184
85198
85324
85350
85378
85386
85541
85609
85868
85880
86019
86096
86132
86164
86194
86264
86363
86383
86411
86598
86613
86680
86682
86787
87014
87138
87142
87178
87210
87286
87313
87322
87375
87466
87490
87532
87593
87736
87749
87785
87860
87952
88089
88148
88173
88287
88293
88332
88337
88341
88378
88389
88473
88534
88547
88784
88864
89009
89056
89079
89192
89198
89486
89669
89731
89765
89872
89920
90075
90213
90242
90604
90666
91019
91062
91142
91375
91428
91438
91472
91625
91817
91934
92137
92198
92237
92621
92622
92841
93086
93132
93160
93214
93282
93339
93347
93365
93417
93437
93448
93456
93592
93648
93690
93931
94302
94475
94509
94715
94805
94847
95038
95039
95224
95236
95278
95285
95326
95412
95519
95678
96065
96227
96390
96406
96512
96518
96521
96782
96857
97091
97100
97111
97195
97530
97543
97554
97846
97910
97953
97985
98001
98167
99102
99159
99308
99781
99828
99920
100029
100055
100076
100288
100392
100539
100578
100709
100815
100848
100991
101272
101437
101454
101494
101518
101739
101795
102116
102221
102260
102341
102524
102563
102590
102602
102700
102737
102837
102946
102960
103020
103058
103071
103216
103344
103404
103453
103545
103555
104087
104116
104157
104175
104211
104250
104477
104483
104508
104514
104616
104804
104892
104931
105020
105162
105595
105625
105693
105768
105858
105922
105966
106066
106141
106444
106538
106651
106765
106839
106856
106993
107389
107434
107484
107490
107961
108029
108077
108103
108195
108215
108307
108510
108637
108805
108947
109036
109189
109248
109303
109437
109592
110185
110270
110551
110926
111039
111081
111137
111258
111340
111526
111685
111763
112129
112182
112265
112396
112398
112509
112696
112700
112706
112769
112799
112853
113145
113203
113208
113285
113557
113624
113866
113871
113961
113994
114133
114347
114516
114517
114535
114653
114835
114988
115387
115390
115420
115453
115520
115685
115705
116055
116267
116342
116412
116429
116598
116882
116961
117009
117049
117307
117380
117633
117734
117800
117857
117910
117959
118058
118205
118449
118547
118832
118857
118965
119100
119251
119422
119624
119628
119698
119937
119964
120017
120167
120473
120495
120540
120797
120810
120838
120866
121149
121259
121365
121558
121692
121718
121855
121859
121860
121900
121931
121937
122111
122450
122580
122618
122624
122674
122910
122936
123182
123191
123287
123329
123406
123496
123546
123638
123652
123747
123919
123939
123950
124079
124174
124289
124361
124386
124473
124521
124553
124741
124799
124864
125006
125067
125074
125214
125348
125481
125584
125711
125852
125853
125985
126101
126263
126290
126320
126328
126364
126417
126549
126561
126607
126644
126703
126748
126840
126884
127009
127047
127079
127098
127160
127248
127373
127454
127564
127580
127581
127735
127895
128318
128343
128346
128404
128880
128907
128962
129045
129162
129164
129217
129243
129537
129541
129583
129676
129688
129815
129900
129978
130155
130285
130358
130475
130580
130702
130784
130849
130885
130927
130929
131016
131053
131129
131156
131282
131364
131400
131487
131515
131652
131655
131777
131806
131819
131928
132008
132017
132027
132058
132211
132302
132388
132465
132500
132656
132736
132764
132953
133065
133353
133377
133423
133439
133517
133544
133695
133709
133793
133819
133888
133996
134116
134150
134229
134353
134409
134411
134424
134432
134538
134600
134692
134903
135004
135207
135217
135355
135390
135404
135558
135629
135658
135777
135901
135907
135975
136254
136356
136641
136680
136687
136922
137029
137040
137051
137297
137543
137796
138005
138056
138129
138427
138435
138723
138768
138776
138838
138886
138981
139020
139263
139308
139325
139399
139499
139518
139531
139556
139622
139654
140021
140125
140197
140309
140467
140588
140639
140664
140745
140760
140793
141066
141086
141097
141099
141221
141581
141694
141700
141726
141757
141794
142117
142131
142149
142200
142235
142278
142323
142355
142364
142369
142506
143214
143390
143407
143515
143732
144012
144039
144262
144372
144446
144712
144714
144734
144744
144745
145056
145158
145347
145398
145421
145491
145542
145589
145594
145616
145673
146051
146130
146141
146342
146456
146532
146558
146616
146668
146701
146925
146966
146987
147161
147173
147195
147289
147312
147342
147382
147473
147770
147806
147847
147911
147934
148124
148212
148311
148434
148472
148524
148758
148792
148996
149036
149066
149124
149261
149266
149328
149562
149645
149710
149718
149733
150027
150049
150579
150878
150897
151057
151174
151195
151263
151287
151294
151311
151313
151343
151374
151377
151419
151421
151659
151741
152041
152112
152231
152309
152344
152345
152374
152434
152572
152659
153099
153218
153266
153389
153472
153478
153531
153555
153565
153610
153619
153971
154048
154082
154118
154172
154200
154294
154569
154746
154792
154819
154866
154931
155395
155456
155461
155889
156105
156140
156211
156254
156287
156419
156524
156578
156607
157065
157104
157325
157405
157508
157623
157703
157802
157807
157868
158066
158105
158237
158321
158368
158454
158495
158529
158564
158717
159242
159294
159295
159531
159539
159555
159602
159647
159844
159951
160002
160014
160096
160402
160428
160464
160484
160528
160677
160689
160743
161024
161152
161228
161249
161257
161336
161377
161391
161459
161690
161809
161820
161832
161898
161959
162043
162158
162164
162300
162385
162435
162438
162619
162670
162781
162817
162949
163046
163058
163074
163142
163243
163256
163490
163491
163510
163550
163781
163897
164021
164066
164377
164419
164565
164595
164637
164641
164979
165071
165205
165390
165671
165855
165896
165898
165924
165996
166033
166121
166215
166395
166815
166887
167000
167094
167199
167279
167295
167378
167392
167420
167531
167585
167689
167886
167909
168003
168101
168187
168286
168382
168400
168432
168537
168553
168556
168592
168825
168834
168875
169161
169374
169421
169438
169465
169535
169825
169894
170010
170123
170179
170212
170431
170533
170543
170684
170685
170772
170892
170909
170911
170919
170923
170945
171048
171142
171228
171325
171414
171476
171539
171659
171767
171885
172026
172155
172175
172301
172307
172549
172601
172755
172834
172887
172940
172968
172976
173049
173065
173296
173430
173454
173512
173592
173737
173766
173877
174025
174195
174367
174368
174672
174865
175117
175144
175157
175252
175293
175463
175575
175695
175716
175786
175820
175855
175873
175977
176079
176087
176104
176189
176196
176315
176405
176457
176534
176623
176856
176935
176942
177079
177241
177250
177563
177620
177626
177707
177852
177853
177970
178020
178024
178051
178192
178207
178262
178329
178376
178396
178458
178461
178816
178818
178959
179107
179635
179734
180082
180190
180192
180239
180457
180496
180610
180693
180771
180774
180810
181413
181534
181756
181774
181932
181986
181990
182048
182106
182147
182168
182217
182228
182230
182234
182266
182320
182362
182431
182539
182549
182584
182606
182715
182730
182748
182775
182803
183035
183282
183502
183626
183795
183825
183869
183878
184029
184131
184178
184237
184645
184676
184689
184769
184813
184815
184834
184901
184942
185022
185240
185265
185346
185672
185718
185838
185890
185915
185928
185976
185986
186152
186202
186331
186421
186558
186673
186980
187099
187177
187565
187658
187708
187786
187789
187806
187873
188035
188044
188206
188269
188371
188396
188426
188592
188838
188870
189044
189046
189047
189111
189331
189553
189560
189742
189838
189928
189995
190285
190355
190376
190442
190483
190487
190570
190705
190880
190931
191089
191118
191152
191406
191407
191409
191609
191662
191692
191702
191719
191797
191858
191949
192056
192066
192184
192269
192675
192694
192819
192978
193026
193076
193117
193137
193150
193349
193605
193662
193760
193977
194074
194092
194226
194288
194476
194652
194667
194841
194923
194955
194961
194981
195246
195641
195669
195736
196314
196337
196375
196451
196464
196539
196646
196780
196849
196851
197065
197136
197400
197466
198243
198365
198467
198491
198620
198681
198967
198981
199007
199102
199104
199175
199184
199244
199293
199364
199539
199592
199626
199830
199831
199900
200393
200649
200713
200858
200973
201124
201133
201159
201207
201260
201355
201441
201448
201660
201810
201822
202098
202341
202405
202513
202527
202708
202811
202877
203039
203067
203211
203298
203310
203388
203470
203500
203552
203568
203737
203833
203925
203926
204088
204124
204170
204326
204345
204407
204480
204490
204607
204634
204847
204930
205214
205251
205303
205524
205755
205824
205830
205832
205937
206027
206105
206135
206272
206344
206475
206487
206655
206685
206901
207071
207136
207213
207226
207361
207501
207656
207680
207765
207885
207995
208026
208036
208230
208705
208770
208964
209056
209158
209169
209249
209395
209672
209976
210472
210574
210593
210647
210666
210716
210777
210868
210994
211535
211589
211621
211650
211682
211883
211947
212095
212306
212574
212645
212675
212808
212837
213050
213053
213144
213387
213469
213859
213869
214321
214373
214614
214697
214728
214990
214996
215117
215269
215388
215393
215509
215581
215614
215640
215839
215917
215981
215983
216077
216167
216190
216191
216524
216580
216608
216610
216764
216801
216839
216894
216896
216938
217271
217280
217553
217573
217665
217669
217830
217843
217913
217918
218097
218377
218469
218653
218871
218909
219686
219832
220067
220070
220083
220157
220326
220329
220347
220389
220515
220621
220758
220805
221040
221095
221114
221418
221457
221575
221593
221747
221832
221895
222004
222038
222103
222115
222137
222201
222248
222249
222302
222321
222333
222407
222527
222743
222841
223067
223294
223326
223356
223449
223507
223531
223724
223771
223924
223940
224031
224133
224229
224270
224360
224368
224439
224471
224526
224726
224861
225090
225567
225657
225702
225724
225748
225763
225788
225906
225931
226000
226178
226368
226399
226611
226636
226723
226812
226935
226992
227006
227026
227062
227181
227187
227273
227466
227494
227725
227733
227761
227837
227881
227922
227968
228153
228242
228354
228512
228545
228715
228810
228976
229057
229224
229284
229419
229433
229530
229542
229594
229611
229735
229944
229968
229976
230016
230048
230172
230506
230562
231068
231226
231257
231431
231580
231628
231725
231905
231979
232016
232039
232118
232180
232187
232228
232324
232365
232385
232423
232624
232691
232698
232742
232766
232894
233056
233117
233137
233415
233523
233525
233564
233680
233745
233791
233820
233832
233872
234063
234254
234438
234521
234650
234794
234978
235003
235012
235087
235231
235401
235583
235821
235851
235930
235953
236063
236138
236205
236332
236333
236405
236510
236652
236755
236782
236824
236827
236937
237098
237210
237462
237534
237566
237595
237614
237655
237772
238009
238164
238200
238454
238499
238562
238597
238607
238647
238759
238783
238822
238948
239023
239069
239070
239089
239267
239279
239360
239371
239471
239510
239675
239863
239960
239996
240071
240144
240285
240327
240466
240529
240556
240654
240751
240752
240798
241201
241419
241445
241507
241577
241600
241629
241869
242042
242069
242078
242162
242290
242461
242636
242875
242979
242986
243064
243079
243100
243201
243258
243294
243313
243322
243419
243547
243549
243627
243639
243890
243987
244079
244101
244102
244144
244197
244226
244384
244399
244947
245029
245154
245365
245388
245394
245549
245567
245628
245755
246054
246095
246202
246444
246642
246652
246719
246751
246816
246877
247031
247191
247407
247505
247532
247682
247696
247762
247771
247843
247873
248090
248129
248190
248238
248248
248379
248570
248613
248825
248921
248966
248982
248990
249229
249235
249253
249299
249388
249438
249483
249616
249637
249732
249782
250251
250257
250260
250277
250432
250461
250491
250693
250762
250906
251061
251131
251258
251725
251826
251870
251955
251970
252036
252220
252412
252464
252469
252624
252680
252686
252691
252743
252768
252779
252793
252858
252916
253137
253153
253398
253429
253605
253828
253831
253973
254113
254133
254163
254173
254205
254259
254309
254357
254360
254434
254637
254695
254765
254789
254932
254975
255112
255211
255379
255418
255759
255923
255970
256361
256411
256469
256690
256827
256850
256878
256880
256959
256989
257004
257144
257152
257237
257261
257349
257390
257420
257459
257466
257518
257572
257719
257741
257881
257944
257996
258044
258120
258770
258814
258876
258977
259123
259150
259223
259275
259338
259410
259643
259715
259795
259993
260022
260070
260131
260555
260647
261221
261298
261351
261386
261556
261568
261581
261607
261666
261748
261750
261781
261826
261889
262060
262236
262415
262442
262535
262562
262795
263209
263269
263296
263383
263464
263501
263617
263875
263895
263910
264207
264222
264297
264359
264422
264463
264615
264834
264980
265167
265192
265267
265275
265510
265863
265907
265943
266107
266117
266130
266454
266473
266494
266630
266727
266774
266955
266976
266995
267199
267219
267379
267480
267490
267665
267927
267965
268001
268178
268230
268242
268362
268472
268515
268551
268607
268707
268781
268932
269031
269206
269288
269314
269341
269388
269419
269422
269581
269658
269761
269776
269941
270112
270262
270425
270571
270625
270714
270745
270767
270822
270905
270922
270956
271259
271337
271357
271366
271399
271422
271601
271939
272025
272088
272099
272114
272272
272602
272684
272803
272976
272992
273094
273116
273149
273151
273207
273468
273471
273657
273661
273664
273733
273771
273956
273979
274061
274126
274176
274400
274425
274699
274713
274797
274847
274857
274952
274997
275024
275096
275266
275465
275483
275523
275633
275887
275934
275943
276093
276469
276602
276627
276650
276688
276830
276846
276935
276942
277159
277182
277613
277618
277637
277690
277726
277761
277887
277919
277941
278155
278319
278336
278403
278514
278656
278850
278869
278926
278994
279069
279133
279159
279310
279342
279487
279498
279549
279565
279623
279667
279767
279773
280009
280053
280087
280277
280367
280409
280453
280518
280600
280631
281167
281240
281540
281748
281868
281902
282014
282208
282230
282887
283016
283073
283171
283359
283444
283576
283602
283659
283871
283964
284040
284349
284511
284587
284639
284760
284776
284985
285003
285056
285216
285234
285269
285277
285329
285380
285620
285630
285645
285727
285774
286108
286180
286350
286421
286507
286512
286588
286596
286710
286959
287127
287256
287525
287578
287764
287774
287917
287960
288062
288193
288385
288497
288904
289219
289410
289464
289465
289664
289751
289766
289850
289938
290207
290299
290569
290682
290834
291024
291061
291068
291402
291469
291547
291560
291645
291981
292005
292015
292047
292541
292543
292553
292664
292683
292998
293034
293060
293159
293192
293217
293229
293278
293335
293549
293578
293593
293655
293700
293791
293829
293868
293898
293921
294012
294048
294201
294220
294265
294305
294456
294677
294879
294948
295190
295273
295515
295624
295919
295920
296107
296168
296347
296350
296437
296512
296714
296779
296901
296962
296998
297040
297131
297138
297329
297355
297406
297416
297505
297511
297552
297707
297805
297836
297902
298049
298185
298317
298342
298410
298416
298428
298722
298754
298770
298775
299034
299062
299137
299169
299176
299246
299433
299446
299459
299723
299794
299841
299874
299899
299945
299975
300175
300226
300239
300273
300328
300329
300372
300452
300480
300498
300612
300621
300881
301018
301312
301317
301323
301406
301429
301523
301650
301845
301988
302271
302276
302387
302583
302699
303257
303276
303290
303388
303505
303594
303659
303664
303675
303747
303751
303837
303956
304220
304494
304579
304665
304895
304897
304924
304926
304931
304957
304991
305464
305557
305700
305736
305741
305820
305924
306273
306316
306329
306416
306560
306644
306663
306750
306810
306818
306820
306859
306872
306943
307000
307003
307244
307257
307500
307876
308110
308140
308193
308325
308450
308594
308603
308656
308665
308827
308861
308932
308957
308970
309033
309081
309149
309356
309360
309423
309462
309488
309619
309628
310203
310291
310370
310626
310638
310716
310914
311004
311085
311185
311197
311200
311363
311415
311556
311583
311623
311872
311906
312197
312451
312474
312653
312762
312770
312822
312958
313094
313242
313267
313313
313412
313536
313612
313676
313717
313884
314001
314061
314278
314567
314747
314787
314802
314839
314846
315149
315191
315259
315267
315323
315392
315405
315417
315479
315575
315774
315785
315949
315960
316006
316031
316073
316082
316088
316134
316465
316550
316947
317036
317319
317423
317428
317547
317550
317591
317745
317755
317785
317874
317963
317996
318027
318233
318275
318316
318375
318392
318439
318490
318641
318682
318693
318729
318752
318846
318849
318972
319014
319082
319314
319345
319441
319561
319650
319780
319869
319913
319948
319949
319996
320007
320327
320332
320436
320437
320697
320772
320892
321039
321208
321231
321392
321493
321507
321509
321559
321798
321806
321838
321839
321869
322008
322089
322204
322209
322237
322280
322309
322315
322415
322849
322867
322876
323014
323160
323175
323306
323544
323686
323824
323880
324006
324058
324111
324177
324215
324402
324441
324555
324556
324612
324628
324866
324930
324975
325107
325289
325454
325488
325699
325725
325778
325788
325797
325803
325931
325999
326004
326100
326218
326332
326345
326483
326544
326753
326924
327240
327256
327276
327455
327788
327916
327917
327972
327979
328310
328346
328719
328725
328932
328938
329157
329308
329707
329848
329892
330257
330305
330414
330431
330445
330470
330512
330635
330705
330713
330752
331042
331310
331352
331375
331481
331614
331773
331785
331796
331967
332037
332269
332391
332425
332449
332668
332844
332942
333018
333196
333213
333214
333283
333363
333403
333500
333743
333825
333875
334244
334253
334498
334540
334583
334739
334750
334789
334965
335013
335073
335178
335396
335429
335618
335821
335968
336063
336358
336470
336645
336774
336961
337117
337135
337158
337299
337357
337449
337549
337696
337701
337836
337861
338062
338213
338284
338336
338408
338663
338860
339165
339388
339444
339556
339561
339761
339832
339904
340020
340127
340280
340445
340448
340489
340498
340562
340594
340604
340667
340990
341008
341125
341166
341194
341216
341275
341314
341458
341523
341670
341700
341953
342096
342175
342242
342282
342486
342513
342555
342769
342843
342934
343019
343044
343261
343335
343354
343619
343625
343666
343719
343788
343869
344022
344372
344437
344708
344820
344896
344926
345015
345087
345145
345414
345447
345514
345696
345845
345972
346197
346282
346435
346539
346748
346846
346899
346957
347059
347300
347301
347481
347566
347605
347794
347914
348061
348095
348142
348194
348204
348327
348493
348612
348652
348868
349131
349155
349196
349245
349287
349318
349422
349479
349758
349777
349927
349934
350084
350086
350256
350371
350377
350419
350554
350661
350695
350728
350733
350736
350752
350852
350892
351139
351175
351209
351243
351340
351363
351490
351535
351545
351597
351737
351789
351799
351842
351905
351906
352095
352162
352277
352334
352432
352514
352553
352656
352810
353109
353232
353410
353447
353578
353693
353754
353879
353936
353995
354105
354172
354401
354405
354514
354571
354637
354726
354767
354812
355034
355037
355060
355116
355168
355178
355227
355248
355255
355292
355340
355342
355377
355519
355539
355957
355988
356046
356206
356604
356673
356710
356744
356848
357038
357063
357137
357242
357319
357517
357539
357584
357702
357734
357854
358201
358208
358656
358703
358714
358729
358795
358835
358878
359233
359268
359888
359973
360071
360107
360284
360332
360415
360427
360654
360727
360754
360885
360947
360968
361022
361048
361202
361272
361277
361402
361405
361409
361447
361490
361617
361657
361674
361799
361817
362196
362308
362399
362458
362462
362488
362523
362703
362719
362722
362740
362784
362879
362911
363208
363393
363524
363699
363703
363795
363867
363910
363928
364031
364068
364097
364322
364338
364363
364850
365054
365089
365095
365164
365309
365339
365458
365692
365945
366466
366553
366618
366851
366858
366907
366945
367103
367172
367205
367624
367711
367722
367818
367927
367929
368008
368035
368244
368249
368266
368504
368863
368950
369005
369036
369108
369173
369236
369320
369390
369596
369623
369655
369742
369774
369954
370024
370062
370423
370461
370661
370827
370895
371033
371159
371179
371185
371194
371220
371259
371261
371278
371328
371812
372160
372219
372455
372651
372741
372750
372921
372966
373026
373114
373115
373137
373172
373359
373417
373447
373455
373587
373624
373672
373783
373816
374048
374264
374354
374424
374437
374449
374455
374493
374578
374876
374877
374959
375026
375092
375469
375667
375784
375824
376053
376103
376152
376546
376615
376691
376905
376952
376970
377066
377126
377276
377504
377556
377572
377621
377889
378000
378055
378131
378134
378148
378177
378578
378703
378745
378981
379018
379023
379071
379144
379169
379198
379473
379919
380237
380267
380466
380480
380628
380746
380798
380851
380888
381067
381127
381255
381327
381387
381390
381514
381639
381941
381950
381973
381974
382075
382194
382247
382299
382305
382398
382533
382825
383025
383159
383537
383551
383575
383708
383766
383838
383961
384040
384044
384102
384204
384405
384598
384693
384715
384730
384854
384875
384903
385086
385106
385118
385250
385440
385469
385511
385515
385525
385563
385595
385648
385666
385997
386067
386097
386129
386131
386375
386521
386624
386956
386982
387025
387099
387180
387297
387386
387483
387575
387677
387688
387840
387959
387960
388024
388076
388451
388568
388573
388648
388936
389010
389036
389047
389049
389183
389224
389261
389296
389370
389465
389480
389571
389623
389838
389957
390023
390087
390179
390222
390266
390278
390411
390525
390561
390577
390621
390664
390984
391000
391417
391435
391704
391764
391826
391859
391877
391974
392091
392184
392480
392849
393317
393442
393479
393518
393716
393806
393807
394004
394122
394161
394343
394358
394499
394557
394660
394663
394678
394851
394859
394909
394915
394961
394993
395032
395042
395123
395314
395413
395515
395639
395686
395696
395713
395793
395856
396126
396212
396245
396449
396676
396709
396729
396860
397022
397118
397158
397193
397396
397449
397648
397854
397965
397979
398000
398311
398342
398393
398422
398491
398542
398664
398719
398762
398889
399115
399222
399794
399842
399843
399971
400174
400211
400313
400372
400398
400548
400591
400639
400730
400808
400917
401209
401278
401326
401534
401554
401580
401647
401668
401729
401744
402101
402214
402219
402596
402608
402633
402688
402766
402950
402995
403046
403058
403162
403534
403627
403784
403789
403839
404117
404273
404576
404604
404609
404694
404810
404813
404824
404886
404943
404998
405010
405062
405068
405094
405188
405232
405319
405338
405527
405575
405595
405726
405739
405905
405978
405989
406103
406411
406428
406489
406585
406587
406683
406802
407030
407167
407169
407238
407249
407270
407485
407545
407590
407747
407883
408043
408142
408259
408275
408469
408532
408573
408633
408914
408942
409111
409163
409186
409356
409435
409628
409702
409732
409976
410130
410153
410305
410315
410483
410536
410582
410785
410871
410931
411051
411056
411220
411244
411311
411432
411705
411709
411720
411792
411937
412031
412080
412616
412625
412688
412707
412756
412822
412952
413130
413132
413307
413404
413571
413751
413770
413791
414001
414121
414346
414357
414453
414483
414575
414623
414665
414778
414783
414913
415069
415189
415204
415287
415479
415760
416161
416324
416730
416795
416845
416860
417112
417131
417363
417481
417748
417918
417922
417987
418143
418250
418395
418443
418516
418576
418587
418671
418830
418840
418864
419001
419028
419048
419106
419265
419319
419370
419380
419391
419451
419469
419718
419821
419852
419999
420099
420160
420366
420410
420521
420715
420741
420904
421080
421156
421196
421214
421269
421392
421762
421851
422127
422250
422435
422903
422929
422978
423037
423266
423338
423453
423506
423519
423534
423659
423827
423997
424597
424850
424915
425078
425094
425244
425471
425631
425961
426066
426225
426252
426396
426465
426533
426927
426940
426963
427131
427139
427240
427341
427360
427462
427496
427631
427645
427817
427820
427869
427895
428132
428136
428284
428380
428714
428841
429004
429378
429403
429524
429676
429797
429798
429823
429886
429913
429986
430218
430283
430374
430418
430426
430451
430555
430650
430661
430743
430824
430909
431003
431009
431065
431223
431310
431393
431769
431960
432074
432259
432296
432305
432363
432533
432637
432669
432759
432891
433005
433313
433373
433394
433414
433438
433653
433728
433928
434118
434261
434291
434369
434410
434500
434723
434737
434744
434828
434845
434852
434869
435002
435127
435271
435293
435310
435326
435437
435533
435552
435610
435631
435666
435753
435881
436129
436131
436158
436514
436697
436717
436820
436865
436908
436918
436934
436957
436968
436992
437076
437299
437344
437501
437695
437848
437864
437955
437999
438049
438060
438416
438656
438711
438878
438962
439095
439222
439259
439287
439290
439377
439442
439486
439683
439731
439832
439884
439996
440027
440087
440120
440132
440229
440252
440329
440403
440432
440443
440452
440546
440552
440813
440856
440867
441098
441331
441501
441683
441684
441795
441952
442196
442322
442468
442515
442686
442757
442864
442933
443046
443078
443263
443276
443359
443411
443413
443487
443604
443683
443733
444002
444139
444156
444196
444594
444633
444773
444789
444876
444887
444948
445084
445252
445413
445637
445674
445845
445867
445910
445918
445974
445985
446053
446075
446161
446399
446424
446446
446535
446669
446922
446971
447046
447068
447235
447258
447340
447716
447770
447829
447854
447933
447950
448020
448107
448271
448326
448544
448617
448850
448907
448941
449006
449028
449041
449256
449265
449361
449596
449623
449669
449793
449839
450206
450234
450254
450463
450832
451012
451123
451206
451265
451444
451578
451617
451680
451835
451964
451989
452017
452071
452762
452905
453218
453347
453472
453691
453773
453841
453855
454280
454440
454593
454677
454691
454802
454876
455035
455094
455129
455280
455313
455740
455788
455832
456138
456319
456374
456534
456560
456706
456850
456924
457187
457278
457307
457651
457731
457772
457912
457988
458074
458208
458322
458346
458561
458622
458697
458718
458800
459003
459011
459106
459449
459845
460316
460345
460490
460497
460617
460694
460970
461042
461092
461094
461109
461240
461241
461295
461465
461530
461558
461637
461641
461656
461903
461976
462027
462074
462357
462604
462611
462651
462684
462783
462806
462923
462975
463029
463192
463226
463245
463281
463379
463389
463512
463716
463730
463982
464065
464090
464126
464331
464403
464564
464738
464906
465186
465243
465254
465256
465304
465529
465556
465675
465727
465860
466065
466401
466546
466686
466835
466993
467017
467134
467186
467219
467344
467878
467884
467996
468016
468023
468331
468424
468430
468470
468521
468894
468908
468931
469225
469349
469391
469543
469739
469807
469894
470271
470402
470561
470765
470933
471033
471057
471147
471176
471472
471539
471541
471554
471576
471769
471784
471805
471825
471986
472017
472099
472128
472236
472260
472310
472317
472395
472464
472539
472688
472796
473087
473136
473382
473385
473419
473420
473458
473541
473565
473647
473712
473808
474129
474230
474251
474286
474419
474579
474781
474840
474874
475242
475298
475319
475343
475346
475633
475652
475692
475884
475888
475892
476042
476049
476117
476210
476381
476493
476504
476612
476661
476772
476807
476865
476910
476996
477172
477173
477320
477370
477587
477758
477991
478006
478010
478068
478165
478220
478329
478389
478410
478543
478580
478671
478818
478884
478887
478892
479243
479321
479516
479571
479626
479691
479837
479942
480020
480049
480197
480228
480367
480440
480468
480522
480558
480585
480710
480740
480803
481059
481106
481131
481206
481507
481576
481767
481879
482102
482112
482183
482216
482249
482255
482533
482677
482685
482806
482932
483081
483110
483119
483182
483399
483670
483799
483881
483955
484185
484235
484371
484497
484685
484861
484880
484989
484992
485050
485096
485150
485266
485408
485430
485691
485761
485887
485939
486095
486271
486335
486394
486418
486446
486542
486735
486895
486902
486926
486938
486981
487062
487139
487143
487185
487222
487298
487314
487396
487397
487398
487466
487508
487512
487641
487659
487814
487939
488009
488031
488041
488076
488152
488221
488234
488265
488289
488451
488502
488579
488622
488875
489020
489140
489308
489386
489437
489536
489591
489676
489790
489888
489908
489919
489929
489982
490135
490394
490467
490497
490501
490527
490529
490596
490611
490798
490803
490851
490939
490942
491443
491509
491777
491823
491863
491880
492329
492491
492500
492539
492551
492578
492623
493015
493138
493149
493203
493313
493554
493737
493837
493981
494011
494191
494225
494234
494406
494410
494534
494797
494911
494930
495048
495053
495110
495204
495209
495312
495338
495423
495444
495594
495759
495817
495878
495917
495937
496504
496663
496723
496826
496899
496942
496947
497141
497236
497271
497415
497431
497501
497546
497710
497727
497736
497920
497992
498338
498389
498458
498490
498673
498787
498856
498898
498938
499064
499238
499301
499475
499556
499706
499720
499848
499941
499950
500027
500032
500092
500242
500327
500386
500398
500723
500743
500802
500803
500882
501002
501035
501053
501437
501446
501678
501806
502088
502457
502751
502817
502822
502945
503051
503105
503148
503150
503216
503230
503275
503382
503391
503507
503526
503535
503584
503615
503672
503728
503800
503942
503958
504068
504171
504330
504494
504499
504926
505039
505097
505273
505291
505350
505400
505556
505770
505985
506022
506050
506057
506301
506396
506464
506576
506903
506930
506941
507157
507196
507382
507568
507593
507894
508024
508144
508292
508565
508683
508718
508752
508984
508993
509028
509358
509397
509413
509425
509461
509509
509589
509673
509716
509840
510013
510378
510438
510445
510561
510673
510737
510805
510903
511066
511177
511195
511206
511211
511253
511335
511389
511505
511532
511543
511656
511680
511712
511733
512227
512256
512267
512441
512476
512568
512596
512612
512653
512658
512669
512694
512763
512795
512852
512866
512879
512990
513210
513229
513295
513337
513515
513664
513800
513822
513850
513900
513956
513958
513994
514109
514141
514392
514447
514516
514603
514768
514875
514974
515045
515100
515271
515376
515628
515690
516019
516408
516466
516476
516643
516887
516953
516961
516986
517082
517115
517233
517272
517273
517283
517778
517906
518002
518420
518503
518702
518839
519071
519237
519259
519433
519511
519553
519633
519693
519709
519822
519888
520059
520195
520288
520311
520347
520414
520640
520881
520923
521153
521298
521349
521392
521513
521574
521615
521621
521647
521726
521785
521828
521857
521858
521887
521909
521929
522011
522344
522429
522475
522507
522537
522573
522593
522808
522879
522975
523055
523170
523282
523305
523321
523411
523433
523490
523590
523594
523644
523651
524066
524205
524371
524400
524493
524506
524526
524560
524639
524663
524666
524883
524974
524992
525055
525144
525160
525253
525323
525649
525690
525800
526127
526128
526317
526378
526417
526465
526568
526609
526643
526646
526701
526816
526943
526977
527213
527256
527480
527567
527639
527690
527741
527761
527886
527917
528321
528366
528498
528612
528818
528910
528989
529072
529280
529319
529373
529464
529480
529603
529695
529751
529893
529911
529954
529992
530061
530070
530074
530186
530213
530227
530344
530389
530631
530652
530678
530711
530782
530961
531015
531121
531158
531180
531480
531603
531759
531820
531917
532186
532209
532237
532372
532467
532515
532555
532669
532940
533225
533268
533964
534019
534228
534250
534261
534382
534493
534933
534974
535004
535089
535285
535519
535523
535573
535648
535724
535872
536174
536288
536335
536428
536449
536625
536825
536842
536925
536964
536973
537151
537183
537288
537480
537487
537571
537579
537636
537658
537854
537858
538012
538073
538155
538190
538242
538510
538570
538946
539161
539222
539513
539539
539709
539721
539726
539969
540108
540146
540173
540181
540351
540490
540792
540825
541182
541214
541287
541309
541324
541339
541346
541414
541569
541734
541754
541851
541879
542037
542058
542092
542133
542166
542347
542360
542376
542378
542673
542713
542716
542725
542736
542767
542880
542888
542937
542998
543013
543158
543419
543471
543510
543534
543817
543820
543879
544102
544135
544479
544559
544686
544760
544995
545034
545310
545480
545645
545719
545789
545831
546041
546092
546132
546213
546259
546266
546304
546407
546427
546471
546542
546777
546810
546819
546879
546881
547119
547169
547214
547293
547619
547633
547634
547700
547749
547818
547884
548130
548156
548181
548185
548241
548332
548490
548574
548677
548708
548839
548880
548961
548995
549018
549162
549340
549546
549648
549884
550123
550229
550406
550454
550692
550701
550832
550840
550847
550970
551056
551082
551100
551188
551273
551319
551553
551622
551628
551655
551668
551720
551881
551977
552056
552090
552193
552264
552269
552271
552516
552519
552788
552811
552816
553137
553185
553232
553379
553384
553429
553436
553583
553801
553811
553863
553878
553925
553926
554017
554044
554048
554217
554221
554264
554422
554497
554513
554674
554832
554904
555109
555164
555239
555477
555480
555484
555494
555502
555524
555656
555680
555742
555743
555756
555847
555912
555963
556033
556097
556098
556159
556298
556350
556448
556546
556557
556660
556664
556807
556991
557066
557259
557332
557385
557532
557617
557628
557679
557786
558020
558260
558524
558660
558874
558925
558955
559024
559099
559348
559409
559439
559711
559798
559833
560164
560204
560312
560336
560402
560614
560863
560923
561007
561038
561321
561499
561549
561599
561755
561794
562143
562169
562380
562874
563045
563059
563061
563141
563228
563316
563338
563359
563720
563733
563829
563956
563996
564015
564088
564103
564344
564433
564452
564673
564797
564885
565014
565248
565398
565413
565528
565559
565688
565906
566200
566562
566675
566683
566720
566731
566928
567034
567059
567204
567323
567414
567495
567587
567591
567609
567701
567910
568159
568191
568269
568370
568451
568473
568819
568820
568903
568926
568959
569257
569272
569310
569496
569562
569587
569668
569765
569863
569915
570174
570303
570516
570520
570580
570584
570913
571069
571233
571401
571474
571483
571542
571669
571705
571873
571922
572080
572184
572446
572452
572490
572679
572700
572915
572994
573237
573285
573396
573487
573576
573706
573789
573954
573973
573996
574118
574161
574366
574380
574680
574715
574862
574912
575040
575170
575187
575211
575214
575348
575453
575461
575506
575529
575590
575681
575688
575846
575951
576114
576132
576141
576163
576220
576236
576285
576312
576741
576921
576970
577160
577161
577243
577339
577360
577464
577516
577935
577965
578034
578139
578169
578207
578284
578898
578914
579052
579062
579328
579393
579408
579467
579685
579733
579850
579866
579948
579973
580015
580200
580424
580426
580477
580563
580754
580865
580899
581129
581134
581147
581278
581288
581345
581394
581434
581480
581724
581787
581939
581958
582009
582033
582210
582224
582292
582367
582510
582593
582761
582777
582789
582948
583089
583162
583169
583286
583346
583397
583417
583644
583879
583968
584194
584264
584397
584468
584619
584657
584672
584678
584696
584751
584905
584995
585383
585459
585498
585515
585616
585753
585794
585886
586139
586155
586272
586313
586407
586494
586611
586790
586842
586843
586889
586957
586971
587175
587379
587564
587635
587666
587688
587737
587798
587936
587949
587952
588046
588073
588112
588114
588297
588638
588654
588723
588854
588858
588888
588895
588932
588936
589011
589037
589176
589191
589277
589282
589302
589348
589599
589729
589806
589841
589856
589917
589976
589986
590195
590206
590211
590306
590307
590354
590355
590681
590749
590928
590973
591078
591260
591334
591382
591406
591466
591529
591668
591678
591683
591745
591769
592020
592141
592316
592341
592404
592692
592977
593123
593324
593429
593603
593748
593828
593861
593888
593892
594075
594159
594231
594314
594628
594759
594829
594870
595055
595105
595135
595140
595279
595302
595371
595532
595710
595713
595751
595780
595856
596280
596306
596394
596755
596839
596847
597005
597039
597070
597146
597201
597234
597455
597514
597696
597705
597754
597867
597911
597969
598212
598388
598433
598681
598723
598922
599046
599091
599269
599406
599494
599570
599934
600548
600645
600715
601011
601286
601329
601408
601414
601493
601574
601618
601661
601753
601874
601878
601895
601898
601943
601963
602231
602269
602279
602554
602584
602652
602699
603042
603128
603374
603576
603604
603733
603756
603794
603884
603941
604411
604520
604639
604711
604753
604783
604891
604912
604970
604977
605008
605130
605161
605262
605265
605447
605552
605618
605738
605817
605840
605877
605890
605958
606165
606542
606554
606609
606834
607121
607204
607291
607396
607470
607518
607675
607829
607981
608046
608290
608368
608442
608526
608841
609077
609200
609245
609286
609318
609432
609442
609548
609656
609754
609763
609781
609964
609996
610634
610831
610891
610921
611201
611213
611277
611324
611510
611920
611940
611989
611994
612109
612121
612164
612201
612225
612238
612457
612516
612583
612788
612808
612990
613001
613008
613065
613100
613220
613316
613324
613384
613402
613490
613505
613791
613806
613957
614196
614236
614297
614301
614408
614630
614773
614795
614885
614895
615053
615237
615428
615514
615644
615774
615794
615863
616164
616328
616373
616408
616503
616521
616658
616836
616964
617180
617274
617370
617569
617859
617963
618040
618146
618169
618201
618364
618454
618650
618670
618903
618920
619136
619211
619249
619315
619491
619565
619692
619737
620210
620240
620259
620464
620524
620564
620617
620856
620859
620875
621011
621069
621142
621181
621257
621318
621329
621346
621370
621386
621448
621502
621526
621531
621558
621801
621822
621878
621882
621990
622058
622092
622172
622240
622260
622333
622459
622509
622562
622612
622687
622706
622896
623098
623368
623538
623541
623649
623725
623753
624104
624200
624205
624341
624372
624417
625093
625125
625191
625303
625439
625502
625578
625701
625704
625810
625896
626033
626034
626090
626182
626240
626352
626427
626476
626519
626556
626589
626628
626647
626664
626987
627004
627120
627343
627487
627593
627633
627679
627701
627717
627853
627977
628212
628650
628855
628942
628962
629088
629095
629138
629401
629569
629575
629648
629680
629703
629717
629843
629901
629918
630047
630051
630073
630368
630575
630699
630892
630952
630964
630990
631034
631080
631184
631195
631223
631251
631289
631336
631375
631446
631499
631661
631706
631921
631949
632100
632141
632227
632300
632617
632681
632876
633028
633075
633237
633246
633426
633446
633660
633689
633717
633745
634467
634481
634619
634638
634640
634794
634807
634841
635085
635307
635388
635463
635620
635682
635792
635935
635940
635980
636085
636187
636335
636527
636582
636589
636635
636641
636957
637035
637085
637254
637428
637503
637553
637894
637933
638060
638090
638231
638241
638454
638467
638567
638631
638753
639080
639085
639088
639167
639169
639184
639256
639278
639396
639398
639403
639521
639627
639753
639922
640087
640137
640340
640411
640613
640702
640830
640940
640957
641191
641453
641637
641646
641760
641769
641840
641844
641881
642118
642153
642171
642243
642251
642285
642362
642424
642430
642582
642682
642685
642899
643041
643082
643170
643243
643269
643443
643478
643566
643570
643597
643601
643749
643775
643916
643952
643993
644014
644287
644316
644389
644791
644826
645143
645879
645944
646160
646193
646277
646311
646366
646370
646374
646426
646901
647040
647089
647147
647255
647436
647493
647527
647827
647913
647983
647995
648093
648282
648465
648514
648520
648580
648758
648787
648797
649059
649134
649166
649228
649297
649541
649584
649732
649823
649988
649992
650026
650061
650330
650361
650424
650575
650642
650650
650705
650880
650895
650939
650985
651068
651133
651288
651398
651459
651558
651562
651599
651640
651755
652016
652026
652054
652079
652186
652375
652693
652822
652892
652907
652993
653155
653171
653320
653335
653393
653453
653560
653675
653726
653929
654260
654279
654349
654537
654707
654725
654739
654912
654958
655027
655207
655449
655546
655654
655661
655712
655722
655810
655813
655977
656071
656220
656290
656333
656514
656529
656621
656685
656707
656730
656737
656904
656925
656982
657040
657282
657306
657315
657319
657606
657688
657703
657774
657815
657826
657920
657967
658031
658090
658113
658257
658259
658383
658411
658449
658540
658645
658915
658936
658941
659057
659101
659240
659296
659305
659440
659633
659865
659936
659966
660131
660140
660271
660299
660348
660397
660545
660670
660718
660859
661043
661353
661441
661447
661514
661527
661595
661669
661810
661845
661935
661965
662144
662159
662166
662343
662397
662398
662448
662481
662659
662717
662745
663014
663053
663222
663274
663433
663583
663860
663906
664030
664055
664090
664139
664198
664305
664391
664393
664398
664459
664473
664800
664809
664869
665059
665061
665150
665534
665786
665876
665884
666140
666353
666464
666582
666885
666925
666962
667231
667280
667468
667595
667660
667669
667876
668057
668145
668331
668499
668505
668737
668907
668948
669011
669264
669301
669405
669432
669693
669746
669787
670016
670024
670086
670119
670167
670206
670250
670264
670309
670448
670573
670667
670671
670731
670793
670896
670913
670968
671014
671022
671075
671159
671253
671254
671342
671366
671376
671405
671631
671644
671743
671851
671855
671900
672101
672124
672194
672529
672701
672774
672810
672813
672901
672958
673039
673138
673176
673189
673311
673327
673366
673869
674030
674056
674212
674325
674703
674756
674847
674921
675055
675329
675395
675431
675643
675792
675961
676027
676033
676048
676310
676374
676409
676453
676483
676554
676637
676692
676813
676817
676839
677080
677259
677300
677412
677583
677609
677874
678024
678062
678260
678264
678393
678439
678638
678763
678878
678968
678998
679043
679222
679588
679727
679744
679766
679812
679873
679907
679945
680028
680151
680155
680189
680322
680444
680469
680490
680599
680735
680834
680883
680943
680972
681079
681351
681572
681955
681985
682006
682087
682117
682130
682132
682231
682390
682532
682886
683041
683139
683152
683232
683347
683393
683396
683430
683439
683486
683561
683694
683718
683849
683919
684004
684080
684357
684362
684437
684452
684673
684714
684770
684857
684862
684930
684957
685164
685196
685516
685569
685612
685713
686146
686251
686380
686393
686411
686467
686871
687073
687120
687121
687236
687284
687476
687500
687612
687659
687748
687824
687845
688040
688233
688250
688292
688354
688494
688546
688658
688778
688884
688902
689000
689272
689299
689452
689602
689807
690079
690118
690177
690188
690201
690566
690830
690874
691018
691082
691181
691244
691375
691499
691520
691866
691947
691968
692169
692181
692303
692326
692621
692664
692749
693118
693374
693390
693401
693563
693605
693609
693632
693693
693700
693724
693725
693816
693825
693875
694002
694063
694123
694151
694270
694321
694647
694793
694830
694844
694993
695143
695156
695292
695310
695467
695645
695720
695883
695969
696036
696056
696325
696391
696478
696710
696897
697020
697241
697294
697593
697740
697790
697822
698142
698332
698334
698384
698471
698475
698575
698617
698622
698666
698717
698748
698822
698919
699011
699018
699023
699152
699206
699217
699221
699254
699393
699420
699423
699591
699613
699748
700006
700060
700187
700218
700296
700408
700460
700742
701009
701035
701281
701313
701316
701354
701505
701574
701838
702102
702106
702197
702234
702295
702390
702482
702495
702765
702939
703031
703328
703502
703622
704223
704288
704566
704587
704874
705042
705116
705167
705173
705368
705434
705484
705575
705624
705723
705838
705916
706114
706195
706208
706324
706394
706654
706827
706859
706922
706955
707173
707302
707369
707444
707493
707689
707764
707769
707849
707877
707958
708081
708285
708331
708506
708701
708705
708767
708851
708874
708884
709080
709105
709130
709695
709706
709884
709909
709943
709949
709992
710065
710178
710190
710316
710338
710339
710346
710417
710420
710699
710741
710747
710879
710909
710954
711139
711205
711238
711311
711378
711440
711531
711534
711634
711678
711862
711941
711983
712260
712270
712335
712485
712556
712698
712873
712875
712919
712992
713231
713373
713381
713726
713769
713773
713779
713955
714179
714213
714316
714612
714743
714784
714887
714899
714955
715022
715031
715096
715256
715265
715307
715356
715450
715492
715532
715726
715752
716293
716470
716565
716718
716858
717278
717297
717370
717411
717437
717445
717465
717618
717640
717736
718070
718073
718077
718112
718154
718200
718729
719198
719272
719274
719313
719382
719508
719617
719712
719779
719811
720003
720017
720110
720298
720334
720557
720637
720797
720999
721488
721579
721604
721655
721832
721890
722178
722335
722431
722440
722510
722519
722521
722634
722671
722675
722903
722919
723052
723211
723383
723488
723539
723549
723554
723665
723673
723685
723693
723715
723837
723859
723867
723886
723983
724145
724155
724288
724392
724394
724411
724473
724475
724566
724973
724990
725008
725009
725032
725103
725230
725264
725396
725461
725697
725700
725767
725844
725861
725871
725888
726117
726133
726193
726279
726294
726327
726346
726347
726456
726472
726595
726637
726653
726673
726696
726845
726940
727142
727176
727214
727316
727410
727523
727565
727636
727660
727712
727741
727759
727811
727872
727898
728125
728149
728234
728417
728430
728438
728441
728514
728525
728622
728679
728822
728928
728960
729025
729258
729343
729382
729435
729603
729604
729666
729672
729925
729953
730165
730187
730342
730406
730572
730738
730787
731069
731655
731669
731717
731809
731842
731894
731963
732074
732161
732182
732199
732333
732612
732654
732762
732776
732860
733024
733027
733042
733258
733279
733302
733436
733617
733674
733680
733790
733838
733845
734090
734128
734139
734341
734493
734519
734632
734650
734837
734848
735214
735466
735554
735616
735629
735633
735674
735731
735738
735849
735908
735927
735977
736091
736147
736740
736946
736972
736992
737135
737156
737211
737251
737402
737428
738054
738057
738155
738176
738285
738516
738576
738668
738708
738806
738846
739131
739145
739147
739164
739276
739389
739405
739484
739639
739799
739969
740058
740139
740222
740249
740319
740476
740492
740537
740754
740765
740809
740870
740903
740930
741038
741103
741174
741371
741382
741489
741497
741517
741619
741673
741845
741957
741983
742051
742091
742289
742343
742389
742473
742687
742727
742832
742874
742927
743195
743252
743350
743359
743414
743430
743435
743541
743642
743696
744025
744084
744089
744138
744401
744615
744680
744689
744729
744745
744914
745106
745424
745610
745669
745773
745801
745847
745982
746026
746035
746131
746278
746293
746308
746381
746382
746416
746439
746604
746632
746758
746784
746802
746807
746825
746869
746918
747128
747174
747183
747305
747364
747418
747618
747641
747755
747909
748160
748242
748344
748486
748507
748545
748625
748661
748769
748882
749070
749392
749464
749495
749586
749709
749730
749789
749814
749876
749961
749962
750023
750130
750152
750282
750454
750463
750672
750800
750821
750884
750974
751139
751329
751402
751507
751597
751656
751724
751889
752033
752060
752087
752264
752360
752368
752387
752585
752949
752995
753043
753190
753288
753411
753489
753511
753584
753657
753849
754042
754197
754519
754644
754727
754741
755203
755326
755405
755479
755619
755689
755767
755911
755917
755974
756003
756072
756080
756202
756367
756566
756579
756653
756758
757023
757029
757168
757214
757254
757291
757596
757760
757823
757837
758013
758445
758450
758478
758529
758566
758574
758628
758635
758688
758703
758803
758856
759012
759021
759076
759079
759212
759228
759277
759428
759546
759549
759961
759965
760021
760092
760242
760331
760617
760866
761020
761238
761245
761321
761326
761489
761526
761687
761861
761980
762196
762200
762292
762346
762364
762474
762924
763038
763056
763097
763222
763329
763349
763405
763460
763474
763503
763676
763686
763868
764003
764041
764091
764107
764228
764265
764491
764593
764667
764675
764763
765082
765207
765411
765519
765705
765712
765799
765874
765897
765924
765942
765957
765966
766086
766131
766135
766204
766237
766267
766304
766384
766979
767045
767110
767294
767313
767336
767349
767401
767548
767583
767606
767622
767698
767762
767801
768105
768164
768194
768217
768338
768352
768409
768698
768842
768855
768918
768978
769146
769151
769167
769291
769322
769374
769399
769559
769611
769651
769917
770028
770065
770138
770164
770377
770426
770492
770625
770706
770814
770853
770876
770889
770946
771080
771298
771519
771551
771576
771585
771649
771827
771909
771992
772072
772213
772330
772385
772406
772420
772503
772708
772712
772741
772770
772794
772804
772848
772875
772916
772985
773025
773165
773203
773261
773439
773488
773911
773971
774026
774059
774139
774257
774365
774385
774491
774676
774812
774967
775046
775069
775220
775391
775542
775664
775861
776034
776287
776316
776628
776684
776789
776849
776860
776903
777073
777161
777291
777550
777705
777776
777927
777957
778050
778054
778172
778257
778280
778480
778498
778541
778675
778701
778892
779066
779231
779285
779340
779391
779538
779591
779675
779915
780134
780174
780201
780246
780250
780277
780325
780351
780415
780475
780695
780754
780809
780860
780955
781463
781633
781755
781838
781918
781967
782160
782234
782289
782408
782438
782585
782616
782664
782786
782882
783017
783030
783191
783196
783220
783287
783357
784084
784104
784204
784322
784508
784548
784591
784650
784710
785499
785579
785810
785919
785963
786021
786087
786116
786206
786362
786496
786561
786670
786688
786788
786898
787080
787092
787318
787352
787703
787742
787797
787815
787816
787879
788121
788178
788236
788295
788456
788564
788568
788573
788721
788789
788813
788825
788861
788916
789236
789425
789450
789529
789540
789690
789715
789726
789756
789866
790154
790383
790385
790399
790550
790559
790610
790710
790713
790718
790809
790886
791026
791133
791152
791167
791234
791266
791269
791470
791478
791595
791818
791853
791940
792205
792260
792533
792628
792648
792876
793068
793106
793165
793270
793326
793327
793393
793404
793797
794125
794316
794339
794368
794392
794597
794613
794703
794834
794838
794937
795127
795174
795398
795865
795890
795906
796109
796201
796207
796256
796321
796527
796552
796628
796831
797080
797191
797261
797288
797299
797382
797389
797628
797935
797990
798179
798207
798340
798358
798370
798514
798564
798618
798904
799014
799219
799636
799728
799902
799996
800293
800453
800488
800592
800625
800666
800750
800817
800984
801000
801370
801485
801517
801582
801670
801696
802004
802081
802091
802175
802261
802290
802333
802348
802403
802487
802496
802619
802856
802872
803375
803456
803487
803557
803702
803909
803934
804049
804129
804142
804151
804435
804649
804695
804709
804718
804721
804778
804794
804816
805048
805444
805482
805565
805609
805692
805696
805737
805894
806071
806103
806144
806218
806252
806361
806467
806486
806609
806659
806735
806819
806915
806959
806969
807088
807292
807316
807330
807465
807479
807554
807622
807658
807883
807888
808050
808087
808111
808124
808464
808495
808597
808666
808691
808695
808697
808788
809099
809160
809240
809242
809343
809364
809430
809528
809583
809674
809936
810112
810125
810202
810217
810262
810269
810282
810285
810307
810455
810529
810590
810811
810916
810975
811103
811340
811354
811449
811596
811692
811904
812361
812649
812653
812667
812763
812786
813625
813761
813980
814275
814348
814461
814493
814539
814702
814749
814895
814919
814939
814965
815281
815297
815501
815519
815530
815767
816235
816311
816338
816478
816608
816717
816779
816802
816882
816938
817072
817114
817184
817655
817682
817763
817807
817848
818147
818214
818217
818277
818290
818296
818315
818369
818411
818416
818478
818510
818525
818538
818762
819085
819169
819257
819314
819568
819595
819644
820158
820234
820250
820488
820500
820530
820627
820824
820987
821011
821084
821100
821102
821257
821297
821325
821451
821474
821507
821644
821725
821727
821934
822101
822105
822109
822127
822168
822364
822436
822511
822561
822885
822900
822940
823070
823152
823229
823304
823470
823536
823558
823566
823597
823700
823706
823759
823797
823817
824065
824304
824328
824426
824449
824463
824468
824571
824599
824619
824667
824845
824879
824923
825009
825125
825396
825398
825481
825496
825540
825707
825853
825995
826143
826157
826316
826371
826392
826508
826615
826632
826681
826743
826998
827082
827132
827323
827429
827519
827707
827744
828039
828127
828150
828509
828564
828587
828639
828725
828747
828901
828971
829129
829213
829394
829547
829794
830167
830179
830267
830460
830608
830687
830787
830895
830998
831123
831289
831412
831423
831461
831542
831784
831834
831992
832065
832152
832212
832246
832448
832450
832472
832480
832616
832619
832633
832845
832936
832953
833101
833139
833201
833218
833300
833331
833404
833448
833613
833656
833711
833734
833858
833961
833962
834116
834117
834348
834379
834386
834407
834495
834666
834720
834886
834897
834921
834976
834987
834994
835033
835036
835192
835339
835391
835423
835490
835899
835945
836206
836215
836233
836239
836255
836279
836361
836458
836558
836786
836888
836893
836940
836948
837014
837041
837241
837244
837297
837395
837558
837588
837865
837994
838014
838033
838043
838241
838537
838551
838617
838768
839169
839308
839413
839423
839555
839678
839849
839879
839967
840001
840062
840141
840145
840301
840402
840418
840454
840515
840789
840951
841196
841460
841556
841638
841841
842280
842344
842375
842434
842485
842594
842786
842795
842861
842867
842988
843059
843156
843299
843426
843467
843506
843538
843659
843691
843741
844009
844202
844214
844230
844337
844440
844463
844518
844613
844671
844715
844716
844851
844993
844999
845089
845221
845260
845350
845372
845388
845393
845543
845557
845581
845708
845823
845867
845936
846054
846226
846396
846508
846611
846615
846619
846792
846799
846831
846877
846944
846987
847356
847413
847495
847518
847521
847820
847971
847981
848162
848270
848467
848468
848767
848774
848806
848853
848884
848893
848906
849054
849100
849287
849338
849340
849352
849387
849419
849482
849490
849641
849719
849837
849896
850023
850045
850182
850199
850410
850576
850752
850863
850962
850966
851016
851274
851334
851459
851713
851725
852032
852115
852265
852270
852313
852376
852441
852559
852611
852668
852728
852748
852992
853076
853459
853495
853557
853591
853658
853757
853834
854137
854394
854676
854698
854803
854935
854940
855085
855232
855280
855320
855330
855360
855447
855603
855647
855652
855822
855848
855859
855940
855988
856146
856193
856294
856410
856417
856423
856454
856473
856658
856894
856970
857355
857758
857863
857943
858139
858148
858306
858453
858602
858685
858743
858752
858762
859074
859132
859217
859315
859377
859417
859653
859688
859730
859784
859926
860106
860370
860530
860559
860699
860769
860872
861212
861229
861259
861275
861308
861421
861472
861600
861676
861790
861962
861982
861992
862048
862143
862420
862422
862443
862876
863035
863418
863473
863554
863594
863629
863687
863757
863903
863971
864005
864251
864499
864655
864737
864794
864859
864866
864883
864931
865010
865059
865088
865160
865339
865341
865387
865529
865759
866014
866151
866351
866424
866426
866477
866501
866531
866606
866617
866629
866705
866977
867074
867088
867247
867419
867455
867507
867757
867885
868138
868219
868321
868408
868497
868620
868647
868859
868865
869105
869315
869403
869467
869693
869702
869799
869939
869957
870217
870220
870387
870469
870503
870645
870707
870773
870802
870830
870882
871037
871408
871457
871494
871619
871650
871815
872018
872063
872108
872226
872392
872432
872503
872696
872863
872892
872993
873100
873317
873373
873428
873513
873881
873978
873984
874117
874361
874379
874562
874617
874638
874955
874997
875099
875203
875620
875829
876094
876183
876309
876442
876529
876627
876714
876735
876888
876923
877003
877031
877079
877240
877316
877627
877662
877739
878158
878178
878265
878278
878324
878381
878555
878878
879101
879120
879182
879365
879411
879512
879557
879640
879742
879797
879900
880047
880079
880161
880328
880373
880430
880730
880734
880972
881039
881133
881264
881273
881322
881518
881577
881666
881672
881982
882090
882512
882578
882658
882813
883070
883159
883180
883279
883373
883406
883418
883501
883600
883721
884507
884757
884775
884851
884984
884987
885021
885200
885275
885521
885610
885671
885918
885930
886023
886105
886184
886268
886401
886610
886838
887126
887220
887268
887337
887449
887597
887601
887619
887867
888159
888160
888183
888187
888361
888444
888658
888674
888949
888983
888985
889022
889092
889201
889305
889326
889328
889372
889483
889577
889861
889987
890051
890121
890167
890305
890487
890498
890536
890587
890731
890792
890989
891001
891037
891115
891163
891197
891261
891397
891533
891560
891662
891679
891715
891767
892171
892186
892216
892247
892448
892631
892639
892799
892847
892853
892916
892932
892933
892989
893024
893090
893154
893211
893213
893319
893354
893360
893365
893388
893439
893682
893855
893887
894017
894028
894263
894680
894713
894720
894977
895032
895100
895219
895504
895761
895804
895810
895932
896004
896170
896224
896325
896352
896374
896576
896632
896690
896862
896904
896940
897042
897159
897247
897495
897523
897578
897683
897763
897972
898109
898159
898429
898574
898662
898928
899055
899172
899177
899357
899405
899604
899683
899736
899956
899968
899974
900058
900091
900189
900272
900274
900459
900533
900623
900652
900754
900773
900796
901154
901225
901259
901268
901363
901466
901485
901510
901593
901829
901846
901935
901942
901987
902196
902236
902271
902305
902376
902462
902505
902649
902686
902973
903208
903233
903423
903453
903588
903737
903911
903940
903967
903979
903985
904046
904049
904134
904146
904215
904316
904536
904542
904581
904626
904947
904963
905040
905118
905221
905247
905249
905265
905394
905401
905584
905757
905911
906054
906130
906178
906346
906460
906498
906562
906569
906998
907017
907195
907199
907204
907393
907415
907479
907596
907651
907665
907683
907736
907744
907954
908082
908163
908265
908340
908398
908407
908430
908433
908596
908617
908766
908849
908890
909032
909105
909123
909169
909513
909697
909872
909976
910102
910214
910281
910282
910390
910693
910694
910703
910740
910899
910944
910989
911180
911195
911228
911277
911477
911532
911534
911584
911592
911631
911895
911943
911999
912083
912293
912467
912525
912566
912618
912639
912708
912895
913303
913711
913729
913832
913837
913871
913949
913979
914227
914256
914325
914334
914515
914548
914615
914628
914764
914941
915024
915064
915329
915584
915623
915659
915708
915852
915884
915893
915974
915986
916076
916229
916255
916393
916446
916474
916599
916655
916924
916931
916997
917037
917086
917118
917129
917155
917233
917299
917463
917543
917545
917586
917653
917768
918071
918079
918411
918632
918651
918791
918996
919115
919171
919182
919286
919348
919535
919573
919724
919779
919859
920034
920111
920170
920216
920371
920438
920463
920641
920759
920900
921107
921506
921534
921609
921680
921698
921700
921728
922168
922184
922324
922481
922543
922657
922757
922886
922896
922915
922974
922979
923234
923305
923309
923485
923777
923852
923989
924001
924013
924274
924364
924429
924451
924468
924495
924979
925074
925143
925181
925427
925524
925972
926191
926218
926258
926271
926305
926467
926481
926494
926646
926705
926760
926761
926818
926906
926912
926963
927035
927110
927383
927414
927673
927699
927789
927853
927867
927889
928030
928055
928218
928258
928335
928410
928412
928465
928656
928676
928857
928978
929100
929206
929370
929374
929525
929656
929895
929925
930162
930298
930411
930652
930723
930737
930743
930791
930853
930876
930914
931042
931191
931620
931676
931815
932210
932334
932368
932376
932388
932626
932813
932836
932847
932870
933013
933112
933305
933329
933356
933654
933919
933957
934017
934294
934318
934323
934338
934386
934661
934686
934688
934745
934762
934763
934951
935115
935273
935359
935372
935385
935568
935652
935673
935775
935970
935983
936024
936118
936214
936411
936520
936671
936782
936839
936862
936969
937107
937182
937230
937260
937288
937293
937346
937444
937471
937657
937684
937753
938096
938384
938551
938561
938787
938872
939013
939063
939503
939639
939782
939828
939914
939985
940059
940279
940344
940419
940425
940426
940497
940694
940695
941025
941085
941186
941214
941407
941594
941643
941712
941826
941893
941900
941986
941996
942009
942122
942153
942221
942311
942582
942632
942733
943039
943101
943154
943210
943213
943417
943708
943819
943981
944138
944272
944391
944403
944447
944463
944720
944763
944772
944905
944907
944986
944995
945040
945195
945383
945675
945680
945785
945913
946111
946120
946149
946268
946631
946950
947118
947448
947631
947658
947703
947710
947782
947970
948002
948209
948328
948476
948517
948664
948795
948799
948905
949014
949071
949089
949339
949446
949644
949780
949830
949844
950185
950186
950443
950583
950662
950687
951024
951025
951229
951262
951322
951507
951576
951609
951661
951716
951794
952125
952141
952191
952379
952479
952674
952677
952723
952897
952987
953032
953108
953378
953416
953470
953663
953758
953768
953799
953894
954041
954104
954115
954378
954630
954631
954753
954883
954929
955055
955211
955353
955527
955582
955597
955669
955748
955900
955939
956108
956261
956349
956435
956455
956537
956587
956684
956703
956944
956947
957031
957144
957201
957246
957323
957404
957545
957677
957854
957865
958054
958446
958496
958755
958771
959144
959170
959179
959339
959437
959452
959480
959624
959643
959689
959840
959893
959940
959971
960004
960080
960196
960295
960304
960346
960387
960487
960501
960621
960720
960772
960885
960957
961067
961251
961477
961776
961806
961819
961908
961967
962046
962105
962174
962202
962211
962221
962272
962441
962491
962498
962714
962817
962823
962829
962981
963100
963290
963382
963436
963510
963516
963552
963797
964062
964158
964212
964238
964537
964560
964600
964767
964800
965052
965054
965262
965376
965395
965496
965497
965724
965734
965738
966018
966066
966172
966207
966224
966271
966306
966406
966434
966588
966715
966717
966840
966924
966926
966932
967219
967238
967272
967353
967357
967407
967577
967686
967731
967742
967811
967850
968033
968046
968130
968209
968213
968214
968224
968314
968638
969010
969181
969200
969244
969451
969553
969703
969851
969916
969965
970004
970012
970048
970210
970464
970557
970559
970614
970651
970657
970675
970695
970875
970888
970905
971061
971232
971355
971482
971512
971555
971599
971688
971805
971813
971945
971992
972056
972087
972294
972346
972410
972456
972508
972711
972881
972961
973083
973113
973147
973355
973358
973415
973583
973720
973772
973798
973817
973948
974228
974586
974660
974760
974860
974867
975343
975901
975996
976038
976041
976180
976403
976511
976580
976619
976637
976707
976744
977139
977188
977248
977425
977698
977799
977901
977937
978088
978169
978192
978237
978255
978279
978466
978535
978625
978689
978699
978707
978720
978805
978847
978878
978889
978933
978943
978992
979055
979123
979197
979331
979368
979478
979481
979633
979737
979787
979916
979956
980088
980199
980336
980513
980602
980678
980969
981009
981189
981453
981463
981465
981472
981559
981588
981759
981778
981789
981791
981855
982126
982207
982309
982342
982591
982600
982738
982822
982850
982857
982878
983016
983081
983154
983420
983447
983619
983669
983748
983822
984051
984176
984215
984229
984269
984509
984554
984564
984953
985017
985281
985398
985548
985900
986019
986076
986225
986240
986403
986652
986932
986934
986955
987175
987229
987288
987407
987448
987484
987523
987553
987625
987626
987691
987778
987824
987907
987998
988033
988052
988092
988162
988229
988279
988354
988533
988571
988839
988861
988874
988902
988911
988953
988966
988983
989083
989179
989249
989295
989371
989453
989609
989612
989657
989764
989829
989837
989883
989920
990041
990360
990363
990509
990556
990587
990618
990677
990702
990764
990793
990973
991131
991135
991150
991199
991308
991415
991445
991458
991743
991942
992136
992256
992270
992331
992334
992414
992582
992690
992709
992908
993084
993188
993328
993394
993525
993668
993974
993986
994216
994271
994318
994584
994738
994861
994885
994980
995084
995171
995259
995320
995388
995543
995613
995766
995989
996028
996167
996200
996468
996504
996536
996537
996552
996597
996846
996878
997134
997446
997703
997748
997773
997838
997849
997892
997968
998087
998182
998448
998544
998626
998696
998887
998911
998935
999228
999329
999344
999592
999664
999683
999706
999892
999929
999990
