39
43
55
61
99
114
133
445
621
719
825
883
899
918
982
1064
1333
1364
1380
1615
1713
1976
2097
2261
2303
2310
2443
2540
2569
2714
2761
3202
3260
3416
3651
3769
3871
3884
3993
4028
4373
4450
4451
4760
4835
4852
4932
4970
5087
5091
5213
5282
5300
5362
5396
5525
5526
5551
5636
5854
6090
6123
6296
6299
6395
6454
6681
7084
7176
7310
7406
7502
7545
7603
7655
7791
8073
8215
8396
8473
8552
8688
8846
8923
9350
9368
9679
9794
9960
9998
10096
10270
10766
10767
10826
11038
11209
11471
11525
11712
11752
11767
11780
11813
12272
12277
12482
12868
13069
13254
13357
13367
13399
13629
13710
13882
13923
14051
14061
14159
14546
14609
14625
15008
15012
15051
15172
15345
15484
15691
15797
15881
15970
15982
15993
16257
16463
16518
16608
16621
16908
17201
17286
17362
17533
17536
17551
17800
17847
17861
17873
18618
18630
19014
19015
19329
19455
19507
19530
19624
19710
19779
19879
20008
20131
20157
20422
20447
20486
20521
20526
20560
20638
20740
20970
21188
21218
21240
21665
21675
21688
21725
21848
21932
22106
22140
22180
22290
22410
22471
22532
22617
22688
22810
22888
23262
23431
23465
23528
23563
23697
23900
24006
24026
24074
24088
24551
24707
24847
24947
24976
25132
25185
25224
25446
25529
25698
25716
25953
25990
26002
26099
26134
26231
26265
26484
26753
26848
26936
26982
27025
27028
27031
27114
27460
27747
27791
27820
28119
28156
28189
28259
28270
28338
28375
28550
28580
28705
29204
29312
29348
29426
29625
29658
29926
30036
30193
30200
30202
30320
30371
30379
30759
30832
30842
30864
30865
30870
30926
30959
31003
31186
31254
31289
31382
31431
31551
31575
31649
31690
31816
31865
31892
31921
31997
32034
32212
32402
32596
32676
32697
32720
32827
32897
32995
33041
33126
33182
33352
33393
33417
33431
33690
33744
33752
33804
33912
34035
34071
34078
34089
34101
34335
34568
34572
34585
34614
34631
34684
34813
34871
34890
34914
34917
34927
34970
34995
35116
35240
35280
35288
35449
35480
35558
35604
35608
35708
35726
35743
35955
36078
36527
36797
36942
37411
37427
37455
37789
37881
37915
37965
38008
38248
38281
38342
38395
38474
38531
38570
38580
38640
38686
38714
38808
38882
38891
38906
38915
38920
39009
39097
39192
39315
39351
39385
39426
39529
39567
40069
40302
40375
40456
40482
40777
40812
40891
40905
41213
41358
41365
41596
42185
42352
42356
42411
42695
42704
42748
42757
42825
42828
42848
42850
42866
42900
43107
43182
43373
43585
43627
43677
43852
43944
43985
43993
44187
44204
44690
44742
44750
44813
44854
44866
45183
45200
45221
45362
45689
45752
45959
45998
46156
46169
46183
46222
46234
46326
46404
46405
46420
46632
46664
46768
46823
46884
46918
47002
47127
47239
47242
47362
47387
47424
47462
47465
47619
47654
47734
47783
47977
48314
48342
48381
48412
48493
48597
49078
49127
49154
49190
49239
49546
49641
49718
49774
49829
50306
50329
50373
50395
50486
50489
50558
50565
50680
50961
50964
51035
51434
51552
51570
51572
51744
51765
51951
52000
52043
52101
52231
52296
52323
52363
52471
52582
52612
52704
52766
52818
52888
52891
53104
53140
53379
53547
53605
53666
53725
53848
54014
54019
54082
54142
54148
54209
54222
54295
54483
54493
54631
54641
54669
54732
54920
54925
54971
55005
55126
55187
55226
55249
55432
55621
55775
55824
55850
55892
55963
56085
56118
56153
56235
56294
56763
56783
56878
56952
56957
56993
57106
57321
57471
57484
57624
57747
57977
58024
58114
58159
58167
58317
58472
58512
58559
58604
59012
59028
59143
59215
59314
59391
59445
59679
59900
59932
59958
60188
60419
60457
60539
60707
60731
60791
60981
61014
61399
61432
61486
61560
61634
61854
61925
61945
62058
62131
62132
62201
62403
62440
62494
62508
62574
62782
62821
62826
62898
62985
63208
63277
63667
63809
63839
63927
63969
64027
64143
64173
64203
64509
64553
64604
64631
64772
64966
65287
65331
65429
65545
65906
65915
66004
66067
66167
66311
66466
66672
66688
66828
66981
67033
67216
67254
67340
67403
67547
67557
67609
67677
67737
67973
68000
68102
68113
68203
68207
68312
68349
68429
68503
68513
68547
68629
68645
68646
68778
68831
68918
69079
69090
69201
69255
69304
69421
69551
69803
69932
69970
69990
70017
70341
70566
70619
70722
71004
71015
71043
71071
71239
71306
71524
71638
72328
72441
72447
72549
72594
72649
72805
72964
73320
73415
73484
73667
73778
73867
73869
73935
73943
74000
74348
74447
74528
74784
74941
74943
75037
75040
75048
75108
75172
75296
75349
75534
75553
75589
75595
75775
75889
76123
76128
76138
76158
76190
76266
76730
76873
77122
77133
77154
77234
77244
77251
77286
77371
77418
77725
77773
77778
77809
78035
78043
78074
78114
78160
78179
78418
78682
78716
78746
78825
79200
79440
79529
79538
79563
79991
80111
80281
80398
80460
80549
80778
80899
80966
80988
80993
81015
81024
81103
81205
81242
81270
81277
81334
81450
81573
81647
81657
81719
81771
81868
81889
82121
82138
82167
82187
82247
82300
82315
82585
82667
82685
82700
82799
82929
82957
83061
83075
83164
83212
83234
83321
83417
83562
83840
84356
84645
84756
84847
84892
84933
84955
85304
85339
85403
85500
85593
85750
85806
86031
86188
86237
86634
86723
86735
87114
87396
87445
87521
87612
87755
87812
87909
87921
88030
88162
88169
88188
88252
88372
88483
88517
88745
88794
89034
89164
89343
89436
89658
89771
89790
89831
89919
90023
90087
90248
90249
90506
90594
90653
90742
90751
90776
90869
90899
91146
91185
91190
91300
91378
91816
91844
91923
92076
92125
92181
92365
92451
92645
92708
92811
92921
92972
93085
93095
93117
93244
93485
93530
93692
93751
93799
93803
93805
94099
94179
94180
94224
94254
94452
94691
94699
94775
94837
94844
94901
94933
94954
94986
95057
95103
95376
95810
95818
96044
96112
96157
96255
96644
96647
96675
96693
96873
96874
97168
97236
97496
97536
97673
97734
97747
97988
98185
98197
98319
98348
98590
98960
99042
99255
99752
99804
99811
99838
99856
100173
100333
100353
100387
100452
100493
100508
100711
100782
100796
100804
101016
101021
101110
101276
101303
101330
101467
101506
101633
101814
101819
101877
101915
102047
102084
102162
102284
102501
102554
102761
102885
102914
102973
103142
103168
103290
103382
103419
103450
103532
103745
103761
103824
103896
103926
104122
104306
104357
104413
104427
104631
104763
104810
104813
104910
105219
105260
105269
105566
105567
105674
105687
105691
105736
105938
106044
106058
106367
106489
106786
106821
106941
107269
107429
107602
107607
107904
108012
108091
108117
108308
108351
108374
108507
108675
108692
109051
109123
109390
109671
109709
109750
109754
110065
110080
110153
110263
110312
110328
110545
110585
110616
110781
110793
110860
110969
110983
111146
111281
111380
111462
111543
111578
111726
111760
111793
111856
112145
112285
112326
112379
112531
112539
112659
112678
112745
112758
112825
112871
113000
113130
113233
113324
113607
113630
113741
113760
113809
114058
114296
114468
114469
114489
115014
115285
115316
115462
115539
115553
115554
115715
116041
116092
116126
116161
116188
116338
116402
116537
116549
116678
116742
116815
116841
116943
117045
117171
117450
117469
117475
117519
117614
117712
117948
117967
118227
118440
118593
118607
118789
118946
119059
119072
119164
119290
119309
119469
119567
119581
119607
119902
119974
120000
120108
120123
120250
120282
120469
120544
120550
120582
120665
120734
120817
120929
120976
121136
121137
121185
121514
121545
121575
121817
121933
122126
122605
122687
122743
122831
123032
123289
123407
123410
123493
123610
123757
123979
123983
124041
124092
124124
124168
124342
124406
124688
124716
124909
125001
125092
125218
125479
125552
125573
125721
125803
125808
125865
126113
126440
126505
126705
126823
127056
127095
127136
127261
127482
127560
127695
127849
127988
128100
128206
128284
128292
128299
128315
128328
128495
128783
128796
129008
129036
129091
129114
129148
129256
129269
129273
129325
129670
129707
130034
130087
130150
130176
130419
130456
130647
130726
130802
131099
131194
131205
131359
131432
131475
131586
131695
131762
131800
131909
132037
132146
132224
132261
132464
132583
132662
132874
132900
133081
133089
133133
133242
133287
133536
133572
133581
133610
133667
133804
133817
133822
133830
134012
134071
134280
134349
134590
134599
134652
134691
134778
134838
134866
134939
135125
135185
135293
135748
135879
135924
136054
136216
136289
136345
136523
136547
136563
136720
136738
136820
136822
136870
137093
137395
137605
137674
137818
137868
137927
137961
137998
138220
138259
138304
138318
138550
138607
138805
138931
138950
138978
139074
139175
139243
139282
139456
139691
140024
140031
140137
140173
140399
140649
140747
140807
140830
140940
141035
141155
141200
141251
141265
141270
141551
141702
141773
142074
142116
142138
142251
142284
142365
142370
142429
142547
142762
142767
142814
142895
142897
142929
142944
143088
143496
143676
143680
143807
144055
144222
144266
144361
144531
144832
144911
145259
145318
145439
145453
145510
145553
145724
145820
145891
146132
146147
146193
146275
146619
146928
146978
147098
147259
147340
147373
147398
147402
147500
147553
147574
147683
147822
147863
148078
148109
148316
148883
149542
150104
150159
150202
150208
150308
150600
150826
150864
150922
150931
151068
151108
151181
151259
151298
151676
151869
152561
152748
152988
153047
153146
153147
153372
153374
153676
153762
153776
153868
153887
154113
154136
154179
154231
154376
154447
154466
154554
154756
154868
154885
154887
155019
155141
155154
155175
155250
155258
155326
155401
155501
155561
155577
155583
155710
155766
155796
155886
155907
155931
156028
156044
156134
156171
156226
156230
156301
156542
156923
157014
157251
157377
157385
157906
157936
157937
158108
158130
158141
158341
158458
158696
158895
158908
159269
159358
159435
159445
159603
159650
159960
160059
160118
160172
160254
160376
160569
160738
160741
160777
160803
160919
160924
160963
161057
161097
161131
161170
161175
161269
161305
161354
161552
161560
161627
161686
161706
161722
161783
161806
161896
162061
162080
162159
162181
162377
162421
162432
162649
162665
162703
162736
162904
163040
163065
163117
163262
163312
163449
163461
163705
163717
163853
164115
164138
164176
164293
164345
164351
164369
164374
164523
164532
164665
164698
164945
165035
165185
165287
165388
165415
165476
165493
165735
166205
166285
166486
166506
166610
166811
166827
166944
166979
166992
167061
167074
167077
167249
167522
167563
167569
167662
167684
167737
167843
167907
167992
168018
168117
168144
168162
168195
168310
168320
168337
168414
168460
168640
168675
168715
168793
168865
168962
168972
169063
169254
169310
169390
169509
169532
169588
169670
169957
169974
170026
170044
170207
170235
170265
170359
170440
170574
170748
170753
171011
171034
171060
171168
171231
171302
171334
171430
171445
171461
171532
171576
171599
171715
171963
172121
172126
172133
172216
172258
172306
172751
172793
172852
173209
173356
173368
173594
173597
173634
173978
173998
174315
174482
174833
174927
174996
175031
175045
175057
175125
175247
175261
175281
175333
175751
175937
175939
175974
175984
176073
176086
176235
176545
176557
176599
176603
176638
176879
176886
176905
177395
177561
177624
178057
178070
178225
178241
178261
178264
178320
178427
178430
178494
178601
178812
178884
178898
178946
179184
179227
179261
179262
179297
179302
179486
179625
179645
179817
179865
179928
179938
179940
180048
180088
180175
180218
180637
180784
180796
180916
181106
181331
181410
181428
181627
181724
181835
181846
181910
182015
182037
182104
182177
182241
182390
182498
182511
182892
182982
183007
183141
183156
183209
183540
183547
183551
183555
183611
184243
184407
184420
184518
184529
184540
184561
184826
184938
185147
185153
185368
185369
185583
185590
185650
185655
185860
185864
186196
186208
186237
186844
187089
187132
187156
187187
187190
187202
187220
187384
187420
187429
187609
187882
187885
187978
188082
188102
188109
188291
188482
188539
188589
188950
188994
189039
189218
189255
189278
189348
189390
189545
189567
189571
189637
189920
190016
190039
190163
190171
190195
190297
190333
190424
190467
190592
190650
190858
191009
191204
191242
191282
191332
191532
191670
191909
192112
192124
192136
192157
192286
192599
192613
192669
192719
192839
193184
193197
193566
193689
193747
193931
194094
194152
194202
194273
194285
194293
194396
194460
194487
194656
194760
194844
195041
195059
195186
195418
195530
195541
195544
195555
195713
195720
195920
195925
195974
196026
196099
196398
196434
196444
196534
196544
196587
196683
196691
196880
196893
196950
196959
197137
197233
197249
197564
197586
197592
197625
197634
197714
197745
197757
197946
198107
198452
198489
198583
198655
198660
198691
198730
198749
198795
199157
199337
199597
199618
199653
199732
199860
199874
199940
200054
200090
200372
200559
200586
200669
200676
200710
200948
201083
201192
201288
201334
201386
201395
201404
201641
201880
201961
202356
202373
202424
202502
202576
202655
202736
202892
202912
203054
203062
203065
203189
203380
203438
203457
203458
203647
203672
203796
203859
203900
203911
203917
203943
204028
204148
204382
204476
204591
204601
204644
204729
204878
204898
204938
204992
205178
205265
205359
205444
205464
205480
205504
205862
205878
205970
206073
206086
206092
206148
206202
206213
206284
206339
206465
206577
206626
206894
207172
207178
207199
207249
207264
207290
207353
207380
207451
207481
207547
207603
207812
207831
207843
207854
207999
208034
208334
208411
208630
208637
208795
208839
208957
209107
209129
209371
209446
209470
209510
209542
209588
209757
209802
209875
210060
210084
210096
210224
210391
210461
210523
210524
210540
210659
210685
210746
210761
210808
210982
211016
211066
211237
211256
211466
211629
211745
211754
211808
212046
212056
212086
212194
212246
212291
212400
212460
212464
212555
212637
212787
212798
212810
212879
212907
213047
213168
213252
213462
213737
213837
213838
213841
213949
214019
214031
214164
214201
214401
214417
214453
214501
214507
214510
214651
215098
215146
215306
215465
215951
215992
216033
216141
216142
216165
216276
216355
216526
216562
216665
216735
216862
216915
216923
217200
217341
217474
217478
217611
217636
217772
217821
217979
217993
218041
218113
218233
218390
218431
218656
218707
218807
219206
219243
219284
219357
219476
219484
219506
219636
219673
220035
220128
220169
220198
220315
220341
220362
220564
220599
220673
220843
220964
220976
221319
221467
221517
221617
221650
221736
221953
222037
222110
222344
222456
222503
222578
222587
222664
222839
222972
222982
223069
223132
223229
223417
223508
223560
223696
223766
223917
223957
224051
224082
224276
224362
224616
224621
224777
224791
224826
224838
224985
225158
225223
225229
225381
225431
225618
225650
225759
225792
225796
225925
225936
225942
226190
226289
226515
226627
226873
226880
226912
226938
227013
227206
227264
227331
227442
227619
227690
227713
227839
227854
227906
227996
228064
228108
228293
228352
228374
228677
228746
228769
229058
229064
229069
229151
229256
229404
229443
229491
229798
229799
230095
230204
230542
230725
230739
230787
230825
230836
231122
231158
231178
231218
231223
231250
231398
231488
231609
231619
231795
231997
232186
232307
232379
232500
232606
232622
232647
232807
232929
233124
233125
233149
233156
233299
233310
233321
233377
233508
233720
233859
233981
234198
234583
234605
234649
234668
235066
235085
235186
235242
235245
235316
235403
235409
235463
235526
235550
235688
235885
235941
236352
236382
236651
236747
236818
236999
237042
237351
237414
237847
237956
237979
237998
238053
238349
238630
238640
238664
238840
238868
238874
238929
239013
239540
239914
239938
240033
240294
240437
240441
240494
240616
240775
240790
240803
240927
240962
240984
241096
241123
241126
241605
241640
241729
241762
241894
242062
242164
242295
242330
242444
242484
242503
242525
242542
242663
242668
242712
242745
242866
242973
243220
243394
243484
243913
243954
244081
244302
244477
244577
244638
244734
244737
244895
244908
245126
245344
245452
245458
245542
245749
245812
245862
245911
246012
246362
246492
247125
247192
247295
247345
247346
247550
247688
247858
248099
248146
248306
248458
248678
248709
248806
248821
248941
248951
249377
249393
249423
249525
249808
249999
250227
250336
250408
250421
250681
250719
250732
250768
250888
251052
251236
251557
251751
251797
251829
251853
251888
251898
252050
252226
252306
252328
252383
252389
252429
252496
252599
252626
252762
252786
253051
253064
253276
253425
253592
253713
253808
253813
253817
254016
254045
254054
254094
254215
254244
254312
254320
254573
254620
254670
254769
255045
255051
255137
255237
255263
255745
255905
255993
256023
256053
256068
256106
256196
256453
256742
256746
256818
256946
257015
257060
257073
257115
257208
257249
257336
257400
257464
257516
257651
257794
257920
257964
257994
258141
258310
258335
258377
258441
258491
258527
258585
258694
258761
258784
258835
258848
258867
258934
258940
259209
259235
259419
259425
259588
259729
259735
259847
259859
259924
259972
260026
260121
260180
260195
260296
260400
260502
261097
261257
261364
261374
261546
261587
261620
261733
261864
261947
261989
262013
262208
262240
262297
262339
262576
262614
262671
262679
262737
262970
262986
263010
263066
263132
263430
263799
263823
263993
264208
264211
264403
264404
264527
264618
264793
264846
265106
265316
265349
265461
265498
265527
265770
265931
265949
265957
265985
265996
266029
266069
266124
266288
266375
266380
266600
266679
266824
267039
267176
267235
267355
267426
267434
267673
267999
268048
268317
268444
268498
268508
268733
269007
269009
269118
269126
269539
269763
269888
269961
270168
270340
270705
270759
270789
270933
271019
271025
271030
271049
271178
271272
271301
271302
271474
271573
271580
271611
271724
271820
271967
271980
272372
272468
272489
272696
272712
272865
272872
273025
273122
273148
273239
273363
273396
273525
273545
273659
273775
273814
273855
274060
274159
274226
274344
274369
274461
274477
274734
274762
275005
275445
275451
275647
275721
275741
275826
276064
276095
276123
276124
276164
276182
276322
276449
276533
276577
276716
276746
277031
277185
277300
277353
277356
277507
277591
277597
277856
277868
278072
278117
278124
278190
278202
278216
278330
278335
278483
278558
278728
278752
278832
278833
278915
278968
278974
278976
279180
279242
279247
279299
279399
279426
279452
279512
279542
279548
279555
279653
279738
279974
279977
280234
280440
280576
280686
280935
281400
281410
281443
281472
281601
281721
281772
281848
281994
282009
282151
282175
282273
282343
282367
282431
282489
283033
283074
283406
283407
283457
283508
283559
283798
283914
283918
284138
284264
284325
284732
284796
284929
285011
285311
285351
285384
285422
285437
285497
285643
285682
285763
285804
285819
285885
285900
285923
285933
286136
286150
286185
286239
286440
286651
286652
286653
286677
286709
286856
286866
286889
287129
287258
287305
287414
287489
287541
287587
287606
287662
287932
287952
288091
288117
288224
288297
288458
288465
288473
288528
288660
288735
288998
289107
289111
289276
289350
289463
289489
289728
289742
290058
290100
290198
290229
290275
290329
290330
290400
290738
290751
290758
290806
290929
291078
291273
291367
291444
291448
291495
291518
291565
291747
291930
292236
292241
292307
292401
292426
292473
292591
292596
292698
292713
292883
292929
292990
293054
293264
293279
293334
293367
293424
293437
293609
293611
293695
293733
293735
293774
293778
293800
294056
294095
294106
294108
294125
294307
294506
294573
294632
294913
294984
295086
295124
295165
295210
295299
295439
295462
295471
295497
295552
295591
295632
295830
296048
296530
296563
296565
296627
296645
296678
296780
297047
297073
297085
297091
297146
297205
297274
297301
297367
297400
297445
297721
297770
297877
297983
298006
298123
298223
298556
298623
298757
299078
299129
299268
299502
299562
299644
299656
300078
300116
300151
300178
300237
300331
300363
300426
300443
300543
300559
300691
300768
300792
300942
301078
301101
301174
301747
301812
301873
301898
301957
302028
302076
302331
302391
302430
302714
302775
302823
303034
303180
303272
303291
303336
303405
303593
303716
303845
303921
304020
304058
304199
304347
304471
304628
305114
305154
305208
305231
305254
305486
305610
305695
305726
305765
305767
305927
305979
305981
305984
306046
306052
306081
306143
306229
306312
306383
306529
306606
306650
306918
307063
307366
307529
307564
307596
307833
307882
307900
307946
308318
308387
308469
308574
308688
308723
308773
308774
308875
308960
309026
309187
309195
309301
309368
309377
309487
309587
309735
310099
310151
310197
310510
310814
310861
310947
310959
311317
311331
311444
311453
311593
311664
311702
311725
311726
311728
311758
311837
311948
312035
312221
312312
312778
312854
313202
313372
313483
313559
313598
313629
313844
313890
314051
314066
314245
314405
314506
314635
314664
314899
315180
315183
315381
315396
315429
315447
315484
315562
315695
315925
316001
316112
316247
316425
316443
316647
316671
316688
316956
317009
317050
317105
317112
317213
317292
317408
317701
317751
317890
318057
318064
318243
318251
318302
318584
318925
318953
319151
319171
319353
319374
319411
319459
319474
319568
320109
320161
320180
320203
320213
320234
320309
320378
320649
320662
320766
320804
320830
320852
321042
321192
321569
321622
321659
321952
322080
322098
322124
322314
322388
322435
322546
322580
322621
322653
322654
322715
322765
322794
322824
323016
323130
323166
323185
323246
323527
323745
323755
323797
323823
323889
323898
323943
324104
324209
324212
324364
324460
324636
324728
324739
324962
325225
325452
325887
325893
326300
326368
326471
326555
326683
326858
326877
326895
326963
326992
327015
327019
327115
327152
327179
327193
327346
327418
327446
327530
327758
327891
327906
327918
328072
328261
328313
328348
328452
328478
328600
328609
328631
328694
328754
329012
329080
329138
329140
329223
329298
329511
329818
329834
329978
330090
330128
330336
330586
330590
330800
330898
330945
330981
331008
331200
331317
331336
331444
331663
331769
332009
332041
332208
332233
332247
332379
332594
332803
332832
332840
332849
332997
333053
333070
333124
333126
333257
333360
333392
333456
333570
333658
334121
334124
334217
334364
334551
334585
334608
334612
334794
334889
334934
334986
335006
335155
335212
335307
335364
335413
335424
335447
335483
335494
335665
336002
336039
336120
336128
336129
336135
336331
336351
336508
336526
336627
336668
336837
337111
337244
337312
337389
337396
337699
337771
338006
338216
338295
338432
338462
338471
338550
338577
338594
338625
338685
338707
338926
338940
338979
339000
339005
339041
339043
339086
339107
339231
339286
339338
339804
339922
340000
340063
340091
340100
340111
340167
340210
340396
340497
340576
340958
341039
341092
341180
341266
341329
341348
341479
341481
341498
341540
341542
341601
341682
341744
341750
341781
341826
341976
342080
342114
342123
342137
342394
342398
342549
342557
342637
343281
343422
343521
343679
343795
344007
344028
344080
344157
344427
344543
344594
344674
344782
344795
344826
344859
344899
344999
345029
345031
345055
345228
345234
345326
345340
345348
345395
345466
345563
345594
345597
345680
345767
345951
346463
346575
346729
346752
346768
346860
347024
347065
347193
347291
347514
347616
347747
348027
348090
348134
348180
348181
348259
348351
348537
348540
348787
348877
348909
349054
349060
349300
349428
349700
349717
349784
349944
350240
350283
350314
350388
350398
350466
350557
350812
350954
351014
351065
351136
351155
351159
351223
351406
351533
351634
351811
351816
351829
351848
351951
352017
352030
352067
352185
352347
352503
352758
352900
353105
353161
353455
353531
353801
353864
353892
353961
354039
354042
354194
354308
354331
354344
354381
354705
354848
354877
355021
355038
355185
355266
355410
355569
355570
355649
355726
355768
355901
355934
356043
356150
356444
356528
356654
356674
356770
356819
356856
356881
356943
357077
357274
357651
357742
357863
357968
357982
358236
358255
358400
358760
358985
359005
359207
359301
359395
359408
359427
359442
359450
359735
359795
359811
359818
359851
359899
359934
360012
360036
360102
360184
360225
360241
360266
360413
360422
360585
360594
360610
360716
360958
361040
361735
361816
362106
362272
362357
362626
362707
362721
362743
362797
362814
362828
363097
363125
363266
363323
363719
364016
364188
364201
364216
364255
364327
364367
364381
364439
364508
364562
364588
364686
364696
364812
364849
364876
365006
365021
365033
365123
365156
365234
365237
365254
365373
365415
365511
365515
365746
365904
366048
366252
366312
366347
366441
366596
366755
366819
366901
366931
366996
367471
367529
367561
367577
367850
367866
367875
367977
368051
368113
368242
368382
368409
368417
368469
368482
368542
368682
368691
368836
369016
369030
369037
369114
369143
369185
369214
369277
369392
369496
369646
369681
369778
369836
369929
370205
370237
370244
370376
370428
370464
370540
370585
370638
370750
370765
370796
370874
370917
370965
370974
371056
371102
371340
371405
371567
371615
371764
371895
372055
372108
372125
372173
372216
372268
372281
372334
372407
372423
372434
372443
372470
372602
372707
372822
372927
372961
373015
373074
373240
373342
373456
373506
373551
373588
373696
373724
374081
374109
374122
374230
374266
374445
374512
374566
374729
374901
375098
375152
375161
375265
375297
375329
375406
375526
375568
375623
375829
375886
375916
375970
376015
376054
376074
376150
376243
376289
376378
376612
377132
377133
377324
377386
377472
377489
377501
377528
377583
377587
377616
377632
377726
377951
377956
377963
378113
378254
378377
378382
378393
378438
378486
378549
378624
378633
378743
378751
379036
379259
379317
379333
379365
379367
379574
379586
379808
379862
379958
380192
380416
380552
380559
380578
380693
380726
380856
380984
381074
381141
381203
381236
381408
381437
381440
381488
381495
382050
382076
382268
382321
382322
382401
382494
382586
382648
382779
382787
382836
382968
383250
383268
383453
383554
383620
383625
383676
384017
384215
384260
384270
384277
384295
384481
384873
385009
385167
385180
385278
385350
385447
385496
385766
386170
386235
386439
386492
386494
386591
386695
386734
386744
386886
386948
387254
387385
387413
387447
387475
387607
387927
387944
388045
388610
388654
388674
388768
389025
389031
389126
389270
389288
389306
389379
389542
389690
389726
389981
390108
390160
390236
390240
390270
390400
390415
390453
390572
390585
390600
390732
390841
390997
391076
391107
391155
391283
391358
391363
391856
391881
391986
391998
392011
392076
392145
392157
392190
392246
392302
392312
392326
392389
392506
392539
392590
392600
392603
392658
392945
392955
393004
393230
393503
393577
393667
393697
393726
393911
393958
393987
393989
394199
394238
394732
394805
394907
395076
395156
395203
395213
395288
395387
395591
395804
395977
396058
396062
396118
396226
396354
396360
396384
396423
396460
396511
396585
396660
396771
396877
397017
397039
397088
397233
397492
397558
397745
397896
398006
398174
398175
398224
398276
398314
398353
398438
398468
398650
398807
398820
398932
399012
399113
399200
399379
399445
399545
399617
399639
399714
400134
400254
400323
400382
400407
400526
400529
400849
400904
401161
401294
401454
401654
401755
401811
401900
402013
402164
402201
402269
402283
402313
402326
402418
402619
403100
403191
403389
403446
403492
403545
403566
403754
404039
404102
404251
404456
404543
404590
404773
404783
405228
405234
405434
405487
405488
405622
405884
406010
406059
406068
406152
406338
406409
406419
406449
406541
406649
406733
406848
406925
406930
407064
407086
407138
407207
407242
407245
407322
407624
407744
407853
407854
407884
407895
407978
408007
408076
408239
408351
408500
408525
408687
408899
408962
409082
409198
409571
409616
409710
409801
409935
410030
410191
410234
410252
410309
410366
410650
410739
410902
410937
411088
411131
411375
411423
411767
411830
411850
411891
411916
412000
412247
412532
412640
412662
412727
412948
412967
413017
413165
413239
413325
413371
413400
413416
413474
413539
413686
413749
413876
413879
414313
414410
414463
414476
414577
414662
414664
414699
414779
414878
414920
414924
414964
415053
415086
415093
415099
415109
415239
415251
415254
415262
415536
415626
415810
415911
415945
416130
416337
416427
416519
416632
416722
416746
416785
416935
416980
416999
417100
417235
417237
417286
417428
417617
417729
417761
417807
417873
418003
418135
418209
418279
418336
418626
418632
418712
418861
418875
418938
419194
419253
419273
419339
419369
419453
419654
419669
419841
420277
420278
420444
420502
420727
420751
420971
421061
421140
421192
421316
421371
421377
421426
421477
421507
421547
421654
421892
422107
422141
422339
422430
422659
422895
422924
422947
423042
423056
423088
423252
423355
423508
423521
423680
423702
423730
423968
424019
424093
424239
424254
424301
424507
424626
424640
424743
424815
425312
425529
425748
425812
426032
426341
426468
426558
426650
426743
426768
426825
426846
426942
427071
427118
427161
427694
427741
427894
428161
428275
428327
428490
428530
428708
428731
428825
428838
428914
429015
429112
429200
429251
429263
429336
429427
429522
429584
429756
430067
430160
430208
430257
430326
430530
430850
430888
431104
431253
431314
431385
431459
431732
431785
432014
432194
432378
432603
432675
432712
432881
432926
432969
433030
433042
433096
433141
433222
433327
433470
433500
433542
433572
433708
433751
433753
433924
434149
434246
434320
434378
434404
434431
434461
434506
434789
434793
434895
435186
435333
435526
435638
435703
435757
435832
436193
436262
436424
436666
436729
436859
436861
436917
436978
437118
437255
437282
437360
437430
437684
437722
437744
437808
437813
437943
437952
438018
438075
438145
438244
438287
438331
438344
438360
438421
438488
438633
438737
438770
439036
439075
439145
439188
439231
439279
439410
439554
439720
440031
440037
440244
440277
440477
440643
440649
440753
440830
440890
441006
441068
441182
441254
441255
441267
441343
441414
441478
441654
441776
441787
442040
442072
442128
442143
442156
442285
442491
442492
442599
442704
442740
442867
442954
443043
443106
443123
443130
443221
443257
443432
443482
443492
443512
443554
443642
443789
443792
443911
443951
444181
444242
444363
444370
444462
444505
444550
444597
444636
444947
445044
445103
445462
445528
445563
445707
445871
445914
445923
445951
446049
446084
446105
446109
446270
446431
446587
446734
446740
446748
446773
447066
447074
447295
447304
447315
447347
447420
447564
447781
447840
447849
447956
447976
448101
448370
448592
448647
448739
448800
448834
449038
449081
449158
449286
449299
449368
449394
449514
449561
449734
449869
449943
449980
450341
450602
450727
450729
450782
450924
451092
451141
451192
451309
451669
451798
451894
451895
451925
451958
452062
452317
452380
452712
452815
452836
452894
453039
453044
453175
453209
453273
453291
453303
453369
453417
453487
453529
453560
454000
454050
454065
454156
454214
454218
454339
454516
454526
454612
454646
454713
454733
455004
455007
455073
455075
455157
455169
455223
455333
455348
455369
455451
455466
455500
455813
455850
455920
455994
456091
456428
456451
456515
456606
456737
456942
456956
457199
457500
457552
457570
457623
457687
457756
457926
457977
458094
458096
458101
458310
458331
458351
458357
458474
458492
458619
458823
459015
459019
459243
459260
459373
459424
459596
459641
459693
459716
459848
459869
460299
460492
460495
460553
460613
460625
460633
460648
460705
460830
460845
461257
461286
461316
461406
461438
461629
461689
461713
461812
461826
461904
461989
462062
462156
462615
462616
462680
462736
462777
462977
463083
463097
463196
463220
463348
463421
463658
463691
463773
463976
463995
464038
464173
464181
464332
464461
464474
464839
465105
465143
465170
465285
465296
465741
465774
465898
465931
466020
466156
466227
466249
466486
466539
466545
466706
466874
466991
467083
467126
467490
467584
467683
468027
468088
468188
468300
468332
468356
468416
468569
468585
468858
468922
468981
469032
469064
469142
469194
469550
469673
469945
470032
470438
470571
470900
470970
471054
471098
471101
471185
471200
471381
471532
471808
471932
471947
472024
472029
472036
472153
472159
472224
472267
472351
472388
472473
472511
472540
472627
472642
472784
472925
473041
473308
473352
473396
473411
473491
473542
473586
473636
473717
473734
474002
474411
474467
474585
474591
474639
474799
474862
474870
474960
475007
475100
475143
475204
475248
475265
475497
475514
475579
475592
475811
475900
476011
476098
476410
476526
476635
476687
476829
476950
476989
477023
477029
477081
477135
477183
477207
477260
477273
477565
477648
477997
477998
477999
478106
478138
478151
478379
478521
478522
478597
478619
478738
478922
478950
478981
479112
479137
479201
479351
479505
479805
479856
479996
480039
480161
480195
480214
480446
480517
480732
480733
480735
480821
480854
481153
481188
481299
481391
481616
481672
481882
481896
481914
482136
482200
482227
482230
482320
482367
482527
482629
482684
482736
482993
483267
483411
483434
483580
483584
483631
483864
484049
484126
484133
484181
484381
484426
484470
484538
484807
485125
485182
485190
485368
485484
485682
485697
485804
485898
485998
486337
486365
486480
486500
486532
486633
486826
487056
487193
487243
487263
487488
487498
487714
487864
487894
487989
488018
488157
488220
488663
488771
488857
488990
489143
489465
489477
489544
489585
489589
489640
489668
489678
489752
489811
489866
489951
490156
490184
490274
490292
490307
490445
490644
490714
491065
491269
491301
491438
491506
491520
491532
491848
491919
491931
491965
492066
492107
492167
492176
492194
492309
492398
492586
492601
492627
492834
493099
493246
493370
493473
493597
493673
493693
493718
493904
494096
494181
494271
494408
494447
494462
494553
494556
494626
494703
494725
494807
494915
494929
495083
495141
495144
495786
495810
495850
496162
496168
496285
496329
496348
496556
496724
496760
496925
496962
497123
497222
497240
497356
497387
497411
497437
497608
497703
497729
497802
497846
498013
498081
498306
498319
498391
498440
498690
498715
498829
499054
499115
499125
499160
499419
499542
500318
500378
500475
500541
500584
500591
500612
500693
500718
500752
500759
500805
500896
500994
501031
501219
501485
501503
501545
501823
502008
502038
502077
502101
502262
502284
502338
502402
502532
502635
502704
502749
502804
502925
503001
503075
503312
503634
503638
503665
503695
503932
504161
504176
504329
504430
504441
504691
504701
504744
504904
504941
505069
505144
505267
505381
505452
505584
505638
505820
505824
505894
505906
505908
505965
506104
506125
506298
506617
506670
506876
506947
507209
507266
507279
507332
507347
507442
507467
507468
507666
507716
507745
507987
508051
508095
508253
508281
508361
508535
508593
508599
508629
508703
508965
509171
509188
509207
509442
509606
509739
509955
509978
510026
510176
510286
510318
510341
510806
510807
510840
511056
511182
511324
511403
511672
511755
511775
511938
511979
512181
512200
512527
512600
512606
512709
512759
512776
512798
512863
512924
513069
513177
513397
513555
513599
513644
513794
513908
513973
513990
514017
514136
514226
514294
514448
514472
514622
514869
515035
515094
515176
515201
515234
515460
515592
515811
515910
515949
515960
515989
516044
516097
516176
516272
516326
516359
516464
516470
516573
516617
516625
516800
516892
516946
516966
517093
517189
517217
517239
517266
517365
517398
517495
517638
517905
517940
518247
518333
518378
518397
518691
518717
518748
518832
518842
518856
518868
519020
519189
519265
519435
519469
519505
519545
519887
519964
520029
520034
520043
520100
520213
520313
520620
520650
520831
520983
521059
521282
521524
521565
521600
521758
521841
521997
522107
522182
522204
522347
522542
522600
522623
522688
522860
522905
522932
523015
523071
523081
523206
523211
523288
523302
523384
523406
523460
523573
523586
523598
523600
523624
523794
523843
523944
523968
523988
524143
524222
524307
524837
525018
525412
525568
526094
526120
526142
526288
526383
526503
526533
526621
526867
526905
527058
527130
527453
527516
527538
527661
527678
527891
527988
528089
528234
528275
528451
528464
528729
528850
528871
528952
528967
528996
529105
529131
529136
529633
529743
529746
529836
529923
529994
530096
530276
530342
530347
530421
530448
530453
530508
530533
530561
530679
530801
530993
531255
531268
531271
531493
531554
531661
531746
531777
532029
532366
532591
532812
532857
532877
532909
532947
532974
533011
533161
533182
533358
533390
533427
533437
533452
533558
533770
533824
533831
533833
534086
534556
534744
534891
535045
535071
535125
535280
535286
535291
535543
535651
535707
535753
535901
535935
535961
536319
536384
536682
536773
536873
536883
536989
537017
537055
537059
537069
537074
537175
537258
537263
537683
537787
537790
537866
538289
538346
538587
538606
538688
538850
539022
539062
539086
539114
539171
539209
539253
539268
539597
539904
540084
540278
540361
540423
540442
540451
540514
540980
541040
541188
541242
541532
542006
542015
542187
542193
542198
542231
542283
542570
542611
542726
542850
543106
543118
543244
543483
543600
543742
543764
543964
543974
543999
544113
544192
544355
544425
544837
544861
544868
544985
545115
545133
545171
545173
545274
545477
545496
545502
545560
545683
545921
546186
546246
546517
546741
546787
546807
546871
547180
547248
547330
547390
547474
547579
547948
548087
548146
548276
548542
548569
548580
548735
548819
548825
549016
549226
549263
549266
549472
549493
549826
549901
550064
550097
550317
550345
550496
550691
550864
550881
550907
551074
551087
551178
551222
551289
551300
551311
551403
551472
551555
551676
551793
551805
551820
551867
552175
552240
552289
552290
552450
552648
552923
552936
553262
553299
553374
553572
553576
553579
553599
553653
553697
553768
553782
553822
553972
554012
554037
554197
554524
554606
554761
554798
554974
554979
554986
555194
555284
555539
555736
555878
555881
555918
556126
556170
556207
556296
556401
556489
556517
556574
556591
556721
556752
556753
556794
556919
556996
557036
557075
557160
557235
557248
557328
557459
557677
557757
557909
557949
557983
558409
558527
558708
558709
558839
558953
558958
558997
559017
559204
559421
559586
559601
559811
559836
559845
559995
560095
560215
560423
560650
560794
560853
560901
560949
561005
561022
561152
561411
561422
561658
561758
561785
562039
562074
562110
562161
562194
562296
562321
562329
562338
562520
562548
562610
562840
562897
563030
563075
563097
563160
563332
563423
563713
563714
563871
563995
564027
564186
564189
564213
564238
564275
564277
564478
564546
564567
564828
565350
565379
565529
565625
565746
565784
566090
566137
566176
566213
566358
566360
566395
566548
566595
566660
566729
566886
567052
567324
567481
567742
567925
567949
567964
568035
568128
568326
568391
568856
568941
568998
569187
569206
569286
569325
569712
569800
569821
569874
569970
569999
570114
570302
570422
570426
570649
570694
570711
570754
570890
571031
571103
571141
571287
571377
571421
571447
571505
571927
571940
571968
571972
571973
571995
572022
572056
572110
572275
572349
572443
572742
572810
572822
572847
572970
572986
573146
573192
573482
573818
573843
573965
574049
574319
574400
574646
574648
574949
575151
575370
575518
575639
576095
576101
576234
576243
576305
576368
576401
576507
576511
576754
576835
577127
577238
577319
577350
577500
577578
577916
577972
577985
577997
578359
578408
578434
578482
578599
578760
578938
578988
579019
579044
579076
579099
579206
579348
579720
579843
579876
579888
579898
580024
580218
580269
580376
580619
580629
580710
580777
580826
580869
580900
581149
581247
581261
581357
581472
581535
581563
581659
581764
582113
582306
582337
582399
582526
582691
582693
582796
582925
583041
583144
583190
583331
583356
583404
583490
583694
583732
583784
583806
583841
583857
583884
583952
584006
584008
584111
584154
584230
584270
584344
584502
584546
584767
584804
584876
584879
584989
585089
585124
585228
585250
585251
585325
585462
585484
585542
585555
585849
586181
586399
586527
586623
586757
587047
587183
587186
587254
587482
587573
587623
587662
587705
587750
587780
587947
588146
588193
588363
588726
588777
588809
588892
589098
589171
589361
589380
589478
589585
589671
589876
590020
590083
590149
590185
590246
590281
590395
590404
590459
590461
590488
590494
590540
590634
590698
590722
590731
590760
590774
590791
590913
591235
591330
591400
591496
591590
591674
591865
591979
592122
592167
592176
592201
592223
592261
592601
592696
592828
592876
592925
593078
593152
593323
593397
593830
593858
593907
593911
593984
594134
594157
594229
594337
594444
594451
594694
594835
594857
595139
595434
595615
595651
595731
595923
596073
596198
596200
596221
596423
596425
596547
596758
596784
596790
597010
597091
597097
597313
597322
597392
597490
597516
597592
597692
597799
597839
597879
597883
597925
598091
598094
598120
598286
598454
598569
598729
598751
598793
598814
599010
599040
599087
599513
599569
599656
599836
599921
600049
600264
600351
600429
600552
600693
600772
600776
600874
600892
601037
601052
601123
601148
601296
601474
601552
601768
601796
601798
601852
601962
602171
602245
602284
602298
602446
602522
602614
602641
602676
602850
602999
603004
603030
603095
603223
603281
603288
603315
603414
603626
603715
603883
603927
604055
604323
604455
604546
604581
604931
604961
605138
605579
606045
606101
606217
606229
606342
606535
606765
607066
607144
607183
607248
607377
607381
607577
607618
607833
608024
608034
608071
608285
608317
608424
608600
608670
608749
609355
609454
609606
609726
609731
609792
609801
609983
610019
610054
610221
610235
610334
610355
610502
610730
610789
610842
610916
611020
611037
611150
611217
611333
611392
611455
611670
611801
611874
611921
611995
612075
612080
612183
612413
612432
612461
612688
612787
612970
613260
613320
613739
613802
613849
613903
613969
613977
614000
614023
614232
614274
614351
614498
614536
614714
614749
614826
614850
614941
614997
615049
615081
615087
615110
615275
615473
615522
615625
615850
616082
616359
616438
616467
616471
616494
616515
616617
616821
616823
616870
616940
617102
617134
617261
617399
617462
617476
617580
617652
617653
617806
617884
618123
618271
618429
618488
618714
618731
618744
618878
619044
619245
619261
619370
619410
619432
619681
619684
619971
620021
620115
620136
620165
620262
620352
620396
620410
620519
620711
620932
621097
621215
621249
621390
621474
621663
622071
622131
622211
622220
622395
622479
622507
622586
622600
622828
622992
623061
623067
623185
623257
623555
623560
623577
623636
623640
623655
623720
623787
623792
623892
623964
623978
624113
624138
624374
624387
624422
624584
624910
625148
625406
625792
626098
626225
626247
626485
626564
626579
626679
626700
626782
626815
626822
626915
626936
626969
626995
627247
627282
627425
627476
627589
627626
627784
627862
627875
627889
627999
628092
628237
628376
628379
628493
628531
628568
628574
628619
628735
628838
628869
628874
628935
628957
629128
629289
629586
629672
629754
629874
630005
630050
630126
630376
630532
630597
630615
630630
630715
630828
630861
630905
631279
631423
631516
631583
631626
631673
631695
631703
631719
631924
631971
631990
632047
632117
632313
632321
632434
632670
632761
632765
632968
633193
633199
633406
633414
633436
633626
633630
633708
633814
634505
634968
634988
634990
635105
635129
635241
635277
635371
635448
635493
635681
635695
635726
635804
635861
636130
636141
636226
636510
636560
636699
636746
636761
636932
636975
637084
637110
637131
637215
637309
637381
637403
637430
637465
637576
637888
638003
638098
638101
638110
638178
638284
638395
638460
638650
638677
638740
638749
638761
638817
638960
638996
639065
639091
639158
639386
639488
639878
639927
639942
639981
640165
640500
640583
640729
640737
640878
640986
641014
641049
641448
641507
641536
641621
641623
641837
641908
641920
641953
642051
642157
642442
642443
642642
642667
642675
642691
642721
642793
642873
642905
643110
643314
643403
643407
643411
643412
643431
643461
643653
643880
643936
643990
643991
644111
644212
644268
644350
644644
644739
645013
645210
645433
645718
645768
645897
645902
645922
645936
646307
646455
646582
646615
646858
646928
647062
647111
647380
647525
647554
647567
647615
647630
647682
647768
647804
647853
647873
647999
648039
648110
648271
648632
648652
648694
648777
648860
648897
648904
648928
648962
649418
649545
649606
649623
649864
649929
650012
650334
650524
650536
650749
650870
651120
651333
651495
651696
651810
651877
652163
652287
652334
652520
652614
652719
652735
652800
653085
653088
653128
653235
653236
653265
653322
653635
653677
653701
653793
653847
653950
654013
654213
654226
654341
654447
654651
654680
654744
654792
654799
654892
654967
655119
655131
655460
655629
655766
655771
655869
656261
656350
656379
656423
656467
656663
656714
656784
656796
656967
657116
657272
657304
657330
657353
657367
657380
657558
657574
657600
657651
657696
658043
658127
658218
658275
658297
658436
658472
658616
658838
658840
658847
658870
659088
659123
659146
659162
659272
659341
659380
659405
659523
659638
659754
659829
660029
660138
660236
660240
660291
660308
660387
660410
660474
660612
660694
660797
661109
661120
661220
661392
661643
661704
661715
661837
661928
661929
661972
662087
662092
662231
662239
662263
662278
662389
662562
662858
662966
663092
663094
663393
663473
663529
663735
663812
663879
663920
663979
664374
664383
664429
664460
664540
664710
664720
664756
665085
665125
665295
665406
665550
665610
665731
665853
666014
666076
666272
666303
666382
666492
666886
667070
667119
667149
667264
667372
667421
667438
667490
667632
667733
667892
667919
668047
668139
668297
668406
668435
668464
668677
668911
669074
669106
669160
669230
669458
669562
669580
669674
669685
669715
669749
670089
670094
670155
670590
670696
670717
670884
671072
671205
671238
671245
671475
671580
671635
671797
671825
671859
671880
671909
671964
672077
672177
672184
672193
672195
672318
672347
672459
672507
672521
672568
672636
672654
672750
672779
672899
673012
673023
673167
673199
673222
673446
673450
673470
673552
673616
673645
673673
673810
673860
673943
674002
674014
674078
674297
674425
674571
674602
674752
674942
675137
675144
675210
675269
675712
675755
675761
675831
675904
675957
675975
675992
676004
676019
676288
676355
676364
676399
676434
676470
676515
676552
676556
676716
676800
676823
677104
677246
677337
677378
677503
677524
677550
677577
677684
677803
677890
678132
678204
678210
678233
678394
678403
678418
678463
678535
678711
678751
678756
678829
678839
678891
678959
679123
679260
679391
679544
679776
680170
680218
680481
680528
680708
680950
681066
681205
681227
681241
681329
681419
681509
681643
681802
681901
681939
681976
681980
682012
682156
682184
682236
682510
682536
682554
682578
682599
682611
682786
682813
682915
682939
682975
683055
683237
683272
683322
683332
683752
683835
683927
683992
684007
684098
684183
684280
684332
684356
684417
684488
684814
684856
684970
685034
685583
685726
685782
685814
686101
686228
686322
686379
686417
686449
686616
686621
686792
686876
686893
687010
687033
687039
687083
687088
687345
687381
687469
687741
687884
687887
687933
688111
688209
688429
688443
688473
688515
688616
688787
688984
689182
689226
689759
689773
689783
689818
689940
690024
690071
690224
690255
690260
690405
690468
690529
690540
690616
690774
690875
690913
691267
691338
691348
691398
691442
691473
691521
691557
691675
691703
692064
692197
692391
692551
692686
692809
692885
693071
693188
693535
693718
693979
694008
694097
694322
694512
694564
694595
694632
694670
694823
694824
694896
694945
695096
695201
695343
695410
695842
696055
696331
696456
696501
696530
696562
696736
696955
697255
697296
697381
697578
697640
697655
697703
697784
697873
697893
697949
698081
698353
698526
698652
698678
698788
699094
699126
699199
699209
699266
699429
699547
699648
699878
700258
700342
700404
700481
700596
700644
700689
700697
701130
701159
701604
701681
701769
701857
701883
702179
702265
702366
702651
702717
703143
703240
703522
703690
703881
703954
703957
704314
704328
704394
704423
704487
704560
704746
704936
704944
704993
705084
705283
705303
705334
705549
705581
705926
706111
706126
706339
706429
706563
706604
706863
706892
707046
707164
707335
707367
707574
707593
707783
707880
707938
708070
708128
708212
708515
708612
708653
708727
709069
709101
709155
709194
709220
709427
709612
709669
709672
709763
709784
709801
709803
709918
710003
710053
710106
710139
710211
710270
710280
710345
710908
710956
711125
711140
711336
711533
711659
711666
711810
711912
711922
711967
711992
712033
712047
712128
712167
712250
712262
712476
712529
712603
712709
712764
713116
713146
713340
713385
713581
713590
713683
713693
713738
713821
713934
714100
714542
714968
715005
715016
715122
715305
715339
715494
715511
715607
715648
715749
715815
716139
716193
716307
716336
716715
716780
716827
716899
717006
717038
717073
717136
717268
717325
717348
717483
717500
717671
717788
717792
717889
718006
718063
718451
718491
718550
718637
718648
718669
718718
718921
718955
719022
719026
719152
719154
719156
719577
720001
720018
720206
720385
720396
720411
720592
720791
720886
721057
721140
721150
721289
721373
721429
721609
721783
722058
722127
722128
722222
722271
722361
722584
722652
722913
722969
723121
723134
723240
723277
723280
723457
723734
723765
723772
723801
723824
724113
724167
724322
724362
724616
724623
724649
724665
724860
724894
724906
724914
724928
725091
725175
725271
725653
725707
725922
725940
725984
726062
726084
726122
726123
726149
726194
726260
726370
726424
726559
726670
726766
726767
727079
727312
727340
727361
727394
727414
727539
727597
727667
727721
728022
728099
728201
728274
728309
728600
728667
728746
728929
729122
729490
729538
729634
729665
729688
729755
729765
729883
730018
730024
730156
730210
730236
730377
730427
730794
730858
730939
731026
731038
731219
731375
731435
731672
731798
731867
731889
731898
731988
732192
732330
732770
732970
732985
732990
733345
733486
733539
733575
733591
733597
733733
733793
733795
733843
733904
734017
734023
734116
734151
734253
734402
734550
734692
734737
734882
734900
735016
735039
735064
735164
735291
735358
735432
735441
735457
735502
735604
735639
735899
735950
736018
736044
736232
736365
736454
736569
736609
736620
736643
736649
736716
736774
736796
736814
736896
737133
737494
737531
737645
737730
737842
737993
737996
738322
738359
738406
738429
738461
738475
738724
738796
738894
738895
738906
739018
739094
739414
739470
739827
740076
740265
740278
740410
740529
740610
740656
740661
740751
740918
740953
741256
741360
741485
741597
742256
742416
742512
742513
742562
742667
742828
742847
742883
742913
742933
743011
743612
743716
743785
743946
743984
744040
744102
744128
744239
744295
744336
744421
744443
744452
744481
744663
744755
744778
744985
745014
745095
745101
745136
745332
745407
745844
745973
746064
746208
746279
746281
746437
746476
746779
746858
746879
746935
746966
746980
746996
747396
747650
747702
747809
747877
747959
747987
748069
748190
748231
748277
748493
748670
748846
749099
749121
749157
749167
749190
749232
749302
749326
749379
749480
749533
749783
749827
749854
750137
750203
750240
750415
750452
750521
750651
750707
750943
751045
751364
751379
751501
751586
751776
751785
751990
752139
752228
752283
752341
752344
752431
752472
752510
752534
752834
753272
753293
753316
753382
753460
753588
753903
754045
754071
754199
754207
754292
754358
754368
754630
754669
754768
754953
755105
755122
755149
755207
755311
755315
755329
755422
755429
755686
755855
755870
755880
756055
756076
756131
756208
756350
756354
756467
756537
756585
756904
757312
757421
757471
757728
757782
757947
757956
757999
758077
758082
758183
758195
758215
758224
758372
758448
758673
758796
758885
759350
759540
759622
759658
759725
759795
759818
759858
759919
760364
760426
760502
760639
760787
760804
760845
760993
761016
761290
761597
761728
761773
761850
761900
761928
761995
762116
762321
762397
762426
762446
762604
762642
762658
762758
762772
762938
762961
762968
763238
763263
763724
763734
764004
764156
764194
764227
764402
764431
764510
764685
764748
764755
764768
764868
764905
764934
764973
765056
765185
765247
765325
765515
765674
765903
766311
766353
766368
766457
766509
766775
766814
767149
767280
767363
767518
767568
767638
767659
767833
767852
767886
768157
768278
768297
768326
768410
768667
768696
768904
769334
769376
769467
769649
769856
769905
769922
770185
770245
770547
770681
770750
770756
770777
770822
770877
771051
771058
771068
771108
771130
771247
771304
771569
771723
771852
772050
772121
772133
772180
772195
772410
772628
772648
773084
773212
773245
773376
773384
773569
773725
773763
774166
774254
774432
774789
774829
774987
775121
775514
775665
775728
775931
775936
775973
776217
776262
776297
776375
776418
776507
776895
776988
777151
777314
777394
777500
777626
777767
777881
777897
777919
778144
778320
778618
778776
778968
779233
779367
779430
779431
779466
779585
779617
779706
779782
779821
779916
780105
780111
780232
780296
780429
780536
780592
780772
781050
781157
781163
781204
781255
781472
781482
781516
781793
781957
782180
782219
782340
782349
782736
782812
782903
782950
782984
783182
783253
783260
783557
783561
783664
783699
783706
783803
784098
784121
784173
784250
784313
784359
784382
784419
784483
784854
784921
784996
785036
785211
785360
785376
785382
785474
785482
785562
785620
785727
785755
786056
786187
786424
786447
786525
786729
786897
786975
787353
787526
787757
787873
787876
787902
787962
788039
788085
788134
788365
788426
788446
788486
788538
788689
788757
788773
788828
789263
789265
789302
789321
789441
789466
789578
789580
789595
789870
789942
790021
790055
790085
790283
790441
790640
790680
790698
790778
790795
790898
791096
791170
791179
791286
791437
791495
791523
791576
791665
792006
792132
792215
792245
792264
792470
792732
792767
792804
792824
792899
792959
793432
793437
793509
793691
793868
794024
794156
794324
794333
794741
794934
794976
795013
795088
795117
795216
795231
795257
795296
795316
795356
795358
795381
795517
795649
795820
795862
796002
796009
796013
796492
796532
796662
796753
796790
796818
796974
797304
797342
797387
797487
797594
797645
797663
797768
798076
798199
798363
798391
798438
798453
798568
798609
798622
798639
798753
798778
798951
798969
798975
799028
799048
799073
799116
799215
799255
799306
799382
799476
799486
799550
799620
799784
799800
799860
799938
799973
800102
800289
800385
800420
800441
800587
800637
800656
800785
800873
800916
800971
800977
801008
801027
801173
801285
801313
801374
801839
801880
802185
802274
802497
802715
803043
803076
803199
803288
803574
803623
803770
803824
803968
804119
804197
804203
804266
804549
804555
804559
804565
804687
805098
805474
805623
805716
805744
805775
805848
805884
805907
806029
806215
806251
806294
806343
806349
806373
806379
806397
806449
806465
806544
806556
806567
806814
806837
806893
806972
807153
807354
807390
807763
807780
807876
807896
807970
808203
808297
808429
808478
808628
808668
808688
808729
808867
808974
809134
809230
809255
809278
809380
809382
809386
809392
809680
809893
809897
810066
810144
810316
810342
810401
810512
810516
810532
810906
811022
811121
811205
811338
811376
811556
811570
811618
811632
811748
811930
811998
812024
812111
812179
812267
812365
812436
812506
812527
812631
812760
812826
812856
812879
812920
813165
813214
813280
813326
813338
813520
813562
813668
813754
813858
814184
814381
814568
814616
814659
814829
814881
815272
815492
815601
815713
815758
815909
816024
816123
816202
816314
816448
816480
816932
817430
817488
817568
817755
817762
817772
817841
817900
817969
818036
818240
818305
818326
818407
818475
818589
818885
819038
819113
819185
819266
819270
819345
819417
819465
819490
819501
819551
819720
820075
820174
820295
820298
820384
820503
820524
820556
820597
820638
820712
820878
820962
821148
821289
821462
821500
821573
821663
821830
821954
821995
822213
822317
822614
822687
822765
822813
823058
823126
823380
823658
823964
824044
824085
824321
824429
824651
824715
824725
824813
824817
824905
825145
825284
825403
825503
825532
825655
825756
825811
825875
826135
826293
826301
826385
826448
826468
826479
826490
826543
826887
826909
827018
827130
827133
827218
827263
827343
827565
827596
827608
827800
827838
827870
828220
828387
828388
828419
828573
828677
828712
828846
828960
828970
829051
829094
829134
829176
829204
829313
829331
829379
829402
829518
829695
829709
829907
829944
830033
830082
830120
830228
830289
830337
830541
830708
830709
830770
830830
831224
831314
831441
831698
831872
831930
831970
831989
832137
832319
832614
832734
832754
832782
832822
833056
833505
833523
833643
833718
834194
834291
834306
834401
834506
834685
834875
835037
835282
835402
835484
835554
835567
835577
835578
835598
835757
835824
835831
835848
835897
835898
835996
836077
836247
836431
836491
836589
836658
836757
836783
836851
837075
837086
837131
837238
837408
837429
837434
837447
837476
837946
837953
838191
838210
838279
838358
838392
838584
838615
838684
838816
839139
839163
839402
839535
839807
839811
839878
839940
839942
840048
840076
840103
840105
840370
840529
840567
840584
840708
840771
840857
840871
840878
840926
841032
841071
841096
841097
841189
841258
841328
841475
841742
841838
841926
842136
842312
842355
842563
842587
842919
842936
842946
843330
843394
843801
843895
843931
843949
844069
844196
844247
844250
844293
844362
844421
844470
844570
844624
844643
844658
844813
844875
844918
844945
844995
845016
845194
845249
845347
845453
845513
845608
845639
845996
846098
846151
846167
846271
846348
846373
846374
846382
846872
846951
847060
847117
847200
847434
847445
847517
847524
847671
847714
847780
847901
847913
848084
848175
848247
848311
848384
848391
848490
848533
848724
848771
849227
849376
849557
849570
849660
849673
849841
849891
849932
849990
850129
850159
850246
850257
850258
850468
850615
850882
850919
850963
850984
851085
851087
851140
851223
851232
851365
851494
851502
851708
851829
852127
852210
852291
852419
852549
852606
852616
852638
852889
852924
853008
853038
853450
853593
853876
853883
854023
854214
854362
854384
854514
854821
854922
855591
855611
855620
855654
855661
855851
855916
856035
856088
856299
856325
856335
856420
856425
856544
856656
856757
857103
857162
857285
857318
857324
857448
857561
857963
858075
858166
858202
858218
858231
858319
858320
858474
858507
858557
858574
858621
858766
858800
858928
859065
859141
859291
859474
859598
859732
859838
859984
860064
860070
860521
860528
860541
860553
860580
860718
860864
860958
861031
861428
861511
861613
861738
861755
861814
861856
861895
861911
862121
862185
862352
862400
862408
862505
862583
863138
863356
863493
863510
863559
863584
863606
863609
863703
863726
863856
863859
863969
864096
864250
864394
864424
865253
865311
865365
865436
865569
865807
865878
865895
866139
866268
866316
866408
866482
866529
866652
866811
866945
867157
867307
867438
867590
867752
867932
868231
868237
868256
868300
868314
868455
868526
868615
868721
868944
868967
869080
869212
869213
869223
869254
869270
869294
869376
869421
869528
869758
870017
870039
870081
870226
870277
870420
870426
870459
870740
871267
871444
871559
871673
871741
871780
871804
871837
871884
871892
871896
872139
872141
872172
872230
872382
872399
872635
872698
872911
872913
872921
872924
873070
873240
873292
873389
873804
873904
874321
874341
874554
874569
874823
874828
875249
875298
875302
875382
876051
876080
876218
876224
876226
876250
876312
876359
876494
876825
876891
876969
876999
877175
877257
877425
877489
877609
877671
877768
877843
877893
878039
878060
878101
878260
878372
878476
878575
878598
878599
878734
878822
879056
879058
879166
879191
879226
879329
879409
879421
879556
879595
879762
879836
879878
880027
880133
880153
880178
880444
880500
880576
880662
880897
881082
881414
881461
881501
881541
881557
881648
881777
881781
882066
882096
882317
882447
882869
883048
883232
883277
883295
883330
883559
883619
883751
883909
883912
884068
884108
884241
884278
884383
884454
884710
884734
884767
884895
884915
884961
885035
885376
885433
885478
885498
885647
885656
885714
885868
885980
886289
886370
886417
886553
886560
886690
886744
887115
887397
887444
887490
887621
887665
887743
887821
887897
888131
888193
888271
888293
888383
888393
888415
888543
888629
888649
888749
888750
888779
888847
888860
888909
888920
889026
889093
889269
889325
889534
889744
889748
889761
889833
889866
889923
890130
890413
890765
890769
890802
890868
891022
891024
891065
891199
891539
891710
891842
891854
892104
892240
892479
892518
892601
892943
892972
893498
893650
893691
893693
893707
893851
894071
894101
894298
894340
894405
894417
894588
894923
895025
895114
895380
895520
895565
895612
895642
895668
895707
895735
896139
896336
896410
896484
896501
896573
896638
896722
896822
896996
897047
897261
897540
897708
897772
897795
897922
898158
898242
898258
898537
898784
898793
898993
899057
899137
899276
899284
899326
899407
899584
899598
899669
899682
899817
899882
899962
900336
900412
900605
900656
900852
900868
900869
900877
901017
901127
901236
901272
901285
901360
901469
901681
901696
901895
901911
902105
902139
902233
902235
902342
902467
902468
902511
902572
902923
902969
903078
903109
903118
903158
903169
903263
903327
903371
903429
903586
903862
903922
904127
904277
904407
904463
904473
904493
904758
904805
904859
904875
904927
905025
905204
905308
905490
905586
905714
905774
905776
905900
905942
906059
906061
906080
906140
906382
906516
906544
906599
907065
907251
907307
907366
907384
907674
907721
907844
907869
907893
907917
908030
908141
908171
908193
908266
908466
908472
908613
908694
908786
908812
908847
908848
908942
909087
909117
909215
909245
909293
909297
909319
909523
909610
909626
909705
909729
909994
910007
910078
910257
910311
910351
910495
910665
910678
910730
910785
910868
910943
910995
911011
911119
911219
911292
911324
911405
911560
911609
911742
911794
911863
911869
911891
911893
911929
911982
912269
912326
912487
912584
912648
912706
912800
912826
912828
913292
913304
913329
913335
913399
913431
913435
913706
913896
913991
914007
914266
914361
914390
914393
914825
914848
914887
915004
915092
915116
915242
915422
915444
915520
915686
915792
915822
915862
915949
916058
916163
916170
916264
916279
916332
916441
916502
916549
916630
916641
916664
916682
916756
916767
916787
917364
917471
917573
917651
917686
917791
917797
917821
917920
917987
918001
918006
918074
918252
918295
918464
918777
918915
918999
919016
919255
919283
919619
919682
919768
919840
920072
920307
920581
920592
920793
920839
920881
920920
921244
921392
921393
921426
921444
921473
921600
921721
922022
922092
922118
922220
922327
922335
922601
922736
923164
923511
923748
923751
923787
924251
924328
924391
924493
924549
924553
924670
924767
924780
925312
925407
925408
925538
925628
925678
925692
925725
925731
925872
925906
926000
926067
926143
926176
926507
926546
926713
926814
926864
926961
926994
927008
927354
927392
927512
927653
927713
927969
928037
928234
928378
928381
928387
928393
928401
928431
928604
928713
928753
928785
928965
928990
928996
929060
929081
929151
929354
929495
929724
929743
929865
929979
930009
930081
930295
930350
930695
930833
930948
931019
931152
931227
931447
931609
931617
931638
931650
931935
932825
932829
932860
932883
933370
933386
933524
933644
933687
933824
934088
934168
934238
934257
934362
934390
934393
934458
934483
934704
934707
934723
934748
934944
935004
935009
935161
935235
935243
935281
935360
935420
935490
935747
936233
936256
936304
936425
936427
936457
936715
936759
936777
936817
936953
936956
936987
937171
937575
937608
937871
938035
938218
938268
938454
938549
938564
938606
938722
938727
939002
939070
939126
939153
939278
939418
939525
939765
939827
939982
939988
940014
940073
940268
940375
940385
940536
940558
940646
940685
940691
941167
941314
941558
941601
941762
941809
941861
941892
941895
941977
942027
942080
942111
942500
942522
942593
942777
942802
942852
943020
943102
943193
943194
943286
943329
943383
943423
943462
943480
943499
943509
943629
943680
943687
943798
943847
944121
944133
944152
944207
944237
944255
944256
944319
944340
944411
944439
944491
944546
944565
944572
944643
944664
944736
944808
944853
944883
944944
944984
945242
945332
945382
945601
945648
945686
945835
945904
945938
945979
946029
946168
946490
946604
946629
946871
947485
947511
947528
947687
947928
948143
948185
948217
948321
948439
948451
948504
948565
948862
948902
949208
949513
949549
950021
950030
950073
950239
950406
950637
950776
950829
951015
951169
951253
951570
951631
951638
951699
951732
951787
951886
952120
952161
952171
952172
952180
952205
952325
952460
952769
952812
953034
953047
953088
953155
953183
953184
953263
953272
953473
953571
953646
953698
954087
954364
954374
954557
954635
954744
954818
954827
954922
954987
955061
955259
955336
955409
955412
955512
955719
955730
955977
956195
956276
956283
956361
956582
956589
956651
956663
956778
956825
956840
956861
957054
957273
957308
957451
957490
957613
957813
957829
957840
957853
958014
958184
958222
958269
958359
958366
958581
958625
958736
958805
959021
959119
959140
959180
959234
959297
959314
959424
959431
959489
959546
959626
959760
960023
960097
960135
960229
960379
960405
960534
960873
960887
961000
961009
961055
961145
961217
961395
961692
961934
961970
962109
962215
962341
962853
962872
962961
963020
963124
963167
963196
963223
963292
963311
963341
963559
963622
963644
963650
963752
963836
964068
964126
964171
964253
964329
964642
964649
964693
964809
964963
965134
965299
965315
965384
965469
965478
965520
965559
965567
965612
965678
965683
965840
965933
966100
966109
966303
966402
966579
966590
966650
966736
966853
966870
966889
967015
967023
967482
967541
967552
967676
967743
967800
967801
968069
968086
968286
968334
968383
968539
968657
968753
968773
968785
968829
968845
968952
969170
969289
969300
969378
969626
969733
969885
969890
969959
970116
970323
970510
970538
970655
970833
971060
971095
971125
971139
971187
971412
971463
971640
971681
971738
971781
971822
971891
971912
971972
972081
972173
972290
972403
972512
972706
972733
973389
973423
973436
973478
973497
973598
973627
973717
973767
973883
973981
974093
974254
974279
974280
974387
974449
974450
974838
974989
975004
975015
975221
975237
975386
975632
975768
975784
975950
976080
976098
976125
976179
976314
976321
976329
976411
976570
976809
976934
976962
976983
977042
977122
977172
977178
977410
977475
977537
977547
977627
977663
977664
977780
977865
977876
977995
978191
978196
978283
978383
978459
978496
978531
978629
978746
978769
978875
978921
978995
979015
979381
979533
979556
979680
979759
979990
980102
980112
980301
980329
980392
980405
980536
980641
980740
980759
980809
980831
980983
981003
981054
981062
981194
981379
981488
981498
981659
981708
981757
982286
982314
982358
982370
982537
982580
982724
983027
983048
983137
983465
983519
983550
983583
983593
983642
983680
983723
983929
983945
983963
984364
984485
984502
984836
984917
984962
985126
985254
985301
985318
985495
985513
985946
986278
986307
986369
986387
986482
986526
986857
986890
987092
987129
987224
987269
987283
987332
987353
987460
987530
987658
987696
987760
987789
987969
988039
988049
988072
988085
988180
988224
988233
988239
988293
988321
988331
989071
989174
989239
989311
989463
989672
989682
989870
990124
990234
990471
990515
990629
990685
990844
991142
991281
991452
991495
991591
991790
992203
992363
992532
992630
992670
992698
992707
992832
992847
992869
992873
993004
993097
993213
993534
993636
993707
993756
993906
994099
994202
994223
994230
994243
994311
994367
994501
994545
994626
994638
994652
994757
994860
995010
995011
995252
995408
995463
996145
996185
996220
996640
996706
996959
997002
997195
997473
997523
997622
997670
997788
997806
997821
997954
998208
998214
998239
998293
998394
998469
998504
998522
998587
998763
998975
999018
999331
999467
999504
999585
999649
999741
999861
