173
219
368
831
856
959
1137
1144
1278
1305
1329
1344
1490
1506
1649
1746
1750
1987
2086
2185
2229
2307
2355
2830
3460
3499
3575
3665
3688
3862
4478
4492
4606
4783
4839
4845
4897
5107
5156
5192
5256
5296
5338
5364
5391
5563
5644
5804
5814
5832
5896
6008
6010
6063
6172
6247
6277
6426
6479
6546
6770
6919
6948
7222
7328
7412
7488
7560
7665
7694
7902
8013
8033
8044
8045
8083
8084
8112
8145
8387
8400
8433
8435
8557
8649
8659
8698
8736
8905
9033
9292
9319
9385
9820
9923
10035
10269
10305
10410
10429
10452
10705
10841
10896
10948
10964
11023
11132
11232
11513
11551
11619
11652
11734
11904
11952
12027
12104
12400
12495
12739
12874
12930
12946
13036
13078
13183
13305
13536
13588
13707
13763
13848
14294
14330
14424
14523
14668
14756
14982
14986
15025
15091
15220
15315
15353
15450
15562
15693
15709
15728
15743
15834
15891
15919
15945
16194
16327
16399
16679
16759
16808
16963
17108
17344
17522
17544
17570
17600
17727
17820
17829
17906
17971
18502
18549
18579
18675
18719
18738
18817
19272
19299
19331
19355
19646
19804
19825
19842
19967
20064
20095
20288
20338
20654
20738
20814
21045
21064
21138
21233
21499
21507
21594
21608
21671
21672
21739
21903
21924
22107
22252
22255
22327
22341
22447
22635
22719
22795
22908
23000
23205
23223
23382
23493
23588
23849
23858
24056
24123
24383
24463
24476
24496
24534
24558
24629
24963
25146
25290
25369
25415
25668
25697
25800
25853
26058
26445
26709
26857
26985
27153
27204
27623
27853
27921
27966
28034
28046
28076
28255
28316
28322
28379
28626
28825
28956
28965
29099
29280
29420
29451
29596
29663
29720
29777
29826
29898
29920
30018
30020
30449
30466
30517
30581
30623
30745
30806
30887
30895
30899
30909
30974
30985
31048
31260
31377
31439
31513
31600
31756
31783
31888
31890
31928
32003
32116
32177
32194
32225
32329
32350
32405
32516
32524
32552
32631
32666
32671
32764
32888
33157
33244
33419
33446
33566
33617
33700
33809
33907
34055
34126
34143
34198
34199
34209
34444
34456
34583
34622
34883
34908
35093
35244
35294
35490
35556
35732
35749
35890
36184
36339
36417
36445
36492
36506
36535
36614
36646
36759
36840
36981
37143
37415
37503
37530
37618
37712
37942
38070
38133
38174
38212
38292
38297
38301
38302
38327
38346
38471
38503
38545
38589
38663
38888
38896
38912
39197
39249
39287
39317
39586
39636
39730
39883
39939
39981
40056
40183
40202
40472
40590
40605
40674
40713
40715
40733
40745
40830
40985
41089
41248
41298
41323
41380
41438
41456
41658
42003
42140
42179
42262
42308
42309
42528
42540
42542
42727
42735
42755
42819
42954
43253
43743
43764
43825
43835
43836
43906
43920
43951
44060
44093
44106
44143
44189
44244
44364
44485
44650
45107
45397
45445
45583
45591
45657
45696
45934
46015
46043
46057
46072
46136
46189
46224
46412
46449
46470
46481
46676
46858
47167
47170
47283
47748
47754
47791
47875
47877
47975
48033
48092
48107
48354
48426
48451
48486
48689
48801
48892
49019
49036
49038
49203
49217
49222
49291
49297
49392
49466
49559
49608
49867
50019
50020
50058
50158
50196
50272
50396
50430
50436
50455
50466
50482
50562
50614
50772
50911
50952
51063
51071
51214
51374
51490
51999
52272
52353
52402
52405
52415
52427
52527
52559
52583
52801
52842
52982
53210
53335
53484
53855
53856
54147
54224
54345
54376
54472
54560
54618
54628
54774
54883
54986
55306
55330
55563
55616
55762
55797
55955
55974
55988
56002
56031
56134
56230
56272
56306
56382
56425
56482
56507
56575
56600
56717
56812
57118
57295
57314
57341
57399
57430
57508
57517
57533
57534
57583
57594
57634
57699
57758
57801
57905
58010
58214
58603
58682
58708
58716
58996
59060
59157
59282
59295
59522
59531
59858
59891
60199
60213
60290
60363
60444
60699
60802
60851
60868
60870
60940
60975
61130
61191
61284
61620
61733
61797
61883
61960
62078
62126
62224
62630
62660
62767
63094
63271
63285
63435
63489
63535
63708
63734
63848
63873
63897
64011
64017
64022
64129
64146
64206
64291
64390
64512
64668
64740
64749
64780
64799
65213
65223
65277
65335
65341
65500
65602
65618
65664
65953
65965
66009
66153
66217
66225
66384
66460
66547
66640
66689
66696
66720
66894
66911
66950
67012
67269
67489
67524
67551
67600
67605
67675
67693
67831
67852
67868
67987
68010
68142
68193
68255
68407
68425
68533
68787
68898
68942
68969
69112
69188
69243
69484
69547
69808
70086
70232
70362
70451
70477
70720
70740
70746
70792
70798
70841
70914
71088
71217
71380
71394
71442
71639
71712
71775
71781
71850
71904
72046
72094
72197
72626
72634
72712
72741
72994
73033
73108
73130
73201
73210
73271
73553
73638
73715
73953
74052
74063
74091
74101
74267
74295
74335
74774
74824
74898
74969
74997
75065
75066
75077
75099
75160
75209
75260
75331
75460
75607
75631
75760
75765
75862
75879
75903
76031
76058
76435
76490
76718
76975
77142
77229
77301
77318
77438
77467
77666
77786
77839
77898
77934
78008
78055
78062
78069
78090
78139
78169
78512
78526
78527
78586
78602
78689
78769
78777
78841
78862
78869
79030
79246
79262
79363
79455
79488
79567
79626
79705
79784
79973
80121
80153
80217
80264
80278
80397
80468
80559
80613
80618
80722
80773
81013
81314
81408
81435
81455
81495
81499
81690
82233
82411
82675
82726
82907
82922
82948
83015
83106
83187
83229
83431
83506
83528
83705
83708
83714
83788
83826
83842
83865
84075
84208
84294
84372
84416
84585
84683
84806
84934
85086
85122
85243
85780
85937
86139
86149
86305
86339
86430
86502
86578
86713
86769
86884
87085
87155
87175
87207
87262
87424
87438
87489
87539
87552
87718
87782
87875
87982
88134
88165
88174
88462
88650
88754
88952
88956
89128
89258
89314
89400
89428
89561
89565
89683
89723
89799
89922
90018
90129
90299
90426
90554
90608
90639
90697
90738
90828
90902
90918
90940
91106
91141
91281
91348
91366
91527
91542
91551
91615
91799
91819
91907
92113
92155
92292
92356
92358
92830
92952
93063
93081
93201
93500
93603
93787
93871
94095
94131
94348
94413
94465
94522
94525
94631
94728
94970
94999
95075
95083
95228
95257
95442
95443
95513
95522
95534
95552
95703
95725
95764
95936
95998
96020
96046
96141
96292
96324
96450
96683
96812
96897
96950
97101
97167
97278
97631
97704
97721
97843
97889
97926
97966
98033
98325
98340
98372
98558
98561
98720
98819
98846
98956
99041
99371
99384
99706
99971
100005
100016
100154
100219
100237
100303
100351
100468
100678
100758
100913
101001
101173
101211
101289
101302
101357
101471
101594
101706
101710
101792
102050
102186
102188
102717
102719
102721
102898
103165
103448
103458
103462
103503
103595
103616
103763
103785
103796
103988
104169
104222
104346
104515
104699
105034
105060
105120
105216
105268
105372
105397
105648
105651
105727
105800
105808
105906
106033
106143
106147
106351
106481
106609
106662
106880
107119
107205
107263
107266
107289
107768
107844
108002
108462
108817
108887
109030
109213
109237
109253
109263
109384
109467
109477
109565
109653
109798
109834
109887
109957
110049
110199
110289
110403
110549
110611
110621
110626
110824
110832
110904
111010
111421
111429
111437
111849
111882
111883
111885
111939
111953
111960
111989
112374
112517
112665
112873
112881
112927
112938
112942
113024
113167
113183
113391
113407
113657
113759
113781
113786
113836
114269
114384
114540
114875
115019
115067
115238
115396
115405
115456
115467
115851
116156
116250
116454
116774
116827
116838
117173
117383
117442
117647
117674
117707
117711
117750
117975
117989
118000
118031
118103
118105
118186
118221
118515
118619
118756
118814
118978
118998
119096
119199
119244
119268
119431
119582
119753
119895
119904
120411
120450
120454
120712
120804
121059
121345
121359
121391
121418
121549
121564
121708
121800
121807
121850
121892
121905
122250
122390
122502
122520
122571
122676
122727
122764
122907
123019
123064
123148
123245
123291
123399
123418
123420
123700
124272
124279
124431
124443
124491
124526
124538
124543
125185
125291
125411
125452
125460
125488
125558
125562
125567
125624
125681
125873
126018
126074
126110
126213
126277
126288
126359
126428
126523
126640
126662
126741
126792
126891
127046
127142
127155
127199
127346
127376
127525
127531
127842
127883
127933
127945
128072
128211
128355
128363
128494
128542
128597
128645
128672
128801
128900
129120
129165
129211
129251
129381
129403
129459
129760
130088
130447
130458
130765
130788
130822
130900
130972
130980
131132
131430
131506
131596
131603
131793
131801
131847
131904
132019
132070
132079
132148
132155
132325
132353
132535
132796
132957
133009
133222
133646
133759
133871
133916
133976
134077
134274
134287
134342
134474
134496
134579
134619
134974
134978
135168
135214
135230
135289
135425
135514
135556
135574
135674
135680
135716
135760
135839
135900
136133
136222
136285
136331
136389
136553
136856
136874
136994
137179
137237
137572
137578
137585
137747
137751
137807
138036
138060
138137
138294
138323
138368
138478
138544
138547
138618
138683
138750
138794
138798
138836
138867
138922
138944
139022
139046
139145
139231
139277
139383
139455
139510
139637
139853
139932
140080
140119
140171
140377
140431
140476
140536
140621
140655
140694
140708
140792
141313
141457
141495
141510
141524
141561
141620
141762
141799
141818
141840
141892
141984
142069
142194
142510
142520
142559
142616
142627
142777
142809
142819
142953
142965
143187
143242
143376
143396
143624
143748
143815
143872
143963
144046
144102
144121
144471
144472
144557
144594
144666
144873
144923
144984
145090
145308
145315
145607
145821
145865
145974
146112
146188
146194
146198
146262
146272
146453
146593
146635
146676
146683
146685
146839
146869
146971
147139
147309
147519
147541
147549
147720
147932
147938
148133
148162
148234
148331
148408
148427
148446
148489
148710
148822
148887
148930
148962
149044
149095
149151
149224
149321
149338
149422
149510
149512
149626
149670
149673
149684
149789
149823
149882
149966
150038
150091
150359
150544
150850
150912
151136
151202
151253
151364
151430
151464
151562
151569
151601
151778
151791
151972
152021
152194
152228
152338
152353
152455
152466
152652
152685
152687
152788
152794
152895
152925
153029
153168
153238
153317
153373
153395
153598
153609
153772
153820
153861
154089
154137
154162
154336
154378
154409
154414
154441
154519
154694
154769
154852
154908
155011
155081
155096
155119
155287
155507
155538
155853
155896
155983
156164
156175
156177
156276
156366
156581
156658
156674
156719
156732
156855
156908
156992
157099
157117
157148
157207
157255
157327
157610
157670
157671
157843
157874
158206
158226
158299
158332
158552
158565
158772
159046
159059
159101
159360
159370
159384
159403
159413
159424
159517
159728
159820
159842
159925
160086
160230
160534
160573
160700
160806
160890
160893
160920
161132
161176
161206
161227
161389
161456
161513
161527
161580
161919
162568
162646
162656
162872
162909
163102
163235
163246
163330
163502
163962
163984
164014
164074
164088
164143
164171
164204
164256
164370
164654
164733
164734
164744
164761
164788
164961
165292
165622
165778
166138
166187
166579
166632
166787
166876
166884
167282
167349
167388
167633
167651
167800
167862
167879
168149
168366
168405
168438
168528
168631
168698
168914
168954
168976
169122
169136
169146
169284
169359
169449
169553
169568
169666
169703
169710
169816
169874
169890
169920
169998
170048
170140
170193
170284
170334
170659
170782
170809
171116
171155
171256
171266
171268
171422
171477
171762
171778
171832
171872
171881
172174
172224
172324
172447
172457
172668
172676
172702
172713
172864
173051
173094
173116
173146
173192
173213
173284
173319
173321
173378
173820
173979
174063
174226
174283
174606
174608
174661
174884
175169
175231
175243
175345
175409
175671
175760
175767
175858
175891
176141
176166
176211
176240
176271
176327
176333
176475
176479
176617
176719
176849
176871
176906
176953
177001
177099
177636
177784
177863
177960
178109
178169
178301
178368
178435
178478
178541
178718
178773
179031
179061
179264
179296
179372
179568
179842
179894
180090
180202
180224
180240
180443
180509
180530
180577
180624
180627
180673
180687
180947
180994
181216
181218
181313
181570
181575
181602
181637
181678
181733
181821
181885
182005
182220
182403
182534
182770
182810
182887
182974
182988
182989
183005
183044
183058
183098
183358
183584
183636
183667
183748
183854
184036
184085
184094
184201
184264
184476
184549
184596
184605
184621
184680
184751
184844
184848
184904
184905
184949
185050
185108
185163
185164
185165
185217
185288
185326
185379
185430
185455
185516
185696
185697
185735
185840
185957
186296
186330
186610
186665
186856
186858
186894
186936
186977
187383
187401
187481
188012
188022
188032
188127
188142
188202
188333
188375
188421
188422
188511
188512
188616
188632
188722
188823
188924
189246
189388
190036
190106
190182
190364
190368
190373
190403
190579
190683
190759
190768
190845
190899
190902
190994
191101
191136
191249
191319
191454
191640
191705
191801
191849
192074
192122
192172
192209
192244
192398
192466
192520
192615
192676
192712
193091
193127
193139
193240
193339
193358
193497
193523
193584
193613
193701
193709
193773
193831
193883
193903
193943
193953
193962
193986
194050
194142
194162
194167
194481
194627
194960
195211
195334
195413
195423
195532
195608
195689
195888
195901
196061
196120
196138
196153
196284
196289
196322
196529
196536
197186
197195
197387
197501
197583
197596
197810
197855
197897
198313
198412
198428
198429
198580
198586
198743
198806
198846
198941
199214
199510
199527
199746
200059
200132
200407
200642
200716
200750
200780
200834
200960
200997
201149
201275
201535
201658
201724
201787
201873
201917
201957
201997
202032
202088
202268
202290
202291
202465
202475
202492
202744
203044
203064
203070
203122
203158
203177
203252
203478
203563
203785
203806
204296
204299
204434
204447
204543
204629
204785
204948
204991
205195
205240
205525
205554
205618
206266
206439
206499
206582
206616
206784
206825
206862
206864
206992
207024
207063
207202
207478
207558
207559
207705
207864
208025
208086
208127
208257
208442
208450
208681
208703
208853
208870
208904
209144
209201
209219
209413
209547
209722
209863
209873
209913
210022
210071
210104
210111
210147
210278
210412
210637
210909
210954
211085
211123
211321
211411
211455
211477
211543
211573
211604
211936
211962
212327
212362
212436
212444
212532
212561
212612
212710
212764
212959
212991
213083
213103
213122
213230
213247
213248
213348
213381
213482
213687
213724
213864
213930
213980
214102
214186
214187
214311
214396
214496
214578
214681
214708
214716
214757
214822
214896
215028
215148
215160
215288
215319
215686
215714
215744
215828
215885
215964
216031
216180
216202
216314
216322
216345
216502
216528
216547
216548
216768
216771
216836
217300
217446
217526
217598
217653
217668
217863
217942
217980
218020
218029
218048
218061
218145
218237
218272
218327
218427
218642
218689
218839
219019
219169
219307
219403
219472
219516
219538
219629
219863
219875
220135
220141
220231
220328
220343
220415
220506
220644
221068
221178
221297
221555
221611
221654
221823
221954
222177
222192
222373
222540
222641
222776
222824
222870
223146
223416
223782
223872
224053
224105
224117
224196
224295
224333
224388
224611
224691
224734
224824
224978
225181
225322
225395
225402
225407
225430
225448
225456
225679
225747
225802
225954
226009
226444
226642
226699
226739
226796
226799
226926
227001
227068
227122
227212
227298
227324
227430
227520
227598
227628
227631
227940
228077
228187
228211
228371
228395
228450
228508
228622
228783
228867
229016
229061
229108
229338
229651
229656
229675
229773
229811
229876
229877
230129
230279
230344
230399
230443
230543
230599
230630
230985
231011
231062
231157
231238
231270
231530
231592
231713
231748
231968
232084
232165
232245
232444
232457
232836
232912
232989
233009
233033
233035
233134
233184
233187
233212
233293
233403
233520
233573
233679
233735
234122
234128
234257
234259
234432
234516
234599
234618
234638
234828
234974
234984
235105
235121
235131
235146
235226
235285
235345
235362
235388
235437
235591
235631
235702
235729
235755
235850
236113
236271
236318
236396
236416
236441
236496
236531
236775
236914
237060
237071
237196
237218
237356
237389
237396
237438
237482
237493
237503
237667
237675
237691
237694
237710
237716
237729
237831
237858
237944
238012
238135
238143
238211
238303
238439
238467
238507
238565
238792
238885
238969
238996
239003
239007
239030
239106
239214
239319
239370
239416
239426
239490
239643
239902
239906
239926
239929
240001
240110
240251
240391
240565
240632
240660
240729
240796
240797
240931
240952
241040
241274
241412
241699
241700
242058
242071
242298
242348
242361
242412
243088
243106
243135
243235
243591
243666
243958
244009
244108
244169
244278
244683
244774
244792
244823
244949
245003
245059
245095
245128
245134
245135
245194
245363
245371
245373
245412
245795
245825
245836
245872
245929
246034
246070
246260
246274
246307
246431
246598
246794
247212
247268
247455
247539
247599
247706
247802
247810
247968
247969
248184
248386
248532
248654
248767
248793
248932
248952
248969
249041
249370
249375
249443
249445
249674
249726
249883
249909
249949
249990
250174
250195
250511
250556
250623
250637
250648
250652
250780
250849
250858
250862
250892
251003
251015
251163
251417
251420
251434
251579
251689
251793
251873
251905
251973
251993
252512
252592
252669
253057
253096
253128
253129
253213
253273
253294
253333
253400
253462
253570
253572
253755
253856
253950
253960
254065
254115
254274
254347
254369
254448
254553
254748
254790
254883
254967
254969
255013
255044
255070
255181
255450
255485
255594
255614
255769
255823
256081
256195
256269
256317
256596
256644
256828
256849
257270
257277
257485
257490
257624
257874
257986
258144
258354
258408
258419
258507
258518
258602
258653
258672
259085
259130
259448
259769
259778
259806
259825
259852
259925
259996
260018
260191
260369
260407
260436
260625
260681
260718
260797
260811
260935
260955
260979
261074
261131
261337
261353
261454
261615
261851
261873
261909
262009
262035
262097
262172
262320
262325
262580
263104
263195
263228
263862
263911
264193
264203
264235
264251
264391
264393
264744
264757
264971
265153
265360
265545
265612
265720
265807
265894
266042
266138
266139
266364
266434
266780
266798
266906
267192
267229
267241
267302
267314
267589
267739
267993
268056
268074
268166
268327
268330
268405
268552
268604
268699
268799
268991
269030
269089
269152
269153
269166
269348
269393
269403
269496
269977
270045
270046
270115
270132
270187
270258
270485
270664
270713
270751
270765
270806
270830
270852
270859
270974
271107
271561
271571
271585
271754
271760
271792
271802
271865
272105
272123
272195
272204
272226
272268
272275
272402
272404
272444
272448
272720
272859
273119
273180
273443
273626
273654
273846
273877
273918
273922
274058
274517
274555
274744
274754
274756
275122
275175
275350
275475
275504
275603
275665
275704
276008
276042
276119
276163
276403
276437
276648
276658
276742
276821
276858
276929
276956
277021
277024
277042
277143
277146
277158
277391
277605
277628
277654
277722
278056
278146
278374
278465
278516
278570
278589
278614
279039
279060
279103
279297
279343
279364
279480
279490
279513
279613
279778
279822
280015
280039
280208
280217
280306
280315
280379
280414
280534
280547
280574
280767
280773
280871
280999
281163
281243
281463
281546
281554
281623
281636
281795
281889
282082
282134
282258
282676
282738
282853
282939
283040
283245
283282
283284
283358
283449
283469
283487
283570
283686
283713
283777
283987
284213
284233
284300
284331
284413
284520
285051
285264
285560
285656
285718
285729
285779
285791
285813
285898
285980
286177
286184
286194
286244
286252
286290
286465
286541
286560
286749
287056
287067
287224
287303
287514
287579
287637
287663
287886
288336
288428
288480
288483
288494
288827
288929
289071
289075
289153
289289
289478
289536
289706
289748
289759
289810
289882
289897
290060
290094
290126
290235
290305
290394
290395
290436
290620
290677
290739
291037
291073
291154
291167
291174
291205
291208
291376
291449
291623
291655
291664
291751
291831
291958
292002
292023
292032
292064
292077
292342
292761
292932
293274
293363
293372
293476
293627
293652
293706
293810
293983
294149
294297
294341
294351
294377
294424
294499
294534
294754
294764
294962
294977
295018
295038
295045
295171
295202
295224
295327
295355
295492
295557
295650
295804
295838
295877
295900
295939
295995
296038
296047
296207
296247
296283
296434
296606
297142
297157
297179
297183
297393
297474
297543
297581
297785
297932
298028
298050
298115
298135
298165
298242
298289
298303
298306
298355
298413
298422
298435
298609
298650
298730
298814
298884
299064
299090
299149
299290
299436
299483
299544
299633
299735
299790
299797
299819
299858
299977
300033
300101
300108
300169
300316
300318
300326
300417
301071
301135
301157
301168
301207
301531
301614
301657
301756
301770
301867
301980
302067
302094
302321
302337
302365
302392
302405
302469
302641
302770
302814
302826
303165
303352
303421
303711
303916
303932
303954
304177
304223
304274
304348
304369
304447
304459
304608
304612
304620
304653
304790
304861
304985
305310
305511
305575
305577
305631
305754
305913
305931
306053
306069
306101
306137
306426
306474
306518
306549
306559
306566
306698
306926
306947
307112
307182
307357
307385
307406
307449
307545
307556
307614
307825
307839
307999
308086
308115
308184
308301
308472
308475
308685
308710
308714
308825
308858
308865
308873
308890
308993
309035
309127
309144
309220
309338
309427
309522
309637
309827
310050
310262
310321
310423
310439
310554
310890
310893
311009
311126
311131
311146
311216
311233
311307
311390
311436
311454
311539
311627
311705
311967
312086
312300
312322
312559
312592
312602
312693
312724
312813
312912
313178
313270
313391
313570
313603
313763
313892
313954
314203
314222
314279
314298
314338
314489
314597
314609
314612
314641
314809
314848
315036
315151
315184
315263
315310
315349
315358
315414
315477
315510
315543
315581
315712
315739
316025
316105
316303
316317
316395
316517
317038
317040
317063
317116
317140
317264
317328
317334
317368
317444
317534
317593
317666
317748
317756
318093
318206
318216
318228
318299
318355
318393
318426
318445
318448
318460
318476
318566
318715
318817
318858
318926
319073
319132
319141
319408
319526
319586
319728
319791
319951
320068
320184
320402
320461
320695
320716
320729
320817
320822
320942
320968
320986
321005
321260
321324
321405
321600
321756
321786
321877
321915
321982
322106
322172
322429
322454
322467
322503
322578
322627
322737
322813
323039
323153
323228
323328
323338
323445
323746
323830
323858
323874
323882
323883
323901
323935
323950
323960
324101
324246
324280
324562
324779
324988
325007
325019
325030
325033
325126
325135
325304
325349
325381
325442
325493
325572
325664
325682
325802
325930
325954
325982
326034
326206
326602
326682
326751
326797
326873
327103
327232
327283
327342
327365
328044
328098
328134
328316
328517
328567
328578
328593
328599
328979
329023
329032
329067
329269
329423
329486
329646
329656
329702
329737
329811
329935
330123
330248
330267
330269
330352
330540
330574
330731
331194
331196
331289
331323
331368
331491
331516
331594
331713
331901
331926
331974
331978
331995
331997
332016
332035
332507
332513
332517
332521
332523
332549
332738
332747
332780
332854
333001
333013
333046
333127
333268
333426
333567
334097
334386
334476
334623
334698
334807
334845
335056
335098
335143
335180
335225
335232
335350
335356
335359
335401
335528
335566
335697
335812
336021
336326
336365
336374
336591
336680
336694
336776
336863
336879
336893
336983
336997
337002
337019
337110
337137
337146
337236
337417
337476
337707
337732
337751
337846
337916
337942
338155
338324
338454
338456
338472
338508
338533
338568
338645
338678
338682
338712
338829
338912
338966
339257
339384
339461
339467
339591
339801
339996
340023
340092
340176
340322
340331
340386
340442
340517
340925
341182
341188
341204
341214
341234
341386
341396
341447
341471
341591
341614
341659
341711
341723
341736
341784
341872
341899
342149
342188
342249
342337
342382
342644
342797
342805
343180
343291
343350
343410
343508
343542
343761
343774
343856
343920
344013
344245
344267
344323
344454
344458
344558
344566
344665
344709
344854
344872
344882
344904
345198
345307
345337
345556
345797
345837
345925
346004
346015
346084
346187
346258
346442
346628
346697
346717
346765
346779
346959
346979
347076
347411
347453
347476
347512
347544
347622
347679
347727
347753
348297
348324
348342
348434
348460
348539
348543
348659
348670
348691
348747
348788
348816
348858
348899
349011
349041
349259
349266
349334
349432
349484
349599
349701
349834
349947
350019
350037
350048
350246
350657
350726
350745
350817
350991
350992
351048
351156
351270
351553
351580
351650
351655
352199
352330
352370
352471
352590
352617
352713
352745
352944
352971
353171
353427
353568
353762
353815
353954
354145
354155
354313
354455
354636
354737
354781
354790
354857
355288
355376
355472
355533
355636
355785
356034
356102
356123
356215
356405
356413
356420
356640
356836
356877
357254
357366
357579
357592
357906
357947
358056
358106
358125
358223
358273
358438
358473
358476
358508
358683
359051
359231
359386
359419
359464
359536
359623
359654
359716
359769
359813
359852
359922
359939
359961
359982
360093
360295
360419
360428
360557
360851
360919
360942
361083
361236
361431
361517
361599
361600
361679
361829
361885
361887
361952
362240
362279
362838
363024
363072
363311
363338
363428
363570
363580
363647
363821
364247
364385
364399
364459
364462
364545
364668
364682
364795
364831
364976
365145
365226
365474
365506
365634
365723
365729
365781
365837
365933
365971
366098
366153
366258
366378
366410
366478
366807
366915
367026
367216
367253
367294
367432
367464
367520
367685
367756
368136
368513
368563
368675
368700
368777
368798
368887
368888
368900
368940
368980
369083
369087
369097
369110
369166
369179
369435
369591
369597
369861
369958
370038
370128
370189
370225
370329
370421
370488
370580
370584
370658
370786
370819
370826
371095
371100
371182
371197
371306
371339
371384
371431
371507
371623
371635
371784
371956
372155
372170
372185
372203
372236
372258
372345
372363
372469
372573
372712
372747
372800
373005
373082
373139
373321
373344
373687
373820
373913
373972
374184
374400
374465
374661
374823
374852
374884
374921
374952
375039
375085
375204
375371
375430
375432
375456
376011
376035
376120
376203
376252
376317
376354
376757
376924
377004
377016
377220
377299
377555
377715
377848
377907
377998
378111
378188
378316
378389
378406
378422
378448
378577
378644
378805
378807
378963
379407
379434
379502
379524
379638
379676
379804
379868
380078
380093
380104
380177
380211
380223
380264
380329
380649
380667
380672
380687
380694
380806
380842
380877
381129
381142
381187
381190
381251
381568
381616
381646
381712
381883
381975
381985
382058
382145
382275
382376
382666
382861
382897
382913
382984
383001
383173
383216
383265
383271
383290
383325
383401
383449
383581
383755
383890
383910
383970
384100
384266
384456
384468
384646
384659
384817
384924
385046
385233
385265
385275
385414
385415
385435
385506
385559
385670
385681
385756
385786
385799
385821
385910
385949
385992
386193
386236
386276
386565
386668
386708
386887
386903
387135
387190
387314
387536
387620
387828
387914
388082
388095
388120
388380
388391
388555
388595
388740
388904
388957
389197
389429
389525
389629
389939
390039
390115
390214
390275
390316
390318
390498
390520
390571
390783
390834
390875
390895
390945
391041
391096
391136
391219
391278
391540
391602
391615
391668
391706
391718
391745
391780
391801
392060
392225
392329
392356
392408
392728
392837
392920
393001
393096
393112
393228
393403
393404
393509
393674
393693
393824
393825
393965
393978
394008
394070
394089
394296
394352
394421
394705
394723
394798
394921
394923
395104
395180
395259
395283
395305
395340
395388
395641
395666
395694
395699
395762
395905
396125
396176
396284
396333
396395
396545
396778
396907
396916
397201
397224
397542
397573
397737
397804
398126
398584
398611
398731
398754
398811
398834
398870
398940
399161
399195
399633
399666
400018
400054
400061
400258
400294
400566
400661
400695
400747
400788
400810
400823
400954
401014
401217
401516
401817
401984
401991
402230
402305
402328
402503
402560
402625
402828
403164
403433
403803
403874
403918
404021
404049
404094
404110
404141
404161
404328
404361
404516
404542
404549
404682
404890
404965
405292
405308
405478
405504
405617
405642
405768
405857
405865
405940
406018
406169
406205
406403
406514
406600
406640
406650
406657
406804
406836
406837
406854
406975
407091
407341
407350
407356
407632
407678
407705
407790
407908
407915
408116
408126
408129
408220
408294
408341
408342
408390
408470
408625
408690
408861
408936
408978
409110
409194
409239
409241
409733
409880
409984
410212
410397
410557
410851
410899
411117
411201
411306
411328
411778
411973
412030
412194
412395
412482
412493
412538
412773
412895
412934
412943
412968
413110
413175
413287
413482
413499
413573
413607
413625
413697
414017
414149
414183
414207
414269
414347
414523
414562
414728
414787
414948
414970
415058
415110
415134
415664
415672
416284
416392
416622
416723
416878
416963
417108
417413
417619
418138
418309
418313
418356
418408
418565
418570
418765
418768
418785
418793
418988
418991
419088
419257
419477
419480
419496
419532
419677
419772
419775
419787
419804
419921
419969
419997
420000
420079
420238
420267
420426
420520
420522
420686
420857
420981
420990
420991
421132
421310
421358
421379
421388
421456
421495
421514
421611
421638
421642
421685
421768
421861
421925
422119
422548
422802
422808
422884
422901
422904
423111
423293
423478
423513
423733
423748
424037
424042
424248
424265
424319
424436
424471
424525
424761
424779
425037
425090
425158
425167
425194
425266
425335
425431
425561
425647
425678
425817
425873
426114
426320
426334
426363
426365
426493
426508
426617
426689
426794
426863
426967
427006
427100
427306
427365
427389
427697
427711
427713
427813
427952
427961
427963
428086
428217
428228
428231
428278
428336
428519
428766
428963
429039
429216
429273
429353
429371
429400
429423
429466
429480
429535
429621
429623
429701
429731
429732
429766
430002
430041
430096
430242
430428
430465
430523
430641
430717
430793
430798
430825
430948
430954
430986
431013
431275
431316
431354
431417
431438
431469
431494
431559
431713
431946
431963
431973
432163
432191
432260
432366
432531
432831
432860
433006
433008
433064
433090
433097
433107
433121
433134
433243
433477
433596
433600
433665
433756
433909
433919
433934
433961
434014
434042
434274
434590
434606
434920
434950
435014
435065
435091
435099
435113
435122
435242
435438
435480
435588
435627
435781
435830
436023
436124
436133
436269
436272
436321
436430
436538
436546
436555
436570
436599
436603
436749
436988
437008
437054
437081
437179
437223
437396
437560
437629
437825
437856
437913
437930
438028
438551
438785
438821
438850
438946
438947
439064
439124
439159
439206
439345
439706
439719
439886
439965
439971
440014
440082
440473
440544
440578
440619
440640
440776
440838
440977
441201
441218
441253
441297
441540
441614
441640
441691
441755
441927
441992
442035
442037
442113
442292
442745
442772
442787
442900
443068
443126
443147
443236
443296
443353
443424
443441
443485
443657
443736
443793
443857
443893
443960
444013
444045
444083
444254
444288
444449
444510
444591
444640
444694
444744
444821
444853
444870
444883
444925
445051
445067
445095
445162
445187
445205
445382
445392
445398
445402
445419
445603
445651
445678
445683
445721
445751
445762
445797
445862
445944
445994
446051
446097
446796
446810
446912
446927
446939
446969
447282
447392
447447
447582
447647
447686
447702
447728
447872
447900
447901
447915
447995
448017
448072
448085
448152
448257
448290
448408
448435
448461
448570
448678
448722
448758
448817
448830
448844
448961
449128
449176
449339
449562
449574
449591
449595
449625
449626
449781
449827
449874
449927
449936
449951
450058
450091
450249
450434
450631
450641
450807
450858
450916
450926
450969
451030
451152
451367
451398
451432
451447
451480
451698
451777
451843
452171
452246
452392
452447
452573
452744
452813
453206
453564
453684
453778
453830
453969
454012
454271
454273
454291
454325
454475
454521
454562
454582
454722
454820
454829
454857
454993
455052
455125
455461
455625
455768
455776
455785
455879
455896
455943
456051
456092
456097
456147
456169
456291
456320
456341
456386
456474
456532
456660
456793
456978
456998
457072
457216
457254
457335
457643
457653
458001
458022
458120
458436
458476
458985
458998
459116
459141
459279
459308
459359
459488
459589
459642
459705
459726
459773
459790
459819
459882
460026
460123
460523
460604
460654
460709
460747
460904
460917
461223
461254
461290
461526
461590
461594
461672
461739
462139
462196
462641
462928
463123
463158
463168
463516
463888
463899
463942
463958
464054
464274
464283
464292
464309
464316
464544
464555
464616
464645
464721
464855
465101
465136
465273
465329
465452
465471
465514
465573
465622
465694
465754
465792
465926
466045
466209
466328
466343
466367
466782
466842
466868
466884
466974
467018
467123
467223
467313
467444
467549
467590
467790
467869
467934
468009
468014
468161
468262
468379
468544
468691
468726
468840
469027
469065
469101
469131
469148
469281
469297
469302
469363
469511
469646
469666
469710
469777
469933
469958
470111
470149
470184
470260
470453
470551
470642
470650
470734
470784
470832
470903
470995
471007
471017
471277
471323
471417
471528
471670
471702
471868
471873
471949
472213
472331
472402
472599
472912
473112
473157
473176
473252
473277
473511
473907
474057
474058
474156
474214
474263
474283
474384
474490
474574
474699
474854
474912
475046
475111
475263
475491
475548
475577
475867
476023
476140
476219
476419
476439
476470
476867
477093
477138
477139
477148
477276
477496
477624
477887
477969
478026
478123
478141
478187
478238
478341
478364
478390
478462
478503
478574
478607
478668
478810
478838
478995
479014
479641
479647
479784
479830
479847
479864
480045
480271
480315
480390
480544
480719
480721
480742
480775
480832
480869
480893
481036
481283
481390
481553
481845
481866
481908
481919
482006
482094
482095
482119
482148
482152
482242
482281
482414
482420
482560
482751
482897
483075
483091
483132
483220
483357
483533
483608
483852
483887
483951
484012
484383
484467
484530
484743
484928
485076
485284
485411
485438
485500
485585
485738
485772
485779
485979
485997
486116
486250
486348
486793
486885
486952
487003
487021
487129
487257
487278
487330
487421
487483
487597
487810
487825
487856
487863
487888
487947
487961
488007
488034
488104
488143
488178
488236
488324
488453
488590
488602
488668
488707
488809
488941
489078
489096
489168
489182
489359
489387
489528
489595
489636
489874
489887
490073
490163
490213
490220
490400
490419
490477
490525
490526
490555
490608
490669
490827
490930
490940
490948
491007
491042
491227
491423
491433
491501
491595
491692
491878
491906
491966
492122
492127
492135
492314
492345
492390
492399
492472
492505
492571
492750
492800
492811
492893
492925
493115
493171
493230
493373
493451
493458
493541
493633
493705
493740
493750
493907
493989
494145
494264
494332
494450
494491
494529
494616
494630
494685
495201
495308
495345
495350
495381
495458
495561
495584
495734
495794
495809
495955
495968
496073
496117
496136
496258
496266
496394
496461
496692
496779
496859
496886
497122
497326
497359
497554
497602
497701
497805
497811
497871
497963
498007
498197
498233
498459
498474
498591
498594
498609
498920
498961
499038
499084
499131
499145
499244
499294
499334
499426
499448
499501
499553
499657
499760
500010
500087
500183
500395
500476
500648
500698
500770
500796
500800
500828
500985
500993
501027
501072
501100
501172
501202
501252
501267
501408
501590
501597
501620
501739
501786
501935
502117
502143
502255
502264
502336
502363
502386
502412
502484
502556
502706
502722
502903
502906
503067
503069
503093
503192
503198
503205
503226
503542
503618
503811
503885
503962
504023
504215
504219
504424
504432
504487
504622
504664
504761
504799
505117
505219
505234
505553
505709
505851
505921
505937
506153
506228
506248
506333
506365
506435
506468
506497
506543
506724
506744
506859
507150
507179
507220
507299
507304
507397
507457
507824
507829
507900
507928
508023
508200
508240
508435
508540
508779
509021
509070
509200
509270
509370
509430
509508
509527
509644
509678
509763
510082
510141
510157
510201
510436
510629
510717
510866
510975
511091
511108
511118
511142
511161
511173
511240
511303
511363
511422
511894
511963
511970
512126
512183
512300
512332
512352
512390
512550
512742
512748
512784
512915
513087
513105
513118
513187
513266
513377
513459
513481
513631
513640
513699
513851
513862
513911
513928
513974
514011
514015
514139
514241
514247
514418
514455
514496
514693
514909
514912
515273
515531
515707
515828
516104
516133
516136
516148
516280
516314
516347
516507
516550
516700
516726
516828
517116
517282
517321
517441
517612
517816
517896
517916
517939
517974
518027
518141
518245
518405
518487
518490
518492
518504
518518
518523
518699
518807
519268
519299
519413
519446
519546
519829
519929
520255
520328
520334
520344
520392
520673
520801
520845
520874
520882
520958
521006
521128
521144
521224
521377
521393
521433
521554
521662
521689
521782
522127
522262
522284
522433
522482
522533
522597
522611
522683
522702
522763
522773
522848
522966
523077
523255
523289
523317
523367
523471
523485
523544
523733
523773
523927
523942
524022
524026
524289
524318
524439
524558
524653
524691
524871
524949
525028
525038
525430
525511
525608
526109
526233
526246
526308
526343
526925
526965
527026
527125
527144
527163
527206
527233
527283
527569
527903
527939
528128
528323
528340
528570
528684
528783
528845
529067
529118
529254
529283
529435
529473
529612
529629
529636
529643
529655
529804
529834
529869
529936
530187
530244
530268
530317
530422
530499
530748
530777
530846
530994
530998
531050
531178
531236
531315
531367
531484
531506
531948
531955
532093
532379
532820
533021
533036
533163
533250
533252
533602
533674
533724
533737
533828
533883
533991
534044
534184
534285
534567
534621
534678
534688
534738
534919
534985
535025
535112
535164
535174
535244
535373
535572
535690
535760
535814
536063
536100
536212
536265
536403
536575
536577
536719
536986
537035
537137
537468
537586
537635
537677
537868
537964
538083
538200
538241
538264
538280
538339
538398
538442
538480
538665
538739
538867
538934
539290
539475
539526
539866
539965
540024
540316
540392
540553
540690
540713
540719
540930
540955
541142
541143
541177
541301
541592
541677
541698
541701
542051
542066
542085
542161
542233
542382
542508
542740
542913
543100
543107
543113
543161
543235
543371
543411
543412
543480
543620
543679
543706
543776
543979
544197
544554
544768
544857
544858
544919
545065
545290
545405
545424
545583
545755
545756
545862
545876
545941
545972
546107
546110
546238
546392
546515
546782
546791
546793
546926
547037
547205
547210
547219
547240
547444
547493
547567
547632
547765
547770
547865
547900
548230
548482
548579
548732
548852
549012
549039
549088
549191
549362
549454
549478
549513
549517
549547
549676
549920
549990
550216
550257
550429
550486
550553
550570
550663
550748
550804
550884
550932
550950
550951
551035
551203
551424
551452
551554
551558
551581
551826
551890
552326
552350
552392
552474
552482
552557
552563
552639
552744
552870
553091
553313
553345
553364
553385
553816
554056
554081
554232
554302
554366
554786
554813
555070
555151
555235
555309
555499
555597
555692
555764
555961
556044
556189
556264
556271
556362
556399
556410
556433
556511
556638
556639
556665
556684
556947
556961
557167
557371
557759
557769
558029
558035
558068
558125
558214
558263
558349
558434
558463
558617
558659
558811
558884
559053
559124
559338
559371
559414
559467
559473
559500
559547
559584
559650
559802
559989
560057
560137
560160
560167
560188
560386
560591
560654
560773
560837
560940
560942
561028
561088
561156
561406
561562
561583
561585
561590
561603
561645
561704
561778
561852
561865
562062
562153
562517
562519
562820
562930
562964
563032
563168
563475
563586
563602
563666
563724
563736
563838
563919
564576
564712
564724
564891
564978
565081
565138
565226
565278
565340
565499
565504
565793
565940
566157
566227
566429
566499
566944
567116
567210
567211
567493
567659
567665
567723
567757
567784
567939
568072
568457
568497
568673
568712
568853
569130
569237
569308
569444
569649
569655
569745
569849
569875
570092
570175
570278
570347
570540
570589
570774
570892
570961
571003
571612
571709
571742
572014
572094
572208
572378
572461
572549
572577
572584
572760
572778
572781
572843
572854
572893
572904
572941
572969
572971
573007
573042
573072
573096
573152
573433
573760
573798
573855
573987
573995
574084
574154
574166
574240
574466
574499
574713
574892
575081
575250
575253
575310
575343
575397
575420
575632
575663
575791
575806
575914
576008
576019
576147
576389
576479
576552
576748
576848
576922
576931
576956
577024
577082
577144
577228
577316
577329
577429
577640
577775
577777
577912
577936
578076
578155
578336
578523
578570
578793
578833
578879
578936
578955
579011
579023
579066
579510
579644
579747
579835
579980
580003
580004
580006
580271
580335
580494
580515
580673
580682
580809
580881
580890
580986
580998
581013
581205
581396
581551
581585
581736
581910
581915
581975
582002
582179
582501
582627
582659
582711
582775
582865
583036
583052
583124
583445
583491
583655
583962
584228
584320
584509
584782
584971
585205
585271
585317
585345
585373
585658
586043
586050
586268
586324
586394
586436
586577
586584
586712
586808
586826
586851
587018
587134
587200
587343
587507
587537
587864
587898
588080
588316
588374
588535
588536
588554
588686
588687
588719
588751
589051
589087
589142
589211
589275
589307
589329
589338
589461
589789
589816
589845
589858
589870
589905
590159
590218
590366
590491
590725
590766
590792
590853
590907
590993
591043
591291
591322
591376
591423
591425
591428
591470
591539
591553
591905
591929
592019
592051
592111
592149
592161
592192
592347
592701
592881
592912
592973
593045
593075
593103
593253
593391
593509
593536
593825
594208
594304
594447
594467
594605
594638
594874
594961
595121
595127
595152
595309
595493
595577
595718
595771
595813
595821
596296
596370
596399
596587
596701
596791
596936
596963
597071
597173
597192
597215
597239
597290
597436
597474
597498
597532
597587
597633
597662
597723
597803
597960
598034
598037
598121
598161
598420
598464
598471
598517
598573
598654
598735
598821
598839
598884
598898
599015
599147
599204
599335
599432
599455
599757
600041
600215
600251
600296
600393
600400
600710
600799
600803
600886
600895
600905
601081
601226
601314
601332
601365
601534
601555
601560
601759
601782
601818
601914
601932
602088
602184
602267
602320
602415
602422
602493
602604
602618
602960
603148
603289
603554
603628
603680
603770
603793
603901
603982
604119
604235
604479
604587
604636
604674
604770
604895
604980
605009
605044
605062
605090
605259
605532
605578
605658
605679
605713
606099
606116
606331
606420
606685
607142
607152
607271
607330
607437
607475
607621
607893
607920
607962
608112
608174
608193
608257
608372
608402
608577
608668
608779
608861
609032
609114
609126
609219
609237
609358
609448
609487
609511
609551
609642
609644
609786
609798
609881
609968
610233
610389
610451
610454
610611
610701
610715
610750
610791
610794
610881
610902
610908
610985
610986
611091
611136
611366
611661
611744
611756
611776
611946
612342
612576
612690
612794
612871
613023
613453
613476
613667
613770
614089
614170
614186
614244
614293
614303
614415
614530
614671
614682
614715
614916
615056
615364
615392
615548
615699
615835
616077
616092
616202
616229
616239
616690
616770
616987
617224
617243
617300
617583
617838
617955
618094
618112
618144
618155
618266
618289
618383
618469
618476
618495
618590
618772
618818
618912
619024
619085
619106
619151
619251
619341
619373
619544
619566
620029
620068
620125
620169
620538
620544
620558
620561
620677
620836
620841
620936
621126
621276
621310
621378
621381
621400
621434
621449
621592
621757
621871
621902
622042
622123
622134
622161
622246
622312
622337
622345
622348
622448
622521
622577
622626
622742
622751
622936
622969
623015
623219
623230
623516
623642
623654
623679
623845
623943
623985
624189
624271
624338
624395
624402
624424
624431
624514
624625
624678
624801
624824
624828
624833
624877
625240
625639
625721
625753
625850
625864
626162
626218
626291
626370
626451
626622
626625
626643
626660
626680
626732
626988
627165
627279
627308
627326
627340
627463
627495
627500
627585
627630
627742
627872
628036
628041
628086
628224
628240
628367
628378
628393
628486
628570
628771
628887
628977
629003
629031
629071
629130
629269
629326
629496
629554
629666
630184
630247
630333
630588
630633
630826
630931
630955
630958
631001
631071
631150
631347
631462
631584
631615
631665
631780
631839
632027
632077
632178
632494
632600
632628
633116
633128
633166
633278
633671
633749
633759
633777
633779
633864
633887
633955
634085
634092
634112
634151
634152
634243
634246
634668
634694
634832
635012
635179
635302
635612
635686
635691
635704
635807
635832
635905
635931
635953
636116
636143
636663
636825
637029
637106
637216
637227
637510
637669
637689
637844
637856
637880
637909
638134
638159
638182
638377
638545
638638
638696
638884
638896
638933
639127
639271
639383
639497
639571
639598
639619
639689
639773
639790
639817
640202
640205
640212
640400
640644
640666
640779
640949
641172
641305
641405
641413
641590
641710
641725
642133
642462
642472
642518
642885
642939
643068
643083
643156
643165
643191
643257
643283
643396
643417
643486
643627
643822
643913
643963
644082
644141
644225
644360
644415
644497
644639
644706
644947
645253
645478
645484
645689
645800
645961
646151
646168
646220
646292
646523
646796
646861
646972
647009
647084
647150
647322
647590
647683
647719
648099
648148
648364
648366
648423
648602
648629
648699
648728
648826
648889
648927
648936
649021
649336
649346
649583
649591
649690
649888
649949
650193
650195
650246
650272
650332
650371
650376
650643
650730
650774
650829
650916
651052
651114
651358
651382
651617
651724
651796
651830
651931
651970
652301
652324
652394
652544
652589
652624
652681
652790
652807
652867
652923
653019
653087
653326
653362
653422
653584
653604
653799
653915
654005
654038
654142
654229
654239
654266
654328
654396
654502
654599
654600
654632
654732
654791
655050
655057
655155
655375
655389
655781
655802
655966
655997
656085
656108
656126
656345
656363
656460
656604
656630
656721
656918
656994
657025
657280
657350
657364
657409
657411
657650
657695
658104
658192
658207
658391
658413
658445
658548
658615
658696
658755
658822
659111
659152
659283
659304
659367
659604
659696
659826
659843
659858
659918
659930
660039
660111
660534
660567
660677
661030
661236
661241
661794
661796
661919
662364
662532
662563
662584
662840
662882
662939
663052
663149
663479
663538
663539
663549
663550
663640
663768
663898
663935
664009
664102
664119
664127
664168
664232
664304
664334
664400
664514
664685
664827
664889
664961
664966
665023
665317
665639
665799
665823
665878
665943
666299
666572
666610
666742
666845
666974
667002
667003
667091
667349
667650
667675
667720
667800
667929
668001
668006
668017
668084
668193
668252
668338
668422
668460
668484
668565
668604
668612
668760
668774
668793
668931
669060
669153
669540
669574
669627
669896
670025
670125
670294
670375
670421
670431
670472
670693
670828
670887
670946
670981
671059
671198
671241
671329
671494
671589
671651
671685
671698
671762
671887
672164
672214
672323
672438
672520
672525
672565
672566
672624
672644
672749
672806
672828
672837
672925
673062
673201
673234
673315
673360
673592
673605
673657
673714
673823
673933
673940
674098
674177
674196
674265
674283
674396
674438
674525
674551
674569
674644
674729
674735
674803
674890
675301
675377
675389
675420
675589
675706
675843
675879
675956
676057
676171
676195
676258
676561
676618
676708
676724
676789
676894
677015
677024
677137
677391
677616
677651
677765
677811
677945
678040
678354
678402
678438
678618
678635
678900
678908
679081
679085
679400
679440
679475
679485
679576
679587
679662
679694
679989
680047
680100
680199
680270
680274
680555
680585
680732
680770
680900
681212
681304
681333
681495
681748
681986
681997
682120
682146
682235
682590
682622
682653
682674
682810
682933
682991
682999
683064
683300
683385
683392
683426
683454
683456
683527
683531
683559
683802
683808
683871
684262
684354
684355
684424
684516
684623
684704
684858
684916
684939
684989
685326
685374
685484
685708
685888
686095
686131
686179
686299
686783
687105
687178
687289
687393
687463
687468
687489
687531
687601
687679
687717
687725
687738
688034
688106
688311
688346
688404
688510
688529
688653
688952
689020
689085
689170
689209
689233
689383
689444
689518
689601
689740
689806
689925
690099
690135
690237
690262
690351
690371
690446
690521
690577
690635
691092
691235
691240
691282
691299
691337
691448
691526
691580
691615
691699
691753
691874
691946
691977
692308
692408
692512
692536
692605
692665
693000
693051
693094
693274
693537
693660
694059
694070
694075
694082
694154
694163
694296
694327
694374
694500
694504
694716
694912
695056
695192
695224
695243
695337
695366
695379
695488
695554
695609
695633
695990
696215
696255
696294
696384
696402
696506
696524
696577
696584
696594
696726
696937
697036
697327
697330
697803
697941
698130
698177
698498
698590
698764
698838
698853
698973
699030
699115
699409
699424
699504
699716
700026
700109
700226
700237
700295
700327
700370
700496
700517
700538
700545
700799
700869
701366
701675
701693
701715
701744
701746
701795
701871
701910
701958
701999
702016
702160
702283
702435
702557
702797
702798
702804
702805
702860
702925
702977
703024
703254
703546
703659
703728
703819
703856
703930
703988
704122
704471
704480
704486
704608
704650
704798
704814
705037
705157
705332
705374
705621
705685
705758
705789
705820
706172
706228
706242
706272
706439
706605
706682
706691
706753
706796
706849
706850
707097
707174
707314
707380
707566
707573
707580
707647
707656
707665
707879
707910
707917
707937
707960
708017
708393
708500
708551
708665
709046
709259
709301
709357
709430
709501
709559
709667
709708
709720
709951
710024
710105
710186
710243
710256
710261
710343
710364
710526
710646
710704
710709
710756
710757
710790
710835
710971
711064
711073
711250
711278
711281
711653
711688
711730
711843
711948
712233
712268
712275
712295
712433
712680
712728
712732
712826
712901
713195
713335
713501
713511
713722
713854
714007
714199
714441
714604
714606
714763
714807
714988
714995
715028
715131
715552
715578
715585
715703
715765
715793
715900
715904
715912
715923
715983
715986
715987
716094
716209
716326
716452
716466
716649
716658
716661
716726
716734
716836
716850
716888
716904
717084
717189
717251
717264
717359
717735
717748
717772
717841
717896
718018
718045
718108
718246
718459
718482
718504
718723
718945
719377
719532
719682
719765
719938
719958
719967
719971
720081
720101
720231
720355
720482
720547
720772
720897
720975
721048
721061
721266
721369
721512
721986
722674
722749
722864
723075
723265
723269
723301
723376
723402
723610
723746
723844
724006
724070
724161
724325
724420
724537
724709
724753
724969
725001
725094
725157
725355
725364
725407
725726
725782
726056
726083
726220
726268
726372
726420
726442
726483
726524
726534
726847
726887
726975
727051
727128
727270
727341
727393
727430
727486
727688
727743
727999
728352
728380
728396
728470
728584
728722
728729
728774
728798
728845
728853
729029
729054
729136
729210
729278
729296
729517
729572
729796
729802
729931
730106
730332
730444
730681
730693
730702
730727
730828
730875
730876
730880
730886
731070
731352
731385
731444
731620
731646
731728
731794
731924
732158
732271
732426
732568
732574
732590
732675
732988
733028
733053
733196
733198
733225
733230
733259
733268
733271
733441
733707
733794
733856
734024
734145
734292
734380
734528
734531
734536
734541
734542
734546
734655
734726
734785
734981
735098
735458
735523
735567
735646
735701
735713
735907
735949
735972
736014
736060
736065
736085
736420
736438
736635
736721
736725
736801
736920
737042
737131
737147
737187
737301
737359
737405
737411
737479
738147
738261
738318
738357
738463
738598
738637
738660
738794
739072
739100
739224
739325
739490
739514
739525
739589
739723
739973
740128
740343
740378
740397
740745
740822
740848
740875
740885
740907
741303
741375
741449
741615
741623
741914
742008
742049
742142
742165
742287
742310
742322
742449
742492
742500
742526
742646
742696
742718
742794
742841
742842
742998
743052
743063
743115
743116
743143
743243
743472
743532
743669
743808
743836
744001
744081
744173
744380
744387
744497
744503
744651
744667
744971
745134
745233
745420
745506
745659
745692
745707
745875
745931
746123
746200
746312
746374
746504
746536
746577
746987
746998
747105
747197
747224
747263
747504
747508
747577
747667
747863
747933
747991
748140
748155
748156
748173
748204
748295
748399
748418
748442
748481
748634
748671
748690
748736
748744
748782
748926
748927
749005
749181
749211
749269
749288
749786
749839
749896
749937
749950
750035
750133
750197
750362
750487
750531
750544
750556
750647
750758
750801
750956
750981
751083
751222
751244
751272
751284
751375
751483
751540
751569
751619
751680
752305
752379
752407
752475
752568
752804
752928
752991
753027
753065
753336
753390
753441
754175
754254
754366
754405
754543
754553
754596
754694
754800
754875
754886
755188
755508
755919
756082
756121
756212
756278
756511
756596
756605
756655
756674
756729
756903
757090
757137
757184
757278
757283
757337
757352
757526
757614
757658
757890
758069
758187
758234
758276
758680
759028
759066
759147
759184
759262
759543
759825
759851
759991
760030
760033
760057
760084
760190
760278
760437
760651
760655
760744
760749
760847
760980
761023
761064
761109
761116
761203
761259
761294
761374
761505
761570
761594
761600
761651
761684
761744
761784
762050
762221
762420
762440
762635
762690
762813
762862
762940
762945
763067
763083
763323
763440
763485
763566
763613
763614
764015
764031
764234
764340
764399
764417
764517
764672
765021
765045
765064
765169
765392
765672
765719
765754
765761
765877
765931
766137
766206
766447
766520
766547
766596
766738
766753
766776
766873
767091
767188
767200
767361
767402
767508
767509
767672
767700
767726
767775
767986
768028
768053
768126
768197
768231
768373
768433
768437
768475
768662
768724
768786
768834
768844
769083
769103
769431
769457
769549
769562
769641
769870
769993
770030
770033
770050
770737
770775
770816
770821
770900
771189
771323
771373
771426
771488
771801
771828
772093
772167
772292
772544
772558
772733
773004
773126
773140
773268
773274
773291
773402
773479
773617
773680
773730
773899
774036
774038
774232
774310
774361
774372
774377
774419
774512
774714
774742
774745
774749
775107
775317
775365
775388
775478
775508
775586
775835
775866
775942
775950
776052
776062
776164
776339
776347
776371
776394
776554
776612
776737
776783
776794
776874
776980
777233
777428
777442
777680
777991
778336
778442
778826
779007
779013
779109
779602
779615
779728
779778
779826
779896
780146
780180
780299
780628
780896
781045
781084
781303
781441
781476
781528
781545
781814
781865
781911
781955
782178
782186
782193
782280
782315
782344
782436
782523
782578
782729
782757
782820
782843
782898
782970
783040
783075
783085
783149
783185
783282
783548
783645
783698
783855
783967
783993
784136
784363
784373
784417
784485
784541
784595
784658
784679
784685
784790
784851
784870
784890
785003
785067
785278
785301
785320
785350
785381
785438
785887
785989
786002
786037
786108
786219
786283
786866
787024
787075
787078
787213
787315
787328
787392
787470
787583
787618
787765
787878
787892
788264
788272
788399
788466
788477
788622
788671
788810
788934
788962
789214
789453
789471
789478
789528
789694
789773
789823
789840
789914
789933
789989
789995
790016
790022
790553
790737
790847
790972
791007
791013
791080
791171
791377
791379
791520
791634
791695
791699
791831
791835
791929
792054
792291
792318
792350
792677
792750
792851
792878
793027
793094
793164
793206
793267
793338
793380
793589
793592
793716
793744
794305
794447
794526
794660
794908
795124
795294
795308
795331
795462
795759
795783
795785
795805
795945
796085
796091
796127
796146
796174
796220
796376
796388
796407
796529
796885
796924
796955
797122
797394
797588
797720
797870
797951
797964
798013
798024
798260
798318
798335
798950
798952
798966
798991
799094
799200
799245
799598
799705
799730
799819
799915
800031
800035
800228
800275
800493
800535
800538
800636
800706
800765
800819
801085
801088
801099
801331
801335
801345
801352
801486
801542
801637
801672
801797
801913
801961
802054
802069
802159
802203
802386
802614
802678
802830
803046
803117
803190
803192
803197
803385
803457
803619
803621
803749
803865
803892
803951
803954
803986
804267
804276
804376
804508
804526
804925
804979
805018
805044
805086
805162
805244
805485
805586
805792
805989
806133
806257
806327
806396
806466
806711
807303
807607
807631
807696
807737
807891
807972
808196
808329
808351
808396
808456
808480
808615
808707
808855
808992
809028
809065
809074
809083
809194
809235
809411
809462
809732
809840
810019
810241
810338
810389
810426
810476
810554
810769
810860
810934
811026
811148
811206
811453
811738
811782
811947
811968
812103
812107
812124
812339
812366
812392
812505
812599
812680
812717
812918
812937
812959
813087
813103
813166
813232
813290
813672
813827
813889
813897
813905
814094
814220
814224
814309
814515
814516
814693
814695
814778
814833
814838
814967
815180
815222
815227
815370
815448
815720
815949
816001
816059
816227
816248
816306
816313
816451
816476
816573
816682
816689
816755
816784
816974
816979
817082
817101
817297
817313
817361
817517
817527
817543
817549
817897
817908
817913
818090
818119
818228
818311
818335
818348
818555
818676
818680
818952
819121
819423
819513
819770
820100
820255
820407
820429
820470
820550
820609
820652
820735
820956
821031
821038
821121
821184
821225
821263
821281
821332
821358
821404
821525
821649
821732
822003
822024
822150
822198
822425
822493
822633
822829
822852
823061
823072
823230
823260
823309
823534
823547
823590
823904
824171
824269
824368
824384
824455
824509
824528
824553
824562
824581
824634
824707
824953
825019
825480
825618
825780
826054
826128
826136
826154
826197
826306
827088
827140
827398
827490
827746
827885
828043
828050
828066
828124
828193
828239
828293
828433
828588
828732
828772
828837
829077
829116
829179
829427
829438
829445
829590
829697
829784
829801
829838
829929
829979
830126
830143
830223
830404
830487
830552
830599
830838
831047
831069
831137
831526
831667
831827
831828
831898
831913
831971
831993
832023
832074
832117
832134
832139
832174
832338
832406
832488
832555
832609
832617
832624
832629
832809
832877
832878
832882
832884
832995
833030
833051
833094
833117
833166
833453
833686
833706
833756
834078
834142
834235
834284
834317
834385
834434
834438
834729
834748
834849
834963
835069
835461
835604
835619
835682
835905
836140
836210
836224
836273
836275
836403
836436
836776
836806
836818
836826
836967
837081
837388
837439
837453
837531
838051
838095
838107
838161
838190
838217
838347
838586
838660
838661
838739
838822
838946
839206
839373
839434
839474
839534
839712
839771
839810
839830
840033
840184
840281
840379
840504
840637
840742
840837
840849
841086
841099
841161
841163
841184
841190
841226
841235
841356
841412
841621
841725
841881
841924
841941
842002
842156
842238
842278
842383
842426
842443
842527
842575
842580
842619
842652
842872
842931
842996
843242
843296
843336
843614
843748
843758
843894
843898
843911
843985
844072
844125
844351
844428
844482
844665
844683
845053
845102
845211
845333
845667
845815
846143
846238
846337
846405
846535
846597
846687
846695
846862
846904
847094
847159
847272
847324
847332
847342
847588
847690
847769
847947
848014
848207
848212
848224
848258
848330
848545
848737
848938
849043
849047
849073
849116
849139
849154
849208
849268
849332
849434
849605
849614
850061
850192
850237
850698
850734
850758
850800
850811
850835
850973
851116
851118
851141
851228
851230
851240
851381
851575
851587
851679
851955
852148
852355
852378
852436
852607
852802
852805
852886
853015
853016
853031
853145
853217
853244
853491
853527
853571
853592
853694
854004
854061
854251
854369
854428
854442
854928
855170
855579
855656
855702
855713
855785
855966
856002
856135
856604
856896
856985
857024
857102
857419
857455
857656
857794
857806
858087
858215
858264
858349
858423
858426
858443
858517
858603
858686
858693
858703
858748
859188
859255
859310
859367
859512
859541
859726
859787
859840
859898
859965
860048
860372
860451
860782
860795
860930
861000
861016
861018
861131
861358
861403
861442
861456
861496
861611
861881
861946
862244
862471
862612
862722
862829
863113
863171
863352
863441
863614
863698
864181
864187
864306
864327
864433
864438
864454
864479
864590
864617
864710
864995
865068
865098
865170
865213
865319
865451
865644
865679
865697
865850
866328
866394
866471
866554
866955
867127
867248
867274
867369
867402
867454
867634
867650
867978
868079
868107
868614
868731
869241
869325
869471
869591
869677
869681
869963
870114
870151
870153
870315
870456
870510
870522
870674
870807
870946
871351
871513
871566
871593
871713
871870
872140
872385
872389
872461
872940
873124
873248
873282
873298
873450
873489
873494
873585
873634
873653
873878
873908
874024
874110
874137
874215
874235
874360
874389
874429
874470
874523
874532
874604
874607
874792
874805
874840
874905
875027
875054
875074
875213
875274
875366
875489
875508
875540
875569
875637
875765
875931
875995
876022
876136
876163
876182
876268
876269
876299
876345
876401
876588
876626
876834
876857
877124
877152
877304
877393
877409
877431
877601
877707
877713
877776
877825
877841
878325
878367
878422
878423
878542
878546
878651
878838
878992
878998
879114
879456
879464
879465
879481
879505
879529
879579
880208
880336
880338
880431
880467
880528
880709
880846
881218
881408
881435
881568
881696
881891
881914
881989
882079
882146
882160
882326
882388
882539
882638
882702
882788
882872
882902
883004
883325
883357
883374
883401
883519
883549
883701
883892
883929
883982
884346
884408
884473
884475
884572
884684
884746
884803
884953
885000
885196
885345
885394
885405
885455
885548
885551
885599
885649
885709
885717
885740
885802
885856
885968
885987
886017
886135
886176
886193
886273
886286
886347
886400
886450
886481
886531
886685
886724
886742
886808
886925
886958
886973
887065
887562
887594
887624
887795
888007
888737
888788
888945
888969
888992
889096
889156
889321
889373
889410
889563
889592
889624
890075
890329
890353
890402
890425
890493
890558
890635
890699
890826
890845
890912
890992
891055
891421
891472
891771
891806
891899
892058
892366
892413
892451
892495
892563
892575
892705
892729
892843
892898
893197
893222
893268
893393
893538
893575
893743
893750
893784
893846
893918
894084
894141
894230
894418
894427
894473
894511
894664
894824
895014
895062
895081
895112
895196
895205
895281
895400
895420
895448
895511
895665
895720
895813
895863
895970
896369
896586
896604
896635
896685
896730
896786
896793
896811
896838
896869
896986
897059
897087
897260
897479
897710
897769
897847
898053
898060
898091
898172
898280
898284
898342
898382
898483
898560
898936
898945
898955
899108
899182
899264
899507
899593
899758
899770
899835
899871
900078
900097
900344
900440
900530
900598
900663
900712
900732
900765
900829
900875
900906
900911
900967
901022
901224
901341
901382
901434
901467
901563
901599
901634
901640
901688
901704
901723
901973
902042
902179
902354
902422
902708
902806
902882
902897
902938
903203
903350
903356
903400
903488
903599
903728
903916
903939
904068
904091
904370
904386
904402
904427
904457
904606
904608
904703
904721
905122
905196
905208
905315
905319
905354
905361
905395
905457
905514
905643
905679
905863
906008
906020
906180
906209
906272
906379
906430
906512
906554
906853
906884
907075
907113
907159
907177
907183
907375
907389
907577
907588
907589
907874
907898
908003
908022
908041
908074
908282
908395
908568
908677
908883
909031
909431
909589
909599
909764
909776
909837
910083
910092
910126
910181
910455
910467
910484
910540
910717
910850
911005
911111
911308
911369
911401
911414
911537
911679
911739
911879
911969
911976
912332
912378
912382
912615
912750
912889
912976
913029
913283
913691
913867
913978
914106
914116
914347
914517
914597
914657
914680
914724
914824
914920
914966
915165
915184
915204
915293
915298
915333
915337
915418
915603
915608
915624
915641
915731
915840
915872
915921
915989
916029
916160
916223
916290
916367
916408
916670
916819
916901
916951
917219
917248
917470
917617
917645
917709
917721
917814
917822
917825
918019
918328
918414
918429
918446
918466
918483
918860
918906
919021
919116
919250
919269
919285
919407
919430
919447
919497
919527
919677
919720
919868
919870
919976
920073
920296
920375
920377
920640
920648
920670
920728
920803
920910
920939
920998
921237
921250
921251
921300
921429
921630
921692
921782
921797
921893
921951
922094
922272
922342
922746
922764
922936
922943
922958
923008
923074
923096
923134
923261
923397
923470
923857
924210
924228
924305
924447
924503
924630
925100
925225
925227
925666
925670
925809
925858
925933
925988
926034
926156
926214
926349
926407
926475
926492
926575
926701
926877
926927
926977
927108
927567
927568
927700
927868
927986
928012
928017
928039
928090
928647
928846
928968
929022
929054
929055
929105
929117
929174
929281
929293
929421
929510
929706
929823
929827
929858
929935
929940
930175
930845
930997
931535
931584
931699
931777
931918
932096
932099
932116
932520
932526
932546
932717
932755
932767
932783
932844
932897
932978
933021
933045
933090
933189
933345
933450
933545
933649
933746
934049
934085
934140
934156
934189
934193
934316
934373
934408
934488
934556
934562
934608
934637
934747
934866
934874
934937
935570
935689
935767
935857
936020
936040
936100
936110
936272
936386
936401
936585
936586
936673
936925
936975
937057
937142
937238
937304
937673
937674
937861
937879
937880
937931
938024
938090
938224
938254
938272
938290
938425
938476
938510
938659
938808
938824
938886
939010
939084
939094
939199
939215
939409
939424
939462
939623
939648
939729
939776
939908
940102
940343
940347
940398
940443
940812
940970
941001
941047
941187
941211
941260
941315
941421
941568
941631
941670
941671
941785
941866
941921
942039
942052
942086
942344
942680
942721
942831
942849
942861
942866
943343
943348
943645
943676
943699
943765
944095
944128
944141
944175
944210
944213
944215
944238
944377
944395
944434
944467
944591
944690
944713
944731
944892
944900
944955
945033
945210
945293
945444
945537
945650
945729
945920
946008
946018
946037
946132
946188
946242
946588
946681
946870
946904
947170
947384
947578
947692
947723
947752
947760
948047
948136
948156
948554
948730
948769
948788
948854
948913
948954
949125
949126
949149
949156
949162
949197
949404
949574
949848
949969
950089
950093
950129
950286
950564
950890
950956
951010
951070
951183
951397
951671
951715
952068
952086
952195
952234
952239
952261
952321
952456
952551
952577
952669
952800
952959
952967
952993
953007
953022
953070
953148
953256
953438
953481
953532
953575
953691
953719
953821
953884
953990
954055
954204
954274
954314
954388
954789
954918
955024
955092
955094
955147
955186
955287
955379
955455
955485
955495
955638
955818
955849
955886
955891
955893
956013
956039
956127
956238
956246
956272
956305
956367
956505
956531
956713
956826
956885
957009
957217
957346
957459
957624
957795
957884
957908
957960
958032
958127
958174
958492
958565
958599
958775
959285
959596
959639
959782
959868
959871
960039
960100
960224
960283
960347
960421
960437
960547
960667
960682
960778
960979
961072
961103
961195
961220
961274
961410
961462
961559
961696
961713
961781
961805
961825
962031
962119
962130
962400
962481
962559
962846
962909
962912
962998
963099
963238
963444
963462
963490
963532
963698
963867
963913
964622
964703
964712
964741
964996
965044
965124
965130
965180
965184
965270
965336
965413
965617
965736
965893
965907
965936
965962
966001
966113
966151
966262
966316
966317
966342
966537
966624
967072
967169
967469
967542
967749
967791
967869
967975
968007
968032
968232
968251
968277
968324
968489
968581
968647
968712
968813
968898
969041
969075
969091
969111
969195
969282
969317
969373
969442
969465
969857
970002
970016
970018
970074
970153
970338
970524
970604
970731
970807
971167
971175
971197
971247
971263
971391
971396
971413
971811
971838
971932
972046
972181
972418
972483
972650
972697
972751
972914
973023
973034
973079
973154
973217
973236
973249
973443
973458
973525
973647
973745
973811
973877
973923
974006
974132
974134
974562
974718
974779
974817
974908
974929
975077
975265
975296
975314
975324
975522
975628
975635
975648
975826
975831
976005
976093
976337
976457
976478
976836
976849
977121
977192
977343
977474
977705
977720
977895
978232
978293
978309
978334
978513
978787
978904
978983
979012
979037
979147
979189
979195
979232
979291
979335
979436
979666
979723
980050
980077
980079
980084
980128
980143
980218
980298
980319
980341
980353
980457
980521
980622
980938
981116
981137
981198
981202
981468
981634
981824
981920
981955
982074
982159
982237
982341
982401
982519
982544
982733
982758
982770
982916
982928
982950
982952
983001
983098
983289
983310
983317
983537
983606
983614
983700
984135
984444
984572
984644
984814
984862
985122
985146
985244
985342
985464
985591
985598
985892
985899
985936
986331
986490
986578
986609
986638
986661
986813
986849
987044
987238
987450
987458
987737
987828
987968
988022
988150
988409
988425
988455
988617
988681
988794
988829
988865
988889
989008
989084
989120
989126
989206
989263
989293
989419
989488
989775
989776
990180
990342
990394
990425
990551
990626
990682
990779
991056
991157
991168
991169
991230
991247
991264
991337
991583
991585
991779
991798
991891
991965
992115
992300
992303
992396
992546
992601
992710
992714
992808
992817
992846
993163
993264
993596
993725
993758
993780
993904
993910
994102
994128
994302
994485
994552
994718
994843
994886
995023
995079
995157
995197
995294
995326
995441
995540
995690
995715
995861
996165
996245
996366
996477
996636
996728
996824
996854
996895
997152
997213
997259
997268
997333
997339
997438
997475
998057
998083
998134
998475
998535
998571
998640
998697
998843
999131
999199
999535
999719
999822
999983
999999
