25
118
589
721
799
835
1093
1258
1312
1504
1518
1586
1682
1706
1749
2204
2496
2927
2934
3006
3023
3258
3328
3497
3707
3924
3976
4012
4136
4219
4344
4372
4375
4407
4446
4520
4543
4619
4718
4841
4908
5012
5031
5064
5073
5122
5257
5370
5457
5607
5816
5921
5995
6009
6087
6116
6151
6189
6282
6290
6293
6371
6534
6543
6556
6564
6588
6635
6645
6682
6835
7031
7196
7388
7499
7567
7622
8130
8278
8373
8561
8646
8737
8749
8876
8970
9314
9326
9339
9340
9497
10160
10221
10464
10536
10564
10574
10680
10818
10823
10894
10928
10944
11011
11049
11276
11318
11326
11530
11709
11876
11916
11953
11997
12045
12054
12276
12417
12599
12623
12822
12992
12997
13012
13057
13065
13066
13270
13544
13674
13721
13733
13753
13776
13816
13828
14045
14196
14400
14415
14453
14607
14774
14851
14913
14980
15085
15183
15191
15218
15337
15494
15497
15587
15840
16037
16068
16117
16122
16153
16477
16496
16578
16641
16785
16880
17060
17084
17087
17095
17186
17239
17300
17336
17338
17475
17575
17619
17672
17945
18135
18171
18205
18245
18248
18347
18383
18395
18582
18659
18811
18852
18994
19034
19075
19084
19092
19137
19261
19316
19333
19656
19782
19810
19839
20110
20119
20182
20245
20315
20363
20418
20620
20716
20787
20994
21108
21319
21355
21408
21431
21577
21648
21733
21880
21892
21942
21972
22021
22135
22575
22636
22653
22678
22794
22830
23021
23537
23610
23648
23774
23804
23835
24553
24885
24906
25076
25248
25403
25432
25540
25561
25629
25637
25669
25736
25877
26131
26531
26750
26923
26946
26958
27008
27110
27133
27183
27612
27937
28092
28384
28536
28560
28582
28640
28726
28889
28979
29246
29408
29624
29735
29959
29984
30097
30204
30342
30515
30546
30688
30931
30969
31420
31470
31474
31501
31589
31632
31799
32098
32135
32182
32199
32240
32325
32409
32422
32435
32494
32512
32874
33001
33081
33185
33388
33561
33590
33807
33808
33902
34169
34268
34433
34489
34720
34763
34838
34865
35114
35143
35216
35224
35274
35348
35371
35660
35998
36082
36138
36388
36474
36580
36597
36699
37137
37202
37372
37377
37412
37452
37509
37579
37603
37647
37699
38140
38394
38449
38592
38625
38865
39007
39110
39227
39286
39350
39388
39747
39804
39814
39943
39989
40077
40091
40179
40182
40189
40287
40427
40449
40530
40539
40548
40579
40651
40662
40695
40770
40820
40832
40888
41451
41567
41657
41754
41796
41854
41895
42045
42118
42125
42329
42394
42428
42620
42623
42694
42751
42812
42873
42982
42986
43106
43114
43117
43269
43493
43533
43633
43721
43831
43853
43927
44021
44028
44245
44366
44405
44443
44466
44553
44623
44733
44748
44776
44895
44920
44929
44996
45137
45438
45465
45498
45539
45568
45630
45635
45746
45865
45974
46179
46301
46419
46431
46447
46647
46698
46811
47059
47092
47262
47433
47448
47527
47620
47623
47682
47863
47951
48007
48339
48376
48514
48582
48822
48882
48970
49066
49180
49184
49294
49348
49514
49565
49869
49876
49909
49923
50056
50072
50077
50218
50314
50413
50498
50580
50687
50730
50902
51149
51204
51284
51288
51315
51383
51442
51491
51657
51690
51696
51713
51731
51841
51857
51940
51942
52044
52047
52057
52184
52449
52665
52670
52686
53067
53071
53188
53242
53246
53247
53344
53418
53532
53544
53759
53993
54106
54109
54117
54200
54608
54791
54805
54832
54938
55158
55373
55570
55605
55915
55934
55970
56105
56151
56200
56232
56576
56892
57020
57167
57263
57337
57392
57568
57769
57851
57897
57955
58013
58105
58140
58384
58438
58447
58700
58705
58717
58773
58935
59001
59047
59179
59265
59328
59331
59343
59345
59479
59501
59574
59691
59804
59811
59829
59840
59860
59964
60109
60116
60122
60163
60185
60397
60508
60579
60905
60933
60942
61016
61173
61192
61216
61227
61280
61435
61498
61684
61720
61734
61744
62000
62036
62169
62236
62322
62368
62432
62452
62549
62580
62661
62764
62768
62890
63066
63153
63212
63218
63369
63446
63579
63605
63616
63662
63664
63822
63836
63901
63937
64352
64401
64445
64464
64525
64768
64792
64984
65001
65051
65092
65093
65118
65167
65506
66012
66426
66428
66434
66456
66487
66524
66539
66644
66723
66725
66762
66890
66919
66926
67138
67295
67462
67658
67667
67879
67880
67910
68124
68130
68149
68172
68220
68284
68502
68620
68848
68868
68916
68973
68986
69158
69177
69202
69334
69396
69582
69687
69920
69950
69985
70239
70277
70336
70408
70491
70550
70593
70660
70704
70816
70877
70880
70948
70963
71032
71044
71353
71450
71472
71497
71733
71804
71856
71947
72152
72209
72336
72399
72510
72559
72735
72792
72854
72881
72901
72940
73012
73059
73243
73538
73569
73664
73758
73797
73861
73885
73982
74085
74211
74247
74292
74320
74328
74615
74628
74647
74709
74833
74852
74973
75230
75282
75326
75999
76080
76210
76239
76275
76314
76352
76586
76847
77258
77360
77425
77676
77691
77848
77850
77896
77914
78146
78173
78214
78257
78281
78312
78317
78429
78460
78625
78674
78725
78786
78791
78820
78924
78941
78949
79087
79365
79467
79481
79489
79521
79624
79883
80200
80290
80353
80417
80554
80627
80646
80682
80691
80959
80973
80977
81413
81561
81607
81667
81904
82100
82286
82294
82359
82441
82597
82615
82797
82826
82855
83039
83081
83351
83502
83566
83721
83732
83744
83763
83821
83914
83971
83980
84094
84176
84198
84221
84317
84354
84460
84482
84588
84607
84700
84967
85003
85042
85193
85316
85414
85471
85625
85654
85836
86002
86063
86151
86182
86409
86436
86545
86590
86790
86803
86817
86872
86963
87056
87399
87409
87474
87607
87613
87634
87876
87885
87936
87937
88126
88352
88581
88635
89072
89084
89441
89529
89710
89741
89859
89885
90182
90283
90361
90411
90413
90452
90561
90602
90671
90794
90840
90871
90873
90992
91161
91211
91254
91376
91389
91528
91725
91771
91781
91814
91904
92009
92154
92217
92265
92274
92401
92490
92497
92585
92637
92794
92801
92839
92909
93208
93274
93283
93303
93316
93389
93415
93547
93591
93673
93688
93689
93951
93953
93972
94017
94103
94169
94194
94216
94220
94238
94454
94760
94876
94994
95053
95227
95421
95549
95566
95632
95737
95759
95808
95840
95904
96161
96163
96305
96526
96672
96747
96811
96862
97022
97106
97196
97399
97450
97462
97558
97604
97615
97633
97723
97741
97786
97961
98060
98232
98271
98385
98693
98790
99194
99199
99220
99347
99463
99501
99746
99874
99938
99945
100032
100171
100185
100192
100209
100251
100255
100368
100379
100445
100670
100735
100902
101353
101397
101401
101568
101592
101677
101774
101908
101938
102027
102115
102212
102240
102277
102330
102374
102667
102674
102746
102774
102824
102910
102928
102932
102992
103003
103108
103189
103270
103511
103525
103656
104050
104068
104110
104117
104326
104350
104494
104534
104596
104721
104884
104941
105105
105117
105400
105699
105882
105950
106000
106081
106447
106459
106469
106559
106568
106783
106869
106875
106900
106946
106971
107038
107074
107095
107329
107495
107543
107972
108078
108486
108518
108546
108716
108845
108847
108885
109039
109319
109376
109402
109480
109575
109608
109670
109694
109729
109829
109997
110000
110097
110158
110201
110367
110391
110669
110701
110722
110769
110775
110855
111005
111024
111278
111285
111346
111427
111535
111548
111680
111739
111761
112050
112066
112121
112132
112177
112214
112231
112260
112263
112547
112844
112914
112979
113017
113117
113256
113432
113553
113995
114145
114213
114328
114633
114789
114898
115169
115322
115424
115488
115535
115556
115559
115652
115732
115817
116096
116567
116639
116806
116819
116892
116928
117021
117034
117044
117142
117238
117327
117432
117559
117605
117722
117781
117879
117995
118055
118094
118104
118258
118359
118464
118507
118554
118691
119073
119168
119282
119329
119358
119374
119447
119477
119548
119709
119833
119983
120049
120068
120176
120330
120358
120389
120447
120534
120571
120575
120589
120872
120890
120897
121113
121197
121277
121456
121538
121849
121858
121865
122091
122410
122518
122561
122610
122719
122739
122863
122930
122937
122993
123066
123145
123215
123474
123549
123627
123684
123938
124044
124082
124104
124231
124559
124666
124740
124746
124861
124871
124949
125023
125046
125058
125207
125495
125714
125823
125897
125952
125981
126020
126021
126314
126413
126490
126555
126569
126781
126895
126906
126948
127007
127154
127169
127216
127245
127246
127706
127747
127836
127873
127936
128237
128440
128454
128598
128736
128873
128924
128948
129006
129206
129293
129509
129531
129561
129589
129810
129830
129840
130013
130119
130292
130480
130507
130651
130652
130846
130859
130903
131304
131459
131584
131616
131635
131654
131752
131774
131817
131871
131884
131955
132052
132181
132183
132253
132564
132591
132616
132760
132880
132980
132988
132990
133027
133185
133320
133443
133541
133547
133571
133584
133686
133696
133776
133803
133895
133937
134048
134191
134293
134297
134320
134397
134401
134559
134587
134644
134852
134950
135014
135034
135047
135070
135123
135231
135356
135586
135899
135948
135949
136087
136102
136141
136261
136316
136323
136352
136386
136557
136592
136632
136647
136799
136887
136964
137017
137053
137172
137399
137413
137491
137545
137705
137754
137856
138038
138274
138598
138660
138875
138977
139031
139102
139281
139430
139501
139533
139569
139867
139887
139977
140020
140038
140081
140111
140131
140210
140253
140304
140519
140643
140645
140803
140906
140914
140934
141198
141203
141220
141256
141421
141506
141573
141750
141815
141848
141890
142045
142066
142093
142632
142719
142725
142772
142805
142850
142890
143024
143039
143125
143237
143311
143344
143384
143520
143614
143616
143694
143703
143890
143940
143983
144155
144198
144216
144512
144553
144901
144916
144970
145115
145287
145436
145551
145611
145713
145731
145853
146061
146086
146438
146621
146704
146710
146712
146833
147004
147100
147295
147438
147453
147499
147582
147585
147676
147703
147839
148045
148120
148773
148841
148876
148957
148967
149027
149058
149593
149611
149647
149655
149890
150002
150077
150213
150343
150460
150462
150565
150716
150730
150799
151366
151368
151607
151621
151668
151753
152441
152834
152854
152970
153006
153025
153293
153296
153327
153464
153512
153660
153869
153882
153955
153999
154131
154206
154341
154366
154393
154481
154648
154659
154691
155240
155335
155353
155823
156006
156033
156087
156265
156445
156676
156713
156780
156856
156868
156897
157080
157197
157303
157310
157336
157473
157606
157645
157726
157984
158032
158109
158406
158419
158494
158675
158768
158916
158958
158974
159032
159084
159144
159543
159612
159681
159803
159911
160054
160070
160077
160093
160146
160147
160256
160300
160419
160448
160456
160477
160556
160625
160665
160666
160961
161332
161393
161395
161523
161589
161709
161889
161895
161909
162186
162545
162645
162708
162873
162916
162926
162950
163076
163183
163342
163388
163483
163749
163846
163950
163958
164192
164243
164423
164455
164583
164590
164680
164697
164993
165077
165323
165382
165485
165565
166097
166217
166240
166262
166374
166381
166420
166463
166682
167126
167127
167375
167379
167381
167408
167560
167576
167648
167765
167846
167993
168059
168075
168219
168237
168331
168401
168472
168545
168649
168700
168762
168866
168942
169157
169376
169377
169623
169779
169866
170296
170300
170344
170456
170583
170584
170692
170761
171005
171009
171115
171408
171453
171508
171766
171825
171913
171941
172110
172156
172249
172410
172528
172695
172721
172768
172819
173052
173093
173145
173219
173301
173331
173750
173838
173848
174001
174046
174066
174122
174273
174313
174382
174458
174499
174768
174805
175058
175089
175109
175146
175295
175433
175438
175515
175564
175755
175994
176047
176131
176183
176415
176770
176833
176877
176893
177203
177223
177452
177470
177527
177689
177738
177871
178074
178226
178292
178322
178785
178963
179289
179292
179330
179374
179920
180021
180139
180165
180183
180303
180319
180367
180514
180617
180632
180830
181082
181083
181138
181150
181219
181262
181296
181354
181369
181514
181540
181586
181708
181780
181931
181936
182052
182059
182073
182225
182278
182307
182444
182578
182591
182650
182654
182720
182801
182970
183119
183128
183357
183371
183387
183470
183615
183646
183768
183791
183824
183909
183912
184359
184372
184539
184604
184630
184653
184701
184760
184782
184830
184880
184892
184950
184979
184983
185058
185078
185173
185231
185467
185562
185705
185848
185956
185961
186141
186223
186500
186576
186585
186787
186832
187039
187094
187226
187263
187375
187436
187517
187595
187738
187924
188004
188192
188215
188286
188295
188412
188552
188560
188588
188612
188719
188807
188835
188902
189050
189085
189283
189299
189376
189415
189446
189575
189756
189868
189997
190206
190520
190709
190833
190923
191181
191333
191374
191466
191517
191536
191544
191814
191825
191900
192055
192090
192335
192392
192427
192456
192557
192559
192565
192590
192692
192858
193061
193086
193129
193195
193352
193415
193545
193654
193657
193808
193949
193992
194018
194203
194250
194251
194328
194387
194452
194517
194799
194825
194835
194959
195028
195117
195297
195323
195346
195525
195590
195597
195639
195758
195830
195927
196019
196180
196196
196232
196379
196418
196504
196524
196640
196651
196671
196858
196870
196941
196999
197105
197107
197157
197314
197622
197742
197845
197866
197926
198251
198281
198291
198304
198381
198488
198497
198549
198713
198792
198867
198998
199022
199050
199097
199169
199222
199289
199460
199495
199528
199554
199569
199589
199629
199656
199764
199834
200011
200187
200417
200687
200762
200810
200898
200978
201061
201161
201228
201313
201372
201534
201568
201677
201869
202002
202025
202083
202116
202281
202357
202445
202522
202578
202646
203022
203081
203139
203204
203233
203260
203295
203446
203539
203584
203724
203990
204044
204226
204251
204261
204396
204623
204693
204819
204834
204918
205031
205323
205352
205353
205369
205544
205558
205567
205619
205681
205806
205992
206009
206016
206081
206220
206227
206584
206676
206735
207042
207129
207266
207340
207350
207356
207507
207556
207584
207721
207911
208194
208219
208231
208252
208302
208350
208375
208448
208924
209194
209275
209424
209502
209545
210033
210079
210081
210165
210536
210594
210738
210767
210803
210948
210981
211007
211084
211191
211257
211370
211684
211702
211787
211943
212111
212231
212267
212379
212510
212662
212906
212914
212937
212988
213292
213376
213596
213701
213716
213733
213745
213757
213761
213775
214060
214137
214190
214256
214794
214839
214951
215199
215251
215572
215745
215987
216130
216152
216270
216274
216299
216372
216507
216517
216575
216639
216688
216719
216724
217158
217245
217350
217801
218024
218028
218080
218089
218133
218561
218599
218697
218767
218773
218858
218870
218888
219089
219110
219129
219163
219289
219408
219672
219726
219861
219919
219922
219983
220086
220209
220301
220446
220502
220539
220587
220678
220725
220844
220901
221241
221390
221415
221431
221878
221972
221984
222084
222213
222517
222687
222732
222821
223151
223257
223262
223400
223402
223404
223488
223673
223714
223721
223745
223824
224019
224130
224586
224627
224851
225023
225164
225187
225241
225261
225296
225300
225327
225374
225379
225723
225783
225786
225982
226063
226199
226362
226404
226415
226445
226527
226703
226795
226894
227033
227121
227124
227782
227797
227904
227960
228011
228122
228184
228203
228342
228386
228404
228415
228463
228482
228537
228550
228608
228691
228745
228786
228917
228972
229087
229253
229482
229601
229609
229761
229786
229942
229964
229970
230043
230109
230166
230247
230457
230721
230736
230976
231031
231083
231092
231687
231723
231858
231931
231953
232054
232410
232594
232824
232843
232856
232882
232886
232970
233008
233165
233207
233219
233307
233314
233328
233376
233392
233461
233561
234059
234102
234125
234199
234233
234252
234265
234339
234356
234385
234410
234607
234765
234777
234825
234870
234918
235014
235032
235136
235218
235477
235587
235649
235767
235826
236108
236155
236215
236261
236281
236457
236478
236497
236559
236777
236902
236941
237209
237263
237484
237525
237755
237869
238160
238407
238549
238720
238862
238864
239039
239192
239329
239350
239403
239735
239749
239807
239930
240173
240188
240293
240449
240562
240596
240655
240674
240677
240700
240709
240754
240772
240784
240802
240920
240941
240976
241003
241032
241058
241094
241134
241356
241420
241487
241499
241711
241831
241838
241858
241924
241984
242045
242088
242222
242408
242573
242614
242638
242652
242777
242839
242894
242915
243104
243123
243355
243645
243686
243711
243980
244061
244116
244178
244214
244245
244381
244394
244435
244462
244561
244710
244763
244866
244876
244936
245105
245362
245435
245545
245644
245707
245816
246038
246061
246091
246166
246271
246303
246330
246341
246407
246485
246756
246770
246808
246879
246956
247033
247115
247289
247363
247500
247549
247743
247816
247828
247919
248183
248207
248264
248475
248689
248752
248906
248942
249040
249107
249173
249280
249349
249474
249617
249690
249701
249948
250060
250104
250279
250289
250629
250692
250807
250854
250942
250965
251031
251262
251264
251279
251285
251390
251642
251713
251986
252055
252059
252172
252241
252425
252542
252569
252755
252863
252864
253025
253058
253142
253151
253191
253353
253399
253658
253680
253754
253873
254109
254142
254430
254492
254520
254630
254830
254899
255039
255139
255156
255266
255427
255477
255504
255544
255545
255637
255704
255781
255981
255986
256128
256162
256231
256273
256295
256306
256439
256478
256530
256581
256964
256982
257465
257570
257612
257638
257654
257863
257891
258329
258400
258475
258562
258603
258652
258959
258965
259025
259206
259247
259282
259352
259359
259408
259621
259705
260268
260454
260605
260760
260806
261022
261065
261155
261264
261394
261458
261520
261625
261753
261792
261806
262133
262142
262261
262328
262528
262718
262917
262979
263012
263085
263140
263163
263250
263288
263392
263402
263492
263511
263517
263635
263776
263786
263954
264149
264364
264425
264518
264596
264698
264709
264998
265172
265276
265312
265338
265361
265466
265604
265683
265777
265809
265847
265883
265991
266141
266260
266283
266298
266337
266339
266349
266357
266607
266869
266914
267011
267026
267037
267136
267286
267317
267326
267618
267668
267816
267964
267984
268083
268187
268188
268328
268395
268554
268569
268664
268788
268890
269042
269315
269359
269562
269717
269758
269853
270015
270036
270049
270249
270343
270529
270559
270748
270819
270823
270937
270967
271044
271409
271490
271703
271720
271747
272043
272233
272238
272455
272457
272506
272507
272523
272620
272742
272837
273087
273092
273534
273584
273603
273743
273875
274030
274118
274119
274207
274265
274408
274420
274472
274511
274609
274816
274828
274840
274908
274980
275189
275220
275270
275534
275664
275812
275976
275988
276018
276113
276214
276296
276345
276489
276571
276660
276744
276832
276835
276941
276961
277035
277092
277130
277177
277189
277219
277255
277467
277640
277647
277731
277798
277830
278120
278317
278346
278418
278581
278747
278759
278829
278946
279072
279356
279380
279395
279471
279589
279734
279819
279849
279866
279879
279950
279960
280025
280030
280092
280228
280291
280337
280399
280404
280866
280884
280988
281204
281445
281447
281452
281453
281737
281738
282024
282051
282132
282305
282322
282362
282530
282638
282996
283018
283129
283314
283498
283507
283532
283588
283590
283649
283693
283844
283983
283999
284064
284091
284452
284459
284490
284746
284774
284878
284914
285032
285047
285101
285186
285611
285959
285986
286309
286311
286401
286720
286732
286863
287111
287124
287245
287247
287313
287381
287399
287405
287474
287535
287576
287783
287924
287959
288003
288113
288167
288236
288342
288412
288437
288741
288757
288788
289093
289162
289183
289450
289452
289532
289771
289794
290018
290140
290181
290626
290712
290722
290745
290759
290778
291185
291251
291265
291451
291568
291678
291757
291840
291862
292103
292137
292277
292504
292730
292760
292773
292955
293012
293041
293074
293197
293210
293288
293527
293528
293675
293688
293723
293746
293748
293754
293918
294029
294202
294257
294413
294507
294621
294658
294660
294739
294749
294757
294816
294851
294946
294963
295029
295079
295263
295334
295342
295350
295606
295685
295869
296028
296190
296389
296518
296593
296719
296772
296972
297116
297186
297232
297260
297415
297514
297594
297752
297778
297809
297925
297961
298094
298181
298221
298278
298280
298562
298634
298734
298739
298766
298887
299084
299178
299536
299635
299719
299799
299958
300025
300071
300173
300251
300444
300649
300818
300856
300900
300902
300963
301148
301344
301430
301639
302050
302089
302137
302230
302257
302573
303285
303338
303418
303433
303504
303694
303717
303728
304085
304106
304123
304238
304366
304449
304488
304548
304693
305017
305085
305156
305233
305279
305517
305527
305615
305784
305907
305918
306045
306133
306170
306204
306244
306321
306384
306461
306547
306594
306799
306894
306904
306942
307023
307029
307067
307079
307096
307101
307249
307288
307403
307440
307612
307661
307719
307799
307811
307864
307973
308085
308579
308852
308969
309000
309018
309268
309375
309419
309545
309636
309652
309665
309904
309942
310104
310168
310239
310259
310309
310474
310508
310570
310640
310709
311035
311147
311177
311395
311418
311421
311508
311557
311692
311744
311748
311886
311904
311946
312246
312316
312324
312598
312683
312740
312767
312807
313080
313089
313104
313258
313314
313432
313469
313535
313578
313618
313831
313939
313948
314011
314028
314090
314111
314117
314272
314280
314301
314576
314610
314697
314723
315039
315104
315131
315361
315395
315422
315689
315715
315764
315847
316089
316400
316594
316656
316740
316875
316897
316902
316934
316960
317025
317128
317163
317275
317447
317454
317457
317468
317480
317576
317835
317895
317916
317970
318147
318150
318236
318238
318404
318519
318713
318714
318758
318863
318973
319038
319155
319279
319308
319354
319410
319534
319545
319551
319630
319713
319801
319805
319860
319892
319896
320255
320296
320333
320513
320578
320644
320798
320827
321302
321334
321421
321620
321818
321823
321874
321947
321958
321975
322265
322285
322393
322433
322480
322533
322649
322825
322826
322885
323046
323169
323197
323448
323464
323493
323669
323683
323754
323946
324034
324315
324328
324390
324662
324977
325086
325286
325305
325348
325366
325516
325543
325601
325614
325659
325848
326114
326318
326439
326476
326617
326681
326744
327312
327369
327753
327781
327969
328036
328174
328345
328587
328628
328673
328988
329061
329145
329179
329264
329340
329431
330117
330191
330216
330253
330534
330536
330625
330636
330699
330871
330900
331135
331144
331159
331229
331434
331455
331467
331505
331509
331688
331922
331973
332130
332215
332226
332293
332412
332496
332647
332706
332813
332918
332924
332961
333165
333258
333357
333522
333558
333594
333638
333673
333733
333789
333824
333876
334216
334389
334401
334552
334654
334710
334879
335310
335437
335605
335615
335921
335933
335949
335987
336288
336296
336378
336480
336512
336520
336621
336625
336825
336896
337155
337163
337248
337255
337333
338267
338519
338546
338564
338606
338858
338913
339129
339412
339468
339574
339637
339674
339723
339760
339819
339854
339974
340015
340212
340288
340399
340451
340469
340572
340783
340879
340886
340911
341090
341115
341375
341643
341654
341756
341816
342007
342050
342281
342346
342383
342666
342761
342811
342955
343094
343121
343177
343230
343263
343441
343493
343511
343614
343617
343762
343827
343971
344254
344381
344439
344662
344698
344713
344727
344785
344853
345049
345052
345159
345213
345349
345367
345453
345639
345670
345833
345848
345869
345959
345983
346037
346121
346485
346604
346739
346780
346797
347035
347561
347613
347743
347872
347957
347995
348322
348347
348383
348419
348468
348561
348808
348838
349233
349239
349255
349317
349420
349582
349680
349844
349902
349963
349989
350007
350151
350292
350460
350588
350748
350816
350828
350985
351117
351141
351161
351299
351426
351561
351826
351871
351877
351989
352229
352235
352244
352404
352441
352443
352454
352496
352531
352602
352737
352767
352842
352854
352899
353017
353048
353079
353408
353426
353496
353607
353650
353709
353723
353932
354102
354144
354277
354302
354328
354342
354387
354670
354727
354835
354856
355155
355198
355281
355477
355554
355584
355631
355671
355770
355883
355919
355923
355940
356027
356110
356293
356317
356349
356402
356408
356482
356562
356583
356668
356781
356906
356909
356941
357079
357164
357233
357341
357409
357508
357729
357799
357845
357895
358108
358111
358144
358175
358213
358322
358621
358766
358980
359108
359175
359312
359478
359500
359691
359748
359875
360203
360599
360618
360670
360688
360737
360802
361199
361271
361387
361410
361425
361480
361850
361922
361960
362136
362142
362145
362150
362153
362215
362426
362465
362477
362706
362751
363078
363101
363118
363254
363263
363268
363527
363655
363758
363789
363987
364193
364407
364595
364750
364763
364904
364953
364962
364985
365099
365241
365331
365384
365449
365564
365627
365660
365804
365947
366005
366082
366107
366135
366195
366404
366445
366538
366551
366787
366991
367017
367150
367238
367370
367376
367726
367752
367774
367825
368024
368117
368199
368415
368451
368501
368569
368576
368732
369045
369062
369115
369422
369610
369741
369749
369849
369912
370091
370107
370188
370276
370369
370486
370576
370691
370710
370712
370815
370992
371016
371029
371149
371188
371519
371587
371852
371935
372278
372316
372518
372572
372630
372646
372771
372862
372897
372996
373135
373404
373549
373553
373607
373644
373742
373746
373865
373905
373906
374295
374311
374321
374395
374502
374544
374613
374831
374859
374909
375009
375050
375124
375159
375193
375340
375360
375451
375807
375936
375962
375997
376110
376195
376228
376236
376376
376426
376469
376577
376610
376670
376858
377204
377227
377250
377394
377447
377955
378159
378210
378506
378781
378818
378868
378902
379094
379096
379108
379200
379354
379509
379609
379758
379843
379914
379926
379939
379944
380037
380195
380303
380548
380549
380600
380650
380676
380747
380748
381001
381021
381113
381146
381184
381198
381282
381293
381340
381395
381530
381768
381771
381836
382071
382187
382197
382208
382227
382230
382313
382403
382442
382474
382526
382653
382695
382790
382882
383008
383018
383095
383223
383227
383233
383526
383589
383718
383810
383873
384120
384347
384614
384760
385145
385166
385172
385236
385302
385387
385430
385610
385669
385707
385785
385906
385916
385919
385937
385954
385972
386063
386253
386283
386357
386369
386513
386527
386531
386563
386564
386587
386803
386812
386963
387019
387048
387112
387187
387549
387711
387898
387964
387972
388020
388105
388193
388334
388383
388607
388700
388721
388789
388916
388991
389035
389138
389194
389266
389319
389334
389381
389545
389737
389777
389790
390001
390177
390339
390340
390407
390612
390722
390757
390791
391121
391123
391132
391249
391337
391484
391501
391586
391610
391634
391767
391849
391893
391931
391967
392047
392235
392360
392462
392503
392534
392592
392718
392804
392818
392834
392877
392880
392921
392962
392972
393156
393218
393417
393429
393650
393662
393723
393728
393741
393804
393894
393993
394051
394072
394079
394215
394250
394289
394295
394374
394508
394514
394524
394535
394588
394595
394649
394787
394789
395022
395455
395603
395658
395849
395978
396088
396096
396190
396363
396469
396473
396525
396614
396652
396753
396761
396882
397188
397208
397271
397296
397368
397417
397535
397616
397675
398021
398121
398299
398614
398816
398976
399122
399139
399147
399156
399164
399479
399602
399708
399793
399881
399898
399939
399951
400060
400130
400144
400215
400260
400262
400336
400387
400408
400418
400483
400498
400570
400670
400740
400886
400939
401052
401101
401129
401384
401456
401493
401495
401533
401567
401792
401878
401949
401962
402015
402024
402067
402172
402191
402368
402447
402463
402557
402572
402651
402947
402951
402963
402985
402996
403103
403200
403219
403226
403568
403592
403841
404108
404243
404324
404339
404386
404474
404491
404554
404585
404654
404672
405112
405145
405255
405272
405312
405317
405446
405704
405763
405858
406029
406180
406209
406218
406246
406263
406525
406569
406597
406698
406709
406781
407077
407275
407337
407422
407752
407811
407836
407897
407996
408052
408070
408088
408099
408295
408560
408632
408731
408776
408890
409039
409108
409191
409530
409534
409629
409736
409773
409872
409942
409995
410002
410007
410016
410218
410360
410419
410478
410688
410711
411140
411206
411515
411534
411914
412067
412218
412250
412369
412382
412406
412477
412524
412671
412831
413061
413141
413191
413195
413285
413314
413417
413524
413559
413589
413805
413954
414021
414184
414234
414247
414329
414485
414698
414838
414910
415062
415226
415340
415397
415581
415766
415816
415836
415853
415862
415905
416003
416154
416344
416409
416501
416567
416806
416838
416851
416866
416885
417036
417048
417071
417139
417171
417178
417227
417279
417313
417517
417713
417767
417808
417927
418056
418174
418225
418491
418495
418533
418556
418720
418801
418847
418857
418905
419092
419198
419248
419275
419503
419541
419631
419658
419827
419972
420003
420105
420162
420171
420378
420579
420708
420815
420833
421030
421038
421070
421086
421098
421366
421493
421754
421949
421974
422035
422051
422057
422282
422482
422537
422608
422657
422694
422752
422780
422928
422960
423095
423107
423388
423641
423671
423724
423770
423883
423942
423985
424046
424137
424377
424428
424488
425016
425024
425155
425325
425551
425800
426207
426223
426400
426405
426472
426591
426639
426727
426790
426816
426877
426895
426905
427005
427065
427241
427264
427374
427637
427653
427700
427703
427719
427846
427902
428176
428226
428366
428561
428688
428694
428872
428882
428892
428905
429059
429096
429117
429133
429156
429332
429334
429363
429545
429583
429654
429878
429935
429946
429954
429958
430106
430167
430256
430407
430411
430662
430769
430785
430842
430869
430929
431055
431198
431279
431285
431379
431383
431742
431781
431834
431838
431895
431923
432053
432186
432240
432423
432458
432718
432959
433051
433133
433157
433237
433315
433347
433476
433733
433762
433790
433873
433948
433957
434060
434140
434155
434240
434354
434439
434646
434942
435040
435148
435201
435259
435270
435384
435739
435788
435980
435988
436031
436210
436227
436293
436400
436539
436565
436738
436922
437104
437281
437471
437546
437995
438030
438153
438159
438350
438424
438599
438612
438643
438772
438805
438995
439103
439553
439578
439674
439922
440159
440275
440291
440331
440363
440440
440531
440574
440592
440632
440736
440752
440757
440883
440985
441122
441247
441590
441695
441743
441817
441888
442217
442324
442358
442376
442388
442460
442651
442664
442710
442732
442779
442906
442952
442973
443060
443133
443412
443543
443771
443786
443801
443822
443853
444116
444188
444272
444301
444486
444502
444635
444695
444757
444794
444890
445101
445113
445217
445260
445279
445384
445555
445561
445641
445719
445998
446110
446266
446450
446539
446732
446743
446816
446949
447023
447099
447263
447417
447496
447522
447536
447550
447657
447688
447778
447828
448028
448049
448141
448157
448251
448569
448689
448815
448845
448880
448928
448969
448989
449162
449221
449246
449278
449373
449685
449751
449814
449846
450252
450271
450366
450443
450564
450604
450833
450875
450940
451048
451070
451220
451286
451290
451509
451605
451697
451727
451880
451947
451959
452198
452330
452433
452486
452580
452629
452731
453169
453327
453342
453351
453380
453927
454022
454027
454114
454211
454307
454604
454726
454818
454899
454911
455027
455039
455069
455071
455199
455620
455713
455734
455798
455940
456010
456082
456096
456202
456244
456313
456357
456486
456491
456547
456596
456640
456654
456815
456827
456878
456898
456946
456999
457197
457537
457713
457724
457736
457769
458125
458375
458594
458836
458973
459007
459014
459130
459248
459278
459508
459568
459617
459704
459830
459846
459952
460055
460187
460245
460314
460698
460744
460779
460843
461040
461120
461139
461224
461391
461426
461454
461497
461638
462025
462030
462154
462205
462344
462393
462401
462529
462545
462552
462804
462832
462965
463067
463106
463264
463338
463443
463444
463465
463530
463555
463884
463966
464202
464221
464374
464406
464455
464459
464567
464676
464693
464694
464756
464798
464905
464933
464986
465047
465147
465210
465230
465320
465610
465777
465789
465799
465896
466060
466143
466238
466271
466390
466613
466667
466687
466732
466733
466813
466858
466946
467281
467356
467364
467486
467615
467631
467896
467920
467922
467986
467994
468008
468132
468335
468676
468681
468862
469049
469069
469134
469168
469265
469279
469364
469442
469477
469495
469759
469764
469943
470014
470117
470572
470663
470888
471008
471328
471341
471468
471555
471568
471767
471917
471943
472008
472034
472061
472112
472139
472148
472228
472262
472563
472677
472715
472805
472881
472940
472967
473059
473126
473209
473460
473550
473657
473744
473908
474011
474030
474088
474229
474254
474719
474749
474776
474788
474987
475062
475108
475114
475331
475426
475616
475617
475675
475815
475845
475849
475850
475913
475945
476259
476281
476333
476523
476529
476585
476788
476886
476907
477044
477493
477596
477715
477719
477829
477944
478069
478158
478313
478418
478424
478474
478509
478653
478657
478659
478764
478993
479043
479075
479237
479399
479541
479564
479690
479717
479871
479991
480515
480676
480759
480767
480783
480878
480909
481051
481161
481214
481261
481351
481381
481400
481673
481823
481894
481947
482117
482214
482282
482324
482334
482343
482498
482514
482599
482686
482723
482818
482965
483151
483441
483695
483701
483975
483982
484028
484053
484103
484138
484145
484165
484515
484549
484569
484672
484757
484868
484896
485000
485021
485116
485273
485501
485592
485607
485796
485855
485905
486068
486198
486265
486508
486768
486874
486957
486993
487001
487156
487600
487813
487878
487954
488167
488181
488226
488281
488358
488823
488859
489276
489376
489567
489659
489792
489999
490217
490242
490326
490458
490692
490792
490967
491086
491217
491356
491476
491569
491620
491731
491744
491857
491932
491993
492055
492226
492256
492295
492363
492649
492722
492741
492775
492812
492827
492915
493272
493452
493471
493491
493496
493601
493681
493786
493809
493871
493879
494047
494056
494211
494245
494429
494862
494909
495013
495078
495225
495239
495241
495269
495382
495498
495576
495607
495725
495790
495899
496188
496252
496381
496600
496669
496793
496932
496935
497035
497139
497176
497257
497317
497413
497449
497526
497820
497978
498191
498215
498252
498386
498393
498401
498413
498754
498759
498770
498773
498806
498843
498850
499140
499253
499295
499525
499863
499931
499975
500088
500093
500099
500102
500263
500452
500485
500572
500690
500903
500946
501028
501050
501097
501497
501576
501796
501837
501906
502114
502263
502279
502488
502501
502623
502663
502708
502712
502716
502915
503101
503311
503586
503652
503829
503871
503964
504059
504365
504367
504373
504420
504436
504484
504940
504981
505049
505091
505107
505131
505141
505347
505547
505685
505861
505997
506315
506386
506428
506564
506589
506847
506880
506951
507104
507114
507190
507268
507645
507762
507774
507791
508360
508633
508710
508906
508933
509107
509248
509344
509489
509667
509777
509836
509922
509941
509954
510454
510576
510664
510917
510932
511073
511093
511122
511164
511205
511219
511264
511414
511495
511720
511961
512154
512351
512591
512663
512690
513134
513222
513232
513451
513476
513506
513538
513565
513638
513690
513743
513819
513992
514050
514308
514458
514500
514527
514548
514590
514611
514659
514925
515071
515093
515138
515158
515220
515372
515504
515527
515596
515841
516016
516043
516074
516077
516262
516294
516482
516521
516587
516682
516720
516884
516930
516970
517027
517232
517265
517659
517669
517807
517822
517827
517837
517866
517892
518104
518272
518281
518285
518353
518385
518403
518677
518951
519009
519183
519206
519246
519262
519445
519483
520156
520202
520396
520417
520431
520460
520517
520538
520647
520693
520695
520821
520854
520868
520928
521082
521115
521204
521207
521291
521362
521510
521673
521763
521797
521928
521938
521982
522114
522406
522407
522422
522549
522620
522714
522779
522834
522987
523025
523172
523383
523541
523553
523609
523616
523807
523916
524101
524230
524359
524635
524682
524700
524972
525049
525065
525089
525114
525116
525220
525388
525390
525479
525569
525611
525644
525864
525924
525941
526105
526332
526344
526446
526484
526587
526786
526808
526811
526843
526851
526976
527004
527170
527278
527296
527349
527416
527484
527585
527595
527691
527731
527834
527957
527969
528004
528026
528096
528125
528217
528268
528301
528468
528866
528903
528911
528991
529120
529138
529162
529169
529180
529456
529490
529508
529520
529731
529873
530097
530298
530637
530680
530802
530809
530813
530935
530981
531048
531172
531183
531221
531249
531503
531557
531636
531667
532099
532234
532354
532362
532395
532560
532679
532686
532724
532743
532760
532825
532945
532993
533002
533191
533206
533217
533487
533522
533810
533823
533865
533887
533923
533929
533978
533982
534076
534431
534486
534502
534968
535016
535167
535344
535354
535437
535540
535542
535767
535840
535879
535970
536340
536399
536559
536598
536607
536718
536888
536918
537020
537135
537265
537401
537458
537545
537551
537580
537608
537679
537743
538204
538432
538441
538488
538552
538777
538881
538882
538885
538933
539053
539435
539499
539683
539753
539777
539789
539884
539909
539944
540033
540037
540090
540105
540272
540288
540321
540328
540584
540833
540946
540969
541008
541326
541474
541719
541994
542134
542257
542359
542366
542379
542387
542581
542784
542869
542924
543116
543319
543333
543825
544207
544275
544314
544490
544505
544597
544870
545008
545022
545132
545138
545463
545491
545539
545554
545670
545979
546013
546030
546034
546036
546113
546180
546281
546605
546681
546989
547042
547243
547247
547388
547397
547556
547716
547762
547771
547808
547965
548033
548038
548091
548179
548278
548323
548325
548358
548423
548438
548477
548480
548588
548806
548823
548904
548988
549112
549434
549471
549489
549525
549662
549820
549833
549989
550315
550392
551095
551109
551128
551604
551667
551868
551874
551929
552097
552170
552340
552437
552491
552535
552578
552607
552613
552615
552694
552698
552786
553274
553336
553683
553884
554010
554117
554210
554212
554853
554902
554996
555444
555462
555540
555570
555576
555577
555700
555886
555897
555956
556327
556483
556856
556893
557184
557266
557331
557497
557661
557678
557736
557842
557867
557939
558033
558042
558061
558307
558334
558377
558403
558507
558606
558703
558972
559006
559049
559235
559237
559254
559384
559391
559404
559794
559888
560083
560117
560237
560255
560376
560432
560472
560701
560704
560720
560757
560810
560955
561117
561178
561190
561254
561264
561414
561482
561527
561725
561783
561809
561849
562087
562109
562156
562250
562351
562372
562500
562624
562851
562883
562894
562958
562988
563079
563159
563245
563310
563381
563839
563844
563928
564126
564348
564441
564469
564484
564538
564649
564652
564667
564798
564931
564935
564944
564948
564985
565450
565471
565615
565741
565773
565798
565883
565943
565957
566013
566016
566093
566314
566420
566639
566645
566709
566757
566863
566891
567218
567295
567357
567377
567379
567390
567704
567988
568024
568239
568361
568383
568727
568840
568971
569022
569033
569123
569135
569139
569198
569219
569222
569253
569294
569400
569538
569601
569674
569680
569748
569883
569897
570240
570285
570373
570436
570455
570483
570497
570581
570770
570785
570978
571030
571072
571160
571224
571266
571435
571440
571522
571620
571648
571781
571987
572224
572431
572439
572506
572551
572633
572667
572855
572910
572911
573088
573317
573562
573946
573961
574465
574491
574506
574519
574699
574876
574881
574958
574975
575143
575422
575459
575644
575653
575761
575777
575822
575839
575841
575848
575908
576107
576201
576302
576385
576408
576433
576505
576560
576652
576870
576887
576900
576969
576973
576985
577177
577195
577430
577450
577522
577627
577731
577755
577930
578043
578186
578280
578341
578413
578497
578533
578630
578719
578734
578882
579029
579050
579078
579241
579280
579405
579482
579517
579522
579665
579797
579981
580023
580157
580298
580323
580368
580493
580564
580746
580823
580846
581002
581076
581082
581095
581213
581351
581358
581384
581435
581453
581690
581785
581814
581877
581887
582096
582143
582208
582209
582260
582331
582450
582522
582551
582604
582648
582681
582738
582739
582928
582952
582989
583032
583136
583234
583262
583284
583304
583322
583437
583500
583550
583810
583852
583949
584011
584241
584373
584523
584540
584549
584640
584762
584834
584889
584985
585033
585144
585635
585796
585859
585891
585975
586083
586451
586651
586725
586766
586904
586920
587029
587063
587160
587172
587212
587369
587650
587715
587731
587846
587893
588136
588286
588348
588368
588378
588789
588878
588900
588930
588950
588997
589138
589535
589555
589592
589675
589756
589924
590056
590092
590164
590320
590379
590412
590445
590473
590612
590874
590959
591024
591044
591154
591224
591274
591307
591319
591437
591806
591844
591896
591925
592160
592371
592652
592755
592759
592760
593028
593058
593097
593202
593266
593360
593577
593585
593698
593741
593866
593938
593950
594100
594219
594246
594267
594475
594533
594665
594755
594809
594860
594963
595183
595251
595320
595412
595426
595481
595548
595560
595628
595736
595793
595997
596041
596261
596273
596386
596643
596679
596764
596771
596830
596875
596907
596935
596981
597047
597064
597137
597268
597813
597894
597959
598050
598053
598235
598346
598522
598914
598968
599089
599227
599365
599392
599575
599604
599646
599704
599760
599798
599877
600033
600103
600192
600317
600328
600403
600463
600503
600595
600607
600631
600726
600970
601175
601183
601323
601415
601622
601643
601760
601846
601875
601909
601978
602190
602639
602736
602738
602896
602906
603503
603605
603625
603766
603771
603871
604016
604069
604070
604089
604220
604692
604839
604896
605011
605185
605432
605536
605609
605696
605742
605851
605864
605937
606079
606093
606170
606333
606596
606706
606768
607101
607146
607254
607268
607588
607673
607841
607842
607865
607869
608006
608057
608079
608147
608162
608202
608219
608515
608521
608571
608633
608879
608888
609017
609226
609273
609298
609537
609809
609840
609843
609865
610026
610055
610115
610227
610317
610338
610488
610678
610689
610712
610959
611119
611140
611212
611258
611431
611456
611458
611518
611573
611657
611693
611878
611883
611938
612336
612447
612463
612571
612736
612856
612870
613067
613192
613270
613332
613480
613556
613596
613612
613668
613905
613927
614137
614287
614445
614500
614601
614721
614891
614905
615072
615126
615165
615609
615757
615763
615837
615854
615923
615942
616004
616130
616203
616234
616248
616294
616683
616722
616797
616890
617002
617164
617174
617245
617365
617490
617546
617654
617720
617784
618031
618115
618221
618320
618346
618400
618727
618735
618746
618841
618848
618905
618994
619021
619087
619127
619177
619408
619568
619617
619699
619829
619869
619991
620245
620303
620376
620671
620722
620732
620793
620901
620957
621040
621192
621250
621335
621477
621570
621691
621790
621812
621999
622111
622167
622267
622300
622363
622446
622455
622623
622723
622889
622964
623078
623095
623282
623627
623637
623697
623755
623826
623883
624116
624117
624307
624517
624559
624571
624666
624731
624773
624890
625269
625443
625468
625685
625848
625881
625886
625958
625983
626073
626105
626295
626332
626380
626527
626597
626601
626651
626721
626761
626786
626836
626879
626968
627026
627064
627112
627178
627210
627259
627354
627420
627497
627644
627671
627874
627881
628124
628129
628345
628538
628577
628729
628867
628872
628875
628960
629034
629114
629142
629330
629393
629545
629571
629589
629749
629938
630114
630150
630164
630310
630541
630708
630776
630796
630853
630893
630999
631032
631181
631884
631967
632231
632308
632468
632522
632545
632620
632674
632713
632851
632852
632856
632863
632928
633118
633152
633541
633596
633829
633875
633894
633919
633929
634104
634118
634127
634168
634603
634657
634735
634760
634894
634921
634951
635014
635177
635208
635256
635320
635326
635436
635465
635533
635617
635619
635647
635824
635827
636308
636357
636375
636507
636571
636576
636623
636770
636960
637209
637263
637343
637447
637498
637607
637628
637748
638212
638450
638580
638664
638713
638724
638726
638792
638794
639006
639099
639101
639102
639138
639326
639601
639674
639724
640005
640020
640062
640096
640153
640197
640280
640412
640442
640532
640672
640883
640884
640962
641119
641142
641161
641280
641291
641447
641535
641566
641573
641659
641700
641721
641993
642037
642254
642400
642458
642742
642780
642927
643007
643171
643178
643331
643581
643794
643854
644061
644216
644484
644494
644510
644545
644758
644879
645063
645073
645246
645346
645366
645526
645567
645712
645763
645795
645941
646072
646076
646248
646286
646321
646400
646872
646898
646952
647057
647061
647154
647406
647953
648045
648118
648180
648270
648342
648619
648718
648761
648838
648868
648958
649074
649247
649263
649449
649466
649503
649676
649678
649759
649893
649932
650028
650224
650567
650598
650616
650639
650681
650830
650841
650937
651012
651171
651215
651286
651287
651447
651526
651715
651748
651944
652002
652086
652125
652224
652226
652435
652439
652508
653016
653044
653142
653149
653166
653406
653800
653829
653911
654071
654082
654277
654375
654431
654532
654534
654942
655078
655127
655315
655330
655559
655576
655632
655686
655944
656189
656232
656380
656679
656920
657056
657069
657097
657108
657110
657194
657197
657553
657670
657724
658124
658164
658248
658319
658522
658539
658550
658677
658795
658801
658872
658898
659018
659222
659255
659256
659307
659312
659366
659434
659454
659475
659502
659606
659667
659835
659846
659847
659943
659985
659994
659995
660093
660432
660462
660581
660798
660851
660873
660930
661385
661409
661414
661425
661588
661652
661695
661741
661775
661958
662073
662083
662210
662244
662359
662513
662544
662712
662811
662843
662922
663000
663165
663249
663493
663504
663510
663527
663568
663645
663710
663785
663882
663932
663991
664094
664164
664491
664570
664755
664785
664806
664847
664866
664888
665026
665398
665427
665444
665970
666032
666045
666065
666087
666117
666126
666130
666280
666371
666376
666487
666640
667001
667093
667257
667269
667299
667622
667745
667817
667911
667921
668065
668178
668262
668368
668822
668940
669320
669402
669571
669611
669750
669861
670026
670048
670049
670148
670170
670330
670331
670719
670781
670979
671102
671531
671676
671915
671971
672094
672203
672226
672342
672407
672475
672537
672555
672694
672961
673031
673089
673118
673120
673255
673262
673297
673308
673348
673350
673924
674153
674231
674260
674267
674373
674460
674576
674687
674900
675099
675245
675257
675295
675586
675591
675775
675820
675958
675976
676188
676262
676265
676294
676353
676368
676425
676427
676449
676459
676486
676798
676830
676960
677157
677229
677369
677513
677685
677936
678034
678116
678295
678301
679160
679177
679256
679311
679493
679596
679761
679765
679844
680084
680115
680264
680310
680383
680433
680570
680790
680831
680908
681013
681077
681127
681273
681362
681447
681628
681796
681943
682015
682172
682273
682287
682520
682597
682699
682735
682807
682836
682876
682880
682938
683017
683122
683183
683250
683380
683496
683552
683625
683769
683847
683870
683928
683933
684018
684309
684375
684571
684588
684869
684911
685012
685043
685284
685363
685557
685575
686122
686181
686422
686444
686517
686592
687138
687255
687262
687275
687313
687350
687458
687951
687956
688087
688098
688161
688279
688323
688407
688431
688488
688549
688575
688703
688728
688824
688950
689034
689699
689733
689749
689767
690033
690269
690402
690472
690512
690546
690617
690662
690746
690902
691131
691185
691261
691294
691312
691383
691421
691641
691665
691707
691754
691815
692099
692212
692249
692260
692306
692413
692425
692445
692453
692503
692574
692588
692898
692941
692992
693022
693225
693236
693389
693477
693695
693765
693821
693988
694031
694125
694521
694683
695003
695167
695180
695287
695304
695348
695476
695504
695505
695542
695569
695868
695940
696027
696118
696153
696212
696407
696408
696512
696533
696543
696674
696704
696747
696764
696846
696900
697134
697287
697372
697400
697454
697513
697663
697699
697752
697759
697761
697902
697915
697972
698090
698120
698175
698260
698480
698525
698573
698595
698684
698705
698900
698956
699002
699172
699213
699296
699325
699512
699868
700017
700439
700554
700635
700715
700833
700893
701311
701384
701580
701826
701943
701979
702147
702306
702322
702615
702630
702737
702742
702775
702801
702881
703167
703227
703549
703560
703587
703673
703790
703927
704026
704108
704250
704268
704281
704440
704457
704707
704724
705055
705129
705142
705282
705315
705464
705481
705597
705755
705764
706050
706090
706136
706182
706249
706313
706361
706511
706656
706684
706728
706820
706874
706913
706990
707025
707320
707581
707598
707673
707683
707777
707972
707980
708155
708225
708296
708389
708457
708510
708568
708636
708645
708746
708800
708807
708944
709060
709213
709299
709494
709527
709867
709978
710020
710026
710083
710095
710129
710205
710238
710263
710279
710398
710463
710517
710583
710679
710686
710703
710735
710840
710902
711022
711035
711096
711183
711331
711637
711661
711702
711890
711898
711971
711999
712026
712060
712117
712159
712367
712484
712528
712714
712825
712909
713201
713265
713355
713517
713844
713871
713931
713943
714056
714218
714330
714515
714605
714681
714732
715032
715051
715113
715334
715468
715741
715762
715795
715830
715866
715898
715905
716177
716260
716281
716380
716383
716385
716513
716528
716659
716677
716729
716842
716871
717005
717010
717097
717118
717201
717280
717353
717512
717553
717583
717821
717900
717983
717994
717999
718114
718160
718222
718252
718306
718438
718652
718776
718894
719002
719091
719183
719429
719557
719592
719643
719768
719845
719876
719885
719969
720058
720112
720118
720200
720455
720723
720861
721106
721228
721301
721338
721618
721631
721694
721713
721717
721950
722035
722055
722145
722337
722388
722407
722772
722845
722941
722981
723250
723509
723615
723686
723883
724053
724126
724153
724438
724556
725050
725088
725194
725285
725324
725372
725434
725504
725627
725645
725733
725763
725963
725977
726049
726183
726362
726391
726434
726497
726579
726596
726600
726718
726853
726867
726913
726925
727058
727171
727243
727337
727555
727607
727708
727782
727824
728035
728232
728457
728683
728686
728709
728780
729314
729506
729821
729903
730127
730271
730306
730403
730458
730525
730608
730661
731063
731101
731458
731474
731504
731532
731611
731653
731668
731710
731755
731765
731777
731856
731881
731914
732037
732099
732102
732162
732607
732624
732855
733031
733077
733446
733552
733577
733941
733946
733966
734056
734410
734564
734598
734717
734879
734978
735049
735058
735218
735228
735304
735337
735407
735491
735671
735692
735696
735791
735802
735878
735943
735963
735975
736241
736318
736337
736442
736474
736496
736574
736690
736696
736799
736829
737139
737298
737398
737447
737493
737533
737536
737697
737705
737727
737789
737822
737893
737940
737979
737997
738200
738265
738458
738539
738671
738720
739010
739059
739080
739092
739129
739184
739293
739596
739676
739677
739883
739899
739929
739976
740404
740431
740591
740687
740773
740853
740886
740906
740927
741234
741332
741407
741549
741571
741893
742017
742161
742407
742439
742455
742474
742648
742660
742799
742817
742870
742880
742925
743059
743270
743289
743337
743562
743583
743935
743969
744036
744243
744298
744726
744765
744777
744836
744840
744854
744935
744967
745027
745080
745147
745313
745339
745648
745797
745987
746003
746120
746139
746355
746647
746830
747030
747121
747124
747187
747273
747314
747323
747351
747381
747505
747554
747603
747642
747862
747892
747954
748074
748116
748354
748401
748458
748462
748466
748479
748483
748513
748525
748597
748676
748699
748739
748898
749198
749252
749266
749342
749502
749546
749635
749661
749693
749855
750034
750093
750283
750310
750437
750449
750590
750775
750863
751058
751063
751182
751215
751286
751359
751414
751549
751740
751987
752036
752053
752054
752147
752177
752238
752252
752295
752672
752965
753159
753179
753265
753423
753432
753452
753506
753586
753689
753700
754025
754261
754354
754433
754456
754524
754650
754681
754716
754766
754780
755060
755307
755334
755394
755725
755936
756081
756150
756176
756393
756406
756451
756681
756855
756951
756978
757067
757122
757233
757246
757339
757391
757431
757467
757593
758023
758168
758199
758300
758411
758434
758451
758562
758599
758605
758613
758903
758967
758975
759114
759161
759167
759271
759414
759494
759616
759686
759715
759934
759975
759993
760106
760159
760276
760291
760382
760557
760575
760696
760751
760757
761044
761217
761254
761261
761553
762269
762318
762382
762437
762493
762521
762898
763004
763103
763120
763264
763306
763441
763511
763534
763585
763741
763866
763968
764082
764270
764289
764473
764480
764648
764818
764917
764951
765026
765108
765186
765193
765290
765296
765456
765807
765834
765907
766585
766603
767020
767114
767134
767148
767292
767449
767559
767674
767730
767777
767872
768287
768308
768353
768596
768759
768854
768869
769065
769175
769290
769401
769471
769617
769860
770124
770330
770390
770396
770490
770542
770644
770772
770779
770949
770971
771033
771315
771466
771610
771860
771870
771950
771986
772101
772189
772364
772479
772649
772684
772704
772819
773026
773132
773300
773313
773324
773367
773373
773602
773630
773745
773819
773909
773943
774031
774033
774111
774309
774387
774398
774412
774435
774521
774658
774679
774732
774841
775012
775143
775213
775221
775323
775368
775454
775535
775569
775738
775930
776036
776105
776243
776293
776333
776496
776596
776600
776716
776800
776878
776886
776918
776999
777047
777105
777285
777322
777384
777434
777492
777548
777606
777628
777652
777760
777771
777784
778152
778418
778536
778566
778598
778744
778752
778756
778863
778866
778910
779150
779226
779287
779476
779546
779556
779751
779789
779824
779993
780002
780034
780165
780229
780338
780436
780466
780552
780651
780916
780996
781280
781317
781331
781355
781561
781578
781671
781898
782013
782333
782363
782446
782651
783082
783083
783295
783467
783483
783494
783597
783721
783783
783838
783946
783979
784033
784109
784241
784252
784303
784310
784716
784761
784878
785039
785352
785698
785820
785985
786014
786107
786229
786359
786578
786592
786598
786904
787025
787048
787232
787256
787519
787541
787554
787663
787665
787803
787979
788221
788240
788279
788283
788310
788331
788425
788431
788449
788525
788635
788729
788762
788859
789229
789380
789497
789650
789664
789780
789815
789919
789971
789979
790033
790044
790069
790256
790416
790448
790641
791138
791230
791257
791438
791464
791624
791687
791793
791987
792062
792076
792223
792433
792910
793304
793351
793366
793417
793552
793617
793938
793992
794070
794126
794418
794642
794722
794859
794936
794971
795029
795054
795095
795360
795447
795662
795731
795810
795817
795917
795933
795947
796033
796099
796119
796399
796513
796757
796872
796956
797035
797159
797271
797293
797364
797369
797449
797675
797822
798033
798078
798313
798333
798448
798476
798493
798563
798630
799098
799325
799393
799535
799577
799591
799601
799719
799951
800091
800166
800261
800279
800582
800893
800961
801119
801160
801169
801272
801316
801361
801404
801491
801510
801717
801980
802136
802169
802224
802243
802324
802442
802502
802512
802529
802625
802970
803180
803208
803350
803404
803433
803505
803522
803579
803638
803656
803693
803714
803793
803879
803880
804112
804232
804517
804706
804849
804882
805061
805178
805509
805557
805622
805730
805731
805746
805920
805939
806495
806524
806525
806550
806552
806655
806707
806739
806791
806860
806864
806911
807009
807011
807097
807239
807262
807488
807500
807530
807636
807686
807759
807771
807820
807867
808001
808036
808048
808098
808136
808232
808278
808303
808346
808529
808532
808648
808710
808757
808775
808781
808804
808856
809143
809285
809293
809399
809557
809558
809802
809814
809846
809878
810023
810040
810048
810070
810097
810411
810470
810584
810621
810669
811153
811185
811261
811324
811385
811386
811494
811717
811837
812048
812075
812120
812354
812434
812490
812571
812602
812744
812752
813072
813094
813096
813174
813188
813395
813597
813701
813717
813885
813910
813957
813989
814034
814084
814173
814174
814179
814394
814629
814677
814739
814859
814892
814925
815004
815146
815325
815354
815870
816033
816307
816351
816402
816443
816555
816720
816826
816874
817103
817124
817160
817375
817507
817580
817710
817715
817737
817793
817885
818056
818071
818301
818304
818317
818376
818539
818580
818905
818933
819043
819145
819253
819272
819323
819410
819503
819511
819520
819559
819688
819780
819886
820212
820278
820476
820683
820709
820762
820970
820975
821127
821152
821334
821502
821510
821540
821566
821797
821853
821889
821938
822180
822546
822814
822889
823149
823268
823327
823561
823578
823755
823773
823814
823969
824029
824073
824224
824397
824626
824864
825016
825034
825393
825514
825538
825545
825616
825834
825913
825917
825919
826133
826191
826201
826203
826208
826340
826544
826842
826977
827148
827219
827359
827364
827370
827408
827643
827659
827689
827711
827747
827749
827898
827942
828037
828311
828644
828925
829005
829037
829098
829126
829310
829364
829367
829471
829544
829665
829701
829857
830108
830241
830354
830571
830637
830763
831176
831300
831606
831771
832040
832111
832247
832291
832462
832495
832531
832552
832554
833181
833536
833539
833708
833716
833809
834004
834005
834029
834155
834237
834321
834357
834370
834578
834723
834855
834892
835010
835028
835082
835195
835355
835439
835592
835683
835736
835838
836263
836291
836591
836661
836702
836860
836897
837143
837280
837373
837693
837792
837818
837932
838002
838324
838438
838804
838807
838874
838995
839082
839347
839374
839432
839464
839476
839601
839614
839637
839676
839775
839820
840034
840055
840126
840352
840493
840617
840723
840815
840889
841321
841346
841388
841447
841473
841525
841565
841676
841699
842082
842111
842243
842256
842308
842371
842376
842381
842411
842412
842421
842783
842802
842906
842998
843072
843098
843174
843378
843399
843592
843601
843635
843648
843712
843727
844122
844128
844300
844306
844359
844669
844778
844900
844907
844946
844975
845070
845137
845183
845264
845789
845838
845966
846131
846223
846241
846400
846431
846525
846699
846722
846842
846859
846878
846929
846994
847032
847128
847433
847853
847861
847980
848257
848269
848315
848462
848627
848710
848746
848886
849242
849335
849385
849486
849627
849767
849825
849842
849903
849940
850004
850084
850210
850330
850603
850711
850731
850881
851079
851465
851491
851663
851699
851723
851809
851939
852000
852056
852136
852202
852319
852415
852508
852599
852622
852829
852941
852969
853136
853238
853458
853523
853546
853590
853634
853696
853704
853878
853966
853995
854083
854191
854228
854509
854522
854735
854751
854825
854963
855225
855243
855486
855536
855566
855630
855730
855741
855964
856119
856134
856209
856332
856503
856616
856782
857276
857470
857524
857542
857746
857855
858033
858054
858059
858071
858224
858311
858543
858571
858585
858586
858604
858731
858782
858838
859012
859036
859040
859042
859051
859087
859166
859239
859296
859309
859362
859536
859577
859656
859689
859729
859886
859994
860115
860165
860248
860258
860381
860417
860545
860670
860778
860785
860814
861053
861152
861312
861383
861412
861445
861541
861749
861769
862099
862211
862285
862464
862748
862755
862849
863046
863067
863074
863110
863121
863183
863461
863482
863612
863920
864009
864099
864229
864230
864260
864295
864331
864364
864489
864704
864769
864897
864905
865005
865062
865304
865354
865414
865467
865492
865648
865651
865724
865736
865772
865871
865939
866047
866049
866054
866440
866457
866525
866677
866768
866805
866917
866943
866954
867081
867168
867235
867239
867346
867461
867763
867781
868217
868388
868468
868704
868723
868733
868760
868841
868902
869158
869178
869411
869448
869714
869888
869934
870066
870121
870166
870337
870371
870444
870475
870572
870617
870791
871136
871216
871249
871401
871405
871414
871430
871466
871468
871711
871956
871964
872041
872171
872247
872274
872345
872434
872448
872516
872579
872600
872699
872767
872904
873045
873251
873257
873321
873451
873506
873507
873540
873770
874046
874124
874304
874382
874409
874682
874790
874919
875063
875090
875195
875214
875425
875532
875680
875694
875733
875830
876192
876328
876480
876536
876597
876722
876870
876933
877082
877145
877164
877187
877329
877396
877403
877622
877700
877703
877801
877821
877864
877965
877966
878185
878350
878587
878615
878867
878907
879337
879566
879713
879722
879790
880011
880023
880045
880062
880188
880256
880306
880365
880407
880447
880469
880558
880565
880794
880904
881110
881171
881240
881282
881415
881529
881542
881790
882026
882142
882148
882173
882206
882362
882430
882431
882518
882646
882717
882802
882928
882930
883049
883098
883273
883444
883534
883685
883706
883727
883823
883826
883915
884050
884056
884179
884228
884665
884667
884740
884772
884774
884919
885002
885027
885053
885073
885076
885286
885305
885326
885549
886011
886044
886082
886091
886115
886141
886279
886311
886445
886536
886559
886589
886696
886814
886843
886844
886870
887181
887320
887362
887479
887548
887709
887717
887777
887865
887971
888657
888668
888741
888746
888792
888903
889055
889060
889067
889346
889566
889650
889704
889810
889850
889995
890211
890245
890366
890553
890772
891006
891060
891087
891408
891673
891800
891860
891869
891981
891989
892009
892021
892047
892066
892077
892137
892400
892490
892803
893038
893159
893162
893249
893490
893542
893621
893653
893716
893724
893891
894146
894299
894325
894346
894347
894447
894613
894671
894716
894834
894924
894982
894994
895010
895028
895124
895138
895172
895215
895478
895615
895631
895724
895797
895838
895980
896104
896179
896211
896232
896272
896345
896509
896618
896739
896851
897232
897258
897270
897334
897522
897601
897663
897778
897832
898020
898145
898165
898383
898423
898620
898776
898819
898834
898983
899011
899202
899289
899336
899560
899571
899596
899721
899757
899825
899841
900027
900028
900261
900276
900325
900388
900553
900575
900633
900648
900680
900856
901156
901186
901227
901305
901450
901460
901632
901678
901682
901734
901958
902165
902264
902525
902529
902986
903030
903058
903408
903451
903528
903774
903944
903993
904401
904497
904499
904545
904567
904568
904571
904597
904612
904652
904662
904734
904836
904902
904905
905002
905031
905130
905176
905356
905467
905517
905634
905815
905893
905895
905967
906000
906239
906333
906388
906563
906608
906844
906906
907127
907288
907312
907413
907490
907494
907868
908061
908165
908281
908610
908682
908780
908834
909022
909030
909137
909417
909444
909459
909487
909494
909677
909688
909818
909952
909965
910148
910293
910384
910399
910436
910552
910583
910639
910699
910874
910994
911050
911150
911225
911273
911301
911493
911515
911610
911762
911846
911913
912034
912562
912612
912630
912742
912843
912850
912869
912962
912964
913357
913570
913600
913614
913786
914259
914263
914369
914523
914656
914665
914735
914760
914940
915296
915366
915510
915513
915558
915652
915752
916034
916538
916569
916671
917173
917180
917451
917456
918104
918202
918296
918316
918341
918413
918511
918559
918778
918782
918811
918969
919057
919109
919180
919215
919436
919825
920020
920117
920247
920548
920686
920805
920868
920895
920948
921000
921022
921161
921192
921245
921554
921713
921858
922074
922425
922427
922436
922528
922659
922759
923230
923373
923385
923492
923568
923634
923761
923795
923887
924060
924105
924412
924462
924505
924784
924989
925019
925027
925168
925209
925331
925341
925829
925837
925890
925891
926052
926164
926188
926249
926510
926619
926632
926734
926768
926801
927014
927447
927454
927487
927513
927597
927774
927780
927801
927881
927992
928192
928242
928360
928468
928488
929107
929126
929134
929205
929251
929297
929402
929524
929554
929607
929668
929690
929852
929856
929872
930051
930053
930091
930193
930210
930390
930472
930634
930686
930704
930769
931112
931155
931217
931556
931809
931895
932134
932151
932173
932201
932400
932423
932604
932640
932642
932658
932747
932753
932885
932941
932993
933070
933106
933292
933416
933583
933617
933679
933822
933831
933928
934008
934070
934110
934118
934151
934160
934843
934914
934965
934970
935032
935099
935123
935189
935294
935295
935437
935440
935532
935533
935574
935575
935583
935657
935938
936022
936032
936083
936097
936277
936291
936324
936456
936536
936580
936600
936607
936620
936678
936801
936971
937105
937113
937303
937322
937337
937450
937491
937501
937718
937787
937788
937881
938014
938083
938451
938757
938804
939236
939265
939318
939411
939574
939636
939686
939905
939925
940349
940428
940615
940796
940804
940881
940882
940889
940963
940986
941081
941156
941634
941684
942030
942347
942388
942486
942563
942676
942714
942763
943158
943282
943379
943514
943564
943592
943646
943773
943912
943982
944096
944099
944124
944127
944135
944161
944333
944383
944421
944437
944582
944617
944747
944775
944840
945006
945099
945320
945416
945457
945527
945721
945779
945975
945990
946139
946220
946442
946613
946696
946779
946782
946837
947019
947024
947182
947248
947295
947827
947893
947943
947978
948079
948224
948590
948680
949026
949088
949107
949212
949430
949431
949562
949641
949833
949871
949940
950009
950047
950370
950377
950514
950701
950759
950854
950936
951154
951168
951332
951342
951553
951628
951650
951655
951686
951729
951731
951746
951830
951844
952053
952193
952259
952323
952494
952575
952657
952678
952703
952838
953179
953626
953635
953749
954017
954306
954309
954357
954842
954956
954989
955052
955101
955143
955283
955322
955393
955496
955546
955601
955674
955796
955840
956085
956128
956303
956423
956615
956667
956734
956902
956989
957304
957351
957381
957467
957595
957664
957698
957746
957881
957972
958022
958143
958219
958230
958235
958376
958730
958747
959429
959594
959645
959835
959875
960060
960083
960149
960187
960217
960262
960372
960394
960440
960444
960541
960558
960678
960716
960953
961319
961644
961885
962006
962079
962090
962329
962592
962762
962813
962877
963069
963194
963225
963282
963336
963467
963582
963831
963974
964239
964291
964293
964492
964494
964516
964582
964594
964612
964627
964662
964675
964708
964885
964932
965255
965346
965389
965546
965569
965760
965791
965795
965957
966116
966141
966628
966773
966890
966936
966991
967097
967341
967355
967369
967388
967390
967416
967430
967740
967779
967953
968004
968020
968030
968357
968490
968492
968588
968611
968730
968743
968883
969022
969073
969197
969256
969325
969557
969571
970098
970373
970451
970474
970508
970646
970777
971062
971104
971203
971225
971306
971383
971392
971418
971623
971652
971804
971876
971892
971914
972033
972266
972278
972351
972367
972705
972825
972853
972857
972878
973039
973289
973379
973387
973963
974046
974148
974196
974343
974618
974666
974757
974795
974804
974907
974937
974960
975012
975327
975549
975853
976018
976046
976246
976261
976371
976459
976501
976640
976649
976677
976904
976977
977132
977134
977135
977204
977414
977549
977761
978109
978193
978326
978552
978568
978621
978733
978748
978871
979199
979234
979467
979628
979739
979764
980003
980187
980197
980332
980333
980539
980546
980564
980645
981028
981061
981095
981153
981440
981443
981456
981504
981542
981598
981629
981754
981836
981839
981853
981893
982054
982132
982316
982378
982451
982496
982640
982643
982732
982911
983004
983128
983239
983263
983316
983361
983474
983559
983561
983610
983616
983643
983998
984004
984093
984159
984168
984595
984632
984685
984712
984777
985025
985027
985188
985238
985298
985371
985404
985411
985424
985427
985712
985880
986199
986349
986390
986448
986571
986587
986683
986690
986801
986896
986902
986956
987107
987164
987237
987284
987338
987340
987404
987480
987542
987655
987790
988100
988272
988355
988578
988737
988797
988860
989050
989197
989368
989428
989477
989602
989646
989662
989759
989960
990064
990074
990371
990570
990636
990781
991210
991392
991515
991521
991557
991577
991687
991739
991789
991913
991920
992103
992125
992211
992317
992358
992495
992539
992922
993067
993182
993253
993344
993364
993392
993452
993515
993519
993641
993686
993768
993928
993965
993983
994103
994129
994251
994379
994405
994432
994539
994612
994928
995004
995057
995191
995210
995215
995217
995542
995555
995751
995802
996013
996297
996322
996412
996440
996479
996491
996590
996674
996741
996858
997098
997330
997368
997396
997447
997532
997660
997717
997740
998035
998140
998219
998361
998513
998767
998780
998831
998871
998915
999098
999156
999401
999403
999623
999836
999936
