12
144
249
263
324
388
538
632
695
706
768
1090
1107
1140
1147
1245
1256
1369
1408
1427
1454
1500
1594
1819
2036
2192
2345
2431
2556
2630
2787
2928
2966
3209
3262
3277
3311
3344
3440
3635
3671
3685
3692
3838
3937
4047
4540
4628
4639
4723
5058
5080
5191
5317
5439
5862
5901
5905
6003
6071
6211
6270
6462
6670
6677
6773
6828
6837
6976
7092
7179
7317
7515
7578
7685
7739
7846
7878
7904
7915
7931
7961
8005
8021
8035
8080
8327
8780
8794
8811
8817
8942
9090
9105
9109
9138
9142
9544
9613
9618
9676
9725
9925
9958
10238
10416
10712
10743
10769
10796
10816
10866
11048
11089
11157
11342
11568
11579
11843
11955
11958
12003
12151
12308
12734
12873
13112
13115
13136
13172
13179
13339
13380
13420
13440
13531
13699
13706
13797
13800
13989
14050
14144
14396
14656
14723
14739
14763
14857
14891
14929
14959
15140
15144
15313
15318
15403
15425
15512
15523
15524
15568
15604
15636
15640
15660
15916
15944
15991
16016
16063
16114
16204
16217
16255
16268
16281
16342
16394
16485
16531
16822
16825
16832
16871
17153
17427
17484
17493
17572
17636
17725
17858
17910
18087
18148
18271
18396
18730
18914
18956
19010
19047
19158
19160
19166
19195
19330
19479
19659
19790
19950
20035
20214
20281
20459
20544
20576
20577
20761
20834
20849
20863
21167
21238
21514
21561
21650
21673
21698
21707
21712
21832
21886
21902
21953
21993
22111
22127
22185
22259
22474
22482
22813
22912
22996
23020
23056
23409
23486
23616
23627
23725
23733
23743
23755
23931
24068
24248
24289
24354
24355
24410
24420
24427
24485
24633
24676
24695
24867
24935
24939
24997
25013
25049
25077
25148
25188
25245
25421
25599
25659
25738
25787
25823
25891
26218
26544
26694
26722
26732
26740
26872
27058
27080
27178
27207
27463
27474
27476
27536
27892
28097
28297
28551
28563
28930
28945
29082
29107
29445
29446
29661
29668
29741
29820
29864
29904
29976
30074
30233
30385
30510
30644
30713
30820
31019
31075
31148
31176
31269
31556
31642
31683
31738
31790
31914
31926
31965
32160
32186
32270
32275
32542
32860
32920
33002
33122
33398
33406
33516
33517
33605
33647
33682
33802
33826
33889
34174
34177
34326
34400
34495
34507
34527
34728
34788
34980
35063
35084
35221
35497
35615
35635
35672
35707
35734
35775
36161
36187
36279
36662
36670
36728
37226
37289
37333
37421
37464
37838
37863
37877
37980
38024
38080
38117
38213
38458
38657
38754
38944
38993
39321
39548
39556
39626
39909
40018
40082
40246
40256
40276
40676
40768
40808
41083
41136
41305
41319
41350
41405
41625
41712
41832
41964
42084
42196
42305
42397
42418
42426
42437
42455
42521
42613
42743
43034
43111
43123
43180
43300
43348
43483
43538
43561
43577
43623
43662
43671
43767
43775
43803
43821
44215
44219
44301
44344
44700
44817
44849
44982
45019
45028
45061
45068
45386
45432
45528
45867
45931
46110
46465
46572
46601
46683
46727
46777
46846
46974
46993
47067
47121
47183
47209
47395
47479
47510
47561
47600
47628
47781
47787
47828
47843
47928
47960
48061
48117
48151
48172
48360
48362
48408
48447
48487
48601
48613
48790
48834
48887
48953
49113
49119
49622
49695
49966
50043
50064
50142
50145
50230
50320
50331
50338
50350
50388
50517
50576
50746
50758
50871
50989
50994
51002
51069
51089
51252
51343
51473
51801
51814
51856
51877
51977
52067
52075
52100
52212
52450
52484
52623
52954
53132
53251
53489
53640
53647
53689
53699
53773
53804
54036
54084
54223
54283
54290
54332
54409
54490
54540
54571
54592
54680
54714
54717
54792
54908
54944
55063
55081
55143
55238
55426
55462
55547
55667
55672
55750
55885
55958
55991
55999
56030
56344
56349
56631
57056
57169
57438
57571
57599
57783
57869
58025
58122
58219
58448
58482
58683
58762
58820
58919
59272
59384
59633
59642
59783
59873
60255
60299
60729
60800
61054
61256
61283
61487
61573
61735
61773
61889
62097
62332
62399
62482
62570
62671
62674
62679
62722
62741
62805
62825
62882
62986
63306
63317
63440
63441
63491
63583
63732
63738
63745
63992
64028
64082
64419
64452
64746
64858
64910
65177
65199
65226
65548
65727
65894
65926
66097
66159
66221
66233
66272
66319
66419
66484
66678
66850
66856
67080
67118
67234
67285
67475
68038
68043
68139
68389
68398
68545
68682
68683
68733
68804
68847
68930
69156
69237
69332
69406
69467
69542
69710
69800
69819
69954
70099
70126
70670
70734
70820
70863
70898
70949
71094
71263
71431
71598
71826
71923
72269
72288
72374
72397
72473
72540
72589
72601
72603
72651
72687
72829
72889
72939
72965
73011
73054
73124
73311
73572
73627
73722
73743
73811
74126
74128
74156
74222
74291
74342
74377
74470
74495
74727
74887
74916
75345
75366
75523
75641
75847
75873
75902
75974
75980
76113
76249
76343
76398
76424
76680
76709
76756
76777
77087
77230
77256
77363
77394
77628
77714
78096
78141
78472
78670
78712
78986
78995
79175
79234
79360
79415
79502
79879
80230
80634
80858
80958
81118
81165
81168
81204
81273
81316
81526
81606
81901
81932
81934
82068
82277
82485
82616
82710
82716
82722
82739
83120
83221
83347
83490
83513
83582
83833
83860
83942
83946
83976
84078
84122
84159
84171
84306
84404
84721
84741
84763
84820
84868
84894
85205
85452
85482
85577
85688
85692
85791
85795
85954
86059
86181
86606
86609
86647
86908
87009
87013
87133
87397
87418
87534
87598
87677
87720
87747
87802
87824
88146
88202
88234
88314
88326
88463
88688
88748
88749
88786
88828
88883
88962
88974
89371
89380
89434
89457
89541
89556
89588
89708
89806
89947
89958
90062
90064
90134
90138
90238
90465
90827
90912
90917
90987
91056
91108
91138
91147
91323
91423
91499
91526
91537
91607
91788
91789
91944
92084
92289
92290
92293
92309
92344
92521
92544
92604
92663
92680
92805
93007
93097
93174
93211
93258
93348
93422
93498
93681
93708
94122
94323
94447
94824
95041
95180
95316
95331
95440
95550
96068
96323
96342
96351
96402
96487
96701
96911
96952
97018
97041
97380
97389
97578
97684
97774
97853
97886
98225
98284
98341
98593
98594
98834
99059
99095
99253
99330
99420
99466
99482
99484
99522
99589
99593
99607
99739
99773
99831
99889
100089
100240
100414
100448
100543
100648
100693
100828
101039
101171
101245
101283
101321
101436
101489
101587
101680
101720
101855
101987
102031
102033
102070
102163
102357
102413
102453
102650
102745
102753
102807
102840
102891
103007
103030
103123
103206
103247
103505
103543
103557
103608
103773
103837
103859
103881
103902
103910
104013
104107
104192
104498
104706
104812
104989
105134
105303
105381
105389
105489
105612
105706
106131
106296
106325
106465
106718
106723
106797
106824
107125
107220
107308
107367
107548
107589
107699
107752
107784
108028
108122
108165
108189
108223
108282
108343
108392
108602
108862
108927
109083
109194
109315
109324
109394
109465
109567
109682
109812
109849
109935
110189
110190
110277
110472
110475
110517
110613
110873
110891
110918
111114
111612
111634
111657
111708
111834
111847
111852
111912
111915
111948
112089
112165
112225
112316
112384
112619
112656
112790
112837
112929
112969
113069
113098
113113
113201
113266
113270
113400
113465
113849
114201
114278
114383
114397
114654
114729
114763
114900
114968
115100
115205
115481
115702
115749
115793
116167
116178
116239
116448
116516
116581
116587
116795
116987
117069
117088
117181
117244
117256
117338
117408
117418
117500
117578
117690
117738
117820
117999
118168
118196
118436
118469
118512
118595
118613
118676
118782
118826
118865
118914
119048
119131
119179
119364
119489
119522
119614
119654
119676
119826
119835
119877
120197
120232
120296
120458
120459
120460
120505
120678
120690
120733
121241
121376
121445
121556
121623
121624
121792
121925
122040
122109
122117
122215
122241
122247
122265
122363
122396
122489
122620
122632
122678
122692
122729
122745
122793
122810
122881
122913
122919
123083
123094
123142
123171
123192
123268
123570
123687
123899
123960
124252
124375
124600
124613
124661
124676
124704
124725
124953
125145
125241
125263
125306
125337
125429
125543
125693
125730
125786
125828
125941
125949
126121
126142
126431
126497
126519
126581
126582
126610
126842
126931
127140
127240
127275
127315
127540
127642
127682
127771
127855
127915
127934
128068
128114
128244
128332
128357
128367
128562
128604
128618
128625
128739
128842
129402
129500
129745
129860
129934
130113
130288
130363
130446
130484
130526
130597
130654
130710
130775
130868
130901
130926
131168
131169
131424
131531
131569
131716
131863
131915
131923
132130
132238
132257
132421
132608
132781
132950
133007
133106
133179
133227
133319
133402
133805
134490
134494
134558
134622
134701
134813
134991
135086
135136
135359
135456
135585
135624
135776
136004
136044
136314
136370
136424
136537
136636
136770
136779
136907
137116
137120
137735
137842
137863
138130
138146
138165
138472
138697
138786
138837
139248
139358
139389
139406
139411
139441
139480
139482
139589
139677
139756
139775
140108
140154
140157
140546
140650
140714
140874
141177
141338
141388
141477
141502
141580
141669
141928
142155
142594
142600
142916
142979
143032
143202
143250
143255
143356
143462
143488
143514
143766
143803
143879
143884
144226
144240
144624
144634
144827
144951
144988
145023
145370
145426
145476
145504
145601
145632
145758
145799
145824
145983
146025
146041
146813
146862
146970
147290
147407
147412
147791
147796
147909
147916
147997
148005
148107
148391
148401
149062
149092
149211
149265
149320
149464
150323
150412
150485
150540
150559
150560
150621
150723
150948
151175
151297
151404
151754
151872
152065
152100
152302
152399
152465
152473
152543
152605
152642
152731
152739
152930
153075
153268
153337
153615
153741
153954
153990
153991
154017
154205
154579
154812
154871
154881
154924
154955
155117
155201
155524
155857
155927
156009
156076
156093
156121
156201
156273
156380
156469
156562
156759
156792
156891
156994
157075
157275
157369
157434
157520
157573
157587
157636
157675
157798
157927
158014
158057
158526
158637
158666
158695
159007
159200
159212
159478
159528
159586
159783
159808
159961
159962
160122
160193
160319
160341
160380
160540
160760
160902
160962
161317
161488
161567
161597
161673
161823
161922
162071
162137
162149
162299
162305
162399
162433
162491
162494
162698
162946
162959
163036
163037
163116
163238
163329
163384
163472
163735
163803
163854
163881
164004
164011
164069
164080
164255
164333
164440
164708
164720
164926
165009
165130
165220
165380
165405
165421
165594
165734
165764
165849
165961
165962
165973
165979
166018
166071
166143
166163
166165
166344
166385
166611
166662
166704
166715
166729
166732
166873
166900
167104
167290
167340
167596
167683
167705
167873
167979
167999
168041
168105
168242
168378
168380
168512
168547
168593
168648
168967
169079
169090
169127
169239
169318
169363
169405
169543
169547
169608
169633
169859
169870
169921
169952
170017
170029
170038
170118
170230
170313
170527
170642
170668
170704
170749
170755
170877
170878
170961
171054
171071
171104
171151
171250
171333
171355
171396
171726
171744
171760
171857
171952
172371
172405
172407
172479
172904
173024
173033
173043
173119
173133
173230
173313
173317
173397
173701
173772
173859
173938
173991
174085
174206
174234
174376
174401
174733
174879
174889
174925
175033
175251
175354
175563
175574
175818
175836
175847
175879
176214
176275
176338
176364
176473
176520
176728
176820
176822
176823
176933
176936
177042
177315
177435
177467
177525
177714
177756
177988
178079
178162
178640
178710
178758
178805
178829
179466
179529
179660
180003
180057
180069
180123
180152
180263
180304
180337
180355
180649
180672
181151
181202
181224
181299
181487
181739
181893
181913
181957
182050
182086
182171
182207
182459
182483
182495
182507
182554
182620
182695
182745
182756
182774
182928
183336
183457
183586
183605
183713
183751
183870
184144
184235
184442
184563
184623
184628
184978
185056
185068
185162
185198
185214
185219
185241
185307
185381
185395
185462
185537
185680
185776
185868
186094
186262
186297
186429
186482
186763
186788
186995
187103
187307
187394
187400
187490
187643
187739
187773
187942
187974
188086
188139
188497
188541
188584
188603
188658
188707
188903
189005
189078
189378
189384
189416
189578
189839
189921
190085
190174
190175
190279
190468
190668
190747
190816
190981
191020
191189
191205
191414
191453
191490
191728
191734
191741
191910
192144
192239
192279
192469
192580
192691
192739
192775
192813
192902
193391
193572
193718
193751
193829
193844
193868
193876
193963
194034
194504
194525
194788
194810
194997
195208
195283
195565
195833
195990
196184
196275
196345
196528
196542
196693
196710
196725
196895
197092
197139
197193
197378
197486
197606
197665
197682
197964
197998
198143
198155
198275
198288
198543
198556
198640
198665
198724
198733
198762
198796
198831
198982
199040
199144
199296
199357
199360
199389
199665
199720
199805
200014
200147
200226
200369
200505
200529
200682
200701
200908
200944
200969
201005
201007
201033
201227
201324
201331
201449
201607
201794
201891
202000
202004
202046
202057
202182
202282
202617
202698
202935
202944
203023
203369
203447
203520
203536
203658
203680
203805
203821
203836
204037
204115
204379
204414
204438
204633
204682
204883
204895
204901
205065
205145
205171
205262
205337
205672
205718
205792
205859
205966
206082
206123
206228
206338
206372
206401
206496
206511
206533
206546
206650
206896
206982
207055
207300
207303
207471
207571
207701
207747
207822
207923
208078
208090
208131
208524
208560
208603
208683
208697
208811
209114
209143
209356
209622
209712
209753
209837
209949
210135
210182
210190
210213
210404
210424
210439
210770
210837
210854
210856
211095
211105
211270
211424
211494
211512
211598
211655
211664
211858
212092
212238
212269
212297
212392
212646
212731
212748
213005
213049
213091
213105
213289
213313
213480
213529
213532
213705
213782
213816
213881
213897
214038
214179
214271
214296
214408
214535
214659
214775
214892
214922
214928
214994
215296
215443
215644
215710
215963
216087
216118
216129
216158
216266
216399
216407
216491
216518
216584
216683
216734
217047
217067
217197
217225
217618
217676
217799
217808
217922
217997
218143
218221
218291
218402
218518
218611
218784
218893
218962
219041
219097
219467
219561
219747
219831
219839
219898
219900
220062
220226
220626
220645
220779
220787
220814
221066
221202
221379
221423
221594
222134
222230
222437
222438
222464
222511
222589
222723
222760
222767
222779
223126
223181
223217
223298
223353
223444
223577
223635
223791
223833
223954
224018
224067
224122
224220
224272
224369
224516
224721
224792
224874
224900
225075
225096
225215
225222
225307
225481
225510
225617
225658
225666
225810
225860
226025
226029
226191
226443
226461
226595
226669
226748
226871
226906
226981
227294
227306
227362
227389
227492
227523
227561
227614
227634
227791
227910
227965
228019
228383
228445
228515
228524
228563
228611
228674
228764
228782
228930
229086
229337
229350
229595
229647
229717
229764
229766
229821
229959
229986
230040
230164
230246
230316
230396
230692
230752
230910
231102
231303
231402
231476
231630
231898
231960
232175
232229
232278
232481
232906
232952
232964
232967
232996
233139
233386
233396
233551
233672
233732
233932
233969
234015
234144
234186
234240
234253
234255
234271
234373
234574
234696
234881
234932
235109
235122
235213
235315
235364
235466
235547
235662
235750
235766
236050
236409
236440
236456
236579
236614
236721
237014
237111
237148
237367
237448
237507
237617
237657
237668
237708
237855
237927
237939
238138
238312
238619
238636
238719
238995
239281
239349
239362
239441
239480
239523
239631
239756
239779
239936
240105
240125
240147
240165
240271
240310
240426
240630
240671
240676
240792
240854
240900
241099
241563
241648
241665
241917
242004
242072
242168
242376
242377
242414
242610
242626
242882
242935
242943
243110
243131
243227
243238
243316
243324
243426
243493
243494
243530
243965
243971
244082
244407
244457
244538
244822
244923
244981
245037
245064
245192
245210
245258
245332
245429
245886
246018
246184
246319
246439
246610
246761
246768
246870
247042
247159
248096
248100
248232
248539
248643
248792
248808
249019
249124
249153
249189
249243
249504
249607
249680
249698
249824
249939
250077
250086
250103
250120
250161
250244
250330
250385
250428
250519
250828
250924
250972
251353
251360
251372
251561
251902
251949
252013
252117
252179
252259
252345
252520
252571
252581
252848
253092
253157
253172
253209
253289
253459
253477
253511
253538
253561
253678
253790
253864
254174
254192
254258
254307
254359
254473
254519
254576
254604
254645
254692
255366
255375
255465
255520
255808
255826
255959
256244
256250
256358
256522
256528
256807
257006
257260
257272
257290
257352
257359
257563
257581
257678
257680
257755
257936
257961
258009
258328
258353
258490
258497
258548
258587
258649
258743
259103
259127
259354
259610
259615
259627
259882
260035
260165
260329
260433
260552
260580
260615
261007
261042
261560
261675
261708
262021
262032
262058
262343
262433
262485
262546
262604
262657
262722
262869
262875
262894
263023
263334
263375
263616
263681
263696
263938
264082
264120
264409
264670
264759
265182
265238
265265
265380
265483
265569
265577
265671
265752
265829
265831
265860
266076
266221
266443
266526
266677
266730
266807
266922
266991
267295
267350
267427
267845
267909
267958
268080
268121
268303
268361
268618
268725
268778
268801
268933
269098
269124
269244
269381
269607
269704
269705
269889
269931
270031
270071
270109
270150
270452
270521
270588
270690
270979
271045
271048
271112
271166
271515
271557
271618
271642
271886
272149
272318
272381
272486
273017
273048
273056
273184
273489
273491
273596
273724
273758
273820
274146
274332
274410
274622
275071
275222
275289
275319
275939
276419
276484
276531
276554
276654
276721
276859
277183
277238
277251
277288
277315
277319
277426
277539
277673
277943
277952
277997
278086
278232
278290
278380
278407
278434
278437
278501
278705
278825
278875
278934
278955
279041
279287
279419
279888
279924
280020
280089
280130
280219
280245
280252
280273
280439
280452
280484
280517
280734
280922
281040
281065
281259
281279
281432
281462
281669
281701
281919
282002
282195
282222
282395
282506
282588
282665
282775
282866
282978
283180
283183
283199
283254
283447
283632
283640
283643
283746
283912
283940
284110
284127
284137
284287
284381
284503
284529
284700
284738
284752
284910
284916
284924
285014
285083
285141
285254
285296
285512
285607
285687
285732
286187
286227
286243
286364
286375
286397
286661
286761
286763
286781
286883
286951
286998
287117
287120
287171
287269
287411
287475
287636
287694
287850
288017
288018
288046
288256
288258
288303
288427
288447
288604
288623
288695
288701
288928
289055
289064
289067
289141
289577
289581
289582
289739
289780
289896
289942
289976
289977
290034
290197
290288
290324
290421
290647
290997
291165
291406
291600
291648
291746
291791
291900
291914
291926
291942
291959
291985
291997
292212
292228
292245
292274
292385
292491
292510
292609
292691
292840
292960
293037
293069
293137
293187
293420
293586
293894
293996
294036
294136
294157
294600
294601
294719
295279
295429
295509
295575
295582
295645
295689
295691
295739
295753
295782
296153
296179
296371
296449
296547
296765
296810
296928
297173
297252
297253
297269
297510
297524
297535
297654
297661
297685
297784
297817
297904
297927
297942
298026
298113
298265
298785
298881
299092
299233
299398
299533
299631
299680
299950
300052
300241
300248
300646
300718
300739
300869
301028
301103
301291
301384
301405
301638
301722
301788
302007
302035
302135
302154
302177
302231
302428
302465
302521
302790
303046
303139
303169
303213
303744
304081
304179
304288
304345
304547
304568
304735
304793
304845
304865
305090
305198
305418
305424
305425
305443
305445
305537
305745
306113
306300
306340
306405
306506
306617
306803
307019
307082
307259
307497
307568
307640
307647
308028
308039
308391
308415
308464
308493
309009
309330
309371
309376
309381
309507
309544
309573
309772
309862
309878
309898
310064
310123
310190
310244
310297
310320
310384
310453
310606
310656
310795
310815
310926
311315
311381
311427
311430
311434
311514
311515
311823
311900
312235
312385
312433
312555
312959
312989
313244
313390
313397
313491
313538
313729
313808
314098
314121
314246
314306
314352
314422
314428
314450
314531
314730
314767
314855
314982
315504
315548
315773
315992
316129
316209
316260
316471
316537
316711
316760
316843
317005
317104
317574
317586
317663
317685
317702
317819
317821
317901
318241
318360
318369
318532
318570
318607
318761
318842
319031
319303
319675
319777
319827
319885
320129
320403
320412
320446
320759
320860
320861
320954
321032
321050
321554
321640
321669
321680
321719
321767
321820
321861
321916
322130
322173
322230
322562
322699
322714
322803
322887
322947
322951
323430
323433
323608
323642
323654
323664
323759
323766
323867
324118
324236
324243
324318
324327
324377
324442
324445
324502
324688
324694
324931
325054
325109
325117
325148
325151
325187
325248
325340
325453
325661
325769
325971
326133
326138
326228
326233
326264
326324
326362
326420
326469
326548
326712
326767
326892
327038
327064
327116
327146
327241
327335
327362
327415
327453
327457
327465
327467
327509
327794
327802
327807
328152
328165
328515
328643
328817
328867
329024
329026
329041
329139
329220
329276
329467
329679
329883
330113
330158
330338
330434
330561
330748
331062
331258
331329
331372
331405
331490
331627
331678
331754
332149
332159
332238
332321
332634
332786
332805
332880
332911
333140
333221
333350
333505
333506
333531
333573
333696
333713
333792
333805
333816
333854
333899
333967
334028
334131
334166
334168
334325
334447
334581
334709
334732
334831
334883
335039
335131
335174
335649
335663
335811
335952
335998
336290
336299
336578
336584
336872
337009
337028
337161
337185
337275
337365
337980
337984
338086
338291
338337
338782
338962
339109
339113
339196
339376
339420
339442
339446
339463
339708
339909
340046
340123
340483
340581
340614
340658
340723
340760
340969
340982
340984
341110
341162
341173
341454
341564
341686
341782
341790
341902
341921
341966
342105
342331
342745
342778
342814
342875
342893
343111
343150
343406
343527
343608
343650
343698
343701
343713
343753
343836
343854
343863
343888
343966
343992
344024
344145
344180
344283
344351
344411
344480
344942
345158
345671
345712
345858
345881
345968
346023
346195
346289
346332
346402
346404
346512
346565
346601
346630
346750
346886
346954
346964
347073
347104
347109
347168
347287
347345
347389
347401
347467
347777
348313
348349
348471
348499
348505
348556
348663
348995
349042
349116
349167
349298
349326
349424
349441
349734
349893
349912
349979
350027
350184
350218
350257
350574
350744
350764
351300
351303
351433
351624
351861
351931
351992
352070
352100
352201
352273
352318
352578
352684
352825
352859
352869
353013
353019
353108
353176
353312
353350
353468
353515
353598
353684
353757
353872
353900
353931
354045
354114
354134
354165
354353
354520
354543
354606
354681
354698
355153
355272
355323
355330
355490
355762
355860
355887
355909
356070
356092
356103
356193
356622
356714
356780
356969
357035
357152
357195
357288
357308
357486
357783
357803
357852
358412
358484
358510
358636
358910
359089
359229
359299
359371
359410
359413
359721
359828
359894
360022
360033
360270
360312
360323
360357
360387
360695
360763
361005
361032
361298
361302
361309
361376
361463
361472
361545
361590
361596
361744
361879
361897
362024
362033
362127
362615
362812
362854
362901
363005
363016
363049
363137
363188
363235
363334
363396
363788
363900
364275
364300
364355
364377
364390
364464
364499
364830
364912
365047
365051
365118
365277
365346
365402
365495
365619
365709
365840
365859
365985
366125
366263
366457
366490
366667
366671
366695
366721
366768
366823
366929
366940
367002
367195
367206
367236
367305
367508
367762
367962
368135
368144
368168
368198
368245
368247
368317
368420
368523
368528
368649
368714
368737
368787
368789
368819
368958
369197
369315
369352
369579
369580
369587
369653
369682
369963
370099
370123
370159
370233
370304
370398
370410
370623
371113
371334
371363
371377
371746
371772
371872
371960
371977
372109
372313
372350
372565
372567
372777
373275
373292
373363
373370
373527
373575
373863
373878
373998
374179
374302
374518
374528
374752
374862
374866
374948
374985
375013
375217
375587
375711
375749
375820
375905
376029
376105
376133
376330
376343
376357
376448
376663
376819
377185
377223
377281
377294
377682
377902
377908
377927
378026
378037
378231
378301
378381
378413
378895
378928
379145
379254
379262
379332
379428
379560
379659
379739
379742
379786
379811
379945
380180
380258
380298
380422
380540
380633
380820
380971
381085
381117
381375
381533
381724
381752
381807
381875
381877
381920
381932
382083
382089
382130
382139
382148
382151
382212
382257
382264
382265
382273
382548
382607
382629
382693
382773
382930
382933
382935
382945
383048
383055
383070
383433
383435
383515
383765
383772
384057
384183
384236
384263
384265
384305
384397
384525
384601
384691
384753
384785
385363
385395
385456
385461
385520
385697
385714
385722
385765
386205
386296
386332
386377
386535
386814
387012
387110
387161
387169
387176
387346
387433
387556
387763
387800
388080
388187
388238
388345
388373
388378
388423
388427
388498
388622
388828
388831
388958
389248
389373
389576
389644
389687
389743
389755
389756
389792
389798
389920
389970
390007
390061
390331
390394
390454
390457
390478
390549
390849
390903
391101
391125
391174
391177
391201
391250
391830
391871
392431
392438
392538
392568
392665
392689
392860
392901
393032
393062
393085
393139
393165
393258
393298
393322
393531
393676
393768
393771
393821
393909
393960
394172
394241
394298
394408
394423
394487
394645
394799
394824
394940
395021
395084
395086
395254
395533
395574
395582
395814
395891
395893
395912
396116
396235
396241
396336
396409
396618
396653
396684
396740
396780
396783
396839
396865
397045
397094
397144
397145
397170
397215
397247
397335
397614
397686
397721
397818
397832
398055
398277
398289
398385
398441
398573
398648
398751
398784
398841
398985
399197
399337
399347
399849
400013
400064
400098
400133
400140
400249
400307
400360
400374
400410
400511
400785
400799
400843
400920
401081
401090
401125
401216
401247
401295
401303
401360
401429
401445
401686
401890
402175
402292
402413
402452
402562
402668
402736
402942
403070
403105
403229
403240
403294
403387
403550
403578
403641
403731
403805
403876
404125
404197
404329
404565
404595
404624
404701
405018
405067
405159
405257
405438
405513
405521
405526
405607
405748
405817
405968
406093
406099
406234
406317
406583
406633
406695
406870
406941
407041
407058
407285
407347
407388
407529
407699
408042
408172
408230
408238
408277
408280
408284
408314
408343
408648
408689
408858
408910
408938
409310
409552
409583
409758
409784
409793
409839
409882
410147
410182
410308
410421
410475
410567
410572
410693
410765
410796
410891
411189
411578
411708
411837
412129
412240
412363
412417
412487
412586
412634
412651
412702
412703
413034
413049
413102
413207
413271
413283
413424
413449
413455
413551
413613
413633
414013
414108
414177
414202
414255
414273
414279
414376
414796
414860
415128
415146
415271
415338
415368
415540
415546
415616
415657
415941
415955
415994
416107
416160
416436
416583
416609
416777
416798
416928
416968
417049
417156
417177
417198
417394
417687
417765
417817
417824
417887
417950
418031
418220
418262
418322
418461
418540
418633
418656
418751
418820
418844
419140
419214
419282
419309
419332
419372
419461
419620
419724
419806
419820
420021
420119
420121
420129
420166
420282
420329
420425
420525
420722
420790
420824
420923
420999
421013
421041
421129
421151
421186
421213
421225
421374
421517
421550
421557
421581
421655
421853
422128
422172
422203
422232
422326
422658
422787
422839
423115
423147
423246
423451
423535
423594
423670
423714
423913
423994
423999
424182
424217
424246
424380
424386
424573
424661
424697
424714
424795
424837
424871
424874
425166
425177
425359
425577
425596
425756
425886
425897
425999
426050
426078
426125
426181
426183
426195
426281
426283
426340
426587
426755
426805
426818
426915
427175
427253
427508
427520
427620
427906
427921
428131
428335
428428
428574
428680
428937
429027
429034
429153
429236
429296
429491
429631
429633
429635
429746
429752
429755
429861
429920
429924
429981
430014
430020
430037
430094
430401
430757
431057
431288
431338
431356
431408
431543
431595
431708
431737
431761
431768
431773
431911
431939
432106
432344
432362
432447
432581
432938
432963
432975
433100
433119
433198
433260
433311
433360
433472
433741
433829
434082
434228
434277
434367
434472
434504
434805
434829
435013
435046
435128
435185
435225
435248
435268
435514
435985
436012
436055
436276
436283
436455
436498
436693
437009
437052
437312
437431
437706
437780
437982
438057
438150
438371
438390
438489
438701
438720
438780
438935
439108
439120
439182
439250
439318
439607
439642
439679
439727
439784
439787
439804
439849
440060
440061
440077
440142
440290
440339
440525
440555
440573
440653
440828
440877
440915
440940
441128
441167
441359
441360
441492
441647
441648
441677
441977
442147
442175
442304
442420
442625
442642
442785
442854
442862
442928
442949
443110
443129
443548
443706
443802
444055
444265
444352
444545
444595
444868
444921
444931
445156
445240
445290
445752
446517
446522
446635
446736
446749
446776
446804
446898
446974
447087
447238
447267
447341
447404
447469
447476
447635
447676
447776
447799
447845
447910
448012
448130
448183
448316
448334
448440
448701
448728
448816
448843
448867
449014
449262
449354
449363
449624
449809
449847
449873
450077
450323
450462
450517
450582
450607
451036
451079
451209
451363
451420
451459
451670
452068
452113
452314
452326
452329
452454
452550
452551
452592
452662
452687
452830
452862
452965
452986
453022
453109
453177
453183
453251
453446
453449
453508
453601
453647
453657
453667
453690
453795
453959
454207
454279
454531
454648
454699
454724
454846
454943
454999
455001
455152
455172
455179
455240
455379
455465
455491
455649
455699
455762
456041
456439
456619
456760
456803
456885
456890
457028
457056
457258
457452
457493
457753
458016
458241
458384
458530
458587
458640
458671
458760
458770
458814
458896
458952
459093
459110
459324
459327
459392
459561
459571
459870
459880
459928
460198
460224
460290
460338
460352
460456
460704
460817
460854
461044
461114
461348
461349
461732
461740
461934
462044
462212
462229
462233
462245
462307
462342
462358
462396
462493
462500
462707
462854
462888
462952
462959
462974
463026
463044
463062
463272
463309
463322
463385
463424
463496
463536
463586
463598
463600
463767
463892
463934
463971
464297
464360
464432
464460
464484
464487
464490
464594
464747
465212
465220
465316
465439
465491
465533
465579
465686
465693
465818
465840
465988
466198
466242
466268
466301
466363
466398
466409
466643
466771
466802
466816
466841
467042
467056
467273
467428
467603
467628
467785
467827
467856
467919
467959
468037
468068
468634
468670
468683
468720
468739
468820
468851
468940
468990
469068
469274
469327
469515
469557
469562
469623
469973
469978
470035
470052
470097
470169
470367
470487
470592
470667
470709
470783
471404
471426
471492
471551
471872
472233
472381
472391
472416
472582
472625
472723
472766
472814
472826
472964
472970
473043
473093
473154
473318
473379
473410
473569
473766
473819
473851
473900
473979
474069
474193
474223
474231
474238
474301
474325
474339
474510
474525
474633
474663
475082
475415
475593
475594
475687
475691
476115
476175
476203
476306
476441
476454
476469
476561
476651
476652
476681
476746
476752
476925
477000
477248
477390
477707
477879
477902
477939
477983
478085
478208
478415
478541
478620
478628
478721
478829
478934
478975
479338
479387
479633
479860
480114
480298
480491
480573
480675
480680
480911
480926
481014
481124
481129
481147
481320
481324
481339
481439
481443
481460
481496
481592
481664
481760
481764
481855
481891
482007
482298
482439
482477
482544
482564
482578
482593
482611
483253
483420
483585
483594
483633
483649
483668
483813
483828
483911
483938
484303
484318
484341
484368
484432
484618
484637
484859
484938
484974
485165
485385
485481
485672
485972
486036
486041
486160
486201
486211
486244
486317
486571
486595
487027
487050
487190
487274
487348
487376
487418
487541
487787
487873
487898
487912
488117
488188
488504
488620
488945
489118
489248
489806
489891
489912
490074
490176
490183
490508
490572
490704
490800
490979
491021
491054
491148
491472
491527
491530
491587
491858
491921
492322
492401
492410
492668
492747
492817
493010
493032
493100
493122
493210
493275
493296
493391
493470
494112
494139
494176
494283
494393
494517
494735
494801
494926
495002
495019
495091
495182
495274
495583
495600
495925
495935
496049
496068
496089
496109
496192
496389
496404
496926
497041
497081
497100
497268
497293
497306
497338
497381
497399
497444
498144
498183
498199
498444
498455
498470
498535
498536
498552
498672
498728
498736
498740
498928
498942
499045
499210
499260
499437
499566
499578
499708
499735
499804
499964
500038
500107
500175
500265
500317
500391
500419
500426
500460
500517
500622
500659
500845
500880
500891
500975
501067
501083
501240
501360
501476
501529
501544
501577
501751
501952
502001
502075
502091
502106
502212
502350
502373
502594
502753
502842
502879
502972
503048
503065
503341
503644
503685
503756
503807
503840
503920
503946
504005
504252
504276
504412
504488
504640
504800
504815
504844
504925
505105
505112
505253
505442
505449
505526
505542
505659
505674
505682
505759
505841
505991
506074
506232
506236
506390
506510
506603
506716
506934
507017
507103
507153
507223
507407
507419
507491
507525
507609
507712
507714
507835
507851
507993
508008
508010
508035
508269
508347
508553
508600
508603
508644
508645
508700
508885
508900
508901
509232
509240
509278
509280
509303
509337
509463
509530
509531
509565
509876
509902
509903
509976
509979
510043
510104
510165
510337
510369
510372
510513
510551
510770
510889
510914
511072
511262
511337
511484
511614
511956
512202
512237
512427
512676
512966
513027
513102
513159
513194
513238
513256
513257
513389
513419
513636
513725
513982
514014
514019
514046
514090
514128
514357
514404
514502
514730
514876
515117
515415
515441
515561
515599
515600
515734
515804
515834
515973
516005
516014
516146
516352
516460
516549
516651
516926
516973
517207
517420
517443
517546
517714
517849
517865
517880
517946
517962
518018
518174
518213
518273
518441
518505
518520
518801
519045
519184
519501
519559
519607
519674
519815
519861
519958
519972
519974
520053
520077
520187
520308
520428
520452
520569
520794
520800
520837
520914
521038
521119
521191
521205
521396
521440
521490
521590
521630
521742
521791
521805
521834
522148
522396
523051
523098
523116
523320
523348
523530
523676
523682
523866
523915
523924
523939
523990
523997
524051
524076
524077
524203
524542
524893
524984
525036
525040
525199
525622
525681
525809
526027
526326
526379
526405
526516
526518
526652
526933
526988
527008
527050
527215
527239
527395
527561
527633
527734
527760
527767
527836
527972
528279
528525
528707
528870
528926
529177
529282
529334
529418
529437
529441
529597
529733
529739
529862
529897
529945
530094
530351
530401
530424
530455
530480
530513
530630
530795
530821
531081
531229
531283
531418
531611
531798
532043
532137
532172
532191
532236
532248
532322
532457
532871
532987
533028
533113
533114
533157
533253
533307
533323
533605
533892
534066
534206
534209
534220
534226
534520
534536
534793
534821
534851
535068
535217
535265
535364
535531
535532
535574
535918
535950
536028
536235
536376
536394
536550
536563
536820
536876
536916
536994
537050
537098
537255
537280
537411
537450
537659
537874
537932
537975
537978
538206
538374
538376
538451
538474
538638
538774
538910
539195
539256
539426
539504
539538
539576
539673
539742
540155
540405
540413
540681
540840
540852
541388
541483
541685
541715
541820
542062
542094
542122
542164
542182
542394
542562
542669
542757
542812
542853
542860
542903
542911
542964
542994
543078
543102
543175
543180
543380
543558
543586
543690
543694
543695
543788
543814
543819
543909
544133
544173
544182
544187
544348
544463
544592
544616
544633
544712
544797
544921
545096
545213
545288
545326
545570
545600
545805
545819
545935
545973
545988
545990
546256
546327
546487
546546
546603
546688
546827
546841
546861
546952
547145
547167
547185
547221
547268
547283
547448
547497
547531
547666
547915
548029
548100
548263
548353
548419
548855
548897
548940
548948
549033
549253
549289
549628
549668
549687
549719
549799
549911
550024
550070
550146
550414
550499
550644
550789
550836
550898
550903
550964
550967
551343
551426
551436
551565
552141
552344
552438
552447
552457
552640
552721
552736
552797
553095
553151
553453
553724
553754
553935
554030
554280
554463
554479
554596
554963
554984
555082
555221
555358
555626
555645
556084
556111
556223
556335
556380
556454
556466
556536
556593
556648
556942
557068
557149
557156
557208
557327
557362
557547
557551
557645
557717
557832
557977
558101
558128
558236
558648
558772
559141
559634
559742
559818
559853
559931
559986
560194
560321
560365
560586
560799
561077
561078
561171
561556
561567
561732
562366
562392
562746
562831
563038
563047
563360
563581
563789
563866
564221
564340
564462
564582
564683
564690
564782
564850
565045
565324
565372
565435
565560
565720
565774
565789
565808
565847
566146
566168
566189
566209
566324
566411
566457
566508
566515
566768
566814
566915
566980
566990
567265
567403
567497
567526
567576
567582
567589
567658
568076
568185
568246
568308
568478
568909
569073
569092
569128
569136
569244
569281
569301
569448
569717
569870
570050
570077
570333
570343
570407
570574
570810
570840
570848
570907
571057
571095
571169
571197
571531
571566
571626
571640
571703
571730
571813
571918
572124
572131
572238
572361
572366
572655
572748
572829
572906
573464
573546
573582
573647
573699
573782
573865
574073
574174
574205
574236
574593
574641
574658
574769
574787
574900
574947
575166
575196
575890
575943
575977
576119
576329
576374
576405
576938
577032
577081
577150
577278
577289
577292
577378
577415
577817
578394
578457
578495
578496
578511
578932
578966
579005
579156
579256
579296
579438
579479
579762
579766
579857
579863
580049
580172
580227
580245
580278
580303
580305
580309
580455
580509
580582
580591
580623
580767
580841
580861
581019
581235
581254
581260
581298
581371
581841
581911
582169
582244
582754
582767
582791
582859
582891
582961
583017
583040
583154
583198
583211
583327
583435
583464
583572
583598
583664
583750
583895
583971
584353
584479
584691
584719
584826
584830
584887
585156
585170
585219
585350
585465
585520
585560
585582
585651
585729
585974
586061
586352
586425
586490
586641
586824
586859
586891
586975
586997
587196
587246
587253
587478
587497
587829
588139
588174
588405
588413
588517
588562
588714
588765
588821
588868
588993
589180
589244
589262
589385
589564
589673
589685
589712
589861
589871
589953
589955
590093
590309
590424
590490
590506
590649
590669
590802
590811
590818
590946
590987
591027
591121
591325
591331
591422
591715
591751
591757
591796
591811
591858
591901
591999
592426
592572
592581
592599
592612
592683
592966
593179
593414
593516
593542
593557
594031
594077
594106
594293
594328
594399
594464
594693
594728
594752
595167
595587
595594
595655
595932
596156
596189
596217
596284
596314
596316
596464
596536
596604
596667
596815
596923
597023
597156
597208
597214
597255
597288
597398
597428
597674
597791
597821
597843
597864
598014
598129
598149
598173
598342
598368
598564
598598
598742
598844
598895
598903
598904
599020
599093
599131
599152
599229
599379
599587
599852
600029
600094
600130
600206
600224
600409
600418
600600
600620
600711
600712
600930
600959
601079
601110
601155
601238
601460
601578
601718
601992
602131
602274
602277
602328
602475
602505
602563
602564
602583
602788
602807
602891
603028
603060
603209
603323
603343
603408
603466
603511
603541
603743
603762
603893
603917
603937
603973
604056
604183
604229
604256
604588
604651
605271
605339
605393
605400
605572
605582
605647
605651
605716
605750
606068
606094
606248
606576
606642
606932
607067
607126
607185
607222
607230
607285
607286
607296
607370
607535
607625
607697
607699
607737
607848
607945
607948
608029
608435
608484
608566
608650
608791
608800
608809
608981
609161
609175
609266
609338
609412
609455
609479
609525
609556
609655
609898
610041
610093
610521
610543
610755
610822
610832
610868
610951
610966
611098
611137
611466
611541
611559
611578
611583
611658
611779
611905
612020
612052
612062
612074
612141
612307
612486
612557
612643
612671
612801
612875
613066
613113
613135
613183
613229
613296
613310
613379
613452
613466
613479
613518
613578
613919
614006
614047
614108
614193
614206
614264
614379
614395
614503
614550
614632
614642
614718
614888
614921
614934
615035
615098
615180
615440
615692
615787
615802
615859
615861
615964
616238
616290
616315
616412
616500
616546
616695
616723
616734
616891
617332
617402
617432
617493
617682
617706
617800
618003
618055
618202
618326
618327
618502
618540
618734
618986
619033
619050
619149
619308
619450
619456
619461
619479
619488
619546
619563
619698
619712
619931
619937
619962
619970
619995
620082
620184
620327
620485
620774
620796
620816
620896
620903
621062
621187
621188
621208
621424
621515
621557
621588
621831
621854
622017
622121
622207
622376
622417
622469
622541
622621
622711
622716
622782
622857
623013
623052
623412
623439
623552
623668
623772
623819
623868
624236
624305
624453
624540
624608
624972
625035
625154
625236
625528
625614
625622
625683
625775
625835
625873
626026
626055
626137
626340
626364
626388
626470
626481
626504
626585
626655
626709
626873
626983
627002
627066
627228
627365
627372
627402
627581
627598
627687
627755
627823
627851
627867
627994
628020
628249
628296
628431
628456
628491
628528
628555
628654
628786
628878
628884
628958
628991
629000
629212
629376
629596
629626
629716
629860
629873
629883
629910
629951
629959
629986
630133
630496
630523
630801
630882
630889
630922
631373
631376
631452
631523
631648
631691
631749
631895
631910
631994
632109
632475
632498
632689
632871
633008
633045
633125
633380
633606
633854
634096
634524
634565
634613
634866
634927
635227
635280
635288
635344
635345
635583
635756
635757
635796
635814
635930
636239
636334
637021
637033
637187
637351
637353
637405
637524
637525
637572
637774
637788
637805
637854
637977
637984
638051
638052
638053
638059
638104
638118
638158
638163
638413
638669
638671
638707
638743
638852
638939
639216
639481
639496
639747
639799
639820
639840
640056
640150
640186
640213
640504
640530
640818
641144
641268
641287
641445
641597
641749
641751
641752
641775
641907
642151
642214
642240
642249
642411
642677
642900
643020
643076
643394
643500
643565
643702
643732
643798
643941
644027
644237
644303
644317
644392
644597
644635
644666
644674
644679
644704
644761
644848
644862
645054
645089
645198
645240
645474
645592
645685
645723
645741
645867
645950
645970
645988
646195
646202
646226
646318
646467
646625
646710
646724
646810
646829
647030
647261
647306
647338
647451
647520
647758
647840
647892
648511
648539
648546
649068
649571
649616
649760
649773
649869
650373
650504
650610
650644
650801
650840
650958
651020
651248
651265
651320
651334
651385
651476
651509
651521
651650
651654
651668
651698
651794
652108
652109
652116
652335
652393
652412
652440
652559
652578
652586
652701
652837
652933
653183
653188
653271
653446
653617
653664
653898
654188
654350
654359
654435
654586
654621
654674
654759
654842
654973
655235
655339
655405
655415
655425
655540
655793
655817
655832
655857
655879
656078
656098
656131
656251
656274
656278
656291
656311
656421
656719
656825
656856
656881
656894
657231
657240
657355
657377
657623
657655
657849
658038
658083
658108
658166
658175
658296
658428
658446
658509
658570
658790
658814
658815
658818
658932
658978
659177
659204
659431
659437
659486
659589
659758
659799
660032
660136
660183
660362
660473
660603
660673
660849
660958
660972
660982
661177
661233
661424
661623
661677
661719
661791
661876
662017
662129
662203
662301
662303
662345
662399
662522
662578
662606
663018
663354
663508
663553
663638
663705
663783
663810
664043
664189
664281
664378
664452
664543
664580
664625
664715
664763
664873
664976
665002
665164
665171
665176
665178
665218
665375
665477
665597
665630
665719
665732
665734
665766
665788
665792
666051
666079
666192
666246
666267
666555
666563
666570
666637
666668
666805
666877
666914
667000
667076
667418
667466
667677
667718
667809
667854
667954
668179
668207
668355
668437
668903
669030
669072
669110
669378
669430
669439
669519
669839
669944
669946
670408
670434
670467
670641
670660
670691
670782
670807
670879
670953
670983
671343
671565
671715
671744
671758
671933
672189
672376
672690
673001
673301
673435
673464
673473
673512
673664
673717
673766
673774
673821
674051
674201
674361
675020
675116
675122
675211
675230
675264
675441
675508
675524
675560
675611
675640
675925
676054
676225
676250
676429
676504
676836
676908
676911
677008
677050
677051
677156
677172
677241
677315
677463
677498
677508
677590
677605
677615
677631
677782
677801
677839
678168
678187
678188
678236
678342
678444
678449
678450
678522
678846
678881
679008
679046
679341
679345
679799
679949
680186
680240
680307
680348
680574
680854
680965
681022
681150
681245
681289
681344
681412
681590
681593
681904
681915
681998
682043
682182
682428
682446
682457
682511
682742
682748
683014
683052
683130
683236
683281
683342
683494
683592
683665
683681
683983
683994
684043
684153
684438
684448
684541
684602
684619
684696
684736
684774
684852
684924
684973
684997
685166
685345
685452
685479
685547
685589
685595
685637
685721
685761
685874
685934
685935
686158
686184
686254
686286
686291
686475
686516
686723
686753
686850
686853
686860
686943
687081
687399
687416
687512
687649
687686
687706
687918
688072
688089
688092
688116
688238
688256
688537
688607
688679
688763
688816
688909
688910
689072
689100
689333
689338
689415
689448
689511
689514
689559
689643
689792
689952
689968
690068
690080
690170
690290
690317
690664
690731
690910
690988
690994
691042
691070
691127
691295
691347
691619
691715
691819
691999
692046
692057
692125
692160
692233
692271
692275
692289
692316
692559
692611
692744
692939
693038
693073
693096
693097
693144
693238
693258
693282
693294
693524
693596
693624
693647
693687
693726
693881
693958
693964
694047
694076
694116
694290
694294
694316
694336
694523
694604
694608
694695
694805
694852
694903
695282
695435
695459
695518
695524
695547
695647
695702
695844
695849
695852
695987
696131
696160
696328
696612
696630
696686
696915
696973
697026
697095
697165
697245
697360
697462
697553
697601
697670
697692
697720
697742
698050
698060
698145
698313
698330
698530
698740
698923
699525
699652
699744
699870
699940
700038
700086
700204
700235
700315
700469
700519
700600
700639
700838
701010
701158
701266
701657
701754
701824
701842
701894
701953
701969
702004
702043
702066
702127
702570
702589
702768
702954
702973
703255
703422
703483
703500
703513
703527
703543
703568
703649
703684
703971
704013
704246
704317
704533
704559
704578
704800
704817
704901
704908
704958
705132
705192
705213
705325
705373
705398
705520
705770
705905
705973
706029
706041
706328
706678
707018
707058
707252
707293
707360
707454
707463
707578
707868
707873
707951
708012
708269
708390
708478
708522
708672
708848
709035
709043
709189
709281
709328
709495
709677
709770
709826
709853
709870
709907
709981
710220
710275
710433
710539
710728
710822
710919
710947
711043
711044
711084
711109
711354
711485
711528
711649
711690
711691
711714
711739
711749
711908
711913
711946
712102
712154
712445
712659
712697
712713
712804
712822
713064
713246
713281
713284
713365
713499
713521
713576
713662
713798
713827
714013
714099
714106
714170
714232
714244
714266
714551
714620
714657
714687
714829
715391
715713
715728
715799
715917
716255
716318
716423
716480
716798
716878
716947
716973
717058
717095
717120
717151
717229
717378
717401
717409
717420
717423
717485
717501
717533
717555
717615
718156
718257
718336
718524
718554
718566
718662
718724
718832
718954
719035
719068
719103
719115
719178
719449
719537
719544
719567
719621
719798
719854
719872
719954
720092
720174
720504
720573
720823
720888
720900
721012
721091
721096
721103
721121
721143
721183
721241
721313
721443
721633
721673
721700
721776
721880
721883
721901
722137
722150
722151
722224
722430
722575
722590
722770
722790
723107
723119
723142
723341
723435
723511
723536
723537
723594
723600
723604
723661
723692
723719
723732
723810
723857
723898
723931
724189
724323
724465
724603
724706
724733
724801
724845
724996
725165
725185
725192
725266
725444
725562
725648
725663
725745
725756
725887
726161
726179
726245
726308
726393
726638
726794
727001
727136
727248
727367
727426
727502
727633
727702
727731
727771
728029
728085
728211
728295
728325
728539
728632
728636
728708
728761
728830
728848
728870
729030
729134
729369
729412
729482
729664
729753
729798
729894
729943
730028
730069
730315
730420
730426
730495
730538
730773
730945
730955
731056
731281
731440
731485
731500
731548
731585
731799
732027
732156
732166
732253
732370
732384
732425
732461
732484
732541
732599
732874
733046
733117
733203
733242
733628
733631
733643
733802
733937
733976
734054
734277
734480
734533
734551
734597
734664
734724
734960
735082
735172
735619
735641
735651
735792
736150
736371
736447
736996
737400
737595
737742
737756
737788
737894
737989
738016
738085
738161
738195
738392
738412
738562
738588
738722
738782
738839
738907
738917
739099
739139
739166
739218
739248
739343
739375
739387
739503
739669
739863
740053
740083
740200
740240
740259
740330
740415
740454
740458
740581
740598
740667
740704
740962
741006
741074
741166
741285
741294
741305
741424
741659
741701
741715
741812
741842
741918
742015
742086
742092
742188
742269
742388
742505
742570
742616
742798
742859
743147
743278
743314
743393
743577
743701
743736
743755
743780
743815
743821
743895
743964
744105
744215
744294
744467
744547
744708
744721
744937
744959
745038
745054
745105
745165
745324
745498
745636
745688
745882
746106
746231
746238
746258
746708
746813
746911
746942
746981
747096
747131
747138
747285
747444
747458
747488
747519
747842
748007
748013
748065
748126
748192
748317
748522
748644
748732
748740
748872
748915
748918
749013
749041
749214
749334
749507
749567
749636
749666
749723
749747
749803
750139
750220
750252
750317
750869
750871
750967
751003
751031
751071
751127
751167
751207
751226
751267
751333
751421
751440
751499
751558
751761
751793
752072
752089
752154
752337
752646
752647
752691
752709
752781
752830
752865
752933
753060
753098
753334
753337
753463
753481
753628
753671
753754
753874
753958
754076
754181
754221
754628
754666
754863
754870
755021
755022
755110
755143
755166
755173
755361
755419
755453
755515
755569
755730
756248
756373
756438
756468
756490
756672
756717
756843
756941
757042
757109
757237
757243
757461
757481
757595
757709
757850
757870
758083
758208
758334
758643
758818
758835
759065
759133
759234
759352
759372
759434
759459
759487
759566
759887
759906
760127
760139
760166
760262
760532
760623
760829
760833
760885
760912
760928
760935
760967
761046
761355
761453
761506
761591
761905
762141
762692
762732
762791
762833
762837
762871
762978
763111
763296
763300
763643
763833
764006
764022
764147
764204
764207
764236
764239
764262
764379
764397
764444
764580
764775
764845
764932
764945
764950
765079
765132
765167
765176
765181
765201
765408
765416
765762
765898
765976
766085
766185
766308
766423
766456
766482
766645
766652
766745
767034
767040
767304
767354
767430
767678
767716
767756
767816
768163
768208
768262
768298
768304
768336
768344
768615
768793
769014
769082
769115
769547
769667
769921
769986
769995
770046
770058
770134
770156
770266
770400
770406
770589
770805
770890
770893
770942
771062
771081
771195
771287
771665
771667
771778
771920
772090
772196
772218
772487
772553
772777
772783
772923
773012
773081
773098
773234
773576
773740
773782
773988
774234
774430
774476
774709
774834
774935
774978
775074
775181
775290
775307
775335
775348
775395
775405
775418
775484
775845
775926
775987
776246
776341
776389
776399
776463
776567
776568
776846
776950
777110
777145
777372
777424
777450
777464
777518
777686
777709
777871
777880
778241
778479
778617
778677
778770
778814
778856
778932
778943
778996
779052
779165
779324
779400
779439
779484
779598
779757
779873
780031
780049
780206
780279
780309
780425
780451
780623
780738
780835
780903
781053
781235
781362
781383
781622
781713
781733
781759
781982
781999
782034
782189
782249
782307
782487
782741
782849
782929
782951
783003
783038
783062
783092
783118
783164
783460
783472
783486
783555
783769
783801
783865
784127
784283
784370
784815
785020
785316
785395
785679
785718
785786
785891
785900
786181
786205
786261
786397
786398
786476
786615
786671
786750
786927
786960
786981
787018
787038
787101
787258
787842
787947
788072
788179
788230
788321
788499
788777
788827
788979
789053
789113
789145
789223
789243
789459
789484
789820
789878
790101
790146
790167
790182
790206
790401
790455
790456
790554
790952
790983
791038
791083
791155
791319
791371
791378
791384
791397
791469
791649
791782
791939
792027
792082
792279
792303
792326
792374
792458
792497
792736
792759
793019
793063
793103
793153
793249
793310
793336
793389
793663
794066
794144
794153
794223
794272
794280
794426
794488
794618
794653
794659
794713
794721
794767
794828
794872
795075
795118
795183
795210
795218
795240
795354
795627
795749
795938
796037
796166
796227
796291
796438
796635
796755
796833
797063
797193
797233
797275
797297
797406
797531
797589
797615
797738
797786
797882
798061
798296
798339
798470
798485
798808
798847
798974
799031
799146
799196
799311
799372
799399
799567
799698
799711
799878
799945
799957
800131
800162
800212
800237
800419
800553
800972
801074
801152
801177
801445
801792
801917
801998
802094
802131
802217
802309
802419
802431
802453
802560
802645
802718
802731
802781
802892
802964
803067
803263
803301
803335
803344
803363
803393
803491
803553
803578
803697
803744
803866
803941
803965
804284
804318
804595
804736
804867
804953
804989
804999
805047
805159
805168
805207
805215
805632
805633
805679
805757
805993
806045
806082
806152
806279
806318
806412
806566
806577
806695
806704
806744
806883
807016
807064
807131
807380
807384
807505
807828
807859
807874
808067
808316
808350
808544
808639
808776
808784
808985
809062
809103
809164
809217
809275
809290
809307
809351
809560
809608
809609
809781
809924
809937
810005
810098
810276
810472
810583
810771
810806
810828
810875
811073
811105
811211
811236
811462
811507
811526
811693
811887
812069
812109
812155
812204
812260
812323
812741
812747
812749
812753
812822
812908
812943
813009
813143
813161
813273
813279
813345
813387
813445
813472
813653
813812
813831
813911
813965
814032
814121
814203
814286
814385
814393
814443
814626
814923
815156
815806
815819
816026
816032
816101
816364
816391
816414
816482
816591
816609
816665
816733
816894
816913
817055
817128
817667
817716
817729
817835
818027
818169
818259
818297
818456
819012
819211
819212
819377
819430
819543
819687
819702
819781
819816
819821
819934
820096
820128
820165
820454
820516
820537
820557
820636
820714
820715
820782
820799
820887
820903
821157
821197
821344
821350
821355
821372
821395
821602
821670
821851
821974
821977
822123
822310
822342
822358
822407
822487
823102
823155
823247
823441
823507
823643
823736
823910
824111
824122
824441
824569
824623
824657
824668
824877
824978
825012
825060
825106
825251
825270
825368
825512
825559
825728
825740
825745
825989
826076
826124
826170
826206
826233
826297
826456
826638
826744
826752
826815
826958
827128
827141
827246
827298
827395
827445
827457
827556
827661
827677
827740
827792
827943
827990
828022
828070
828137
828204
828404
828438
828537
828671
828681
828743
828745
828760
828763
828810
828873
828880
829111
829145
829151
829205
829251
829404
829688
829745
830057
830437
830492
830548
830560
830686
830706
830857
831387
831484
831522
831528
831532
831569
831609
831659
831719
831758
831840
831871
831914
831960
831967
832120
832279
832468
832476
832482
832511
832574
832652
832714
832761
832807
832898
833128
833160
833302
833430
833605
833671
833743
834070
834139
834145
834185
834209
834662
834675
834715
834726
834817
835003
835058
835424
835629
835711
835771
835776
835820
835856
835949
835978
836078
836092
836187
836223
836249
836327
836493
836739
836821
836911
836965
836973
837066
837367
837444
837747
837748
837808
837922
837995
838003
838079
838136
838483
838966
838988
839103
839124
839148
839203
839209
839289
839314
839424
839783
839913
840078
840166
840208
840275
840311
840341
840606
840683
840703
840797
841024
841033
841113
841418
841474
841544
841683
841901
842274
842296
842324
842500
842727
842840
842971
843002
843058
843368
843521
843539
843715
843896
844019
844050
844268
844294
844399
844433
844559
844560
844668
844756
844882
844953
844967
845196
845303
845305
845313
845349
845385
845799
846082
846119
846193
846278
846280
846663
846742
846744
846785
846800
846927
846948
847131
847158
847174
847221
847355
847410
847578
847596
847656
847709
847898
848040
848071
848120
848121
848129
848192
848300
848349
848565
848631
848679
848919
849061
849097
849099
849117
849207
849252
849689
849700
849869
849998
850051
850069
850073
850074
850196
850441
850490
850540
850697
850761
850885
851238
851250
851304
851378
851434
851493
851582
851901
852010
852028
852109
852154
852214
852335
852345
852368
852641
852774
853059
853305
853446
853545
853838
853851
853972
854110
854145
854230
854292
854463
854517
854559
854647
854781
854884
854938
854941
855018
855222
855494
855582
855670
855757
855812
855824
855927
855990
856082
856187
856273
856328
856351
856590
856630
856638
856709
856720
856816
856888
856954
857109
857116
857221
857231
857237
857299
857367
857425
857853
857944
858066
858369
858442
858460
858561
858581
858655
859048
859103
859231
859274
859403
859605
859799
859910
860123
860124
860133
860167
860284
860319
860350
860427
860431
860448
860450
860504
860775
860824
860858
860926
861002
861010
861019
861192
861208
861250
861274
861294
861330
861339
861355
861555
861874
861919
861991
861998
862028
862057
862068
862220
862451
862476
862566
862723
862779
862921
863024
863306
863347
863617
863625
863679
863685
863724
863755
863803
863975
863986
864011
864028
864072
864193
864194
864723
864817
864998
865077
865182
865306
865418
865420
865499
865555
865588
866281
866290
866313
866319
866472
866511
866633
866686
866713
866786
866795
866834
866848
866938
866978
866989
867085
867151
867341
867427
867445
867460
867477
867501
867638
867823
867916
868025
868070
868295
868459
868600
868738
868819
869018
869044
869136
869162
869222
869446
869592
869828
869873
870025
870049
870425
870484
870485
870516
870519
870596
870604
870689
870814
871054
871148
871237
871266
871535
871572
871663
871763
871969
872191
872241
872383
872426
872471
872472
872608
872700
872717
872909
872937
873006
873199
873212
873245
873284
873352
873592
873651
873655
873706
873780
873848
873952
873971
874054
874109
874299
874347
874405
874471
874474
874543
874717
874726
874808
874894
874896
874964
875117
875154
875159
875689
875773
875815
876096
876372
876416
876429
876478
876603
876816
876835
876945
877032
877055
877091
877122
877179
877248
877253
877285
877433
877457
877579
877583
877704
877939
878084
878086
878095
878116
878608
878650
878654
878661
878695
878819
879128
879164
879188
879290
879639
879664
879744
879911
879927
879944
880019
880020
880073
880243
880277
880296
880345
880381
880423
880437
880481
880524
880610
880672
880673
880727
880745
880772
880965
881035
881125
881147
881251
881332
881366
881389
881458
881623
881859
881959
881985
882383
882448
882736
882839
882903
882959
883207
883355
883576
883652
883692
883931
883947
883971
884078
884268
884293
884336
884598
884641
884808
884841
884934
884964
885453
885603
885890
885914
885952
886061
886352
886372
886394
886517
886549
886721
886795
886828
886845
886904
886972
887085
887368
887405
887580
887673
887687
887770
887780
887787
887805
887822
888147
888313
888498
888537
888574
888739
889011
889016
889058
889071
889077
889083
889101
889188
889249
889481
889571
889580
889805
889904
889937
889965
889990
890001
890319
890330
890440
891140
891173
891410
891612
891642
891689
891701
892005
892042
892071
892093
892166
892270
892348
892503
892594
893055
893300
893352
893353
893421
893482
893741
894255
894477
894622
894744
894802
894811
894820
894828
894840
894845
894891
894937
895353
895360
895369
895430
895519
895717
895811
895856
895939
895994
896037
896401
896436
896494
896505
896577
896583
896631
896663
896785
896837
896988
897056
897064
897278
897315
897406
897559
897858
898033
898043
898058
898065
898100
898134
898364
898660
898673
898701
898895
899019
899292
899398
899490
899608
899694
899780
899805
899850
900093
900218
900283
900422
900451
900541
900596
900767
900848
901010
901066
901102
901247
901316
901325
901394
901551
901687
901708
901732
901874
901921
901957
902023
902173
902288
902412
902524
902722
902816
902839
902921
903032
903383
903459
903574
903713
903763
903835
903860
903869
903966
904189
904320
904494
904519
904700
904940
905048
905637
905854
905873
906289
906301
906504
906796
906965
906995
907130
907209
907234
907286
907383
907445
907525
907610
907698
908058
908062
908095
908305
908308
908377
908647
908762
908792
908803
908819
909072
909189
909240
909407
909448
909497
909550
909669
909745
909777
910437
910700
910711
910724
910877
910951
911076
911146
911769
912145
912220
912235
912338
912352
912560
912621
912649
912674
912676
912977
912989
913028
913149
913320
913339
913377
913615
913707
913900
914033
914197
914496
914512
914522
914537
914648
914681
914800
914804
914809
914860
914975
914997
915013
915219
915235
915521
915598
915614
915696
915783
916143
916177
916372
916715
916817
916865
917022
917046
917055
917077
917121
917186
917306
917395
917502
917521
917662
917740
917747
917752
917771
917774
917782
917877
918112
918204
918227
918682
918711
918758
918812
919169
919403
919809
920167
920242
920252
920355
920395
920401
920749
920989
921040
921182
921249
921315
921408
921410
921512
921897
921950
921987
922003
922093
922152
922188
922267
922412
922594
922776
922829
922885
922997
923149
923163
923321
923328
923484
923557
923565
923720
923851
923900
924057
924151
924278
924320
924322
924337
924387
924459
924484
924507
924880
925060
925073
925184
925196
925277
925306
925515
925562
925631
925843
925855
925895
925956
925990
926038
926161
926174
926216
926280
926324
926401
926484
926630
926744
926827
926907
927004
927159
927243
927600
927632
927743
927793
927828
927894
928018
928091
928704
928733
928775
928807
928858
928995
929007
929140
929363
929449
929499
929589
929651
929707
930126
930141
930263
930311
930369
930379
930429
930490
930659
930660
930696
930859
931038
931114
931125
931216
931224
931249
931281
931296
931344
931353
931358
931683
931785
931797
931974
932009
932043
932068
932111
932189
932558
932632
932663
932751
932794
932837
933103
933267
933369
933563
933629
933977
933987
934177
934255
934360
934476
934487
934657
934771
934784
934882
934894
934897
934986
935113
935129
935367
935395
935401
935465
935595
935826
935877
935883
935943
936477
936593
936602
936732
936748
936773
936804
936950
936994
937041
937071
937121
937197
937241
937319
937342
937520
937641
937647
937783
937793
937804
937837
937940
937957
937974
937977
938026
938099
938238
938647
938858
938863
938870
938873
938959
939048
939056
939206
939290
939325
939327
939450
939469
939484
939757
939758
939951
939989
940082
940196
940401
940467
940608
941285
941321
941345
941449
941554
941658
941751
941800
941820
941853
941896
942089
942321
942545
942698
942759
942989
942993
943067
943071
943152
943185
943227
943277
943298
943402
943537
943578
943859
943990
943992
944040
944116
944140
944549
944569
944658
944809
944814
944839
944951
945143
945178
945511
945613
945644
945909
946047
946145
946165
946324
946398
946432
946453
946523
946554
946565
946661
946884
946923
946949
947070
947166
947383
947420
947422
947613
947618
947638
947651
947695
947761
947819
948130
948199
948380
948909
948982
949037
949405
949531
949686
949766
950005
950032
950041
950169
950345
950379
950503
950506
950617
950841
951018
951032
951117
951124
951185
951207
951284
951327
951352
951399
951709
951774
951821
951840
951958
952138
952145
952426
952604
952634
952676
952709
953000
953091
953170
953329
953526
953696
953738
953793
953798
953964
954121
954127
954170
954206
954377
954511
954555
954592
954686
954700
954990
955134
955168
955313
955345
955406
955416
955451
955691
955735
955895
955911
955997
956056
956219
956327
956355
956545
956552
956856
956883
956890
956919
957023
957243
957342
957493
957500
957578
957744
957809
957911
958012
958069
958176
958293
958438
958604
958614
958685
958705
958850
958915
958968
959130
959409
959492
959683
959687
959881
959888
960037
960553
960595
960909
960946
960990
961021
961107
961114
961180
961279
961422
961578
961667
961834
961839
961966
962004
962196
962200
962203
962371
962424
962459
962495
962633
962928
963076
963187
963192
963208
963348
963518
963759
963896
964347
964355
964428
964434
964509
964700
964706
964792
964923
965027
965030
965042
965062
965142
965197
965309
965342
965487
965508
965595
965892
965924
965950
966201
966251
966405
966528
966556
966560
966701
966798
966961
967003
967443
967617
967695
967737
968003
968080
968155
968220
968366
968393
968577
968636
968964
969133
969185
969463
969564
969635
969772
969774
969911
969950
969960
970062
970066
970137
970225
970440
970517
970562
970749
971012
971052
971063
971166
971255
971345
971402
971455
971502
971537
971574
971581
971582
971809
971817
971848
972116
972136
972162
972257
972354
972363
972527
972607
972670
972696
972911
972934
972937
972963
972998
973021
973073
973186
973283
973374
973483
973582
973915
973975
973980
974099
974194
974240
974258
974431
974478
974576
974726
974836
975026
975052
975087
975126
975217
975230
975550
975586
975627
975670
975799
975865
975899
975907
976021
976356
976394
976447
976595
976851
976869
976897
977206
977214
977254
977442
977535
977581
977593
977632
977634
977816
978111
978180
978243
978291
978425
978641
978669
978979
978994
979013
979097
979120
979164
979261
979371
979374
979380
979394
979401
979685
979722
979780
979867
979961
979996
980107
980200
980222
980277
980290
980294
980615
980662
980813
981218
981235
981322
981512
981687
981807
981875
982107
982108
982114
982487
982592
982676
982684
982909
983129
983177
983267
983371
983442
983707
983805
983813
983983
984005
984013
984218
984315
984337
984358
984735
984804
985104
985137
985307
985378
985672
985846
985938
986092
986166
986235
986285
986449
986464
986557
986804
986892
986929
986947
987135
987210
987215
987272
987275
987421
987586
987593
987643
987675
987704
987791
987829
987871
988201
988288
988299
988381
988422
988549
988626
988742
988766
989184
989196
989210
989283
989337
989439
989715
989855
989859
990171
990271
990321
990469
990506
990562
990684
990801
990831
990894
990902
990924
990944
990949
990988
991058
991065
991084
991101
991441
991788
992003
992138
992200
992233
992405
992563
992593
992610
992711
992785
992827
992952
992994
993045
993053
993071
993257
993323
993326
993340
993350
993437
993447
993585
993609
993635
993749
993760
993781
994021
994137
994186
994220
994358
994458
994472
994483
994619
994639
994660
994683
994760
994916
995110
995151
995156
995346
995359
995383
995450
995487
995672
995714
995916
995962
996007
996042
996299
996359
996363
996388
996485
996520
996557
996559
996656
996705
996869
997029
997041
997048
997055
997118
997224
997320
997321
997392
997444
997671
997756
998225
998317
998621
998699
998713
999140
999255
999406
999464
999658
999686
999728
999819
999865
999957
