46
209
261
300
325
374
423
468
526
551
605
645
774
823
830
902
1222
1389
1405
1489
1553
1665
1745
1770
1849
1878
2080
2147
2455
2490
2681
2724
2805
2866
2878
2911
3182
3309
3451
3542
3599
3632
3714
3979
4019
4129
4181
4292
4353
4555
4629
4660
4728
4764
4882
4909
4927
5035
5223
5266
5306
5324
5374
5475
5558
5595
5693
5705
5853
6361
6532
6599
6747
6797
6929
6949
7203
7270
7316
7405
7407
7413
7429
7561
7864
8115
8160
8282
8315
8334
8414
8550
8892
9017
9088
9159
9176
9183
9232
9237
9304
9441
9504
9569
9599
9633
9663
9793
9840
9867
9909
9948
10165
10356
10577
10719
10828
10909
11173
11179
11204
11287
11365
11558
11572
11587
11718
11944
12223
12450
12687
12835
13002
13044
13159
13204
13299
13319
13348
13439
13552
13589
13662
13714
13868
13911
14064
14080
14340
14701
14722
14750
14838
14858
14947
14953
15139
15203
15226
15500
15765
15879
15935
16010
16074
16140
16150
16313
16314
16406
16421
16577
16695
16706
16882
16920
17062
17222
17282
17357
17576
17608
17864
17926
17939
17983
18072
18079
18382
18399
18412
18425
18474
18603
18666
18823
18986
19052
19304
19323
19379
19418
19511
19616
19651
19669
19721
19927
20044
20142
20152
20161
20207
20284
20313
20545
20772
20974
21070
21092
21165
21305
21397
21410
21569
21700
21819
21863
22215
22250
22289
22391
22612
22625
22733
22739
22840
22931
23009
23013
23234
23239
23254
23365
23380
23471
23551
24038
24262
24268
24520
24609
24775
24912
25073
25134
25169
25228
25364
25382
25383
25523
25567
25640
25664
25780
25795
26138
26161
26162
26295
26346
26437
26493
26788
26831
26918
26925
26957
27092
27291
27458
27659
27717
27781
27783
27789
27828
28000
28104
28184
28215
28682
28805
28855
28997
29104
29395
29459
29689
29769
29942
29987
30025
30080
30126
30127
30157
30211
30213
30256
30341
30345
30372
30396
30416
30498
30520
30635
30712
30774
30942
30981
31057
31059
31082
31104
31108
31171
31246
31258
31272
31286
31395
31560
31737
31867
31909
31924
31960
32124
32128
32130
32173
32230
32526
32605
32755
32778
32925
33059
33266
33315
33333
33341
33506
33518
33689
33770
33831
33900
33946
34015
34026
34332
34408
34562
34615
34635
34690
34797
34801
35103
35248
35311
35402
35576
35626
35633
35760
35816
35907
36006
36095
36389
36460
36513
36520
36534
36677
36683
36709
36714
36885
36941
37009
37091
37238
37408
37493
37606
37639
37720
37726
37747
37761
37831
37922
37979
38609
38921
39045
39079
39292
39349
39381
39654
39683
39714
39884
39912
39951
40036
40106
40122
40285
40357
40410
40756
40866
40935
41010
41015
41035
41106
41160
41386
41529
41555
41711
41717
41772
42072
42096
42098
42138
42248
42468
42557
42830
42919
43258
43307
43463
43501
43535
43536
43691
43757
43779
43807
43839
43844
44002
44020
44145
44249
44349
44382
44688
44756
44778
45044
45204
45301
45312
45326
45436
45505
45830
46115
46158
46171
46341
46458
46570
46914
46967
46976
47021
47120
47143
47187
47188
47287
47536
47652
47769
47835
47923
47995
48032
48044
48108
48131
48178
48335
48350
48502
48552
48784
48848
48888
48965
48988
49037
49399
49564
49882
50006
50095
50349
50767
50900
50953
50974
50977
51038
51080
51097
51282
51362
51375
51404
51562
51605
51626
51650
51663
51667
51702
51818
51890
52040
52092
52125
52448
52487
52537
52549
52647
52723
53079
53111
53394
53580
53849
53885
54111
54151
54554
54567
54701
54729
54869
54895
55144
55439
55453
55606
55652
55707
55795
55905
56016
56148
56185
56285
57187
57453
57816
58103
58141
58154
58271
58806
58855
58880
58962
59134
59237
59287
59540
59584
59636
59683
59722
59761
59896
60022
60084
60206
60229
60381
60409
60602
60620
60682
60760
60761
60766
60964
61149
61167
61183
61286
61304
61318
61394
61544
61639
61640
61704
61835
62026
62050
62069
62136
62239
62302
62393
62416
62504
62564
62577
62750
62861
63050
63057
63072
63146
63272
63330
63449
63578
63580
63672
63677
64035
64207
64958
64980
65173
65266
65301
65383
65477
65688
65714
65736
65761
65840
65996
66013
66172
66578
66658
66734
67052
67072
67073
67077
67099
67101
67168
67191
67430
67483
67525
67570
67867
68180
68343
68358
68553
68844
68845
68925
68932
68950
68954
68974
69047
69055
69274
69281
69357
69393
69487
69523
69558
69599
69624
69824
69931
70139
70192
70208
70249
70319
70508
70544
70684
70882
70927
71052
71114
71356
71487
71530
71744
71926
72007
72295
72319
72329
72365
72383
72405
72450
72468
72495
72515
72519
72542
72685
72704
72830
72978
73105
73132
73141
73149
73258
73313
73404
73603
73635
73781
73907
74057
74095
74109
74141
74219
74265
74402
74464
74529
74769
74864
74947
75245
75274
75368
75392
75450
75995
76101
76269
76426
76482
76619
76707
76810
76838
76861
76881
76900
76982
77096
77194
77253
77274
77402
77487
77494
77881
78023
78038
78484
78505
78709
78818
78889
78893
78904
79039
79052
79194
79248
79272
79341
79427
79429
79552
79578
79597
80049
80151
80291
80345
80606
80900
80910
80943
80974
81121
81187
81217
81483
81491
81559
81620
81652
81746
81747
81778
81806
81945
81975
82045
82163
82195
82208
82241
82449
82508
82515
82618
82637
82934
82968
83127
83139
83532
83796
83828
83920
83973
84018
84177
84383
84441
84445
84587
84708
84819
85297
85352
85623
85832
85910
85967
85976
86293
86313
86487
86814
86839
86934
87008
87102
87130
87252
87264
87295
87366
87382
87443
87484
87485
87525
87719
87745
88091
88099
88163
88399
88471
88478
88614
88619
88733
88770
88887
88921
88932
88992
89029
89086
89096
89119
89276
89379
89459
89468
89497
89584
89818
89821
89884
90031
90097
90547
90568
90668
90714
91041
91174
91347
91391
91413
91648
91978
92036
92038
92040
92332
92338
92656
92850
92928
92937
93092
93133
93171
93182
93217
93358
93493
93510
93518
93566
93608
93646
93764
93793
93813
93820
93845
93867
93887
94021
94208
94301
94399
94636
94826
94945
95021
95283
95325
95334
95394
95648
95732
95879
95951
95974
96059
96139
96162
96199
96281
96288
96667
96823
96890
96902
96979
97002
97090
97277
97381
97407
97545
97655
97720
97733
97743
97801
97806
97812
97898
98073
98272
98546
98684
98869
99047
99066
99073
99098
99171
99177
99356
99359
99368
99487
99572
99709
99731
99778
99797
99904
99995
100001
100104
100199
100416
100475
100557
100568
100666
100768
100780
100878
100969
101124
101361
101383
101395
101413
101458
101553
101668
101748
101776
101852
101957
101984
102024
102049
102063
102311
103045
103365
103455
103626
103668
103695
103921
103957
104094
104115
104231
104716
104852
104889
104917
104936
105017
105022
105123
105138
105399
105669
105714
105737
105850
105901
105933
105962
106035
106057
106182
106379
106396
106507
106533
106640
106665
106692
106852
106924
106942
106958
107117
107154
107241
107243
107639
107658
107707
107858
107889
108105
108292
108295
108476
108691
108863
109089
109232
109385
109387
109509
109520
109552
109605
109631
109669
109701
109807
109832
110166
110357
110381
110502
110565
110751
110852
110871
110887
110889
110899
110958
111000
111057
111301
111305
111522
111590
111876
111937
112024
112047
112193
112257
112279
112349
112439
112492
112617
112683
112721
112797
112816
112859
112884
112991
112996
113181
113218
113224
113312
113448
113472
113510
113887
114000
114026
114261
114456
114474
114684
114690
114704
114736
114880
114895
114930
115110
115141
115184
115484
115566
115753
115878
116243
116351
116363
116490
116588
116617
116946
117210
117430
117518
117681
117724
117770
117772
117775
117812
117866
117925
118130
118200
118216
118562
118808
118918
119012
119109
119148
119149
119234
119306
119405
119491
119549
119720
119943
119987
120210
120237
120383
120418
120423
120444
120498
120674
120808
120833
120998
121013
121057
121146
121286
121461
121550
121837
121919
122034
122077
122097
122297
122319
122383
122391
122498
122691
122730
122865
122876
122949
122963
122965
123015
123063
123067
123366
123387
123408
123622
123713
123809
123867
124206
124256
124259
124341
124379
124508
124641
124679
124774
124898
124990
125137
125297
125358
125393
125404
125566
125582
125679
125757
125833
126060
126073
126226
126405
126734
126880
127093
127109
127227
127236
127393
127418
127538
127720
127789
127886
128224
128309
128371
128420
128498
128537
128676
128709
128913
129203
129216
129245
129377
129546
129601
129657
129809
129861
129880
129910
130079
130115
130402
130473
130969
131111
131121
131143
131225
131348
131372
131443
131483
131517
131538
131786
131961
131996
132100
132180
132221
132346
132349
132369
132385
132566
132618
132829
133086
133171
133199
133559
133706
133735
133839
134004
134117
134159
134216
134223
134345
134368
134633
134727
134768
134909
134966
135054
135253
135352
135353
135599
135613
135972
136046
136057
136168
136328
136360
136527
136672
136712
136897
136923
136940
137111
137115
137151
137153
137214
137305
137492
137561
137620
137849
137871
137914
137993
138052
138127
138215
138363
138608
138611
138675
138692
138695
138894
138913
138923
139004
139043
139181
139244
139445
139579
139767
139877
140054
140294
140336
140480
140891
140981
140983
141145
141243
141445
141507
141516
141614
141775
141796
141903
141920
141960
141975
142136
142190
142401
142445
142533
142549
142597
142781
142847
142913
142951
142992
143041
143045
143111
143170
143253
143362
143434
143525
143543
143671
143747
143781
143798
143899
143907
143921
143956
144010
144205
144444
145051
145063
145096
145170
145369
145385
145460
145497
145515
145597
145666
145759
145837
145996
146093
146148
146206
146386
146397
146409
146427
146663
146718
146729
146732
147028
147153
147172
147212
147422
147479
147576
147772
147778
148224
148416
148425
148513
148542
148610
148680
148833
148961
149096
149245
149340
149692
149707
149764
149768
149772
149777
149858
149931
149998
150040
150183
150205
150368
150438
150509
150585
150654
150687
150747
150777
150785
150841
150947
150987
150992
151017
151042
151144
151301
151326
151387
151495
151531
151796
151990
152045
152071
152078
152241
152256
152357
152428
152759
152791
153228
153587
153691
153757
153766
153855
153988
154031
154038
154084
154290
154328
154480
154544
154726
154737
154790
154830
155147
155247
155334
155496
155557
155667
155678
155726
155846
155947
156016
156381
156628
156699
156763
156879
156993
157037
157245
157342
157502
157776
157785
157849
157953
158116
158224
158278
158367
158450
158516
158683
158688
158784
158927
158990
159077
159203
159355
159407
159663
159733
159765
159774
159775
159977
160052
160150
160258
160641
160735
160771
160848
160849
161015
161030
161095
161117
161280
161308
161350
161366
161385
161421
161664
161750
161775
161851
162204
162267
162579
162627
162660
162764
162767
162824
162902
162981
163175
163456
163494
163528
163534
163694
163699
163810
163935
163945
164116
164212
164230
164424
164433
164482
164649
164651
164927
164952
164957
165033
165041
165142
165208
165316
165376
165383
165402
165625
165647
165944
165950
165963
166016
166030
166198
166210
166330
167048
167252
167370
167525
167562
167565
167588
167667
167726
167851
168014
168115
168978
169083
169446
169477
169487
169490
169839
169906
169946
169951
169987
170057
170220
170250
170252
170457
170494
170572
170606
170637
170647
170676
170778
170932
171000
171081
171459
171522
171525
171547
171736
171789
171988
172351
172355
172550
172578
172761
172840
172974
173153
173159
173190
173456
173503
173581
173621
173736
173825
173868
173892
173936
174137
174394
174554
174623
174639
174895
175199
175331
175372
175572
175710
175846
176012
176016
176037
176045
176068
176149
176221
176281
176290
176316
176341
176430
176717
176904
176985
177184
177195
177593
177613
177909
177998
178031
178395
178434
178477
178510
178589
178593
178676
178733
178889
179076
179192
179254
179298
179304
179326
179362
179429
179666
179837
180063
180109
180406
180488
180536
180628
180655
180746
180753
180767
180839
180885
180896
181141
181165
181416
181577
181604
181722
181985
182216
182303
182408
182445
182568
182687
182736
182769
183020
183041
183116
183183
183276
183526
183574
183580
183749
183753
183784
183837
183871
183941
184111
184140
184261
184317
184702
184763
185015
185094
185140
185469
185529
185736
185869
186038
186046
186076
186189
186489
186588
186609
186734
186794
186854
186945
186994
187140
187321
187486
187550
187678
187878
188125
188129
188182
188203
188243
188253
188284
188356
188608
188785
188803
188852
188970
189027
189336
189476
189521
189608
189627
189704
189722
189727
189790
189836
189882
189959
190044
190153
190190
190239
190269
190361
190369
190559
190631
190675
190773
190823
190905
190924
191000
191194
191197
191201
191430
191546
191620
191639
191673
191805
191818
191832
191988
192057
192232
192319
192353
192690
192710
192880
192937
192986
192991
192998
193376
193482
193614
193683
193812
193944
193960
194041
194284
194395
194605
194731
194756
194765
194796
194866
194912
195078
195097
195166
195345
195386
195580
195585
195587
195660
195664
195945
196102
196159
196165
196213
196309
196326
196332
196515
196615
196738
196751
196754
196992
197007
197017
197441
197635
197716
197890
197893
198145
198224
198255
198263
198438
198663
198687
198769
198847
198954
199117
199174
199486
199542
199568
199580
199767
199782
199810
199843
199975
200086
200101
200150
200233
200490
200540
200929
200986
200987
201236
201296
201342
201368
201509
201546
201679
201843
202235
202246
202430
202572
202618
202634
202667
202684
202774
202803
202864
202982
203136
203196
203223
203258
203281
203316
203407
203428
203479
203605
203891
203948
203949
203983
203992
204367
204614
204665
204701
204826
204850
204917
204956
205056
205155
205242
205613
205842
205850
205855
205872
205875
205888
205893
206035
206058
206316
206485
206550
206567
206628
206793
206899
206965
207014
207036
207037
207077
207232
207456
207512
207534
207566
207586
207618
207696
207933
207945
207957
207961
207984
208130
208163
208213
208239
208255
208266
208274
208390
208391
208486
208557
208675
208749
208778
208975
209162
209186
209202
209205
209206
209417
209484
209742
209904
209979
210106
210173
210191
210343
210581
210650
210765
210807
210895
211142
211179
211223
211236
211541
211578
211896
211975
212016
212058
212063
212089
212229
212285
212350
212449
212486
212636
212680
212774
212909
213002
213200
213371
213502
213509
213524
213723
213776
213831
213894
213912
213965
213988
214100
214194
214245
214317
214369
214382
214567
214599
214630
214655
214669
214771
214817
214823
214967
215242
215382
215518
215687
215757
215845
215929
216093
216112
216234
216283
216290
216297
216396
216487
216680
216706
216776
216993
217024
217099
217317
217596
217741
217965
217996
218134
218154
218317
218456
218666
218727
218804
218855
218861
218974
219197
219236
219343
219384
219397
219436
219438
219532
219533
219658
219708
219716
219735
219906
220176
220250
220426
220435
220565
220765
220774
220862
221187
221189
221236
221242
221320
221334
221335
221394
221606
221672
222334
222364
222461
222593
222764
222796
222878
222921
222995
223112
223134
223179
223290
223376
223486
223506
223698
223731
223821
223826
223836
224172
224255
224367
224423
224429
224783
224812
224986
225021
225065
225100
225132
225196
225324
225328
225540
225648
225878
225927
225992
226132
226171
226376
226417
226512
226552
226625
226647
226682
226867
226893
226909
227035
227179
227196
227234
227235
227409
227450
227740
227744
227858
228054
228109
228282
228491
228720
228918
228921
229018
229210
229249
229283
229372
229500
229518
229569
229572
229658
229750
229859
229891
229950
230046
230335
230419
230641
230703
230944
230997
231009
231030
231135
231340
231381
231389
231502
231539
231589
231800
232027
232029
232037
232128
232235
232430
232434
232745
233102
233147
233313
233408
233529
233639
233706
233707
233771
233838
233950
233977
234057
234108
234312
234429
234479
234523
234562
234989
234996
235027
235108
235144
235164
235200
235201
235251
235283
235557
235566
235908
236147
236231
236249
236335
236480
236511
236667
237082
237259
237305
237312
237380
237386
237418
237428
237502
237506
237717
238013
238070
238126
238321
238430
238470
238547
238762
238925
238987
238990
239033
239041
239053
239151
239317
239476
239638
239648
239656
239704
240037
240059
240113
240136
240174
240359
240533
240827
240877
241130
241175
241209
241238
241247
241441
241586
241591
241614
241664
241715
241763
242116
242171
242173
242197
242252
242410
242775
243014
243026
243344
243388
243430
243640
243656
243742
243823
243974
243988
243999
244029
244163
244292
244411
244456
244486
244546
244549
244702
244988
245009
245015
245044
245276
245453
245629
245672
245734
245772
245782
245958
245977
246040
246044
246410
246527
246571
246635
246986
247101
247291
247314
247355
247386
247411
247526
247527
247631
247637
247740
248026
248139
248193
248302
248579
248617
248670
248909
248993
249038
249085
249114
249168
249287
249356
249481
249496
249603
249833
249852
249938
250459
250550
250571
250793
250884
251108
251115
251256
251304
251583
251629
251641
251805
251830
251957
251990
252005
252231
252362
252660
252698
252739
252809
252869
252878
253136
253215
253322
253323
253335
253376
253465
253832
253862
254040
254271
254296
254457
254690
254747
254751
254780
254824
254923
255082
255491
255705
255720
255773
255938
255998
256147
256321
256496
256561
256579
256642
256663
256670
256709
257117
257315
257347
257440
257578
257606
257712
257730
257977
258054
258106
258326
258345
258352
258416
258462
258486
258662
258864
258885
258937
259052
259148
259195
259204
259544
259564
259672
259737
259738
259881
259958
260008
260076
260147
260253
260545
260570
260597
260703
261094
261376
261731
261746
261791
261929
262070
262213
262275
262307
262419
262922
263144
263243
263467
263493
263504
263737
263739
263778
263901
263962
264166
264407
264553
264637
264671
264715
264731
264918
265271
265281
265287
265457
265518
265642
265813
265895
266256
266343
266359
266480
266695
266708
266881
266883
267014
267062
267449
267584
267616
267697
267705
267718
267818
267975
268019
268067
268109
268342
268442
268484
268614
268616
268767
268808
268821
268898
268916
269000
269025
269081
269087
269117
269551
269578
269642
269764
269826
269863
269884
269887
269950
270079
270184
270300
270322
270569
270663
270760
270988
270991
270993
271039
271060
271089
271090
271134
271213
271222
271239
271293
271773
271871
271907
272027
272145
272200
272205
272358
272367
272426
272509
272661
272724
272814
272963
273049
273154
273278
273333
273531
273557
273628
273808
273895
273954
273980
274024
274133
274383
274485
274657
274715
274750
274782
274914
275064
275137
275171
275225
275296
275307
275309
275503
275555
275655
275743
275757
275910
276067
276083
276105
276212
276260
276396
276490
276520
276616
276674
277003
277126
277254
277515
277562
277656
277894
277966
278036
278359
278605
278618
279002
279013
279095
279412
279459
279724
279789
279797
279804
279835
279843
280063
280162
280611
280614
280644
280671
280789
280924
281002
281020
281457
281497
281518
281604
281935
281993
282090
282261
282398
282444
282475
282519
282672
282689
282703
282774
282825
282919
282952
283118
283301
283436
283493
283565
283692
283737
283765
284003
284099
284217
284250
284343
284346
284372
284469
284482
284599
284607
284839
284853
285008
285097
285160
285241
285457
285545
285642
285653
285721
285907
285948
285972
286033
286060
286147
286188
286216
286333
286417
286666
286844
286896
287017
287206
287231
287299
287513
287562
287583
287639
287948
287986
288150
288332
288384
288404
288485
288675
288866
288974
288997
289000
289037
289142
289233
289316
289405
289442
289462
289494
289520
289632
289881
290033
290041
290047
290086
290245
290292
290375
290382
290501
290511
290548
290741
290830
290864
290900
291012
291146
291247
291299
291332
291354
291363
291393
291504
291532
291620
291704
291796
292043
292116
292339
292353
292373
292398
292441
292498
292658
292747
292808
292850
292868
292967
293008
293032
293343
293379
293461
293467
293468
293576
293637
293697
293724
293873
293914
293936
293943
294110
294205
294239
294355
294357
294425
294498
294594
294623
294624
294625
294752
294778
294838
295139
295177
295332
295431
295436
295745
295831
295882
296003
296053
296149
296237
296390
296458
296470
296548
296636
296708
296709
296726
296934
296945
296985
297163
297313
297412
297500
297560
297618
297807
297841
298130
298295
298469
298589
298711
298817
298851
298888
299041
299216
299467
299559
299577
299675
299788
299863
300404
300422
300438
300446
300448
300517
300552
300657
300817
300854
300867
301302
301308
301347
301501
301601
301641
301648
301695
301717
301723
301787
301960
302032
302176
302206
302207
302377
302384
302554
302621
302642
302682
302771
302886
302920
303031
303172
303199
303216
303254
303446
303486
303518
303564
303620
303686
303806
303871
303910
304022
304070
304086
304094
304171
304506
304596
304634
304647
304657
304755
304839
304974
304997
304999
305012
305042
305116
305247
305361
305459
305553
305770
305824
305849
306136
306146
306200
306267
306280
306391
306510
306627
306794
306936
306999
307021
307056
307241
307330
307343
307450
307541
307921
308116
308208
308299
308338
308431
308635
308715
308759
308817
308895
308918
308949
308991
308995
309038
309095
309111
309202
309365
309588
309710
309768
309807
309890
309917
309931
309977
310008
310094
310106
310273
310301
310307
310591
310650
310842
311030
311204
311224
311326
311374
311472
311640
312003
312021
312194
312239
312365
312373
312380
312396
312492
312525
312566
312593
312624
312860
312867
312961
312985
312997
313039
313066
313172
313418
313489
313909
313951
314019
314124
314147
314235
314282
314722
314725
314833
314991
315055
315156
315224
315338
315451
315496
315505
315630
315642
315703
315732
315788
316052
316059
316213
316257
316276
316452
316461
316472
316653
316672
316773
316970
317289
317297
317322
317439
317504
317528
317543
317908
317957
317960
318053
318072
318143
318170
318188
318190
318500
318513
318550
318719
318726
318896
318930
319168
319261
319496
319658
320223
320481
320497
320877
320904
321030
321071
321175
321203
321248
321369
321749
321843
322033
322139
322190
322299
322511
322890
322948
323026
323063
323144
323224
323329
323460
323623
323657
323691
323873
323918
324250
324349
324449
324678
324698
324819
324845
324894
325119
325131
325133
325139
325200
325216
325503
325829
325957
326008
326056
326143
326331
326419
326453
326458
326486
326594
326680
326914
326994
327045
327066
327091
327123
327536
327651
327766
327805
327853
327907
328296
328370
328414
328416
328440
328490
328498
328778
328799
328887
328964
328967
329194
329215
329389
329473
329554
329583
329687
329736
329846
329968
330044
330052
330124
330198
330288
330410
330488
330626
330642
330683
330729
330762
330874
330904
330961
331208
331261
331268
331284
331306
331343
331358
331371
331515
331719
331722
331735
331908
331930
331979
332054
332107
332124
332154
332271
332273
332406
332431
332447
332533
332539
332690
332797
332820
332899
332946
333099
333174
333177
333202
333455
333474
333606
333650
333791
333815
334030
334082
334205
334267
334575
334752
334792
334881
334931
334941
335233
335268
335313
335495
335526
335557
335650
335674
335726
335766
335814
335955
335964
336031
336151
336238
336248
336426
336473
336486
336700
336711
336858
336939
337021
337153
337289
337402
337519
337712
337761
337896
337919
338112
338345
338410
338496
338557
338841
338864
338989
338993
339023
339038
339055
339059
339142
339197
339292
339345
339433
339436
339448
339531
339593
339621
339646
339679
339684
339690
339721
339945
339958
339963
340050
340162
340233
340421
340475
340629
340702
340892
340929
340941
340971
340988
341352
341406
341482
341491
341558
341634
341799
341904
342095
342321
342327
342444
342564
342710
342852
343475
343672
343742
343769
343938
343942
344042
344179
344232
344293
344359
344430
344485
344537
344547
344564
344567
344644
344810
344821
344879
345070
345203
345251
345389
345735
345821
346035
346164
346215
346424
346460
346472
346481
346567
346815
346984
347173
347303
347343
347348
347350
347497
347571
347611
347667
347756
347771
347784
347907
347948
348021
348148
348162
348374
348381
348571
348577
348864
349179
349386
349403
349552
349670
349771
349783
349886
349959
350033
350165
350182
350207
350264
350370
350423
350512
350521
350543
350605
350616
350781
351126
351413
351434
351480
351843
351879
351924
351953
352124
352152
352310
352358
352362
352390
352453
352485
352559
352731
352988
353244
353253
353353
353490
353501
353694
353711
353714
354126
354183
354210
354438
354618
354754
354763
354805
355024
355030
355051
355076
355187
355240
355322
355559
355624
355661
355681
355772
355780
355787
356086
356336
356526
356702
356722
356833
356853
356893
356998
357058
357213
357243
357371
357528
357660
357806
357860
357877
357894
357903
357958
358025
358063
358122
358324
358594
358649
358870
359111
359195
359218
359266
359272
359298
359409
359455
359529
359856
359896
359954
360103
360130
360131
360250
360383
360579
360615
360963
360971
361274
361327
361483
361541
361655
361902
361913
362078
362227
362339
362506
362675
362704
362904
362989
363066
363086
363134
363262
363276
363407
363443
363533
363568
363592
363970
364139
364168
364220
364479
364658
365106
365232
365278
365444
365465
365545
365774
365990
366089
366197
366389
366674
366744
366770
366870
366925
367169
367268
367388
367465
367504
367548
367620
367835
367871
368252
368263
368286
368379
368380
368388
368461
368535
368537
368580
368646
368734
368815
368858
368935
368969
369008
369022
369027
369158
369198
369302
369451
369772
369829
369993
370035
370145
370260
370272
370275
370400
370402
370429
370452
370478
370610
370612
370699
370711
370807
370846
370847
370855
370859
370925
370951
370982
371070
371192
371294
371358
371387
371456
371540
371552
371694
371696
371702
371969
371995
372102
372631
372634
372666
372677
372738
372803
372853
372979
373153
373168
373170
373286
373299
373300
373329
373332
373597
373872
373934
374026
374129
374255
374399
374652
374710
374736
374994
374998
375275
375400
375557
375574
375691
375763
376262
376450
376452
376494
376647
376936
376943
376976
377069
377108
377234
377246
377251
377360
377423
377709
377712
377909
377947
378114
378203
378329
378416
378520
378586
378666
378762
378783
378961
378994
379092
379316
379319
379342
379353
379427
379522
379534
379619
379778
380304
380354
380364
380463
380484
380531
380537
380565
380651
380865
380891
381022
381102
381210
381361
381369
381420
381512
381515
381681
381745
381903
381910
382216
382251
382493
382504
382709
382848
382856
382887
382916
382977
383007
383032
383061
383359
383386
383516
383737
383866
383881
383984
384062
384134
384154
384192
384218
384384
384452
384508
384621
384865
384933
384985
385022
385127
385229
385577
385592
385650
385775
385838
386098
386114
386378
386392
386410
386464
386696
386698
386839
386841
387076
387200
387295
387302
387304
387387
387414
387476
387590
387841
387909
387935
388188
388214
388245
388441
388506
388611
388737
388952
388974
389017
389033
389225
389309
389353
389439
389609
389884
389965
390050
390218
390393
390538
390583
390643
390760
390772
391008
391067
391106
391128
391157
391280
391749
391778
391792
391883
392125
392128
392178
392358
392548
392559
392621
392754
392978
393005
393190
393194
393199
393246
393306
393382
393414
393510
393555
393628
393685
393811
393935
394027
394103
394153
394290
394527
394647
394651
394746
394802
394872
395120
395170
395188
395269
395363
395409
395464
395506
395974
396017
396166
396288
396309
396387
396413
396422
396529
396667
396754
397007
397095
397272
397395
397517
397744
397779
397942
398114
398165
398420
398423
398460
398487
398520
398661
398793
398819
398969
399112
399175
399280
399489
399591
399609
400044
400076
400118
400194
400234
400344
400361
400487
400572
400696
400734
400912
400924
401000
401025
401296
401304
401402
401420
401568
401761
401948
402069
402083
402243
402253
402459
402492
402620
402757
402796
402877
402944
403256
403359
403503
403612
403650
403657
403762
403815
403916
403919
403937
403968
404111
404661
404716
404752
404757
404791
404851
404922
405000
405142
405246
405387
405413
405512
405643
405746
405922
405960
406124
406161
406181
406336
406394
406590
406601
406618
406622
406623
406739
406976
407071
407097
407100
407219
407309
407419
407483
407533
407534
407762
407860
408030
408051
408143
408326
408630
409151
409209
409221
409264
409281
409434
409471
409522
409607
409737
409794
409854
409886
409926
409963
409975
409999
410041
410152
410199
410343
410410
410781
410911
410998
411273
411464
411506
411508
411520
411591
411785
411829
411965
412051
412075
412078
412192
412219
412348
412408
412491
412516
412597
412652
412666
412711
412737
412844
412850
412894
412905
412907
412920
413222
413331
413411
413431
413472
413541
413586
413595
413936
413938
414340
414370
414392
414526
414558
414864
414941
415484
415558
415736
415773
415909
416170
416465
416556
416594
416891
417023
417056
417059
417210
417277
417422
417511
417606
417839
417848
418280
418402
418465
418502
418550
418552
418557
418646
418676
418961
418964
419121
419196
419202
419301
420097
420137
420275
420293
420393
420725
420776
420837
420843
420901
420995
420998
421010
421092
421524
421533
421585
421622
421714
421786
421850
422087
422109
422177
422225
422348
422410
422448
422458
422572
422918
422923
422998
423051
423079
423163
423313
423373
423409
423421
423537
423775
423900
423933
423941
424008
424228
424261
424417
424442
424528
424541
424855
425017
425064
425180
425243
425287
425348
425618
425853
425964
426169
426241
426251
426284
426351
426366
426598
426655
426787
426975
427011
427231
427246
427282
427292
427343
427512
427783
427840
427949
428299
428319
428470
428523
428666
428698
428765
428769
428907
428916
428954
428967
429061
429103
429148
429152
429158
429234
429392
429410
429455
429505
429690
429998
430098
430379
430466
430602
430681
430689
430751
430851
431109
431414
431697
431814
431823
432180
432206
432267
432493
432506
432609
433066
433117
433152
433275
433299
433316
433390
433463
433486
433635
433678
433879
434119
434225
434333
434434
434530
434542
434678
434688
434712
434751
434792
434988
435032
435141
435420
435493
435541
435581
435648
435662
435668
435779
435849
435875
435902
435933
435964
435975
436264
436656
436750
436900
436975
436983
437022
437114
437220
437253
437280
437332
437403
437584
437879
438059
438327
438333
438594
438668
438747
438838
438938
439359
439456
439520
439580
439645
439664
439685
439735
439949
440041
440053
440071
440088
440139
440228
440454
440579
440716
440844
440879
440942
441094
441155
441227
441256
441279
441349
441458
441465
441557
441685
441725
441758
441872
441885
442067
442085
442245
442446
442553
442754
442803
442858
442878
443267
443350
443393
443463
443478
443569
443579
443651
443713
443791
443958
444044
444089
444105
444216
444251
444283
444388
444395
444457
444603
444622
444644
444705
444756
444878
444945
445072
445174
445340
445470
445519
445959
445972
446250
446417
446705
446763
446782
446994
447038
447161
447204
447210
447260
447314
447361
447409
447432
447437
447537
447674
447835
447932
448079
448298
448420
448515
448601
448632
448840
448863
449258
449397
449423
449520
449566
449634
449713
449780
449883
449940
449974
450153
450156
450169
450201
450227
450274
450480
450505
450825
450902
451106
451317
451324
451335
451336
451407
451419
451534
451576
451645
452002
452191
452194
452225
452237
452243
452443
452533
452542
453051
453082
453086
453222
453321
453335
453341
453939
453957
453978
453987
453997
454267
454398
454515
454608
454611
454761
454768
454822
454998
455231
455273
455277
455305
455423
455576
456039
456098
456136
456284
456298
456462
456605
456681
456698
456731
456751
456866
456981
457025
457138
457388
457679
457811
457816
458188
458238
458434
458786
458862
458893
458920
459089
459105
459149
459242
459444
459678
459958
460059
460067
460090
460120
460171
460188
460194
460196
460251
460257
460280
460339
460578
460602
460636
460737
460841
460860
460862
460950
460983
461012
461104
461171
461183
461541
461678
461704
461766
461823
461933
462158
462183
462236
462352
462380
462399
462489
462498
462761
462908
462973
463181
463216
463526
463684
463794
463993
464033
464086
464159
464163
464209
464252
464295
464577
464730
464852
465044
465100
465338
465440
465468
465511
465568
465724
465804
465849
466036
466073
466193
466578
466927
466994
467002
467011
467101
467161
467282
467473
467519
467587
467617
467923
467965
468097
468218
468220
468371
468444
468607
468643
468777
468794
468912
468932
469178
469207
469208
469373
469544
469658
469659
469715
469770
470393
470446
470646
470698
470721
470842
470848
470902
470996
471046
471183
471235
471274
471363
471422
471474
471508
471510
471516
471546
471553
471692
472052
472161
472167
472369
472448
472503
472541
472831
472860
472889
472909
473077
473294
473409
473523
473637
473646
473685
473857
473886
473945
474165
474173
474218
474442
474457
474689
474886
474924
474996
475120
475145
475408
475636
475688
475865
475872
475976
475980
476007
476018
476216
476233
476240
476262
476704
476808
477011
477031
477104
477155
477330
477481
477501
477541
477599
477816
477963
478000
478043
478152
478194
478209
478236
478314
478679
479090
479142
479146
479239
479279
479504
479555
479701
480011
480159
480209
480358
480605
480628
480636
480657
480691
480865
480870
481017
481075
481100
481185
481213
481282
481327
481341
481397
481470
481585
481665
481777
481926
482633
482811
482835
482915
483230
483258
483294
483341
483748
483795
484162
484163
484314
484366
484501
484513
484603
484664
484960
485228
485242
485248
485348
485579
485605
485630
485787
485864
485927
486111
486399
486501
486608
486652
486696
486763
486766
487101
487269
487287
487366
487517
487526
487549
487681
487914
487955
488069
488142
488203
488211
488477
488600
488838
488858
488876
489033
489083
489189
489259
489352
489356
489417
489452
489545
489610
489644
489827
489860
489913
489966
490140
490241
490374
490434
490494
490511
490985
490995
491060
491198
491362
491453
491557
491667
491717
491736
491737
491739
491812
492086
492257
492286
492436
492538
492600
492901
493031
493054
493058
493108
493184
493267
493377
493398
493432
493527
493622
493670
493794
493939
493950
494236
494440
494538
494547
494548
494564
494594
494739
494779
494858
494913
494932
494952
495111
495336
495463
495484
495579
495610
495736
495848
496167
496209
496581
496596
496604
496626
496656
496816
496920
496991
497033
497243
497325
497370
497578
497584
497658
497660
497793
498051
498075
498143
498149
498355
498382
498428
498501
498522
498781
498811
498958
499026
499069
499094
499310
499416
499528
499718
499736
499815
499841
499997
500048
500239
500275
500311
500417
500464
500514
500649
500711
500757
500813
500881
501115
501264
501661
501918
501968
502086
502100
502478
502565
502641
502689
502799
502884
502911
503016
503271
503303
503393
503443
503616
503662
503783
504046
504066
504137
504268
504292
504310
504332
504380
504451
504459
504477
504505
504740
504765
504870
504924
505045
505062
505085
505190
505199
505266
505312
505318
505335
505443
505503
505587
505656
505768
505843
505870
505924
505987
506155
506411
506454
506583
506602
506673
506717
506745
506962
506984
507028
507064
507078
507128
507283
507349
507461
508202
508296
508341
508422
508489
508517
508606
508679
508786
508818
508868
508890
508896
509006
509116
509150
509409
509480
509625
509657
509710
509892
509974
510197
510204
510239
510248
510277
510295
510314
510315
510469
510865
511089
511183
511271
511317
511359
511412
511420
511597
511621
511626
511983
512394
512450
512491
512537
512665
512761
513032
513045
513115
513119
513139
513385
513611
513674
513689
513750
513784
513917
514054
514071
514098
514366
514480
514728
514741
514814
514819
514976
514988
515042
515105
515389
515576
515637
515710
515852
515885
516229
516265
516273
516365
516375
516384
516433
516551
516562
516586
516621
517019
517376
517841
518290
518302
518326
518377
518421
518548
518616
518755
518836
518959
519307
519423
519480
519519
519646
519668
519758
519782
520074
520153
520242
520304
520359
520384
520439
520445
520583
520612
520846
520943
520971
521183
521287
521496
521829
522091
522113
522304
522511
522571
522642
522759
522811
522864
523087
523183
523226
523297
523300
523303
523408
523420
523466
523512
523577
523758
523786
523888
523949
523994
524046
524065
524180
524336
524575
524585
524651
524836
524978
525004
525152
525414
525592
525666
525728
525752
525897
525901
525965
526212
526348
526453
526531
526567
526603
526611
526714
526830
526899
526907
527039
527067
527146
527462
527529
527655
527798
527838
527865
528059
528442
528449
528471
528496
528529
528902
528937
529012
529038
529116
529134
529301
529469
529514
529616
529654
529813
529875
529924
529925
529980
530022
530038
530149
530200
530239
530386
530697
530709
530778
530785
530953
530982
531209
531263
531269
531422
531633
532246
532299
532339
532397
532417
532458
532554
532725
532916
532950
533034
533088
533126
533245
533269
533276
533397
533585
533718
533860
534051
534087
534446
534505
534560
534698
534836
534904
534929
535155
535339
535348
535368
535394
535583
535656
535687
535704
535719
535919
535932
536039
536118
536439
536621
536654
536689
536703
536728
536794
537165
537424
537582
537599
537750
537778
537784
537789
537811
537957
538029
538385
538525
538741
538752
538758
538796
538909
539139
539271
539274
539320
539616
539634
539833
539855
540002
540073
540143
540174
540343
540429
540472
540480
540510
540692
540695
540864
540909
540979
541122
541247
541311
541365
541462
541485
542057
542106
542170
542201
542235
542405
542441
542511
542514
542569
542818
542840
542929
542942
543213
543228
543323
543334
543346
543368
543390
543462
543481
543504
543550
543583
543605
543672
543687
543710
543790
543848
543856
544042
544215
544357
544406
544411
544426
544553
545072
545085
545210
545329
545372
545577
545652
545689
545859
545890
545904
545946
546361
546388
546439
546448
546484
546704
546710
546824
546897
547012
547029
547081
547393
547475
547575
547599
547665
547923
547954
548049
548456
548470
548543
548585
548739
548755
548907
549003
549216
549325
549387
549515
549521
549529
549594
549713
549761
549874
549974
550281
550415
550525
550566
550573
550617
550633
550702
550751
551107
551295
551376
551408
551444
551540
551548
551610
551633
551785
551993
552045
552055
552162
552187
552352
552365
552423
552525
552532
552549
552616
552646
552863
552905
553108
553165
553191
553213
553332
553380
553388
553416
553471
553967
554054
554137
554159
554230
554367
554646
554760
554845
554879
554939
555028
555084
555128
555146
555224
555254
555381
555863
556001
556003
556018
556068
556131
556263
556436
556505
556697
556786
556836
556938
557016
557084
557345
557495
557911
558230
558551
558749
558913
558988
559067
559107
559200
559311
559312
559602
559626
559702
559840
559881
559984
560326
560478
560515
560602
560910
560976
561062
561074
561150
561213
561274
561285
561364
561503
561534
561577
561754
561862
562068
562079
562088
562163
562277
562411
562766
562770
562814
562887
562997
563323
563577
564022
564052
564244
564304
564389
564427
564490
564495
564549
564663
564677
564725
564880
564968
565077
565088
565120
565322
565409
565469
565657
565735
565754
566041
566122
566404
566459
566489
566668
566771
566793
566820
566842
566993
567011
567131
567147
567322
567372
567479
567562
567672
567866
567904
567937
567990
568054
568110
568234
568257
568260
568356
568677
568773
568799
568875
568907
568912
569112
569194
569260
569516
569744
569817
569844
569916
570015
570168
570192
570308
570562
570654
570881
570920
570996
571117
571193
571200
571213
571217
571439
571463
571551
571605
571665
571674
571943
571952
571999
572088
572191
572225
572392
572666
572688
572696
572899
573034
573090
573110
573144
573172
573217
573313
573340
573409
573644
573645
573659
573904
574103
574173
574580
574617
574749
574811
574965
574991
574994
575049
575056
575237
575277
575306
575346
575403
575522
575650
575738
576075
576112
576149
576207
576283
576354
576454
576487
576534
576610
576733
576775
576776
576787
576899
577204
577225
577732
577843
577932
577944
578037
578108
578239
578400
578480
578585
578926
578970
579191
579198
579200
579506
579532
579637
579726
579781
579848
579931
580128
580193
580317
580529
580653
580797
580802
580864
581122
581125
581196
581305
581307
581547
581622
581681
581716
581817
581856
581896
582034
582196
582277
582318
582976
582996
583050
583078
583081
583082
583093
583160
583703
583746
583805
583897
583965
583995
584007
584029
584260
584282
584387
584438
584612
584668
584703
584721
584861
585092
585129
585137
585202
585269
585302
585411
585634
585698
585755
585805
585812
585843
585855
586108
586125
586179
586410
586475
586576
586656
586684
586793
587086
587100
587319
587339
587357
587407
587513
587738
588026
588103
588270
588311
588321
588402
588747
589327
589527
589551
589602
589746
589931
590235
590312
590439
590472
590487
590784
590904
591146
591273
591345
591415
591499
591625
591752
591822
592248
592263
592302
592318
592471
592795
592835
592891
592902
593011
593147
593326
593382
593437
593549
593567
593873
593944
594551
594737
594892
594920
595148
595177
595178
595259
595345
595627
595697
595699
595748
595754
596057
596104
596136
596271
596412
596481
596520
596560
596688
596788
596877
596905
597127
597416
597495
597616
597680
597753
597780
597819
597822
597832
598105
598123
598260
598295
598312
598451
598468
598469
598947
598995
599164
599284
599377
599553
599621
599720
599752
599755
599790
599814
599837
599928
600002
600009
600030
600259
600377
600428
600736
600837
600885
600976
601301
601327
601431
601840
601841
601843
601844
601854
601922
601938
602056
602117
602125
602130
602159
602343
602375
602423
602547
602624
602930
603141
603155
603241
603278
603319
603349
603397
603452
603464
603481
603495
603546
603566
603855
603964
604163
604174
604222
604250
604318
604326
604363
604407
604482
604485
604635
604695
605042
605079
605120
605135
605162
605236
605237
605551
605600
605633
605702
605880
605942
606142
606334
606417
606465
606507
606884
606901
606990
607094
607139
607280
607357
607456
607520
607544
607545
607578
607593
607630
607657
607736
608016
608072
608156
608166
608276
608450
608553
608750
608830
608946
608996
609143
609352
609376
609468
609472
609478
609509
609583
609796
609871
610079
610105
610319
610364
610403
610455
610534
610707
610758
610823
610984
611228
611248
611385
611494
611557
611576
611649
611911
611987
612099
612189
612246
612356
612372
612389
612473
612549
612659
612719
613103
613263
613307
613319
613365
613404
613577
613581
613634
613677
613759
613913
614026
614046
614280
614283
614717
614820
614849
614979
615065
615074
615080
615090
615498
615874
616046
616146
616209
616255
616259
616287
616383
616402
616607
616621
616628
616910
616966
617027
617064
617084
617092
617143
617254
617696
617949
618015
618030
618081
618133
618261
618555
618620
618628
618820
618951
619062
619063
619096
619156
619184
619222
619234
619250
619267
619292
619318
619414
619482
619624
619637
619740
619796
619809
619823
619912
619978
620176
620286
620337
620417
620632
620744
620861
620913
621002
621104
621214
621312
621428
621537
621677
621756
621870
621924
621950
622148
622195
622229
622386
622427
622571
622605
622675
622792
622837
622956
623138
623143
623313
623503
623528
623790
623808
623824
623839
623849
623918
623965
624003
624037
624201
624243
624365
624369
624383
624397
624419
624507
624558
624858
625137
625525
625761
625887
625906
625925
626139
626208
626244
626323
626464
626505
626517
626742
626780
626791
626823
626832
626869
626933
627198
627307
627450
627519
627690
627830
627873
628156
628190
628326
628715
629018
629124
629126
629273
629526
629810
629859
629952
629968
630232
630269
630290
630357
630465
630518
630556
630621
630667
630694
630723
630921
631167
631198
631232
631259
631345
631425
631450
631521
631562
631641
631689
631772
631777
631835
632118
632270
632283
632414
632549
632589
632658
632909
633073
633079
633438
633462
633631
633781
633793
633873
633950
634105
634240
634276
634298
634461
634829
634963
635222
635261
635278
635582
635975
636167
636260
636558
636631
636638
636777
636876
637028
637060
637117
637224
637298
637326
637393
637532
637637
637699
637884
637980
638068
638469
638488
638550
638658
638736
638778
638805
638906
638940
639136
639215
639463
639469
639529
639543
639590
639680
639705
639752
639756
639883
639957
640017
640201
640298
640348
640399
640427
640439
640480
640495
640621
640769
640955
641072
641085
641139
641297
641457
641619
641687
641699
641707
642013
642044
642202
642333
642404
642425
642465
642471
642475
642661
642750
642994
643038
643245
643300
643563
643658
643945
644006
644144
644322
644353
644424
644603
644638
644823
644988
644989
645051
645165
645223
645397
645496
645817
645955
645999
646000
646064
646319
646324
646386
646489
646531
646639
646690
646837
646881
646905
646919
646985
647063
647135
647389
647423
647614
647757
647854
647868
647976
648021
648202
648385
648475
648608
648792
649268
649296
649325
649352
649417
649487
649630
649681
649689
649791
649867
649919
649970
650015
650137
650197
650204
650214
650296
650385
650484
650562
650572
650951
650969
651050
651119
651152
651211
651281
651314
651335
651337
651513
651635
651691
651735
651790
652213
652416
652463
652547
652654
652687
652742
652750
652791
652909
652967
653000
653048
653126
653217
653257
653417
653438
653445
653537
653815
653817
653869
653944
654015
654159
654249
654386
654478
654560
654860
655202
655723
655737
655895
655903
656456
656462
656556
656576
656648
656786
656842
656847
656947
657150
657222
657257
657299
657334
657357
657370
657418
657436
657481
657535
657545
657614
657656
657658
657753
657761
658182
658188
658199
658229
658242
658264
658270
658318
658328
658335
658362
658475
658741
658750
658765
658798
659211
659581
659761
659903
659956
660012
660017
660176
660250
660535
660618
660799
660909
660916
660977
660979
661010
661127
661259
661265
661367
661418
661478
661689
661884
661931
661997
662065
662102
662123
662383
662525
662977
663270
663285
663489
663929
663933
664011
664015
664464
664465
664469
664521
664717
664747
664776
664796
664883
665029
665035
665123
665127
665390
665446
665580
665711
665726
665793
665825
665832
665905
665957
666167
666234
666297
666342
666453
666690
666823
666916
666999
667035
667173
667473
667498
667691
667742
667808
667957
667989
668175
668337
668552
668680
668733
668857
668977
669384
669568
669592
669649
669696
669717
669863
669998
670080
670140
670153
670367
670395
670438
670466
670523
670581
670602
670750
670809
671166
671267
671282
671396
671573
671714
671757
671853
671978
672016
672062
672139
672154
672242
672274
672291
672492
672584
672595
672635
672662
672663
672799
672812
672840
672920
672926
673026
673131
673230
673231
673282
673296
673314
673561
673573
673577
673584
673607
673681
673731
674034
674152
674303
674335
674355
674437
674564
674566
674657
674726
674744
674764
675060
675062
675083
675145
675242
675445
675486
675687
675731
675814
675819
676000
676002
676093
676128
676139
676242
676372
676782
676786
676796
676810
676855
676866
676868
676905
676990
677056
677190
677228
677362
677428
677473
677688
677875
677995
677996
678182
678239
678662
678740
678930
679127
679274
679298
679359
679396
679403
679428
679507
679535
679552
679650
679846
679853
680066
680136
680141
680152
680247
680511
680520
681034
681064
681078
681113
681161
681551
681698
682010
682055
682326
682366
682368
682495
682680
682751
683089
683211
683225
683349
683597
683672
683749
683824
683830
683865
683883
683884
683961
683973
684122
684168
684203
684206
684343
684360
684383
684416
684569
684657
684688
684721
684756
684836
684994
685118
685364
685656
685753
685759
685768
685923
685989
686005
686085
686499
686647
686683
686775
687001
687049
687071
687128
687145
687272
687364
687378
687470
687554
687782
687821
687874
687880
687982
688015
688222
688298
688328
688556
688800
688891
689001
689024
689036
689043
689123
689143
689204
689291
689360
689450
689562
689581
689589
689802
689861
690011
690063
690163
690264
690340
690574
690621
690828
690838
690990
691036
691051
691142
691182
691245
691256
691289
691434
691454
691873
692132
692154
692655
692659
692770
692930
692982
692996
693119
693253
693277
693446
693690
693758
693802
693877
693917
693995
694121
694463
694499
694539
695159
695186
695203
695275
695448
695455
695606
695828
695829
696013
696136
696211
696251
696280
696302
696448
696733
696753
696803
697127
697423
697556
697691
697713
697794
697841
697943
698135
698138
698143
698159
698226
698367
698450
698559
698614
698912
698950
698963
698968
699130
699218
699228
699412
699621
699654
699713
699783
699805
699920
699987
700115
700181
700278
700435
700557
700983
701075
701216
701344
701415
701702
701716
701735
701880
701909
701992
702051
702221
702462
702550
702552
702670
702841
703057
703152
703276
703313
703367
703612
703686
703708
703724
703797
703818
703880
703890
704206
704265
704316
704337
704465
704540
704890
705117
705227
705290
705459
705516
705658
705850
705875
705992
706065
706303
706397
706722
706811
708042
708044
708120
708185
708512
708591
708598
708973
709025
709409
709568
709633
709638
709831
709946
709967
710096
710257
710380
710395
710530
710698
710727
711091
711168
711217
711291
711328
711711
711777
712073
712239
712369
712470
712540
712668
712808
712963
713144
713174
713312
713394
713395
713495
713564
713624
713709
713718
713748
713905
714064
714153
714253
714264
714338
714405
714493
714587
714615
714675
714950
715111
715565
715606
715709
716046
716096
716224
716449
716546
716738
716869
716982
717153
717217
717234
717316
717390
717478
717604
717616
717622
717734
717787
718041
718117
718147
718178
718311
718353
718407
718806
718813
718824
719003
719031
719049
719265
719267
719285
719406
719530
719571
719576
719637
719782
719800
719987
719988
720068
720427
720476
720638
720738
720765
720893
720950
720965
721060
721069
721080
721128
721154
721163
721258
721331
721438
721514
721626
721977
721995
722279
722333
722359
722423
722507
722684
722806
722847
723049
723153
723158
723162
723169
723219
723292
723294
723433
723441
723528
723893
724027
724244
724254
724372
724535
724581
724586
724692
724740
724759
724806
724923
725061
725177
725450
725511
725738
725751
725753
725820
725968
725979
726112
726223
726276
726334
726832
726848
726850
726852
727069
727124
727149
727189
727193
727235
727505
727670
727853
727895
727933
728045
728273
728280
728338
728377
728512
728666
728681
728739
728795
729224
729241
729243
729297
729450
729530
729569
729622
729742
729846
729877
729946
730198
730279
730311
730763
730813
730817
730837
731030
731132
731329
731394
731461
731601
731656
731704
731740
731820
731832
731983
732422
732565
732611
732667
732750
732941
733094
733243
733297
733411
733453
733478
733871
734239
734317
734435
734660
734686
734895
735161
735534
735754
736031
736161
736173
736177
736242
736400
736433
736435
736531
736630
736691
736821
736997
737003
737169
737171
737513
737521
737561
737575
737609
737613
737744
737909
737934
737948
738101
738309
738324
738453
738528
738643
738871
738966
739038
739078
739204
739253
739329
739482
739717
739990
740047
740071
740285
740376
740438
740540
740650
740850
740965
741144
741228
741283
741333
741621
741651
741732
741790
741797
741905
741985
742251
742385
742400
742520
742572
742621
742868
742898
743378
743410
743485
743547
743665
743709
743795
743833
744164
744198
744286
744356
744358
744373
744424
744517
744693
744716
744900
744990
745284
745388
745575
745657
745660
745740
745839
745886
745975
746020
746129
746195
746285
746357
746466
746472
746606
746648
746867
746903
746925
747010
747084
747089
747179
747346
747380
747590
747784
748001
748021
748288
748387
748444
748534
748537
748664
748760
748762
748777
748929
748992
749123
749134
749201
749245
749287
749312
749497
749591
749750
750036
750322
750477
750509
750549
750621
750920
751034
751164
751199
751326
751357
751374
751387
751403
751553
751623
751677
752208
752230
752250
752537
752550
752582
752625
752841
752997
753167
753274
753617
753817
753910
753916
753972
754241
754258
754488
754606
754862
754864
754918
755002
755077
755119
755162
755285
755436
755514
755546
755599
755785
755846
755859
755891
756251
756581
756647
756824
756868
756946
757281
757442
757507
757645
757655
757774
758063
758098
758278
758496
758617
758642
758708
758973
758974
759062
759224
759519
759673
759800
759872
760259
760304
760368
760487
760608
760650
760677
760740
760745
760762
760942
761106
761159
761197
761315
761673
761845
761914
762228
762376
762445
762501
762517
762653
762656
762774
762906
762909
763094
763114
763367
763404
763407
763679
763752
763881
764644
764693
764754
764769
764899
764907
764929
764974
765143
765221
765230
765467
765509
765727
765756
765830
765930
765982
765995
766010
766190
766371
766455
766488
766571
766625
766660
766777
766884
767144
767299
767389
767685
768307
768457
768625
768777
768798
768804
768885
769342
769382
769461
769601
769661
769871
770254
770314
770343
770359
770405
770421
770443
770463
770467
770643
770711
770712
771065
771067
771227
771338
771388
771474
771636
771657
771761
771763
771892
772181
772217
772252
772287
772396
772440
772496
772555
772656
772692
772757
772921
773015
773120
773502
773639
773712
774206
774240
774290
774292
774374
774399
774454
774484
774545
774604
774623
774776
774802
774864
774894
775018
775104
775137
775466
775603
775705
775808
775868
776173
776390
776598
776657
776702
776822
776834
776839
776962
777096
777117
777223
777468
777476
777588
777806
778189
778258
778285
778306
778372
778379
778430
778578
778621
778645
778883
778998
779171
779254
779286
779299
779553
779725
780128
780139
780230
780335
780346
780590
780920
780925
781066
781096
781256
781288
781342
781437
781473
781500
781668
781683
781708
781745
781756
781758
781767
781815
782014
782061
782103
782251
782334
782376
782503
782607
782762
782907
782976
783009
783204
783224
783246
783528
783535
783657
783683
783765
783879
784003
784404
784435
784520
784587
784607
784781
784957
785048
785178
785305
785333
785448
785694
785873
786049
786191
786247
786270
786477
786489
786621
786699
786759
786772
786799
787013
787125
787183
787192
787200
787411
787432
787642
787794
787900
787957
788029
788145
788257
788612
788661
788940
788983
789005
789067
789109
789310
789377
789637
789679
789723
790076
790157
790161
790184
790274
790289
790388
790519
790531
790534
790591
790955
791053
791157
791489
791567
791604
791710
791711
791735
791890
792008
792063
792094
792211
792360
792373
792635
792790
792881
792970
792985
792998
793010
793062
793141
793205
793347
793381
793564
793646
793752
793859
793958
794081
794095
794150
794311
794388
794490
794753
794782
794792
794852
795069
795129
795406
795496
795728
795895
796054
796356
796365
796444
796549
796638
796668
796720
796809
796923
796943
796977
797048
797064
797097
797101
797208
797329
797384
797429
797435
797633
797713
797948
797985
798052
798341
798475
798525
798548
798577
798680
798706
798723
798765
798791
798949
798959
799020
799088
799297
799361
799675
799689
799735
799778
799992
800160
800335
800649
800670
800700
800934
801294
801315
801343
801562
801584
801598
801713
801864
801967
802250
802276
802412
802413
802418
802467
802473
802489
802601
802618
803023
803078
803119
803256
803297
803347
803502
803690
803766
803784
803786
803817
803835
804018
804048
804101
804107
804286
804472
804548
804621
804741
804926
804977
805104
805119
805125
805182
805202
805263
805358
805363
805368
805524
805556
805697
805830
805861
805930
806042
806074
806308
806479
806506
806523
806575
806715
806868
806953
807132
807288
807324
807360
807445
807448
807598
807646
807885
807985
808021
808081
808102
808115
808131
808207
808222
808257
808571
808764
808785
808958
809004
809183
809216
809247
809281
809529
809549
809702
809753
809759
809779
809837
809845
810089
810111
810192
810319
810320
810713
810728
810778
810802
810910
811188
811235
811380
811613
811778
811807
811810
811846
811896
811934
812005
812038
812181
812259
812674
812860
813196
813262
813313
813459
813557
813875
813892
813972
814070
814322
814412
814451
814530
814542
814683
814839
814873
814969
815131
815237
815246
815326
815579
815653
815881
815922
816012
816062
816093
816110
816169
816332
816334
816477
816515
816545
816653
816707
816729
816821
816838
816920
816929
817022
817039
817052
817137
817222
817264
817401
817496
817691
817738
817991
818104
818452
818596
818677
818834
818838
819006
819080
819155
819222
819429
819449
819499
819649
819831
820017
820202
820517
820561
820573
820631
820674
821053
821295
821318
821558
821561
821562
821568
821766
822107
822236
822252
822359
822371
822405
822418
822600
822738
822796
822938
822979
823302
823342
823525
823585
823874
823967
823972
824127
824196
824263
824308
824367
824448
824487
824539
824543
824586
824635
824734
824769
824815
824936
824938
824947
825140
825206
825582
825670
826112
826165
826261
826270
826318
826433
826656
826729
826755
826758
826770
826856
826996
827033
827171
827304
827351
827357
827437
827581
827808
828019
828144
828337
828375
828377
828381
828472
828583
828631
828658
828875
829127
829146
829283
829287
829491
829499
829607
829674
829729
829831
829911
830151
830226
830294
830519
830682
830693
830767
830882
830970
831093
831192
831249
831562
831701
831721
831859
831953
832164
832363
832366
832404
832520
832526
832732
832748
832756
833036
833124
833182
833207
833230
833271
833275
833306
833323
833382
833389
833458
833483
833624
833651
833703
833808
834049
834056
834125
834195
834315
834363
834380
834484
834566
834708
834802
834972
835168
835218
835407
835504
835747
835837
835860
836023
836245
836377
836407
836483
836520
836582
836635
836792
836891
836935
837076
837389
837622
837663
837665
837674
837874
837969
837981
838061
838203
838214
838254
838263
838335
838501
838589
838717
838811
838921
839042
839188
839302
839379
839510
839710
839756
839902
839910
839980
840142
840263
840286
840495
840739
840800
840839
840919
841211
841426
841523
841640
841922
841989
842148
842356
842387
842432
842588
842639
842756
842817
842821
842834
842876
843051
843088
843105
843364
843367
843459
843461
843565
843636
843664
843687
843909
843929
843960
844093
844172
844219
844577
844685
844958
845008
845174
845210
845238
845286
845491
845593
845629
845905
845928
846004
846008
846083
846126
846257
846319
846577
846656
846738
846795
846849
846963
847167
847172
847345
847363
847692
847783
847928
847951
848108
848126
848141
848281
848282
848399
848420
848615
848718
848800
848977
848978
849081
849197
849323
849327
849496
849544
849571
849592
849642
849730
849768
849794
849912
849929
850035
850089
850179
850289
850417
850537
850584
850632
850757
850989
851225
851461
851526
851633
851640
851692
851739
851800
851910
852128
852131
852149
852250
852464
852618
852661
852695
852869
852944
853018
853029
853105
853176
853382
853489
853498
853620
853698
853750
853889
853893
853898
854047
854131
854275
854295
854322
854324
854383
854708
854722
854762
854785
854846
854879
854916
854921
855167
855169
855197
855306
855663
856153
856191
856210
856235
856242
856248
856263
856309
856464
856469
856588
856953
857122
857195
857233
857599
857702
857739
857753
857759
857770
857886
857926
858079
858232
858386
858395
858867
858912
858941
858945
858971
859043
859116
859144
859148
859164
859415
859762
859768
860036
860187
860209
860223
860349
860414
860479
860641
860939
860949
860950
860956
861099
861117
861140
861699
861786
862277
862296
862299
862376
862425
862532
862559
862847
862905
862914
862973
863791
863833
863839
863845
864025
864054
864077
864226
864315
864388
864459
864561
864562
864577
864730
864775
864924
864970
865074
865120
865252
865433
865699
865740
865801
865822
865986
866182
866289
866366
866577
866707
866714
866734
866874
866990
867565
867657
867952
867996
868048
868177
868187
868351
868465
868555
868691
868897
869143
869206
869348
869386
869390
869440
869459
869577
869609
869668
869779
869783
869835
869944
870089
870108
870313
870401
870559
870610
870831
870861
870865
870987
871076
871092
871149
871225
871320
871331
871349
871505
871563
871599
871652
871770
871945
871977
872008
872052
872118
872224
872525
872555
872597
872603
872619
872869
873015
873233
873441
873457
873493
873495
873510
873534
873810
874021
874158
874218
874354
874504
874505
874541
874622
874826
874883
874989
875123
875451
875472
875542
875601
875619
875777
875823
876019
876045
876122
876161
876164
876278
876468
876490
876744
876759
876869
877058
877107
877108
877127
877199
877322
877379
877405
877698
877714
877838
877875
877985
878012
878079
878105
878184
878220
878279
878337
878361
878441
878452
878504
878529
878535
878766
878970
879298
879455
879480
879705
879750
879847
879956
879979
880099
880101
880194
880273
880294
880420
880488
880532
880533
880639
880669
880951
881079
881083
881343
881388
881423
881431
881463
881622
881694
881703
881967
881993
882138
882187
882272
882290
882371
882415
882691
882730
883019
883042
883532
883545
883551
883573
883589
883659
883711
883916
883933
884133
884255
884394
884553
884620
884801
884977
885126
885581
885614
885738
885830
885879
885939
886022
886071
886100
886170
886356
886429
886462
886495
886507
886534
886711
886971
886978
887293
887523
887598
887784
887947
887987
888063
888107
888144
888238
888272
888325
888880
888977
888994
889128
889137
889178
889224
889246
889342
889526
889597
889698
889710
889729
889764
889882
889939
890096
890192
890231
890259
890344
890460
890512
890520
890547
890590
890610
890613
890643
890662
890739
890838
890843
890859
890948
891349
891603
891677
891819
891950
892099
892332
892376
892663
892946
893004
893078
893563
893759
893924
893990
894019
894108
894278
894307
894381
894438
894536
894694
894775
894928
894941
895085
895105
895207
895361
895423
895526
895606
895664
895680
895681
895685
895727
895790
895834
895954
896083
896142
896146
896167
896192
896502
896523
896526
896601
896627
896979
897080
897200
897265
897398
897426
897442
897468
897508
897626
897718
897739
897785
897816
897899
898157
898437
898559
898575
898972
898980
899051
899189
899278
899403
899434
899462
899514
899639
899678
900060
900065
900219
900256
900519
900522
900769
900793
901269
901291
901348
901436
901491
901498
901936
901951
902147
902237
902250
902347
902908
903341
903419
903710
903965
903998
904074
904170
904179
904251
904330
904369
904387
904471
904716
904806
904874
904934
904970
905155
905191
905253
905274
905489
905699
905922
905981
906274
906332
906356
906366
906445
906456
906473
906621
906730
906746
906958
907031
907344
907419
907942
908091
908235
908373
908496
908521
908535
908595
908731
908943
908946
909139
909213
909225
909251
909295
909361
909368
909450
909673
909806
909897
910032
910185
910398
910462
910501
910537
910718
910845
910863
910893
911006
911025
911242
911581
911590
911834
912134
912254
912300
912355
912399
912516
912553
912619
912731
912812
913044
913168
913414
913456
913505
913847
913891
914022
914127
914269
914451
914469
914510
914590
914591
914601
914888
915103
915191
915194
915208
915537
915800
916046
916235
916355
916415
916707
916762
917023
917032
917069
917224
917362
917454
917582
917646
917850
917854
917862
918024
918185
918342
918378
918422
918507
918686
918780
918899
919243
919593
919663
919734
920025
920232
920293
920852
920876
920953
921020
921057
921263
921312
921338
921358
921470
921491
921522
921531
921688
921805
921885
922010
922041
922240
922464
922704
922751
923107
923159
923167
923224
923287
923519
923523
923526
923767
923822
923890
923893
923946
924111
924122
924175
924237
924508
924803
924952
925158
925382
925418
925624
925764
925900
925917
926081
926233
926371
926524
926528
926611
926935
927070
927236
927812
927856
927946
927970
928027
928290
928489
928636
928673
928771
928782
928940
928988
929102
929108
929236
929255
929336
929399
929432
929474
929687
929693
929785
929860
929889
929926
929961
929976
929992
930143
930380
930422
930556
930657
930671
930741
930760
930953
930979
930994
931172
931367
931475
931537
931836
931959
931964
932040
932071
932146
932345
932555
932726
932736
933020
933291
933293
933322
933367
933393
933587
933699
933773
933916
933924
933985
934102
934139
934324
934366
934377
934452
934517
934579
934761
934774
935015
935029
935058
935126
935209
935305
935446
935916
936115
936164
936190
936238
936418
936513
936518
936584
936631
936635
936808
936818
936850
937006
937019
937088
937090
937554
937577
937621
937740
937809
937902
937945
938136
938283
938299
938347
938763
938803
938820
938837
938905
939075
939493
939556
939568
939637
939658
939912
940029
940083
940160
940289
940309
940333
940370
940487
940589
940838
940898
940944
940984
941017
941129
941280
941400
941615
941763
941784
941888
941929
941949
942049
942102
942190
942253
942337
942487
942515
942750
942932
943053
943109
943437
943439
943494
943495
943550
943569
943612
943811
943890
943978
944131
944341
944459
944476
944668
945207
945365
945394
945408
945474
945500
945560
945758
945891
945973
946053
946217
946234
946258
946272
946357
946365
946445
946448
946457
946512
946580
946612
946712
946755
946856
946886
946992
947106
947144
947186
947514
947542
947641
947696
947712
947757
947780
947837
947847
947927
948023
948025
948283
948340
948397
948416
948538
948551
948619
948638
948836
948929
949113
949186
949332
949342
949384
949490
949503
949650
949758
949853
949887
950240
950257
950353
950775
950835
950900
951103
951312
951316
951323
951371
951491
951696
951763
951803
952108
952199
952265
952317
952589
952631
952934
953223
953385
953501
953559
953580
953898
953973
954045
954075
954076
954101
954147
954208
954238
954335
954344
954436
954450
954524
954568
954620
954847
955084
955093
955244
955272
955387
955405
955456
955536
955845
955910
955949
956087
956116
956232
956386
956461
956471
956530
956539
956601
956675
957063
957193
957441
957549
957706
957885
958039
958048
958240
958295
958328
958544
958847
958914
959026
959052
959124
959440
959787
959975
960085
960171
960176
960481
960521
960634
960677
960697
960854
960921
960942
961209
961273
961280
961543
961563
961777
961862
961873
961915
962084
962134
962167
962278
962416
962488
962505
962619
962647
962886
963170
963234
963302
963384
963387
963463
963677
963706
963904
963959
964088
964108
964436
964565
964574
964575
964615
964948
965263
965321
965480
965534
965535
965536
965610
965807
965871
965978
966104
966132
966222
966336
966347
966398
966625
966635
966680
966886
967071
967087
967125
967239
967287
967317
967398
967492
967816
967922
967925
967933
968100
968172
968488
968787
968847
968997
969126
969246
969284
969293
969490
969577
969616
969951
969962
970108
970287
970359
970504
970676
970826
970889
970890
971127
971272
971558
971680
971748
971899
971930
972209
972577
972623
972673
972715
972804
972907
973222
973243
973476
973630
973682
973707
973749
974097
974189
974350
974526
974619
974719
974786
974840
975003
975203
975252
975617
975633
975750
975773
975798
975814
975922
976114
976159
976421
976467
976691
976814
977013
977055
977109
977210
977351
977375
977409
977518
977636
977725
977738
977772
977812
978103
978263
978484
978602
978683
978702
978952
978991
979010
979165
979272
979378
979485
979487
979544
979593
979635
980048
980065
980229
980268
980296
980455
980673
980697
981129
981236
981276
981372
981565
981669
981768
981774
981869
981935
981948
982158
982195
982227
982379
982474
982512
982539
982687
982779
982913
982979
983146
983156
983198
983238
983505
983564
983628
983695
983712
983821
983840
984066
984082
984130
984286
984392
984460
984482
984585
984586
984698
984792
984828
984879
984920
985034
985337
985354
985360
985446
985498
985643
985703
986025
986038
986135
986754
986872
986974
987037
987169
987170
987335
987346
987487
987612
987750
987758
987788
987795
987884
987921
988055
988174
988190
988273
988366
988372
988643
988675
989002
989047
989204
989269
989277
989287
989321
989393
989403
989515
989540
989564
989598
989725
989752
989782
989842
990021
990047
990106
990408
990410
990440
990700
990706
990761
990800
990976
990985
991237
991298
991362
991501
991759
991872
991911
992085
992102
992118
992175
992226
992332
992413
992450
992475
992512
992514
992622
992641
992831
992895
993083
993154
993232
993301
993502
993640
993651
993666
993806
993846
993865
993924
993962
994114
994166
994217
994327
994362
994435
994446
994631
994670
994756
994898
994987
995014
995045
995121
995486
995631
995637
995647
995686
995815
995900
996136
996254
996292
996326
996516
996581
996585
996591
996811
996991
997082
997088
997202
997516
997556
997720
997745
997780
997789
998037
998126
998254
998321
998389
998411
998510
998523
998525
998719
998790
998847
999020
999155
999666
999753
999875
999913
999960
