24
34
47
143
252
517
546
554
637
778
851
990
991
1029
1044
1060
1244
1357
1473
1474
1515
1936
2268
2306
2423
2498
2689
2742
2840
2941
3089
3125
3216
3364
3531
3556
3591
3648
3650
3698
3778
3805
3875
4058
4130
4139
4294
4385
4515
4546
4637
4687
4716
4751
4801
4828
4831
4877
5174
5312
5472
5957
5962
5991
6074
6143
6215
6311
6342
6354
6393
6412
6420
6622
6753
6756
6993
7004
7011
7208
7212
7265
7552
7612
7613
7616
7916
7992
8018
8049
8051
8209
8313
8398
8457
8616
8757
8838
8953
8967
9022
9130
9486
9539
9563
9706
9714
9862
10024
10082
10282
10296
10333
10504
10606
10724
10904
11003
11031
11164
11222
11289
11408
11446
11472
11565
11691
11746
11835
11841
11975
11998
12115
12125
12295
12374
12383
12638
12717
12882
12939
13051
13180
13253
13363
13557
13627
13712
13793
13795
13866
13918
14109
14139
14206
14231
14314
14408
14595
14645
15038
15060
15404
15413
15467
15492
15546
15578
15747
15877
15885
16056
16199
16274
16326
16544
16765
16922
17078
17332
17370
17387
17446
17448
17558
17696
17816
17872
17982
18071
18223
18379
18407
18506
18654
18713
19013
19334
19457
19473
19557
19561
19575
19610
19684
19789
19824
20066
20073
20150
20226
20296
20352
20415
20499
20519
20542
20612
20652
20745
20858
20905
21009
21050
21213
21339
21340
21603
21606
21720
21859
21962
22108
22205
22346
22452
22454
22778
22787
22815
22910
22928
23023
23176
23322
23394
23399
23446
23480
23675
23683
23706
23894
24043
24245
24594
24642
24712
25015
25191
25207
25223
25230
25249
25339
25531
25623
25959
25998
26092
26213
26354
26654
26688
26759
26844
27105
27146
27175
27188
27434
27589
27644
27714
27782
27811
27933
27942
27954
27991
28022
28093
28232
28351
28455
28571
28666
28928
28955
29029
29131
29159
29313
29319
29584
29604
29726
29809
29968
30005
30128
30144
30146
30161
30360
30592
30639
30719
30735
30835
31035
31161
31321
31391
31486
31798
32068
32075
32146
32284
32382
32602
32786
32857
33004
33068
33107
33212
33326
33483
33629
33757
33769
33811
33895
33959
34061
34280
34297
34427
34634
34637
34672
34691
34772
34834
34854
34990
35351
35399
35408
35429
35694
36026
36067
36120
36140
36455
36538
36544
36652
36681
36694
36893
36977
37263
37311
37388
37440
37575
37641
37732
37804
37813
38085
38122
38224
38280
38283
38380
38409
38430
38432
38487
38495
38530
38629
38634
38933
38997
39029
39051
39055
39119
39183
39341
39592
39732
39743
39800
39867
39891
39911
39914
39926
40153
40242
40614
40679
40717
40730
40788
40955
41162
41190
41235
41262
41666
42320
42373
42469
42776
42844
42874
42876
43104
43183
43290
43467
43470
43506
43547
44096
44247
44625
44673
44752
44993
45296
45392
46303
46391
46505
46528
46565
46665
46678
46738
47056
47091
47169
47250
47269
47587
47658
47693
47826
47834
47938
47974
48024
48158
48292
48429
48477
48506
48537
48700
48756
48814
49352
49487
49511
49533
49571
49818
49846
49946
50005
50108
50370
50420
50454
50460
50615
50655
50843
50955
51079
51093
51152
51156
51176
51482
51550
51790
51828
51878
52116
52481
52521
52750
52779
52811
52997
53078
53341
53390
53533
53719
53977
54114
54143
54199
54325
54337
54375
54381
54416
54509
54574
54596
54601
54648
54772
54795
54980
55107
55318
55444
55745
55751
55766
55831
55836
55861
55932
56037
56099
56127
56222
56499
56558
56562
56799
57064
57072
57119
57277
57376
57450
57473
57657
57660
57838
58147
58357
58374
58618
58692
58747
58842
58900
58956
59433
59448
59588
59781
59841
59892
60137
60209
60236
60259
60269
60492
60640
60664
60848
60997
61010
61044
61302
61776
61803
61868
62129
62209
62254
62274
62348
62350
62469
62486
62636
62638
62654
62684
62719
62725
62753
62757
62988
63011
63352
63368
63544
63549
63588
63628
63656
63729
63888
64117
64141
64177
64283
64303
64349
64480
64736
64738
64979
64993
64998
65025
65258
65425
65646
65748
65878
65921
65994
66045
66277
66385
66403
66558
66684
66826
66868
66873
66913
67090
67100
67242
67300
67477
67492
67651
67680
67842
67878
67941
67944
67967
68012
68154
68239
68496
68520
68613
68651
68723
68756
68802
68840
68945
68970
69000
69147
69944
69995
70008
70014
70129
70146
70254
70311
70400
70505
70545
70581
70732
70759
70787
71037
71127
71266
71278
71437
71558
71713
71945
72021
72185
72231
72439
72448
72646
72717
72844
72924
73051
73152
73321
73520
73607
73630
73716
73730
73893
73975
74077
74092
74159
74167
74370
74672
74730
74760
74832
74835
74845
74879
74919
75030
75125
75251
75254
75304
75429
75606
75636
75682
75687
75700
75909
75982
76371
76390
76432
76596
76599
76741
76755
76780
76848
76888
76896
76985
77099
77376
77389
77437
77551
77658
77844
77925
78080
78086
78108
78215
78371
78513
78663
78694
78780
78882
78894
79379
79444
79496
79635
79692
79840
80188
80202
80223
80271
80342
80457
80488
80715
80751
80883
81009
81071
81294
81344
81522
81553
81605
81633
81683
81857
81867
81912
81952
82203
82214
82269
82276
82325
82426
82476
82696
82767
82796
82852
82950
83046
83214
83478
83621
83662
83675
83737
83923
83939
83958
83990
83994
84005
84156
84269
84572
84586
84811
84856
84860
84936
85022
85065
85111
85182
85187
85212
85432
85450
85631
85665
85673
85847
85907
86111
86391
86478
87106
87341
87379
87417
87435
87574
87797
87857
87891
88052
88155
88444
88477
88540
88732
88763
88971
89038
89230
89330
89624
89952
89992
90013
90556
90632
90730
90753
90882
91189
91290
91384
91421
91497
91590
92048
92143
92472
92524
92741
92900
92995
93120
93460
93579
93885
93893
94008
94258
94290
94380
94395
94397
94448
94884
94911
95022
95080
95154
95208
95209
95298
95308
95337
95579
95600
95620
96211
96332
96649
96939
97051
97351
97463
97492
97518
97547
97699
97730
97742
97756
97909
97923
98037
98162
98365
98406
98495
98497
98572
98606
98697
98859
99054
99203
99259
99600
99633
99656
99724
99728
99802
99912
100018
100068
100083
100086
100145
100354
100432
100462
100506
100542
100572
100636
100775
100811
100834
100942
100957
101104
101132
101158
101199
101219
101694
101953
102003
102119
102289
102431
102562
102633
102647
102690
102697
102901
102978
102987
103061
103222
103248
103253
103318
103327
103336
103383
103470
103473
103777
103800
103919
103942
104006
104088
104167
104209
104215
104587
104600
104840
105163
105233
105357
105792
105943
105945
106134
106283
106310
106646
106696
106709
106755
106892
106908
106963
107068
107098
107271
107287
107379
107653
107789
107976
108333
108390
108511
108732
108946
109050
109343
109354
109452
109474
109555
109685
109721
109800
109909
110058
110068
110219
110261
110331
110533
110763
111075
111120
111254
111287
111342
111365
111448
111539
111603
111623
111788
111903
111922
111970
112186
112194
112221
112246
112434
112486
112505
112793
112906
113001
113039
113223
113479
113491
113496
114077
114111
114135
114292
114303
114334
114356
114514
114885
114892
115021
115084
115239
115492
115513
115743
115833
115923
115993
116040
116100
116240
116345
116461
116559
116565
116692
116780
116783
116836
116885
117109
117404
117567
117571
117730
117883
117961
118100
118208
118333
118426
118661
118796
119124
119325
119361
119383
119388
119573
119662
119668
119693
119777
120013
120070
120196
120281
120308
120510
120593
120621
120741
120871
120974
121026
121045
121118
121128
121145
121284
121302
121342
121667
121730
121810
121852
121862
121868
121878
122135
122172
122214
122244
122292
122313
122552
122735
122994
123008
123139
123158
123339
123443
123727
123817
123846
123974
124232
124291
124395
124504
124956
124986
125134
125148
125247
125251
125347
125361
125431
125436
125569
125799
125809
125861
125955
126078
126093
126310
126578
126808
126855
127543
127583
127651
127734
127796
127799
127844
127914
128290
128644
128732
128741
128755
128764
128785
128808
128930
128982
129049
129176
129306
129340
129395
129424
129554
129606
129622
129720
129807
129894
130193
130237
130411
130649
130754
130790
130851
130987
131153
131435
131659
131722
131850
131895
131939
131998
132171
132185
132403
132644
132805
132827
132897
132907
132956
133091
133183
133216
133370
133580
133740
133741
133831
133865
134008
134115
134131
134143
134161
134354
134433
134515
134594
134616
134679
134822
134834
134849
134887
134908
134961
135073
135213
135286
135583
135688
135698
135819
135824
135963
136191
136278
136306
136332
136590
136606
136694
136836
136855
136905
136948
137081
137104
137155
137176
137311
137320
137362
137386
137425
137765
137779
138003
138134
138329
138335
138394
138395
138526
138530
138939
139055
139135
139190
139218
139229
139324
139350
139362
139909
140009
140098
140200
140290
140332
140362
140406
140625
140700
140899
140901
140963
140996
141023
141047
141129
141131
141349
141378
141511
141537
141538
141566
141601
141744
141995
142036
142292
142315
142359
142377
142387
142432
142508
142552
142596
142630
142708
142736
142782
142800
142866
142903
142906
142911
142937
143011
143205
143262
143565
143589
143649
143776
144145
144170
144292
144368
144544
144561
144604
144717
144800
145163
145251
145290
145303
145396
145434
145473
145483
145494
145604
145735
145864
145892
145894
145989
146281
146359
146385
146414
146428
146450
146475
146490
146536
146615
146626
146658
146708
146775
146879
146895
147044
147128
147323
147326
147357
147445
147482
147637
147704
147836
147845
147913
147982
148000
148027
148041
148150
148153
148312
148377
148419
148626
148633
148673
148759
148852
148874
149228
149290
149323
149546
149581
149592
149689
150260
150356
150424
150483
150517
150546
150679
150724
150760
151092
151138
151190
151288
151378
151379
151516
151559
151593
151661
151779
151785
151790
151936
152096
152183
152197
152251
152316
152342
152481
152501
152542
152594
152620
152671
152726
152757
152801
152899
152901
153059
153313
153344
153459
153480
153532
153611
153764
153821
153938
154024
154114
154123
154163
154312
154331
154353
154498
154629
154710
154757
155046
155101
155126
155171
155263
155423
155550
155736
155838
155839
155875
156008
156097
156136
156370
156402
156438
156509
156656
156851
157131
157178
157187
157233
157383
157609
157716
157884
158079
158145
158218
158280
158374
158398
158429
158628
158776
158881
158886
158887
159054
159191
159258
159762
159837
159852
159984
160324
160351
160352
160399
160489
160535
160614
160740
160768
160847
161055
161123
161125
161171
161203
161212
161221
161226
161476
161634
161816
161834
161884
161939
161953
161960
162353
162372
162412
162468
162469
162571
162596
162653
163009
163221
163747
163833
164090
164266
164552
164602
164621
164622
164695
164764
164806
164846
164946
165014
165342
165352
165394
165540
166025
166068
166299
166377
166516
166581
166588
166651
166796
166858
166978
167160
167181
167391
167411
167503
167630
167892
167985
168125
168433
168621
168705
168812
168887
168920
169170
169171
169233
169385
169459
170024
170093
170243
170325
170502
170547
170566
170741
170762
170781
170914
171075
171117
171297
171336
171345
171507
171622
171669
171727
171787
171921
172012
172165
172269
172271
172571
172585
173054
173264
173310
173364
173381
173451
173486
173534
173659
173706
173794
173802
173874
174125
174243
174312
174481
174534
174584
174589
174634
174676
174732
174810
174960
174961
174998
175310
175357
175694
175776
175815
176035
176092
176130
176172
176239
176258
176540
176543
176552
176562
176814
176908
176927
177213
177239
177291
177310
177455
177546
177548
177690
177719
177888
178141
178204
178252
178360
178505
178714
179005
179118
179170
179231
179392
179427
179652
179847
179859
179900
179921
179954
180033
180132
180228
180237
180273
180691
180738
181048
181088
181102
181171
181337
181365
181663
181749
181761
181865
181965
182098
182117
182167
182301
182327
182457
182458
182515
182587
182602
182697
182741
182811
182938
182955
183122
183168
183200
183241
183361
183390
183505
183558
183710
183735
184083
184489
184517
184565
184963
185176
185207
185365
185403
185482
185555
185645
185715
185779
185930
185997
186087
186107
186127
186188
186217
186259
186366
186537
186687
187146
187239
187740
187749
187787
187938
187939
188380
188459
188641
188643
188697
188701
188742
189118
189281
189307
189320
189445
189499
189505
189520
189525
189546
189580
189758
189848
189883
189919
189992
190317
190372
190394
190743
190969
190980
191066
191128
191226
191298
191345
191351
191420
191467
191773
191786
191944
192101
192115
192225
192243
192367
192453
192482
192498
192777
192805
192922
193636
193643
193658
193776
194010
194061
194241
194317
194402
194425
194549
195071
195115
195300
195318
195562
195611
195780
195845
195975
195980
196103
196410
196422
196718
196800
196829
197035
197040
197048
197102
197128
197191
197244
197430
197543
197643
197725
197875
197927
198022
198049
198171
198178
198260
198272
198287
198296
198388
198397
198406
198669
198914
198988
199298
199342
199492
199559
199743
199751
199777
199781
199819
199863
199944
199985
199990
200002
200022
200122
200177
200188
200222
200398
200404
200536
200553
200615
200714
200741
200767
200802
200846
201370
201436
201537
201592
201693
201853
201978
202022
202082
202123
202340
202470
202505
202536
202553
202649
202806
202873
203096
203123
203382
203488
203570
203628
203705
203851
203919
204162
204188
204478
204492
204650
204667
204770
204837
204990
205013
205048
205053
205070
205098
205103
205205
205308
205461
205487
205493
205768
205891
205928
206017
206259
206343
206483
206621
206972
206973
207093
207125
207330
207370
207434
207604
207681
207908
207955
207986
208019
208178
208260
208386
208408
208451
208462
208540
208614
208747
209123
209634
209644
209677
209699
209729
209734
209972
209999
210061
210065
210327
210354
210548
210782
210966
211078
211225
211265
211368
211457
211549
211569
211590
211601
211660
211698
211741
211916
211997
212011
212119
212336
212340
212349
212463
212562
212679
212684
212894
212931
213055
213118
213173
213262
213416
213464
213619
213645
213742
213825
214106
214543
214558
214626
214643
214745
214815
214835
214898
214998
215056
215287
215320
215342
215402
215666
215668
215705
215816
216198
216331
216341
216350
216451
216486
216669
216691
216834
217227
217249
217301
217377
217487
217804
218078
218269
218301
218311
218505
218507
218547
218678
218797
218833
218866
219332
219391
219611
219695
220219
220272
220390
220402
220424
220437
220636
220641
220792
220867
221160
221381
221539
221641
221821
221952
222005
222022
222097
222172
222180
222392
222525
222533
222563
222657
222925
222947
223025
223044
223053
223516
223920
224237
224352
224447
224475
224520
224544
224550
224603
224622
224668
224755
224811
224882
224967
225201
225242
225316
225411
225449
225509
225555
225686
225726
225950
226005
226173
226177
226185
226295
226440
226574
226640
226720
226903
227118
227131
227384
227394
227563
227653
227701
227824
227870
227917
227943
228038
228289
228337
228378
228575
228593
228718
228759
228766
228897
229000
229026
229125
229128
229206
229227
229247
229300
229353
229393
229436
229438
229470
229912
229919
229924
229952
230340
230514
230932
231123
231288
231315
231328
231400
231599
231617
231673
231866
231914
231972
231985
232020
232147
232153
232162
232312
232452
232456
232616
232639
232704
232707
232907
232935
233121
233177
233380
233667
233790
233806
233822
233924
233926
233959
234085
234166
234242
234288
234309
234363
234411
234419
234444
234456
234548
234651
234923
234991
235351
235402
235637
235749
235898
236077
236219
236357
236578
236645
236659
236711
236733
236735
236748
236753
236861
236968
236992
237003
237018
237045
237057
237171
237201
237232
237233
237277
237365
237375
237385
237425
237479
237496
237592
237654
238072
238215
238417
238473
238577
238635
238684
238704
238798
238923
238973
238975
239305
239419
239431
239830
239832
240041
240074
240099
240122
240142
240169
240201
240351
240475
240783
241117
241447
241497
241583
241606
241792
241824
241967
242146
242205
242221
242404
242478
242519
242537
242579
242690
242770
242796
242800
242871
242906
243006
243024
243113
243284
243300
243746
243759
243771
244064
244378
244400
244534
244535
244536
245041
245118
245144
245298
245307
245341
245355
245496
245571
245614
246028
246076
246203
246323
246326
246359
246449
246779
246810
246818
246911
247183
247290
247391
247513
247551
247704
247995
248059
248228
248235
248288
248382
248556
248612
248684
248718
248894
248940
249128
249219
249383
249410
249539
249657
249964
250039
250115
250183
250253
250382
250621
250717
250729
250759
250769
250867
250949
251045
251062
251097
251291
251625
251643
251673
251781
251851
251948
251965
251977
252180
252192
252286
252321
252575
252595
252627
252635
252810
252893
252899
252902
253068
253139
253378
253475
253539
253725
253844
253850
253938
254120
254140
254284
254341
254364
254372
254381
254487
254586
254626
254918
255042
255099
255123
255407
255430
255472
255542
255633
255815
255825
255961
256031
256052
256156
256329
256584
256705
256814
257078
257137
257191
257355
257363
257585
257610
257685
257849
257869
257907
258062
258112
258298
258349
258355
258396
258574
258683
258705
258906
259056
259068
259142
259152
259196
259301
259356
259382
259411
259533
259612
259645
259699
259759
259901
259973
259983
260125
260166
260190
260199
260336
260410
260717
260737
261072
261239
261332
261339
261343
261475
261597
261785
261802
262037
262055
262239
262312
262334
262402
262407
262469
262603
262770
262962
263124
263271
263408
263578
263642
263660
263676
263679
263716
263927
264221
264238
264262
264285
264314
264525
264790
264941
264949
264979
265033
265107
265125
265135
265160
265203
265220
265427
265474
265523
265525
265547
265598
265672
265747
265840
265963
266043
266120
266144
266238
266263
266466
266747
266864
266866
267006
267226
267661
267787
267802
267890
268352
268370
268408
268482
268496
268510
268728
269237
269392
269472
269490
269541
269544
269549
269645
269667
269782
269885
269908
270120
270225
270353
270450
270551
270552
270619
270712
271124
271236
271350
271473
271572
271597
271608
271674
271756
271808
271909
272211
272327
272329
272354
272423
272493
272641
272648
272664
272879
272886
272911
272927
273145
273152
273189
273395
273487
273554
273764
273879
273951
274026
274158
274356
274379
274530
274741
274801
274803
274876
274880
274896
274948
275095
275161
275251
275429
275493
275519
275563
275654
275715
275832
275972
276040
276090
276146
276224
276240
276339
276511
276514
276604
276779
276781
276987
276993
277010
277054
277073
277106
277138
277141
277148
277341
277415
277528
277576
277604
277617
277638
277681
277700
277730
277775
277833
277850
277855
277905
277946
278017
278283
278395
278421
278433
278475
278517
278642
278674
278704
278929
279100
279176
279252
279313
279403
279407
279502
279617
279676
279711
279719
279820
280000
280282
280329
280375
280405
280442
280609
280656
280658
280730
280904
281032
281054
281121
281139
281146
281201
281218
281275
281282
281506
281759
281792
281872
281940
281972
281999
282008
282130
282167
282371
282501
282503
282669
282701
282706
283297
283360
283521
283577
283709
283711
283730
283825
283961
284074
284155
284160
284334
284412
284670
284826
285061
285065
285148
285267
285297
285332
285388
285418
285632
286209
286331
286419
286475
286647
286660
286935
287002
287029
287046
287229
287253
287289
287478
287573
287577
287841
287930
288089
288098
288132
288407
288640
288843
288933
288970
289123
289127
289129
289134
289179
289217
289221
289223
289274
289490
289636
289677
289698
289852
289857
290231
290247
290301
290332
290378
290438
290470
290680
290725
290841
290855
290974
291016
291171
291184
291337
291573
291652
291671
291683
291814
291921
291924
292035
292201
292295
292343
292386
292422
292462
292475
292533
292577
292738
292754
292771
292875
292887
292907
292968
293102
293232
293304
293369
293391
293808
293839
293982
294032
294148
294158
294291
294336
294376
294653
294947
295001
295012
295324
295382
295426
295432
295498
295524
295603
295723
295740
295909
296092
296394
296485
296495
296541
296571
296618
296638
296664
296691
296768
296877
296920
297024
297189
297192
297523
297578
297596
297631
297743
297794
297855
297922
297929
297947
298003
298121
298167
298329
298362
298377
298560
298682
298776
298896
298948
298984
299121
299144
299301
299401
299411
299441
299681
299744
299881
300351
300394
300490
300565
300595
300701
300713
300734
300840
300959
301055
301255
301357
301366
301390
301576
301587
301623
301624
301630
301669
301771
301795
302194
302549
302603
302659
302870
302905
302927
302941
302973
303245
303333
303386
303437
303537
303547
303652
303708
303727
303879
303953
304039
304208
304215
304398
304452
304542
304560
304757
304870
305097
305180
305307
305495
305542
305779
305815
305889
305919
305968
305976
306028
306078
306206
306261
306345
306421
306784
306887
307100
307172
307302
307378
307421
307551
307605
307634
307762
307958
308253
308480
308499
308938
309028
309093
309230
309242
309400
309513
309559
309932
309957
310045
310108
310114
310248
310568
310742
310761
310778
310865
310936
311192
311231
311344
311397
311417
311440
311525
311544
311584
311591
311610
311714
311733
311737
311914
311957
312063
312115
312190
312215
312281
312282
312431
312547
312618
312676
312805
313092
313101
313691
313736
313742
313779
313829
313916
313953
314123
314148
314253
314271
314290
314475
314655
314712
314793
314845
314860
314925
314933
315236
315385
315499
315614
315873
315911
315971
316143
316225
316261
316509
316677
317242
317460
317527
317822
318086
318189
318207
318356
318833
318860
319021
319111
319137
319360
319437
319458
319601
319699
319730
319881
319902
319920
320013
320216
320331
320409
320569
320624
320629
320738
320771
320885
320891
320920
320921
320992
321080
321269
321313
321420
321487
321663
321746
321896
321922
321932
322061
322180
322298
322508
322524
322620
322646
322650
322724
322903
322928
322958
323119
323139
323178
323184
323417
323711
323893
324240
324485
324546
324553
324577
324581
324681
324751
324791
324952
325354
325487
325508
325570
325584
325762
326141
326207
326259
326756
326763
326893
326976
326981
327073
327077
327183
327228
327254
327271
327330
327400
327510
327532
327673
327744
327818
327865
327964
327974
327982
328033
328087
328128
328216
328218
328379
328396
328554
328715
328731
328861
329029
329112
329752
329769
329941
329949
329954
329984
330010
330041
330054
330238
330411
330597
330717
330946
330986
331000
331237
331340
331389
331395
331480
331484
331508
331514
331816
331843
331881
331920
331994
332063
332096
332117
332483
332688
332799
332827
332891
332957
333011
333041
333197
333198
333279
333324
333385
333466
333657
333929
333953
333987
334003
334175
334506
334704
334961
335085
335182
335211
335290
335323
335377
335415
335582
335595
335609
335729
335758
335808
335840
335855
336036
336195
336284
336410
336425
336471
336571
336590
336676
336724
336810
336908
336945
336970
337116
337340
337608
337833
337908
337978
338043
338079
338092
338145
338228
338406
338544
338571
338585
338654
338672
338730
338794
338796
338890
338955
339081
339219
339535
339609
339688
339744
339865
340017
340279
340627
340642
340734
340742
340926
341138
341225
341350
341514
341592
341604
341730
341774
341832
341884
341886
341888
341950
341984
342145
342226
342245
342308
342367
342445
342527
342867
343262
343336
343442
343461
343680
343695
344065
344390
344464
344477
344499
344531
344653
344750
344807
344876
344923
345005
345139
345206
345218
345235
345252
345261
345346
345378
345609
345706
345732
345740
345809
345856
345860
346127
346381
346398
346523
346535
346576
346656
346835
346863
346890
347103
347118
347153
347988
348130
348137
348138
348203
348207
348325
348360
348366
348375
348629
348903
348917
348950
349112
349168
349171
349262
349271
349417
349504
349651
349905
350103
350155
350180
350472
350506
350589
350663
350715
350857
350927
351000
351027
351049
351324
351330
351359
351395
351626
351740
352157
352186
352302
352560
352599
352857
352940
353094
353097
353221
353461
353639
353665
353671
353776
353885
354251
354421
354528
354586
354662
354707
354800
354844
354977
355112
355295
355391
355555
355634
355710
355720
355824
356212
356390
356845
356855
356905
357197
357212
357400
357422
357483
357497
357606
357772
357814
358436
358489
358520
358536
358542
358561
358590
358666
358719
358721
358785
358963
359054
359308
359451
359479
359559
359562
359604
359733
359826
359842
360010
360090
360135
360333
360395
360681
360746
360792
361162
361315
361804
361821
361986
362004
362305
362368
362496
362532
362588
362591
362657
362851
362984
363054
363080
363190
363352
363366
363422
363433
363609
363619
363805
363855
363927
363932
364006
364020
364037
364162
364192
364243
364295
364328
364518
364580
364630
364660
364709
364794
364887
364891
364918
365129
365199
365403
365575
365588
365752
365807
365871
365883
366069
366104
366119
366301
366335
366374
366447
366463
366487
366504
366509
366613
366620
366650
366794
367228
367290
367359
367417
367575
367655
367692
367748
368210
368220
368278
368351
368393
368434
368619
368763
368804
368856
368963
369040
369051
369057
369128
369149
369150
369472
369510
369562
369745
369852
370061
370081
370093
370117
370197
370268
370282
370302
370350
370360
370371
370492
370537
370578
370783
370924
371144
371236
371243
371322
371477
371490
371511
371755
371785
371891
371920
371953
372478
372536
372614
372657
372824
373171
373361
373535
373565
373631
373734
373834
373837
373871
374141
374563
374625
374743
374744
374746
374944
375052
375060
375096
375137
375387
375412
375427
375563
375738
375745
375776
375802
375917
376049
376080
376416
376437
376560
376665
376742
376813
376814
376843
377001
377052
377130
377321
377327
377384
377398
377428
377512
377613
377654
377729
377737
377906
378003
378193
378259
378522
378525
378598
378684
378749
378801
379061
379081
379111
379147
379197
379203
379251
379327
379571
379578
379669
379681
380151
380296
380411
380486
380913
380942
381103
381181
381277
381397
381655
381699
381959
382003
382118
382404
382429
382762
382845
382900
382902
382910
382994
383014
383053
383168
383277
383293
383498
383669
383816
383875
384307
384607
384643
384706
384723
384746
384992
385089
385310
385455
385535
385678
385767
385904
386000
386085
386132
386256
386349
386396
386457
386493
386957
386987
387174
387453
387593
387598
387626
387631
387754
387765
387775
388032
388061
388129
388397
388565
388567
388683
388703
388747
388808
388834
388873
389099
389219
389333
389536
389549
389570
389896
389942
390002
390025
390059
390253
390452
390523
390630
390639
390711
390752
390785
391069
391297
391574
391618
391653
391916
392027
392033
392194
392229
392240
392257
392322
392388
392549
392703
392795
392862
392925
393018
393189
393198
393500
393672
393782
393854
393879
394188
394260
394462
394496
394498
394772
394780
394829
395162
395273
395592
395602
395860
396070
396098
396182
396273
396444
396483
396668
396773
396834
397071
397123
397225
397274
397437
397487
397719
397802
398137
398341
398371
398406
398689
398837
399058
399083
399225
399256
399258
399266
399282
399410
399612
399959
400063
400248
400472
400520
400725
400813
400854
400899
400960
401026
401060
401065
401299
401380
401463
401509
401522
401601
401655
401671
401696
401759
401810
401973
402080
402091
402195
402252
402357
402511
402643
402730
402773
402819
402833
402840
402866
402913
402975
403008
403121
403401
403852
403879
403892
404037
404076
404152
404219
404265
404312
404362
404712
404876
404979
405300
405423
405430
405731
405735
405864
405959
406147
406197
406251
406264
406357
406378
406414
406423
406478
406545
406565
406612
406635
406707
406770
406936
407068
407072
407233
407287
407377
407408
407671
407692
407780
407862
407886
407904
407981
408003
408272
408297
408374
408597
408726
409012
409025
409114
409185
409388
409488
409548
409712
409895
410095
410116
410391
410415
410525
410686
410916
410939
410950
411043
411053
411058
411155
411185
411230
411265
411267
411478
411484
411585
411849
412139
412213
412252
412445
412686
412760
412779
412875
412901
412908
412971
412993
413064
413138
413194
413233
413248
413513
413562
413566
413597
413611
413894
414114
414229
414249
414372
414565
414615
414989
415181
415314
415437
415455
415554
415569
415608
415967
416020
416075
416105
416131
416167
416206
416231
416248
416289
416296
416328
416339
416389
416505
416508
416649
416884
417026
417084
417209
417365
417411
417430
417475
417483
417519
417598
417878
417899
417931
418000
418075
418214
418247
418380
418422
418486
418650
418666
418719
418746
418854
418921
418931
419021
419023
419082
419087
419141
419267
419478
419489
419728
419800
419900
420016
420122
420246
420270
420374
420430
420503
420536
420614
420787
420840
420896
421594
421809
422263
422343
422423
422493
422740
422810
422813
422859
422863
422877
423024
423145
423146
423205
423207
423255
423399
423489
423606
423915
423998
424051
424272
424372
424496
424542
424636
424835
424856
424964
424973
424980
424986
425034
425049
425104
425294
425336
425546
425548
425629
425827
425901
426116
426255
426287
426880
427048
427084
427230
427238
427297
427402
427419
427421
427465
427816
427852
427889
428045
428125
428230
428264
428348
428444
428487
428535
428595
428725
428852
428889
428919
429134
429214
429243
429267
429442
429561
429815
429995
430076
430219
430620
430875
430923
430977
431098
431144
431179
431227
431255
431394
431422
431464
431563
431596
431677
431854
432150
432515
432633
432779
432799
432830
433052
433289
433297
433312
433609
433642
433699
433813
434089
434133
434259
434604
434676
434679
435063
435125
435174
435258
435312
435380
435594
435816
435936
435957
436049
436184
436205
436226
436418
436559
436648
436796
436806
436899
437324
437582
437652
437903
438047
438091
438162
438274
438478
438694
438811
438814
438893
439042
439047
439141
439221
439253
439266
439360
439380
439446
439565
439771
439882
439987
440009
440540
440704
441019
441087
441130
441299
441318
441417
441975
441999
442102
442162
442254
442264
442311
442531
442621
442796
442945
442950
442986
443080
443082
443242
443293
443419
443504
443529
443530
443578
443587
443755
443798
443936
444100
444335
444450
444555
444787
444792
444892
444961
445037
445041
445059
445126
445165
445408
445415
445446
445564
445735
445742
445795
445818
445881
445893
445956
445964
446019
446037
446096
446119
446200
446324
446325
446462
446581
446642
446706
446723
446880
446903
446948
446973
447091
447109
447111
447135
447388
447500
447508
447672
447905
447985
448002
448106
448213
448278
448424
448495
448600
448709
448825
448900
448918
449136
449212
449467
449652
449770
449908
449926
449973
450124
450286
450288
450418
450445
450447
450492
450854
450881
450989
451032
451133
451315
451506
451528
451710
451743
451809
451834
451888
452135
452229
452235
452372
452413
452416
452437
452547
452574
452851
452998
453040
453157
453365
453367
453371
453469
453806
453882
453900
453953
453981
453999
454011
454036
454094
454238
454255
454356
454853
454987
455087
455131
455218
455262
455335
455350
455611
455633
455656
455729
455859
455899
455966
456009
456021
456106
456372
456514
456523
456567
456734
456776
456805
456811
456825
456940
456964
457052
457497
457596
457603
457815
458025
458056
458132
458365
458512
458921
458993
459175
459204
459495
459498
459604
459901
460000
460084
460145
460219
460362
460411
460554
460791
460914
460930
460933
461152
461267
461312
461313
461668
461673
461948
462032
462350
462715
462940
462966
463290
463406
463454
463492
463648
463688
464143
464144
464193
464194
464232
464317
464437
464458
464462
464630
464634
464700
464719
464903
464973
465009
465053
465060
465394
465410
465638
465684
465805
465832
465836
465925
466124
466142
466279
466337
466348
466415
466418
466679
466684
466750
466849
466867
466963
467139
467243
467267
467416
467476
467804
467805
467824
467851
467967
468010
468093
468346
468358
468485
468728
468764
469037
469110
469173
469209
469300
469305
469357
469385
469473
469521
469530
469564
469769
469794
469844
469872
470015
470356
470400
470455
470544
470580
470620
470687
470750
470821
471023
471136
471143
471281
471353
471495
471624
471975
472102
472142
472476
472623
472794
472865
472899
473032
473070
473073
473122
473327
473377
473500
473506
473631
473707
473723
473765
473855
473901
474003
474102
474141
474217
474270
474302
474327
474402
474407
474451
474755
474864
474872
475030
475189
475255
475302
475353
475437
475549
475632
475661
475776
475963
475972
476132
476268
476340
476430
476528
476669
476675
476723
476758
476882
476899
476919
476934
476979
477007
477110
477223
477324
477614
477655
477806
477937
478121
478182
478461
478575
478712
478761
478942
478987
479226
479374
479404
479598
479679
479858
479882
479972
479999
480218
480569
480575
480624
480707
481103
481244
481305
481392
481445
481595
481627
481854
481924
482008
482166
482226
482333
482396
482568
482760
482781
482843
482899
483018
483061
483192
483224
483452
483471
483610
483663
483726
483845
484239
484363
484433
484524
484730
484818
484835
484926
485025
485157
485158
485486
485507
485544
485662
485713
486010
486078
486195
486235
486252
486286
486289
486318
486381
486450
486557
486562
486655
486682
486732
486752
486783
486937
486943
487017
487404
487430
487534
487647
487720
487783
487798
487870
487899
488102
488187
488302
488383
488459
488482
488599
488981
489346
489372
489503
489741
489875
490134
490145
490341
490466
490822
490839
491006
491088
491206
491285
491451
491626
491730
491868
492000
492284
492331
492333
492525
492814
492874
492992
493053
493076
493145
493179
493341
493352
493416
493462
493480
493513
493595
493680
493741
493763
493769
493860
493911
493917
494098
494188
494265
494276
494280
494338
494399
494469
494621
494642
494746
494821
494892
495038
495154
495208
495285
495347
495687
495877
496096
496102
496194
496303
496327
496369
496526
496539
496739
496836
496900
496981
496982
497336
497494
497598
497653
497707
497742
497854
497855
497919
498041
498373
498418
498487
498725
498791
498841
498914
498959
499037
499044
499133
499198
499215
499246
499254
499281
499292
499296
499307
499354
499418
499581
499833
499895
499943
500015
500056
500200
500249
500432
500601
500628
500707
500906
500964
501361
501392
501422
501603
501618
501689
501706
501774
501776
501879
501943
502081
502084
502203
502369
502372
502376
502427
502552
502684
502698
502754
502793
502857
502901
503014
503145
503735
504009
504016
504049
504080
504110
504115
504116
504166
504313
504351
504408
504474
504520
504842
504982
504995
505001
505104
505151
505185
505222
505240
505278
505358
505458
505495
505815
505958
505962
506008
506045
506079
506143
506347
506404
506554
506620
506631
506643
506796
506895
506925
506933
506997
507001
507239
507271
507272
507321
507441
507688
507755
507819
507896
507898
507963
508012
508014
508104
508209
508319
508543
508551
508927
508942
509027
509229
509372
509378
509407
509418
509572
509711
509750
510040
510060
510117
510275
510415
510617
510678
510791
510860
510869
511069
511294
511871
511946
512042
512058
512140
512160
512400
512401
512407
512558
512603
512624
512655
512696
512826
512901
512907
513070
513224
513251
513394
513437
513544
513620
513791
513798
513993
514337
514436
514507
514586
514631
514663
514669
514781
515083
515127
515141
515173
515235
515319
515359
515403
515534
515545
515546
515567
515590
515614
515639
515772
515883
515907
515986
516208
516217
516271
516277
516308
516406
516434
516536
516557
516559
516577
516768
516860
517012
517186
517244
517305
517312
517363
517457
517842
517868
517938
517957
518012
518193
518243
518314
518443
518445
518530
518659
518711
518754
518793
519023
519092
519341
519389
519733
519772
519851
520061
520062
520203
520212
520272
520383
520469
520532
520572
520593
520698
520737
520984
521040
521143
521235
521236
521329
521467
521576
521665
521727
521868
521963
522080
522096
522192
522293
522369
522509
522577
522690
522701
522752
522843
522884
522933
523006
523042
523155
523202
523258
523502
523592
523626
523726
523729
523756
523789
524061
524178
524237
524374
524408
524429
524521
524532
524569
524751
524801
524852
524943
525122
525166
525278
525353
525458
525645
525719
525778
525792
525798
526134
526162
526255
526277
526359
526476
526501
526575
526584
526726
526760
526804
526864
526957
527071
527227
527261
527270
527297
527601
527634
527819
527832
527934
528058
528295
528447
528516
528630
528663
528772
529018
529035
529253
529259
529270
529402
529619
529785
529855
529876
530054
530398
530753
530772
530798
530818
530912
531126
531166
531292
531348
531481
531572
531639
531720
531907
531934
531994
532170
532188
532215
532281
532455
532645
532866
532984
533069
533132
533151
533278
533391
533428
533467
533517
533576
533621
533679
533695
533702
533877
533956
533995
534404
534414
534438
534543
534559
534730
534844
535053
535299
535563
535645
535801
535882
535914
535989
536012
536082
536168
536336
536405
536484
536553
536769
536787
536815
536931
536990
537108
537362
537418
537439
537490
537493
537530
537594
537624
537673
537936
537939
538002
538057
538093
538161
538227
538254
538562
538584
538635
538720
538807
538939
538962
539044
539270
539303
539522
539628
539637
539743
539821
539927
539984
540182
540196
540236
540403
540420
540469
540495
540529
540618
540622
540746
540848
540879
540959
540981
541045
541315
541473
541477
541503
541788
541854
542109
542124
542224
542429
542432
542592
542745
542933
543148
543177
543357
543438
543500
543530
543587
543639
543878
543941
543948
543958
544013
544030
544282
544542
544775
544865
544920
545070
545227
545444
545587
545593
545613
545773
545775
545932
546055
546068
546335
546378
546526
546581
546612
546717
546770
547072
547332
547476
547555
547627
547635
547727
548030
548275
548309
548331
548355
548375
548472
548506
548641
548726
548936
549158
549368
549589
549657
549726
549738
549750
549877
550162
550201
550233
550427
550533
550541
550587
550626
550758
550775
550966
551135
551214
551272
551298
551488
551598
551680
551692
551730
551809
551830
552105
552209
552224
552298
552335
552444
552478
552626
552655
552678
552688
552691
552784
553053
553102
553168
553238
553248
553377
553502
553536
553569
553759
553783
553931
554078
554245
554345
554509
554576
554614
554703
554844
554898
555001
555067
555678
555716
555807
555922
556058
556368
556416
556528
556742
556768
557292
557314
557416
557425
557563
557680
557744
557797
558259
558496
558631
558679
558711
558787
558792
558989
559110
559300
559346
559618
559633
560002
560199
560426
560491
560494
560498
560551
560621
560928
560932
561194
561257
561286
561374
561449
561560
561648
561726
561761
561829
561843
561858
561923
561984
562243
562300
562385
562407
562499
562529
562600
562618
562625
562698
563007
563091
563140
563234
563472
563546
563552
563709
563912
563918
563932
564024
564176
564218
564229
564349
564485
564595
564614
564618
564647
564800
564839
564855
564896
564924
565257
565271
565277
565306
565761
565801
565821
565825
565833
565965
566316
566496
566559
566577
566715
566819
566876
566958
566979
567334
567340
567361
567860
567902
567955
567963
567980
568005
568091
568134
568241
568331
568338
568639
568675
568754
568877
568878
568943
569102
569153
569370
569373
569525
569560
569793
569834
569912
570261
570273
570441
570445
570539
570616
570675
570895
571077
571083
571088
571639
571794
572000
572013
572109
572146
572162
572175
572357
572705
572891
573004
573062
573089
573206
573301
573594
573627
573642
573725
573958
573981
574056
574057
574099
574415
574507
574549
574560
574667
574685
574745
574765
574854
575026
575084
575335
575488
575508
575554
575603
575606
575618
575702
575942
576016
576337
576407
576410
576417
576567
576688
576871
577039
577174
577403
577505
577631
577664
577750
577766
578573
578731
578788
578922
579108
579286
579341
579376
579390
579415
579417
579472
579499
579516
579544
579610
579639
580208
580595
580625
580771
580894
580980
580987
581107
581108
581136
581156
581218
581249
581262
581274
581478
581521
581567
581602
581907
581956
582018
582077
582152
582167
582216
582236
582547
582581
582674
582774
582832
582880
582939
582940
583139
583271
583305
583604
583864
584026
584045
584206
584237
584452
584472
584581
584755
584952
584953
585012
585053
585073
585142
585263
585386
585451
585532
585566
585588
585636
585646
585808
585813
585984
586077
586106
586132
586383
586417
586444
586476
586589
586677
586714
586737
586739
586825
586868
586928
586944
587042
587129
587519
587674
587751
587903
587909
587941
587955
588000
588003
588011
588097
588373
588425
588768
588786
588884
589046
589135
589174
589175
589242
589480
589643
589681
589752
589765
589883
589907
589954
590028
590067
590107
590123
590156
590413
590449
590516
590531
590543
590581
590654
590708
590747
590952
590961
590996
591064
591134
591169
591171
591290
591371
591416
591516
591520
591594
591738
591784
591888
591918
592098
592220
592308
592520
592739
592757
592787
593071
593128
593351
593433
593494
593600
593661
593848
593970
593974
594084
594545
594577
594579
595056
595308
595421
595579
595999
596048
596183
596212
596257
596262
596582
596617
596686
596879
596986
597026
597032
597084
597261
597525
597559
597580
597607
597741
597932
598146
598226
598335
598422
598555
598841
598850
598960
599041
599053
599111
599278
599361
599549
599573
599624
599643
599644
600038
600062
600069
600075
600104
600199
600336
600495
600511
600523
600605
600864
600985
601203
601339
601387
601438
601532
601658
601774
601783
601911
601956
602198
602330
602443
602488
602515
602627
602908
602958
603136
603184
603212
603335
603575
603895
603921
604001
604002
604223
604527
604629
604644
604761
604795
604867
605213
605289
605312
605318
605348
605361
605370
605503
605538
605627
605796
606067
606125
606435
606450
606470
606497
606838
607369
607512
607542
607584
607747
607753
607935
608297
608303
608345
608483
608560
608680
608869
608990
609003
609205
609209
609233
609322
609496
609637
609649
609868
609918
609919
610015
610098
610117
610231
610328
610556
610812
610904
611249
611660
611712
611723
611739
611769
611915
611977
611993
612000
612104
612158
612214
612242
612251
612359
612361
612380
612392
612535
612777
612826
612837
612893
612912
612917
613057
613124
613149
613264
613450
613457
613555
614040
614074
614075
614119
614204
614234
614259
614334
614376
614403
614437
614457
614810
614878
614964
615015
615183
615604
615667
615910
616143
616348
616418
616439
616451
616512
616528
616575
616682
616755
616792
616907
617129
617173
617256
617260
617321
617412
617417
617547
617719
617959
618142
618438
618579
618738
619217
619294
619502
619753
619891
620012
620207
620239
620298
620302
620313
620370
620522
620634
621032
621308
621345
621505
621629
621712
621724
621974
622135
622441
622606
622616
622631
622656
622663
623004
623151
623170
623212
623254
623287
623297
623325
623428
623497
623597
623659
623747
623783
623852
624036
624042
624068
624134
624161
624190
624352
624527
624610
624954
625024
625318
625409
625553
625844
625899
626030
626108
626118
626263
626408
626412
626566
626602
626657
626661
626685
626790
626957
627103
627252
627301
627320
627408
627449
627454
627470
627584
627923
627931
628211
628467
628471
628689
629050
629051
629198
629350
629447
629506
629633
629670
629699
629704
629753
629811
629847
629889
629911
630124
630288
630423
630444
630505
630691
630705
630849
630899
630900
630969
630974
631212
631235
631342
631589
631635
631656
631799
631821
631993
632315
632571
632611
632719
632868
632905
632982
632996
633009
633029
633163
633337
633433
633754
633783
634102
634110
634173
634180
634194
634285
634367
634385
634693
634713
634881
634887
634935
635150
635211
635230
635298
635357
635363
635365
635367
635396
635398
635508
635542
635988
636053
636125
636421
636462
636622
636642
636684
636693
636725
636749
636750
636875
636964
636982
637023
637053
637124
637147
637314
637401
637450
637544
637710
637779
637921
637959
637972
638233
638254
638503
638534
638561
638728
639026
639094
639144
639319
639461
640237
640267
640365
640443
640464
640568
640584
640740
640776
640848
640866
641005
641009
641079
641220
641223
641359
641437
641534
641606
641826
642062
642120
642299
642402
642759
642834
642924
642958
642967
643039
643160
643256
643286
643341
643346
643400
643499
643613
643673
643834
643890
643958
643978
644106
644115
644135
644211
644471
644612
644647
644709
644918
644998
645135
645209
645243
645245
645324
645411
645453
645497
645538
645546
645548
645713
645761
645777
645807
645874
646239
646588
646618
646725
646799
646932
647033
647051
647130
647345
647365
647528
648332
648636
648651
648653
648804
648853
648871
648908
648990
649155
649229
649286
649331
649526
649655
649918
649982
650021
650032
650415
650447
650476
650508
650670
650697
650767
650926
650948
651069
651091
651128
651219
651222
651555
651843
652020
652052
652123
652129
652139
652478
652529
652588
652836
652970
653157
653167
653306
653311
653732
653863
653877
653943
653989
654230
654258
654302
654421
654434
654482
654819
654857
655000
655086
655090
655092
655245
655266
655292
655469
655537
655587
655628
655630
655647
655801
655854
656045
656235
656353
656545
656553
656554
656666
656736
657012
657029
657189
657539
657546
657730
657964
658141
658174
658400
658409
658772
658828
658888
658951
659014
659031
659313
659560
659566
659610
659818
659838
659880
660027
660207
660449
660501
660559
660642
661080
661205
661319
661459
661507
661531
661913
662047
662085
662225
662375
662406
662509
662568
662618
662647
662692
662790
662818
662835
662929
662932
663233
663291
663355
663394
663464
663499
663515
663571
663588
663767
663774
663827
663913
663919
663934
664066
664115
664510
664812
664837
664941
664955
664960
664973
665017
665108
665451
665480
665567
665581
665648
665658
665721
665813
666099
666170
666405
666436
666481
666791
666848
667095
667124
667158
667488
667552
667705
667873
667962
668171
668261
668370
668489
668711
668756
668797
668859
668975
669135
669368
669598
669686
669728
669775
669908
669969
670036
670057
670075
670132
670168
670202
670203
670281
670291
670365
670381
670386
670457
670459
670565
670635
670707
670808
670905
671092
671187
671203
671242
671392
671468
671526
671578
671641
671749
671910
671946
671958
671998
672302
672502
672724
672748
672878
673029
673220
673422
673489
673547
673618
673640
673785
673826
673837
673863
674033
674054
674277
674378
674421
674749
674754
674865
674975
675331
675332
675594
675963
676273
676308
676390
676519
676623
676671
676707
677081
677116
677151
677252
677587
677630
677708
677733
677734
677881
678020
678076
678094
678171
678244
678287
678468
678538
678604
678636
678779
678842
679112
679146
679319
679550
679601
679630
679687
679885
680030
680160
680281
680472
680557
680814
680845
680852
680882
680892
680905
680933
680974
681262
681563
681642
681675
681700
681878
681881
682057
682143
682202
682212
682240
682292
682293
682419
682491
682717
683092
683101
683251
683312
683437
683693
683810
683827
683836
683937
684009
684105
684164
684248
684295
684505
684509
684593
684634
684726
685009
685030
685075
685192
685308
685450
685790
685964
685982
686064
686348
686402
686507
686714
686784
686890
686988
686995
687027
687302
687475
687519
687559
687963
688348
688386
688433
688527
688566
688610
689018
689075
689590
689961
689987
690009
690059
690251
690417
690514
690600
690670
690714
690811
690832
690846
690852
690867
690937
691050
691079
691134
691212
691339
691369
691558
691858
691869
691966
692080
692214
692314
692334
692488
692629
692860
692892
692905
693042
693105
693127
693221
693305
693338
693444
693502
693658
693704
693727
693910
693916
694086
694183
694219
694354
694718
695144
695210
695336
695453
695525
695571
695622
695672
695707
695782
695935
696066
696105
696165
696226
696340
696578
696675
696772
696987
697061
697099
697125
697174
697204
697267
697298
697394
697493
697515
697559
697607
697629
697728
697830
697869
698276
698340
698348
698536
698616
698679
698851
698879
698936
699025
699177
699249
699391
699486
699739
699885
700126
700172
700292
700485
700492
700521
700558
700573
700868
701148
701191
701196
701225
701318
701385
701400
701609
701674
701726
701817
701990
702342
702636
702754
702890
702931
702945
702978
703184
703296
703431
703458
703495
703553
703588
703723
704032
704047
704091
704214
704235
704479
704558
704573
704680
704688
704734
705013
705054
705068
705131
705376
705444
705631
705743
705754
705798
705854
705878
706122
706186
706236
706353
706388
706539
706587
706658
706665
706686
707011
707034
707065
707225
707250
707277
707294
707439
707660
707792
707830
708068
708392
708416
708698
708763
708830
709042
709152
709174
709203
709309
709490
709653
709796
709885
710104
710283
710605
710814
710828
710933
710975
710979
711045
711077
711145
711156
711180
711406
711526
711734
711914
712048
712066
712079
712188
712224
712481
712646
712894
712926
713109
713154
713178
713196
713245
713258
713388
713392
713417
713420
713552
713562
713719
713764
713787
713848
713863
713944
713992
714026
714233
714282
714313
714329
714372
714376
714392
714561
714638
714648
714804
714918
714990
715078
715101
715194
715424
715758
715808
716297
716303
716512
716614
716616
716713
716749
716835
716989
717022
717200
717230
717438
717549
717576
717577
717620
717658
717667
718075
718188
718376
718863
718931
719028
719033
719050
719105
719389
720226
720272
720274
720372
720420
720603
720827
721008
721110
721198
721214
721302
721431
721567
721685
721749
721887
721922
721926
721927
721965
721992
722007
722009
722101
722180
722316
722330
722387
722470
722560
722651
723213
723232
723234
723371
723559
723622
723752
723896
723935
723963
724094
724132
724512
724580
724667
724687
724737
724746
724792
724805
724833
724911
725049
725183
725227
725540
725579
725589
725796
725918
726250
726254
726269
726272
726359
726700
726898
726903
726981
727006
727012
727383
727412
728452
728543
729005
729087
729172
729352
729422
729495
729581
729678
729827
729860
729947
729965
730040
730065
730390
730424
730431
730468
730610
730632
730649
730692
730764
730795
730971
731230
731307
731591
731690
731726
731935
731939
731989
732024
732116
732315
732376
732419
732678
732961
733055
733079
733107
733124
733296
734044
734190
734288
734295
734369
734516
734773
734814
734833
735065
735077
735103
735178
735234
735278
735380
735402
735627
735978
735999
736154
736315
736346
736378
736432
736530
736700
736834
736930
736987
737305
737361
737386
737642
737659
737847
737918
738224
738234
738471
738644
738858
738877
738915
738971
739068
739257
739299
739306
739436
739440
739452
739585
739851
739881
739952
740101
740246
740414
740613
740660
741159
741181
741344
741461
741711
741763
741769
741820
741834
741894
742060
742126
742317
742328
742508
742516
742659
742676
742745
742795
743020
743075
743153
743202
743318
743324
743492
743571
743635
743771
743798
744143
744254
744477
744643
744710
744951
744978
745065
745130
745239
745341
745401
745428
745468
745570
745804
745861
745893
745912
745922
746104
746115
746399
746406
746506
746650
746944
747052
747053
747162
747199
747207
747239
747321
747552
747555
747694
747934
747978
747986
748006
748103
748195
748434
748452
748500
748603
748718
748867
748868
748937
749142
749166
749176
749330
749339
749364
749457
749493
749554
749571
749680
750075
750118
750338
750492
750516
750617
750677
750685
750726
750728
750763
750786
750820
751065
751247
751417
751642
751819
751910
751952
752010
752026
752059
752180
752309
752399
752597
752783
752787
752857
752925
752990
753012
753240
753298
753345
753380
753392
753590
753720
753730
754339
754361
754386
754391
754474
754750
754979
755009
755115
755176
755290
755496
755580
755609
755648
755896
756002
756029
756452
756494
756559
756613
756682
756769
757286
757439
757448
757484
757693
757772
757860
757863
758413
758572
758761
758783
758814
759055
759095
759112
759263
759349
759397
759419
759602
760177
760183
760228
760267
760413
760607
760611
760616
760633
760661
760671
760836
761041
761485
761558
761755
761823
761929
761959
761987
762079
762105
762235
762242
762341
762362
762530
762747
762750
762800
762915
762994
763001
763008
763034
763134
763151
763168
763417
763639
763786
763835
763897
763939
764029
764208
764214
764365
764400
764469
764629
764705
764765
764786
764833
764897
764941
764956
764995
765037
765061
765346
765444
765450
765563
765570
765583
765678
765760
765806
765835
765955
766029
766166
766245
766695
766713
766732
766746
766904
766920
766959
767008
767057
767117
767248
767534
767596
767940
767948
768295
768420
768703
768922
768998
769026
769187
769384
769416
769443
769684
769807
769816
769820
769830
769868
769902
770039
770040
770305
770323
770334
770383
770429
770464
770493
770518
770565
770636
770716
770723
770765
770972
771093
771157
771242
771366
771462
771470
771563
771700
771718
771733
771742
771783
771991
772054
772138
772193
772300
772478
772504
772508
772545
772562
772578
772815
772922
772997
773011
773034
773153
773200
773483
773711
773884
774251
774262
774272
774296
774629
774785
774823
775035
775057
775064
775078
775149
775211
775283
775411
775475
775492
775515
775629
775721
775891
775900
776111
776209
776235
776426
776636
776671
776760
776761
776815
776933
777011
777012
777149
777217
777244
777265
777556
777683
777685
777829
777854
777993
778016
778072
778073
778084
778124
778274
778297
778447
778809
778885
779037
779118
779129
779249
779251
779359
779382
779394
779482
779587
779622
779890
779908
779981
780133
780143
780350
780530
780639
780758
780789
780957
781117
781454
781540
781572
781620
781822
781952
781992
782133
782466
782608
782701
782767
782833
782834
782889
782893
782985
783022
783093
783213
783290
783309
783413
783609
783658
783736
783739
783748
783836
783844
783904
783954
784062
784122
784334
784461
784528
784786
784894
785018
785117
785163
785402
785423
785477
785616
786028
786070
786171
786178
786245
786325
786466
786500
786504
786613
786733
786817
786996
787287
787356
787361
787564
787659
787770
787787
787833
787923
788053
788114
788187
788189
788502
788522
788614
788746
788761
788984
789000
789006
789027
789099
789331
789532
789538
789680
789704
789709
789977
790003
790019
790040
790102
790103
790225
790362
790397
790571
790738
790910
790960
791400
791628
791788
791797
792035
792047
792156
792484
792855
792962
793046
793257
793259
793591
793729
793834
793916
793917
793990
794062
794082
794136
794389
794498
794509
794904
794981
795064
795102
795142
795539
795705
795911
795916
795944
796015
796151
796224
796292
796327
796331
796360
796453
796579
796609
796646
796709
796742
796756
796902
796937
796982
796988
797001
797223
797412
797488
797523
797595
797630
797653
797685
797711
798010
798623
798634
798673
798864
799273
799286
799302
799418
799454
799668
799670
799780
799801
799863
800100
800217
800232
800384
800899
801018
801058
801165
801235
801248
801278
801333
801371
801550
801694
802029
802084
802183
802378
802405
802410
802441
802538
802585
802976
802993
803068
803136
803172
803176
803216
803293
803316
803653
803736
803818
804108
804293
804520
804590
804644
804670
804807
804812
804873
804929
805367
805492
805552
805635
805910
805911
805948
805954
805997
806073
806214
806274
806512
806531
806666
806743
806756
806784
806990
807010
807140
807165
807246
807248
807293
807610
807652
807924
807974
808126
808140
808328
808392
808488
808523
808589
808624
808860
808922
809043
809142
809341
809353
809389
809555
809574
809598
809717
809760
809849
809895
809959
809984
810222
810345
810505
810534
810539
810569
810637
810830
811198
811241
811275
811402
811674
811812
811982
812192
812307
812376
812617
812657
812978
813008
813014
813100
813119
813133
813204
813342
813353
813493
813521
813549
813702
813854
813871
813887
813993
814144
814147
814418
814453
814603
814665
814770
814837
815024
815055
815060
815145
815352
815359
815476
815700
815923
816352
816648
816699
816999
817100
817170
817173
817334
817345
817529
817561
817585
817728
817846
817918
817971
818002
818046
818184
818405
818656
818744
818861
819055
819061
819313
819418
819527
819569
819615
819621
819628
819653
819657
819712
819863
819911
820094
820249
820270
820362
820480
820698
820757
820899
820964
820991
821076
821209
821575
821682
821718
821746
822108
822137
822506
822553
822584
822683
822751
823256
823454
823512
823616
823656
823667
824139
824191
824243
824378
824421
824614
824622
824804
824837
824867
824887
824899
824914
824967
825098
825243
825365
825383
825437
825806
825888
825925
825969
826074
826194
826280
826335
826535
826573
826644
826677
826724
826774
827043
827077
827185
827469
827619
827623
827652
828058
828090
828165
828219
828294
828318
828335
828466
828487
828536
828560
828708
828744
828791
828915
828919
829053
829395
829442
829561
829658
829696
829963
830004
830172
830356
830506
830592
830593
830618
830730
830823
830959
830961
831221
831239
831269
831270
831292
831367
831465
831518
831554
831604
831657
831690
831832
831854
831927
831976
832014
832028
832047
832119
832211
832355
832357
832443
832529
832586
832643
832805
833015
833192
833326
833426
833534
833553
833747
833960
834061
834105
834169
834326
834332
834367
834414
834454
834581
834600
834672
834825
834864
835017
835139
835237
835450
835495
835608
835809
836110
836142
836330
836428
836444
836505
836682
837345
837419
837566
837831
837880
838158
838223
838237
838296
838418
838495
838497
838532
838673
838894
838903
838934
839243
839304
839335
839415
839453
839492
839501
839564
839573
839713
839738
839829
839946
840041
840162
840195
840219
840307
840394
840492
840628
840782
840854
840870
840972
841065
841151
841207
841626
841686
841757
841807
841847
842008
842033
842143
842213
842235
842264
842328
842488
842530
842550
842874
842934
843157
843383
843434
843519
843545
843641
843944
844027
844053
844063
844110
844379
844453
844549
844661
844769
844790
844822
844823
844878
844976
844979
845139
845229
845248
845439
845450
845476
845999
846072
846133
846272
846383
846575
846767
846974
846999
847058
847077
847122
847196
847387
847474
847583
847599
847614
847743
847821
848024
848027
848145
848216
848628
848738
848760
848912
848940
848980
848985
849065
849134
849613
849734
849827
849914
850014
850068
850137
850232
850305
850378
850384
850386
850628
850640
850707
850904
850925
850972
851029
851144
851410
851421
851549
851664
851905
851913
852020
852106
852217
852248
852351
852399
852602
852681
852735
852789
852884
852893
853020
853196
853301
853302
853401
853407
853569
853641
853676
853697
853890
854141
854184
854314
854456
854586
854664
854748
854926
855120
855239
855455
855599
855617
855658
855680
855714
855740
855766
855880
855897
856009
856021
856367
856444
856767
856942
857013
857118
857243
857331
857343
857679
857762
857792
857961
858156
858176
858248
858390
858428
858471
858886
859006
859197
859218
859257
859339
859492
859671
859752
859783
860052
860085
860376
860660
860669
860819
861001
861063
861088
861107
861195
861215
861244
861340
861354
861393
861681
861683
861698
861751
861768
861826
861889
861948
862110
862197
862302
862460
862474
862555
862596
862673
863066
863118
863177
863188
863337
863378
863448
863456
863607
863734
863773
863855
863923
863987
864006
864026
864065
864107
864134
864267
864635
864760
865022
865063
865162
865356
865422
865617
865650
865751
865753
865866
865875
865973
866073
866174
866378
866411
866448
866523
866740
867018
867052
867196
867266
867351
867385
867462
867475
867478
867545
867595
867623
867725
867777
867798
867922
867934
868005
868061
868519
868556
868656
868894
868975
868979
869084
869191
869269
869295
869346
869350
869378
869453
869632
869667
869717
870162
870200
870379
870688
870730
870895
870918
871138
871202
871219
871236
871326
871471
871528
871529
871532
871533
871584
871653
871695
871934
872124
872179
872207
872354
872500
872515
872775
872855
872897
872998
873005
873040
873106
873219
873381
873384
873392
873449
873644
873729
873919
874061
874116
874410
874438
874463
874464
874591
874630
874728
874739
875379
875394
875455
875478
875554
875709
875792
875956
876087
876159
876200
876213
876437
876453
876467
876570
876646
876764
876867
877024
877255
877256
877330
877388
877491
877680
877711
877722
877757
877763
877905
877913
877931
878013
878015
878019
878031
878126
878164
878239
878338
878346
878374
878431
878595
878623
878696
878713
878795
878847
878900
879003
879013
879028
879133
879156
879181
879222
879426
879509
879573
879629
879698
879721
879769
879785
879863
879892
879906
879924
880085
880148
880283
880298
880380
880426
880453
880605
880650
880713
881380
881496
881559
881599
881735
881740
881743
881844
881847
881894
882001
882055
882092
882095
882128
882341
882343
882456
882514
882543
882590
882598
882668
882971
883064
883398
883622
883633
883694
883738
883882
883950
884005
884144
884203
884224
884272
884283
884284
884334
884354
884480
884509
884547
884594
884625
884750
884815
884842
884875
884957
884958
885139
885264
885373
885512
885527
885580
885645
885721
885727
885833
885962
885979
886120
886305
886486
886529
886591
886618
886670
886846
886970
887049
887054
887125
887157
887390
887484
887521
887571
887703
887756
887764
887809
887960
888071
888116
888267
888294
888301
888608
888633
888716
889194
889260
889279
889323
889336
889363
889384
889504
889572
889700
889878
890198
890268
890389
890422
890479
890491
890552
890579
890752
890753
890828
890979
891273
891297
891330
891334
891348
891504
891547
891627
891839
891930
891965
891999
892064
892070
892160
892234
892242
892330
892516
892677
892768
892793
892824
892986
893088
893095
893129
893145
893186
893230
893366
893368
893443
893447
893467
893472
893514
893524
893534
893589
893705
893834
893977
893986
893997
894007
894238
894317
894429
894453
894827
894904
894998
895139
895192
895224
895414
895445
895549
895563
895669
895773
896019
896023
896065
896108
896274
896399
896522
896657
897123
897176
897266
897269
897423
897604
897620
897673
897771
897884
897931
897970
897983
898007
898013
898024
898034
898166
898510
898538
898590
898592
898597
898630
898803
899073
899195
899208
899212
899253
899335
899373
899483
899592
899611
899651
899675
899867
899899
900029
900041
900303
900403
900448
900674
900758
900777
900866
900913
900937
901118
901198
901253
901397
901736
901763
901770
901842
901938
902030
902247
902544
902636
902788
903114
903162
903193
903369
903402
903405
903425
903432
903455
903522
903699
903915
903943
904051
904284
904302
904442
904541
904760
904928
904945
904973
905160
905300
905336
905449
905481
905588
905861
905944
906175
906195
906223
906294
906320
906365
906370
906601
906936
906946
907025
907302
907397
907434
907549
907775
907907
908052
908263
908317
908357
908388
908390
908480
908511
908579
908795
908968
909107
909250
909270
909279
909384
909441
909537
909575
909586
909920
909986
910043
910067
910152
910331
910350
910632
910771
910807
910810
910848
911074
911080
911097
911329
911346
911409
911571
911658
911698
911796
912165
912178
912403
912434
912522
912713
912738
912827
912981
913047
913107
913116
913223
913410
913542
913559
913631
913658
913884
913934
913941
914207
914253
914343
914387
914470
914570
914613
914706
914802
914883
914938
914962
915017
915134
915588
915858
915926
915945
916193
916195
916250
916262
916459
916539
916594
916764
916785
916935
917038
917117
917182
917340
917406
917552
917554
917570
917616
917635
917656
917886
917916
918100
918167
918405
918633
918781
918881
918980
919075
919195
919496
919540
919597
919668
919670
919782
919921
920013
920035
920081
920120
920385
920413
920429
920445
920475
920512
920610
920628
920754
920819
920836
920867
921329
921451
921548
921819
922081
922136
922141
922228
922288
922318
922394
922396
922448
922492
922515
922544
922623
922698
922786
922791
922882
922938
923041
923092
923194
923240
923319
923344
923431
923473
923731
923750
923849
923905
923966
924008
924024
924128
924233
924522
924525
924547
924642
924732
924886
925205
925318
925335
925346
925719
925841
925842
926073
926224
926454
926464
926559
926596
926653
926662
926736
926832
926934
926981
926986
927102
927142
927166
927304
927344
927437
927576
927622
927629
927833
927893
928064
928074
928340
928420
928559
928562
928774
928801
929027
929331
929356
929603
929613
929628
929859
930037
930129
930407
930759
930983
931122
931124
931129
931388
931756
931787
931794
931861
931919
932126
932150
932440
932484
932490
932513
932594
932714
932715
932914
932918
933148
933153
933221
933286
933288
933303
933396
933706
933736
933887
933936
933965
933991
934025
934397
934456
934574
934701
934793
934824
934952
934968
935019
935279
935521
935811
935818
935913
936064
936089
936192
936446
936502
936542
936941
937143
937196
937251
937336
937356
937682
937842
938070
938082
938124
938251
938423
938592
938624
938736
938786
938790
938860
939358
939360
939465
939475
939551
939701
939753
939821
939918
940071
940185
940277
940325
940572
940749
940828
941048
941087
941180
941219
941276
941346
941375
941385
941452
941665
941987
942180
942247
942362
942391
942538
942846
942872
942881
943065
943129
943161
943247
943316
943356
943637
943685
943756
943898
944083
944129
944268
944292
944646
944708
944712
944816
944987
944997
945057
945122
945164
945255
945269
945374
945532
945552
945555
945584
945591
945607
945865
945872
946062
946092
946110
946476
946500
946558
946607
946679
946692
946778
946787
946816
946961
947299
947320
947552
947633
947640
947758
947975
948017
948139
948242
948453
948539
948704
948838
948839
948915
949008
949041
949172
949184
949276
949289
949410
949481
949910
950026
950070
950116
950132
950162
950265
950388
950480
950558
950752
950951
951052
951223
951412
951586
951867
951953
952112
952200
952699
952745
952791
952849
952875
952979
952998
953145
953196
953267
953447
953448
953457
953585
953598
953603
953640
953677
953681
953743
953808
953949
953952
953968
954061
954254
954267
954362
954584
954732
954791
955019
955031
955080
955112
955118
955209
955213
955240
955323
955329
955385
955480
955514
955550
955729
955800
956169
956191
956324
956399
956522
956557
956752
956870
957135
957205
957282
957349
957522
957586
957785
958037
958038
958083
958109
958133
958196
958323
958921
958969
959030
959132
959177
959483
959501
959694
959961
959965
960050
960070
960303
960370
960596
960660
960815
960971
960980
961050
961101
961106
961183
961184
961245
961723
961740
961769
961779
961786
961849
961860
962308
962352
962558
962680
962684
962753
962793
962841
962963
962989
963065
963105
963150
963205
963289
963400
963448
963607
963648
963738
963763
963810
963811
963813
963834
963879
964036
964536
964838
965011
965046
965150
965300
965364
965435
965585
965788
965884
965955
965966
966381
966433
966845
966945
967045
967126
967158
967288
967380
967529
967634
967657
967843
967937
968044
968342
968569
968723
968821
968866
969042
969090
969288
969531
969544
969548
969670
969824
970126
970167
970257
970403
970629
970733
970740
970958
970979
971005
971013
971108
971277
971304
971316
971415
971454
971788
971976
972085
972271
972446
972452
972471
972578
972580
972704
972754
972765
972871
972919
973055
973089
973157
973224
973430
973499
973535
973603
973744
973757
973786
973862
973916
973985
974042
974050
974100
974256
974490
974491
974716
974789
974977
975030
975099
975305
975330
975543
975607
975625
975744
975767
975909
975986
976001
976223
976296
976311
976343
976357
976360
976379
976429
976438
976514
976529
976688
976867
976936
976972
977078
977094
977102
977230
977398
977422
977424
977427
977477
977511
977534
977553
977628
977645
977690
978046
978085
978092
978102
978333
978611
978658
978929
978960
978986
979070
979264
979397
979489
979547
979803
979927
979981
980008
980028
980089
980359
980566
980669
980718
980980
981428
981624
981643
981740
981795
981820
981883
981963
981995
982235
982685
982719
982859
982920
983082
983241
983483
983555
983571
983582
983740
983752
983954
984028
984058
984238
984390
984706
984784
984944
985031
985214
985321
985347
985530
985605
985620
985680
985844
985932
986188
986290
986866
987006
987128
987262
987447
987537
987594
987796
987857
987980
987999
988109
988240
988243
988356
988370
988444
988474
988581
988588
988743
988755
988878
988904
989043
989102
989156
989162
989284
989300
989347
989435
989506
989507
989587
989844
989941
989998
990151
990317
990478
990711
990747
990826
990835
991026
991043
991116
991327
991361
991449
991462
991517
991570
991646
991752
991881
992079
992277
992411
992693
992735
992802
992828
992889
992897
992915
992948
993058
993114
993346
993353
993512
993579
993714
993742
993776
993787
993896
993949
994036
994115
994139
994182
994272
994425
994502
994605
994815
994884
994889
995089
995559
995698
995754
995786
995863
995889
996118
996178
996196
996321
996383
996435
996441
996463
996483
996514
996541
996673
996848
996885
996899
997084
997197
997383
997409
997435
997476
997564
997814
997875
997876
997936
998358
998399
998501
998565
998643
998712
998754
998891
999135
999148
999177
999192
999266
999390
999393
999598
999679
999705
999857
999912
999944
