227
231
265
311
433
484
575
803
934
954
1120
1159
1183
1231
1383
1396
1487
1502
1606
1612
1737
1753
1754
1817
1823
1871
1907
1981
2110
2174
2362
2456
2467
2517
2646
2674
2693
2711
2717
2721
2753
2762
2820
2835
2860
2984
3032
3151
3205
3232
3261
3269
3470
3519
3712
3867
3958
4093
4107
4256
4314
4444
4481
4484
4507
4552
4740
4883
5074
5077
5163
5222
5567
5580
5847
5864
5894
6022
6089
6117
6268
6273
6416
6447
6595
6711
6956
6982
7005
7030
7039
7342
7353
7531
7669
7743
7958
8285
8427
8926
8938
9002
9100
9175
9371
9395
9420
9452
9611
9707
9908
10142
10195
10352
10608
10703
10734
10844
10854
11118
11188
11195
11240
11306
11344
11387
11390
11544
11596
11618
11719
11788
11796
11804
11832
11884
11910
11911
12029
12354
12536
12570
12645
12779
12849
12963
12984
13001
13340
13460
13468
13639
13687
13831
13859
13917
13920
13934
14123
14162
14247
14600
14731
14751
14769
14771
14803
14828
14841
14860
15036
15061
15138
15240
15293
15305
15424
15466
15551
15736
16159
16352
16423
16582
16613
16619
16673
16795
16853
16885
17376
17507
17618
17741
17849
17876
18129
18459
18533
18588
18736
18842
18849
18866
18933
18944
19000
19153
19353
19377
19439
19573
19668
19797
19937
19999
20082
20172
20230
20337
20374
20441
20564
20633
20635
20673
20875
21153
21369
21399
21407
21409
21465
21539
21701
21768
21866
22077
22102
22240
22365
22396
22565
22692
22758
22761
22788
22994
23160
23214
23296
23331
23491
23709
23729
23762
23933
24055
24077
24509
24528
24562
24768
24824
24836
24905
24953
24985
25020
25112
25210
25252
25259
25304
25470
25526
25589
25614
25684
25955
25986
26083
26126
26193
26307
26428
26641
26724
26802
26940
26945
27036
27194
27221
27283
27409
27411
27451
27471
27479
27493
27663
27761
27807
27868
27889
28008
28064
28085
28216
28239
28361
28367
28454
28539
28647
28669
28672
28710
28782
28789
29375
29406
29415
29447
29822
29868
29982
30017
30079
30098
30111
30129
30156
30348
30585
30624
30655
30714
30734
30747
31024
31041
31047
31292
31304
31853
31904
32037
32056
32150
32179
32453
32587
32724
32751
32889
32938
32989
33147
33176
33177
33271
33289
33297
33474
33543
33604
33614
33717
33783
33839
33894
33928
33997
34004
34010
34299
34435
34556
34682
35047
35155
35334
35771
35797
36032
36037
36046
36110
36151
36158
36194
36212
36267
36287
36396
36430
36679
36697
36700
36884
36895
37084
37329
37359
37431
37873
37995
38125
38144
38344
38403
38435
38456
38584
38637
38823
39023
39134
39140
39164
39238
39255
39264
39272
39306
39334
39380
39400
39505
39528
39554
39681
39727
39767
39786
39799
39821
40461
40509
40529
40565
40685
40933
40973
41021
41140
41168
41221
41249
41401
41411
41427
41433
41585
41641
41680
41714
41876
42039
42055
42168
42198
42304
42477
42569
42609
42670
42719
42799
42895
42935
43020
43048
43132
43238
43283
43297
43460
43466
43485
43494
43543
43659
43865
44209
44317
44393
44547
44773
44908
45017
45443
45535
45639
45653
45686
45811
45878
45913
46016
46148
46201
46511
46593
46606
46852
47062
47272
47315
47431
47482
47494
47598
47605
47709
47768
47894
47935
48130
48188
48224
48340
48926
49096
49377
49414
49496
49614
49722
49753
49758
49854
49873
49880
49950
50030
50054
50078
50249
50285
50332
50529
50648
50848
50877
51068
51168
51347
51453
51501
51541
51584
51611
51621
51633
51641
51705
51722
51823
51849
51965
52142
52204
52370
52438
52821
52870
53039
53138
53175
53275
53621
53956
53998
54007
54132
54144
54153
54197
54465
54591
54699
54711
54854
54879
55072
55186
55804
55823
55844
55899
55948
55949
56074
56143
56295
56596
56819
56900
57152
57153
57367
57377
57535
57629
57646
58044
58063
58439
58534
58578
58674
58703
58781
58805
58846
59070
59211
59225
59347
59499
59705
59837
59884
59894
59901
59994
60046
60291
60353
60361
60369
60398
60423
60429
60454
60496
60531
60617
60621
60698
60746
60823
60835
60908
60912
61159
61179
61434
61438
61661
61805
61893
62086
62104
62130
62133
62310
62431
62460
62543
62648
62879
62925
63548
63561
63606
63642
63756
63791
63805
63968
63971
64102
64121
64634
64719
64760
64797
64854
64888
64892
65216
65483
65772
65790
65842
65859
65888
65987
66006
66085
66258
66421
66664
66677
66944
67381
67407
67596
67690
67771
67819
68365
68391
68657
68678
68763
68980
69267
69405
69464
69650
69686
69707
69738
69754
69771
69835
69867
70020
70168
70187
70194
70281
70405
70487
70493
70522
70555
70578
70587
70733
70910
71040
71102
71106
71183
71228
71289
71419
71808
72059
72062
72144
72218
72291
72363
72414
72665
72730
73039
73045
73046
73118
73539
73940
73942
74204
74248
74397
74566
74681
74718
74741
74831
74881
74940
75017
75095
75218
75243
75438
75507
75510
75646
75840
76170
76220
76427
76464
76549
76639
77013
77051
77341
77560
77596
77646
77675
77748
77877
77906
77971
78224
78249
78448
78451
78584
78664
78687
79501
79548
79569
79604
79699
79788
79800
79955
80078
80114
80303
80367
80990
81046
81081
81107
81115
81208
81478
81492
81571
81704
81785
81814
81870
81879
81963
82181
82604
82694
82732
82892
83181
83365
83399
83473
83515
83561
83589
83693
83764
83849
83867
83921
84080
84146
84197
84213
84233
84242
84334
84336
84401
84425
84427
84436
84470
84542
84715
84880
84941
84946
84991
85035
85081
85160
85367
85463
85558
85608
85782
85789
85920
85981
85998
86033
86041
86094
86245
86439
86496
86745
86873
86901
87139
87227
87491
87506
87518
87520
87704
87710
87715
87865
88048
88158
88205
88386
88421
88491
88494
88506
88655
88686
88693
88695
88908
88936
88990
89047
89127
89176
89224
89321
89381
89440
89843
89990
90162
90256
90366
90495
90579
90888
90958
91022
91068
91193
91336
91358
91364
91414
91683
91764
91808
91905
91909
91912
91979
92109
92110
92171
92256
92426
92465
92471
92532
92630
92706
93000
93046
93116
93151
93248
93255
93287
93349
93357
93382
93696
93908
93980
94162
94170
94219
94225
94292
94314
94334
94356
94474
94599
94756
94957
95161
95175
95299
95333
95399
95410
95562
95689
95726
95803
95872
95913
95964
96067
96077
96167
96263
96290
96358
96374
96416
96422
96476
96574
96633
96692
96964
96983
97104
97190
97207
97405
97424
97484
97678
97992
98003
98035
98104
98195
98248
98270
98370
98378
98470
98562
98596
98752
98767
98858
98891
98939
98971
99025
99358
99432
99480
99517
99543
99561
99606
99680
100021
100114
100150
100362
100499
100585
100604
100641
100669
100717
100874
101015
101058
101100
101326
101402
101519
101794
101797
101848
101929
101980
102179
102235
102303
102323
102390
102410
102442
102620
102623
102626
102629
102659
102681
102878
102900
103116
103119
103133
103163
103272
103278
103374
103672
103707
103759
103889
104074
104179
104204
104319
104349
104547
104560
104638
104728
104774
104932
105011
105147
105231
105287
105346
105420
105477
105511
105521
105634
105766
105794
105845
105852
106062
106072
106236
106242
106499
106554
106600
106617
106752
106759
106887
106909
106910
106968
106980
107012
107067
107254
107292
107334
107365
107776
107808
108015
108032
108168
108289
108326
108427
108797
108836
108905
108908
108987
109217
109425
109691
109732
109796
109889
110042
110071
110116
110145
110250
110323
110348
110543
110604
110612
110816
111047
111382
111472
111503
111608
111645
111783
111959
112069
112348
112387
112501
112814
112855
112962
113092
113104
113175
113244
113356
113965
114076
114176
114181
114300
114382
114422
114482
114488
114569
114619
114677
114762
114781
114801
114865
114881
114939
114956
115003
115091
115439
115689
115771
115918
116098
116278
116376
116659
116687
116720
116723
116727
116912
117090
117257
117258
117334
117536
117653
117676
117691
117718
117747
117972
117983
118071
118147
118238
118433
118625
118775
118902
119313
119499
119532
119589
119649
119758
119864
119880
119931
120020
120036
120161
120201
120239
120257
120258
120292
120533
120542
120573
120609
120778
120950
121019
121235
121415
121438
121641
121848
121941
121988
122048
122242
122329
122341
122499
122540
122642
122720
123056
123185
123272
123290
123425
123465
123470
123673
123795
123836
123864
123946
124215
124426
124525
124532
124556
124678
124733
124890
125275
125349
125474
125720
125725
125759
125762
125890
126028
126098
126138
126285
126868
127030
127122
127243
127267
127327
127388
127545
127678
127730
128009
128060
128134
128147
128168
128231
128564
128896
128929
129523
129563
129690
129737
129767
129773
130051
130223
130262
130388
130519
130523
130554
130618
130766
130795
130880
130898
130931
130999
131000
131059
131073
131151
131349
131548
131704
131735
131754
132043
132111
132122
132364
132440
132442
132498
132676
132712
132724
132757
132937
132984
133001
133146
133187
133434
133473
133496
133637
133649
133797
133904
133926
133988
134151
134265
134292
134313
134337
134390
134416
134810
134842
134945
134989
135133
135160
135163
135226
135418
135571
135715
135755
135825
135927
136048
136103
136147
136406
136436
136604
136685
136703
136816
137103
137154
137244
137287
137296
137410
137495
137508
137535
137552
137589
137683
137690
137715
138285
138415
138445
138879
138979
139191
139266
139372
139520
139526
139610
139847
139975
139997
140335
140372
140395
140555
140562
140715
140815
140911
140941
141052
141217
141405
141607
141696
141751
141898
141992
142031
142180
142207
142219
142249
142298
142300
142366
142541
142611
142638
143077
143181
143258
143353
143707
143764
143977
143984
144108
144112
144215
144249
144264
144277
144415
144519
144605
144644
144665
144793
144807
144812
144845
144905
145010
145084
145177
145278
145293
145477
145764
145906
145923
146020
146038
146063
146079
146263
146725
146806
147118
147376
147430
147486
147543
147609
147649
147725
147736
147987
147995
148015
148020
148209
148248
148313
148350
148354
148436
148457
148568
148837
149008
149075
149220
149277
149278
149279
149375
149413
149494
149523
149574
149604
149619
149908
149928
149981
150042
150103
150253
150318
150365
150530
150623
150829
150879
150916
150943
150982
151021
151026
151573
151623
152051
152266
152451
152586
152597
152648
152678
152704
152727
152851
153019
153065
153085
153318
153399
153614
153634
153950
154040
154146
154306
154319
154426
154516
154561
154571
154813
154864
154870
154891
154901
154914
154942
155014
155213
155296
155323
155399
155597
155619
155651
155747
155756
155871
155916
155962
156188
156332
156473
156487
156701
156723
156958
157160
157208
157226
157345
157468
157490
157517
157559
157568
158012
158046
158104
158325
158462
158483
158574
158736
158752
158967
159122
159148
159635
159761
159840
159841
159968
160039
160090
160098
160195
160255
160285
160391
160480
160513
160537
160610
160699
160770
161141
161248
161315
161413
161465
161472
161607
161795
161847
161874
161886
161925
161938
162060
162146
162213
162223
162286
162347
162397
162495
162826
162996
163020
163131
163182
163260
163389
163643
163646
163659
163689
163766
163811
163826
163960
164216
164251
164342
164693
164724
164930
164950
164967
165110
165363
165443
165458
165811
165827
165939
165968
166013
166213
166224
166320
166415
166429
166460
166464
166548
166601
166785
166806
166872
166926
166964
167038
167060
167149
167245
167627
167644
167859
168046
168223
168246
168254
168265
168407
168440
168447
168476
168596
168642
168681
168722
168773
169333
169349
169424
169493
169564
169672
169694
169723
169853
169955
170131
170134
170145
170148
170321
170531
170705
170717
170743
171020
171028
171090
171188
171520
171586
171594
171610
171650
171676
171695
171752
171757
171855
171898
171918
172094
172207
172367
172635
173019
173268
173320
173527
173678
173854
173863
173885
173915
174104
174475
174530
174633
174766
174836
174957
175244
175277
175443
175620
175708
175803
175810
175811
176120
176153
176179
176237
176276
176279
176426
176607
176688
176744
176828
176836
176864
176896
176921
177088
177154
177220
177244
177619
177697
177751
177817
178176
178399
178414
178502
178511
178581
178686
178737
178871
178900
179074
179116
179201
179358
179536
179605
179913
179950
179959
179966
180009
180037
180113
180198
180331
180380
180399
180765
180911
181012
181196
181238
181255
181440
181643
181648
181651
181665
181899
181950
181984
182021
182094
182242
182314
182342
182632
182767
182816
182848
183038
183172
183249
183270
183355
183360
183365
183412
183416
183587
183643
183665
183701
183721
183728
183802
183953
184007
184019
184293
184321
184345
184427
184490
184501
184808
185017
185076
185086
185172
185402
185609
185717
185732
185996
186289
186503
186663
186674
186801
186827
186833
186887
186935
186965
187175
187455
187529
187613
187686
187698
188060
188066
188092
188256
188337
188520
188776
188848
189113
189175
189232
189264
189498
189524
189561
189734
189774
189793
189805
189948
190167
190199
190275
190362
190465
190477
190613
190702
190738
190966
191002
191134
191230
191343
191369
191788
191790
191907
191916
192110
192219
192290
192382
192391
192653
192864
192878
193009
193047
193079
193094
193198
193203
193236
193272
193328
193448
193554
193558
193586
193693
193696
193756
193789
193915
194225
194243
194413
194442
194451
194485
194540
194750
194783
194934
195086
195101
195137
195245
195384
195679
195763
195806
196112
196149
196167
196235
196262
196597
196614
196639
196653
196697
196699
196791
197041
197042
197106
197298
197332
197424
197478
197524
197657
197684
197972
198005
198088
198316
198395
198414
198738
198770
198777
199068
199075
199196
199228
199316
199366
199394
199638
199676
199700
199934
200024
200088
200094
200146
200239
200337
200345
200441
200457
200674
200787
200809
200829
200831
200862
201050
201238
201323
201357
201358
201394
201708
201763
202023
202109
202125
202132
202272
202462
202523
202951
203020
203042
203166
203169
203283
203301
203406
203441
203638
203716
203879
203881
203885
203886
203986
204090
204352
204353
204385
204440
204445
204499
204618
204818
204957
204980
205062
205125
205274
205304
205357
205387
205446
205541
205898
205942
206064
206069
206177
206236
206318
206408
206539
206541
206612
206630
206729
206746
206747
206824
206893
207028
207404
207488
207724
207861
207881
208031
208052
208068
208174
208256
208282
208360
208381
208396
208461
208585
208993
209115
209326
209333
209351
209360
209418
209479
209540
209710
209775
209871
209967
210206
210229
210239
210255
210521
210835
210907
211297
211303
211305
211362
211502
211515
211545
211817
211835
211856
212033
212161
212268
212371
212397
212478
212508
212567
212642
212672
212776
212904
213157
213189
213311
213319
213365
213461
213473
213496
213515
213951
214065
214339
214466
214531
214796
214887
214897
215113
215178
215378
215468
215592
215629
215726
215770
215843
215958
216108
216125
216326
216425
216677
216713
216976
217054
217073
217101
217120
217152
217323
217351
217382
217515
217701
217880
217884
217920
217924
217998
218005
218034
218090
218101
218346
218462
218597
218628
219014
219028
219270
219314
219399
219456
219790
219944
219975
219985
220124
220139
220152
220185
220368
220381
220612
220985
221012
221045
221128
221272
221282
221599
221630
221774
221816
222002
222039
222114
222306
222395
222474
222518
222794
222885
222934
222984
223028
223147
223235
223254
223281
223536
223557
223565
223642
223785
223886
223929
223964
224007
224111
224138
224142
224245
224308
224353
224412
224440
224571
224593
224744
224751
224781
224979
224983
225008
225079
225110
225145
225282
225353
225414
225647
225738
225741
225805
226219
226239
226291
226313
226329
226353
226393
226560
226615
226745
226784
226803
226997
227075
227621
227622
227688
227941
227967
228319
228533
228665
228727
228791
228889
228950
228993
229007
229044
229095
229116
229361
229373
229406
229435
229448
229676
229725
229843
229889
229897
229954
229967
230115
230116
230215
230224
230328
230670
230733
230803
230821
230873
230875
230969
231018
231251
231455
231480
231546
231577
231611
231659
231799
231955
232049
232163
232209
232272
232289
232421
232554
232583
232592
232650
232654
232695
232748
232866
232919
232920
232985
233127
233162
233178
233385
233530
233630
233828
233867
234106
234279
234500
234545
234560
234578
234718
234942
235019
235037
235129
235270
235372
235384
235459
235691
235739
235786
235894
236043
236305
236476
236740
236816
237187
237261
237306
237319
237377
237512
237982
237996
238006
238069
238251
238279
238280
238288
238338
238374
238447
238526
238581
238853
238884
238931
239015
239137
239149
239243
239461
239513
239642
239774
239850
239878
239978
239981
240013
240094
240096
240117
240121
240226
240333
240352
240453
240525
240570
240587
240606
240859
240904
240932
240995
241045
241077
241122
241188
241210
241309
241359
241387
241528
241602
241607
241855
241932
242232
242355
242499
242577
242688
242754
242798
242901
243037
243098
243165
243203
243216
243261
243292
243412
243546
243669
243793
243829
243843
243852
243966
244194
244312
244337
244689
244787
244813
244845
244915
245027
245068
245264
245343
245460
245731
245852
245918
246152
246210
246425
246554
246627
246665
246706
246712
246736
246762
246863
246882
246888
247098
247140
247601
247666
248036
248066
248132
248211
248423
248465
248594
248685
248732
248748
248749
248812
248866
249083
249684
249749
249765
249799
249963
250046
250276
250495
250632
250675
250726
250755
250910
251144
251149
251210
251312
251363
251412
251439
251512
251593
251652
251667
251765
251772
251812
251926
251995
252030
252107
252530
252550
252711
252763
252829
252838
252895
252898
252923
252935
252949
253111
253309
253388
253486
253493
253633
253663
253699
253858
253920
254169
254175
254253
254256
254544
254655
254746
254781
254906
255049
255075
255345
255356
255426
255570
255747
255995
256096
256140
256164
256225
256249
256387
256474
256668
256749
256755
256765
256778
256817
256819
257022
257056
257097
257146
257220
257561
257655
257666
257674
257950
258074
258227
258540
258715
258981
258989
259020
259201
259473
259521
259562
259565
259571
259658
259785
259892
260094
260267
260441
260513
260801
260850
260855
260966
261083
261184
261344
261371
261674
261691
261693
261801
261844
261861
262050
262073
262078
262278
262302
262493
262758
262776
262870
262895
262959
263003
263055
263170
263354
263413
263476
263499
263684
263768
263796
263809
263829
263961
264156
264158
264735
264883
264952
264953
265433
265494
265539
265552
265676
265679
265761
265778
265789
265911
265927
265989
266040
266228
266269
266397
266423
266455
266459
266655
266718
267224
267234
267256
267313
267360
267431
267433
267563
267600
267694
267861
267918
267928
268034
268062
268212
268270
268275
268486
268560
268650
268749
268889
268924
268935
268938
269003
269284
269385
269466
269600
269689
269729
269734
269784
269898
270285
270308
270332
270348
270387
270487
270499
270651
270832
270881
270958
271185
271195
271214
271269
271309
271457
271658
271709
271714
271780
271819
271830
271902
271914
271928
271941
271992
272155
272160
272324
272351
272595
272611
272643
272708
272914
273109
273222
273424
273453
273511
273547
273694
273804
274470
274537
274578
274583
274616
274662
274677
274772
274780
274813
274891
274894
274938
274943
274996
275326
275336
275468
275584
275617
275694
275698
275900
275956
276112
276235
276250
276271
276532
276842
277044
277066
277123
277191
277309
277412
277421
277530
277672
277763
277779
277891
277960
277979
278038
278147
278163
278307
278520
278521
278792
278831
278842
279063
279115
279116
279270
279346
279569
279575
279650
279910
279917
279940
279957
280007
280192
280238
280275
280462
280480
280569
280629
280712
280814
281197
281325
281405
281796
281804
281979
282601
282820
282838
282841
282904
283267
283306
283361
283539
283549
283560
283593
283735
283742
283903
283906
283919
284073
284151
284195
284353
284432
284451
284462
284494
284524
284615
284909
285021
285318
285356
285428
285529
285588
285743
285812
285938
286017
286097
286157
286263
286285
286449
286682
286801
286813
286920
286930
287010
287265
287266
287439
287502
287547
287574
287588
287626
287671
287905
287947
287993
288050
288059
288073
288233
288348
288382
288477
288572
288621
288817
288900
289017
289046
289077
289126
289220
289248
289498
289593
289607
289682
289696
289911
289958
290072
290104
290268
290304
290390
290424
290461
290480
290506
290595
290641
290921
290952
290999
291115
291157
291422
291486
291649
291674
291756
291825
291847
291905
292120
292159
292308
292487
292607
293382
293485
293500
293556
293575
293720
293766
293867
293976
293977
294027
294164
294320
294370
294392
294510
294613
295094
295175
295244
295317
295336
295551
295622
295735
295786
295851
295879
295950
296109
296130
296135
296399
296662
296689
296739
296752
296800
296807
296875
296879
297003
297026
297042
297267
297291
297333
297517
297680
297962
298015
298197
298243
298345
298432
298681
298746
298781
298832
298846
298861
299050
299143
299160
299208
299354
299385
299616
299702
299741
299769
299914
299929
300070
300080
300182
300189
300222
300231
300458
300522
300547
300581
300805
301069
301122
301155
301229
301371
301410
301428
301481
301550
301613
301663
301712
301834
301966
302033
302155
302330
302336
302710
302857
302876
303014
303134
303311
303472
303497
303502
303535
303596
303824
304043
304048
304051
304117
304142
304143
304372
304670
304874
305035
305117
305336
305484
305657
305896
305983
306216
306291
306303
306377
306468
306532
306616
306703
306837
307121
307252
307297
307408
307475
307713
307841
308021
308102
308249
308332
308349
308380
308837
308877
308891
308934
308971
309006
309151
309405
309521
309739
309787
309881
309888
310105
310141
310225
310412
310433
310661
310948
311014
311261
311619
311678
311688
311782
311813
312015
312670
312717
312731
312990
313223
313241
313284
313294
313328
313404
313417
313419
313501
313513
313626
313662
313774
313933
314042
314464
314496
314774
314784
315034
315101
315103
315329
315330
315336
315535
315641
315926
316063
316066
316069
316084
316434
316526
316644
316803
316850
316994
317018
317142
317363
317529
317540
317610
317654
317700
317802
318081
318087
318129
318218
318305
318317
318427
318553
318589
318753
319346
319373
319452
319613
319684
319710
319962
320015
320171
320225
320369
320458
320472
320630
320654
320788
320871
321022
321028
321320
321439
321490
321541
321547
321564
321824
321828
321889
321953
321999
322020
322322
322374
322396
322493
322584
322599
322963
322977
323044
323103
323251
323270
323497
323573
323586
323609
323732
323782
324009
324191
324214
324387
324539
324563
324682
324697
324772
324816
324968
325002
325221
325527
325533
325722
325733
325789
325968
326013
326113
326131
326165
326277
326380
326394
326478
326551
326575
326647
326649
326733
326878
327003
327101
327246
327432
327436
327445
327600
327608
327624
327773
327780
328127
328239
328359
328394
328430
328603
328675
328740
328742
328947
329327
329404
329479
329521
329587
329635
329758
329862
329950
330056
330060
330107
330162
330571
330768
330811
330911
330944
331078
331121
331156
331476
331494
331928
332025
332083
332170
332365
332378
332472
332509
332613
332663
332667
332754
332815
333079
333187
333216
333281
333303
333410
333457
333503
333508
334108
334203
334208
334248
334307
334362
334495
334597
334681
334693
334830
334834
334921
335011
335069
335093
335227
335368
335369
335378
335444
335482
335543
335772
335787
336298
336359
336710
336756
337048
337144
337306
337554
337587
337602
337657
337729
337735
337806
337997
338075
338168
338373
338818
338869
338894
339091
339133
339190
339299
339413
339549
339578
339831
339913
340045
340076
340110
340186
340232
340306
340337
340492
340955
341058
341083
341262
341286
341344
341529
341662
341705
341763
342110
342147
342193
342228
342253
342295
342311
342339
342363
342413
342418
342639
342832
342978
342987
343057
343084
343351
343390
343620
343818
343855
343981
343985
344075
344302
344561
344664
344919
344946
345101
345163
345297
345423
345511
345598
345703
345757
345846
345979
346027
346095
346143
346152
346213
346230
346287
346308
346413
346474
346705
346804
346882
346939
346945
347149
347157
347304
347380
347528
347559
347767
347869
348042
348124
348167
348430
348569
348596
348715
348795
348872
348967
349019
349024
349390
349456
349500
349648
349672
349787
349900
349906
350015
350030
350073
350106
350114
350306
350387
350424
350585
350741
350770
350862
350945
351077
351143
351667
351695
351853
351963
352071
352092
352179
352250
352357
352402
352418
352435
352479
352654
352836
352840
353002
353054
353115
353294
353392
353488
353635
353987
354027
354097
354239
354281
354282
354358
354367
354408
354703
354907
355090
355094
355263
355275
355443
355587
355677
355747
355754
355812
355851
355994
356028
356045
356051
356190
356246
356363
356469
356521
356721
356768
357015
357106
357148
357266
357340
357399
357502
357535
357648
357675
357911
358089
358167
358195
358247
358263
358265
358276
358318
358319
358360
358394
358513
358541
358631
358637
358675
358923
358967
358969
359020
359077
359350
359599
359643
359720
359771
359984
360176
360192
360327
360349
360591
360771
360880
360945
361205
361281
361284
361383
361452
361853
361931
361971
361985
362110
362146
362276
362318
362371
362553
362687
362738
362858
362899
363025
363051
363075
363106
363116
363326
363395
363508
363856
363942
364090
364101
364230
364249
364321
364470
364633
364704
364895
364958
365002
365141
365229
365242
365297
365320
365326
365446
365559
365642
365652
365691
365708
365832
365889
365944
366025
366117
366159
366190
366199
366366
366797
366825
366863
366885
366952
367018
367079
367125
367213
367481
367511
367630
367634
367746
367771
367852
367901
367925
368126
368154
368207
368240
368285
368410
368431
368638
368659
368751
368752
368771
369059
369229
369274
369284
369502
369539
369589
369605
369661
369750
369753
369770
370047
370101
370152
370155
370185
370327
370346
370396
370606
370659
370904
371086
371148
371175
371181
371245
371336
371366
371571
371678
371760
371771
371809
371856
372110
372210
372282
372483
372530
372542
372575
372599
372706
372717
372732
372733
373003
373103
373412
373694
373768
373778
373862
374068
374106
374192
374220
374423
374495
374536
374617
374638
374796
374863
375078
375205
375235
375535
375590
375650
376199
376237
376332
376367
376428
376495
376707
376949
376988
377127
377178
377470
377689
377730
377742
377852
378020
378209
378228
378610
378816
379097
379370
379714
379760
379775
379880
379910
379948
380125
380222
380605
380736
380884
380901
380994
381069
381115
381155
381185
381188
381273
381449
381675
381710
382095
382162
382224
382298
382333
382431
382457
382469
382564
382688
382812
382816
383040
383107
383292
383562
383730
383786
383793
384085
384174
384225
384335
384363
384424
384426
384450
384633
384732
384824
384835
384863
385019
385052
385255
385328
385397
385460
385477
385487
385504
385585
385616
385711
385746
385832
385877
385981
386167
386173
386566
386605
386888
386953
386995
387028
387117
387404
387572
387573
387616
387989
387997
388030
388117
388248
388274
388419
388454
388549
388592
388596
388600
388666
388702
388728
388775
388800
388842
388966
389166
389372
389555
389559
389689
389729
389752
389799
389912
389969
390041
390067
390121
390162
390188
390257
390781
390868
390994
391002
391028
391167
391366
391428
391432
391480
391645
391671
391777
391850
391855
391904
392215
392451
392473
392476
392708
392725
392806
393002
393128
393421
393665
393680
393977
394047
394150
394223
394227
394261
394276
394288
394325
394340
394545
394599
394884
394965
394985
395018
395083
395118
395172
395249
395306
395311
395680
395726
395880
395992
396019
396020
396171
396175
396214
396242
396263
396528
396588
396750
396782
397003
397062
397240
397317
397452
397636
397687
397693
397718
397844
398015
398051
398063
398076
398215
398248
398377
398394
398499
398529
398714
398968
399024
399095
399247
399308
399322
399384
399388
399554
399582
399770
399788
399904
399931
400021
400097
400099
400237
400245
400441
400543
400592
400701
400706
400798
400943
400957
400984
400994
401153
401237
401267
401565
401624
401893
401954
401957
402228
402378
402582
402726
402740
402743
402902
402961
403048
403130
403135
403408
403447
403465
403491
403575
403705
403733
403757
403906
404286
404291
404414
404480
404570
404805
404853
404945
405084
405130
405616
405637
405666
405680
405701
405852
405902
405995
406043
406129
406154
406349
406388
406396
406485
406528
406564
406701
406759
406784
406868
406954
407273
407352
407452
407476
407577
407758
407771
407802
407893
407961
407990
408015
408079
408169
408187
408193
408217
408279
408507
408534
408695
408696
408720
408742
408823
408855
409050
409089
409157
409242
409284
409378
409467
409648
409708
410072
410092
410107
410115
410431
410513
410858
410889
410980
411218
411309
411316
411450
411488
411630
411681
411758
411827
411869
412112
412168
412188
412311
412332
412340
412351
412600
412678
412691
412745
412785
412815
412924
413198
413309
413547
413784
413940
413965
414104
414206
414335
414459
414461
414531
414596
414627
414695
414925
414962
415091
415147
415194
415310
415416
415453
415897
416077
416084
416153
416252
416336
416385
416524
416566
416600
416616
416767
416833
416868
416945
417215
417374
417478
417506
417514
417675
417721
417845
418045
418099
418106
418333
418339
418577
418794
419052
419064
419542
419648
419923
419935
419986
419988
420134
420189
420327
420423
420454
420552
420723
420977
421001
421064
421260
421382
421407
421425
421430
421451
421519
421555
421617
421652
421783
421827
422086
422349
422455
422615
422744
422790
422793
422992
423031
423361
423448
423476
423656
423910
424424
424431
424814
424825
424873
424876
425133
425157
425186
425256
425330
425822
425871
425997
426027
426082
426084
426273
426282
426335
426367
426391
426394
426439
426552
426595
426890
427078
427255
427293
427349
427532
427578
427857
427948
427953
428189
428199
428234
428269
428333
428775
428798
428951
429124
429170
429436
429446
429537
429590
429624
429626
429647
429667
429829
429949
430109
430139
430275
430328
430387
430493
430700
430755
430762
430823
430885
430890
430918
430963
430974
431164
431184
431471
431690
431738
431870
431955
432008
432064
432182
432215
432495
432690
432691
432763
432798
432897
432988
432997
433257
433391
433628
433629
433863
433941
434043
434102
434146
434197
434280
434537
434560
434566
434580
434962
435105
435106
435181
435250
435402
435407
435512
435523
435532
435586
435675
435754
435831
435838
435842
436551
436604
436623
436684
436692
436708
436811
436870
437302
437314
437447
437458
437480
437621
437661
437809
437859
438055
438180
438297
438546
438590
438663
438719
438771
438872
438895
438997
439272
439299
439330
439348
439357
439444
439466
439508
439682
439718
439860
439907
440048
440075
440400
440562
440742
440781
440807
441038
441150
441275
441277
441537
441837
441838
442117
442123
442136
442139
442235
442391
442395
442439
442988
443202
443261
443270
443405
443501
443540
443766
443833
443957
444098
444165
444184
444264
444478
444699
444704
444747
444769
444897
444997
445090
445123
445257
445305
445363
445532
445580
445646
445661
445777
445805
446154
446175
446249
446376
446663
446797
446841
446917
446981
447016
447082
447138
447344
447588
447662
447668
447896
447984
448328
448344
448446
448491
448527
448710
448965
449170
449252
449308
449451
449526
449810
449831
449889
450125
450140
450275
450585
450711
450885
450986
451061
451080
451224
451527
451573
451813
451982
452009
452096
452106
452175
452350
452438
452452
452473
452808
452889
453208
453308
453345
453746
453755
453810
453837
454139
454278
454364
454397
454429
454654
454728
454794
455016
455033
455038
455088
455243
455430
455597
455637
455744
455753
455780
455833
455908
456047
456050
456057
456143
456324
456521
456611
456628
456759
456984
457045
457172
457175
457192
457299
457301
457481
457508
457563
457686
457693
457721
457984
458053
458213
458364
458373
458739
458787
458818
458882
458974
459058
459088
459118
459201
459252
459428
459667
459691
459770
459789
459938
460042
460226
460505
460525
460527
460645
460804
460896
460987
461101
461153
461169
461260
461386
461611
461649
461717
461733
461986
462071
462076
462213
462221
462275
462385
462452
462504
462602
462605
462694
462956
462961
462980
463005
463133
463331
463409
463842
463850
463857
463860
463948
463962
464048
464051
464082
464085
464121
464149
464164
464277
464337
464419
464596
464619
464656
464790
464834
464972
465144
465146
465431
465441
465553
465593
465876
466035
466141
466230
466243
466292
466365
466370
466379
466399
466689
466803
466957
467109
467208
467347
467442
467456
467614
467741
467829
467892
467914
468073
468109
468149
468388
468436
468504
468506
468516
468801
468980
469146
469283
469375
469555
469556
469614
469636
469727
469898
470043
470137
470221
470277
470378
470394
470511
470523
470601
470944
471053
471153
471209
471278
471413
471436
471757
471764
471779
471797
471847
471992
472016
472162
472322
472413
472436
472455
472567
472690
472777
472812
472949
472986
472999
473155
473231
473465
473594
473653
473663
473875
473927
474022
474027
474100
474150
474221
474304
474342
474401
474484
474563
474763
474808
475101
475142
475288
475578
475585
475834
475893
475984
476089
476157
476220
476289
476329
476383
476433
476451
476501
476564
476622
476688
476733
476755
476765
476877
477064
477265
477379
477498
477635
477650
477702
477866
477905
477911
478064
478067
478188
478490
478559
478857
478877
478920
479330
479406
479582
479619
479632
479813
479861
479904
480078
480102
480301
480311
480374
480457
480711
480777
480883
480937
481029
481095
481197
481198
481262
481452
481612
481621
481747
481796
481834
481904
481968
482073
482108
482273
482293
482347
482355
482501
482561
482753
482810
482963
482967
482968
483363
483418
483541
483565
483645
483740
483797
483831
483980
484020
484172
484192
484271
484387
484430
484514
484581
484624
484674
484705
484729
484778
484781
484866
484876
484944
485106
485271
485432
485446
485528
485723
485867
485874
485954
485990
486038
486053
486208
486213
486346
486360
486552
486645
486685
487059
487124
487213
487247
487252
487353
487388
487516
487572
487584
487622
487642
487653
487669
487692
487734
487982
488055
488095
488106
488115
488257
488336
488372
488550
488777
488936
488984
489075
489129
489177
489391
489405
489537
489662
489918
489935
489936
490012
490030
490055
490114
490194
490331
490460
490464
490567
490591
490618
490783
491114
491163
491171
491219
491291
491386
491482
491581
491681
491689
491828
491891
491944
492056
492230
492253
492269
492270
492273
492280
492313
492470
492848
492881
492889
492993
493305
493308
493387
493414
493450
493510
493764
493790
493942
494012
494038
494194
494326
494417
494510
494752
494839
494928
494960
495118
495238
495489
495511
495571
495934
496166
496175
496498
496686
496696
496745
496817
496865
496938
496970
497118
497133
497335
497368
497385
497503
497545
497695
497696
497759
497918
498241
498242
498477
498590
498706
498931
499268
499316
499398
499467
499750
499851
500035
500075
500287
500324
500771
500854
500859
501043
501069
501166
501291
501293
501322
501380
501461
501568
501692
501734
501914
502130
502282
502335
502410
502451
502455
502465
502550
502596
502673
502701
502875
503071
503109
503214
503301
503470
503591
503602
504160
504179
504199
504325
504662
504921
505202
505246
505269
505322
505559
505624
505649
505859
505895
505896
506031
506112
506348
506449
506466
506490
506608
506657
506840
506858
506990
507052
507091
507183
507403
507497
507621
507838
507869
507976
507999
508124
508263
508343
508373
508388
508413
508520
508570
508660
508712
509029
509079
509100
509154
509228
509381
509396
509491
509541
509570
509594
509699
509770
509793
509890
509918
510429
510595
510651
510830
510943
511014
511274
511288
511365
511399
511530
511876
511957
511967
512044
512143
512159
512176
512185
512298
512529
512675
512699
512727
512818
513010
513028
513201
513220
513375
513381
513561
513579
513650
513704
513753
513947
514165
514239
514346
514495
514557
514645
514679
514690
514813
514862
514863
514879
514880
514951
514975
515104
515203
515341
515366
515400
515440
515450
515455
515709
515716
515760
515776
515848
515991
516021
516108
516200
516224
516313
516346
516398
516636
516774
516792
516844
516947
517006
517083
517107
517117
517144
517145
517154
517368
517570
517736
517754
517832
518011
518016
518083
518220
518221
518258
518286
518307
518343
518380
518387
518396
518406
518612
518662
518708
518772
518792
518794
518800
519000
519021
519186
519337
519366
519472
519547
519562
519660
519720
519753
520016
520048
520184
520243
520337
520702
520775
520781
520934
520973
521072
521105
521159
521161
521189
521264
521296
521299
521317
521478
521649
521810
521838
521884
521923
521957
522029
522052
522065
522408
522463
522793
522797
522829
523002
523088
523137
523277
523328
523392
523673
523725
523885
524151
524250
524332
524396
524442
524461
524465
524962
525284
525399
525406
525421
525538
525606
525775
525806
525820
526030
526314
526496
526598
526633
526674
526735
526790
526880
526886
526898
527038
527059
527088
527176
527267
527307
527525
527535
527562
527613
527684
527685
527926
528055
528092
528110
528349
528356
528640
528653
528749
528823
528898
528999
529083
529431
529524
529622
529685
529793
529812
529905
529910
529918
530072
530085
530118
530150
530286
530370
530452
530563
530573
530586
530746
530791
531053
531058
531061
531313
531342
531365
531466
531626
531958
531980
532241
532424
532513
532567
532762
532767
532821
532959
533073
533329
533396
533442
533592
533609
533687
533800
533910
533911
533959
533960
534242
534469
534555
534568
534707
534712
534724
534760
534764
534820
534939
534944
534950
535073
535322
535505
535547
535596
535612
535673
535774
535785
535786
535803
535976
535992
535995
536004
536099
536122
536143
536188
536219
536259
536350
536685
536806
536871
536917
536923
536993
537448
537528
537626
537714
537810
538154
538265
538387
538477
538500
538585
538611
538625
538751
538806
539033
539311
539391
539439
539508
539694
539704
539754
539831
539961
540223
540331
540424
540605
540606
540617
540643
540841
540843
540919
540932
541021
541088
541095
541246
541288
541298
541314
541373
541395
541470
541515
541536
541576
541578
541829
542042
542063
542103
542219
542305
542444
542489
542628
542683
542764
542787
542828
542890
542891
542992
542995
543045
543072
543145
543160
543187
543251
543308
543331
543421
543451
543588
543617
543786
543793
543843
543904
544039
544066
544120
544240
544267
544349
544447
544508
544709
544764
544916
545009
545054
545276
545325
545517
545720
545765
545794
545984
546018
546094
546137
546228
546342
546758
546784
546845
546848
547009
547076
547077
547273
547383
547628
547740
547829
548089
548106
548132
548399
548404
548430
548598
548690
548697
548788
548929
548973
549023
549053
549164
549182
549366
549577
549784
549793
549850
549857
549868
550022
550071
550189
550383
550464
550527
550693
550724
550809
550872
550899
550914
550952
551080
551268
551335
551580
551603
551677
551685
551717
551950
551999
552039
552222
552399
552452
552533
552534
552693
552777
552853
552856
552878
552955
552998
553101
553361
553623
553638
553721
553741
553980
554057
554138
554219
554224
554554
554638
554734
554820
554903
555231
555273
555296
555422
555455
555510
555536
555603
555604
555689
555701
555708
555750
555788
555845
556015
556366
556446
556515
556869
556870
556914
556944
557013
557051
557054
557092
557128
557306
557369
557450
557486
557488
557619
557624
557629
557684
557739
558024
558026
558135
558149
558357
558369
558512
558593
558677
558864
559002
559129
559202
559248
559420
559705
559783
559810
559961
560011
560102
560208
560223
560310
560359
560480
560530
560535
560590
560637
560716
560858
560911
561006
561104
561401
561526
561544
561625
561683
561703
561787
561951
561995
562148
562184
562266
562285
562331
562415
562489
562605
562645
562697
562787
562877
562878
562938
563005
563019
563249
563285
563318
563365
563704
563710
563791
563863
563975
564063
564446
564488
564545
564641
565056
565140
565255
565272
565297
565483
565550
565641
565687
566035
566044
566060
566155
566454
566760
566965
567012
567047
567129
567278
567388
567420
567654
567720
567810
567819
567944
567974
567999
568015
568102
568168
568199
568303
568479
568774
568866
568928
569116
569134
569173
569192
569415
569651
569726
569949
570146
570169
570293
570330
570355
570410
570531
570764
570861
570919
570940
571039
571066
571116
571248
571321
571593
571595
571619
571844
572002
572284
572425
572529
572559
572658
572701
572716
572737
573057
573307
573379
573417
573532
573533
573555
573742
573816
573924
573933
573959
574135
574204
574281
574402
574413
574597
574651
574707
574740
574747
574944
574981
574992
575062
575071
575525
575556
575721
575975
576009
576109
576129
576232
576288
576447
576562
576572
576760
576874
576975
577045
577056
577310
577420
577457
577477
577508
577615
577621
577676
578212
578246
578347
578423
578532
578619
578708
578739
578805
578941
578998
579195
579265
579374
579387
579402
579481
579560
579562
579773
579800
579913
579972
579997
580097
580112
580199
580308
580500
580646
581080
581179
581181
581203
581286
581315
581361
581416
581474
581526
581539
581614
581663
581720
581734
581913
582161
582445
582478
582589
582770
582810
582813
582867
582990
583073
583254
583376
583403
583481
583569
583695
583699
583932
583966
584056
584123
584294
584325
584400
584542
584747
584749
584779
585004
585415
585420
585593
585792
585888
586082
586160
586194
586473
586678
586917
587242
587270
587297
587309
587355
587423
587500
587552
587560
587598
587605
587888
587935
588018
588021
588156
588160
588260
588367
588533
588634
588921
588991
589044
589072
589213
589219
589354
589402
589414
589429
589463
589493
589513
589615
589717
589824
590027
590190
590201
590655
590705
591175
591220
591259
591337
591587
591593
591645
591653
591712
591778
591931
592032
592082
592219
592267
592456
592583
592592
592613
592705
592715
592741
592842
593042
593227
593400
593423
593434
593490
593569
593704
593766
593787
593824
593895
594217
594306
594370
594375
594432
594452
594499
594658
594723
594731
594934
595018
595075
595122
595546
595555
595578
595599
595642
595668
595712
595824
595909
595965
595979
596034
596036
596053
596465
596529
596575
596635
596641
596896
596982
597246
597449
597475
597477
597658
597740
597755
597760
597793
597820
597837
597979
598059
598201
598299
598482
598498
598602
598643
598668
598676
598783
598787
598811
598820
598836
598938
599080
599092
599380
599456
599457
599482
599766
599841
600016
600051
600237
600268
600378
600399
600469
600619
600691
600692
600782
600811
600843
601049
601221
601283
601347
601437
601545
601624
601657
601704
601749
601795
601835
601950
602065
602169
602302
602349
602356
602597
602681
602690
602729
602899
603119
603534
603550
603599
603671
603689
603702
603860
603989
604000
604022
604207
604315
604449
604480
604571
604603
604633
604656
604683
604690
604723
604726
604754
604859
604946
605098
605140
605149
605228
605288
605498
605591
605595
605607
605697
605727
605962
605981
606145
606150
606172
606190
606256
606294
606383
606384
606602
606628
606746
606831
606877
607106
607253
607259
607335
607365
607398
607517
607808
607811
607997
608182
608208
608318
608401
608655
608663
608782
608803
608833
609006
609075
609238
609321
609347
609391
609441
609571
609976
610182
610194
610418
610739
610821
610872
611013
611047
611206
611235
611338
611380
611442
611570
611765
611791
611933
611976
612085
612097
612112
612125
612171
612236
612324
612367
612720
612833
612843
612940
613034
613145
613198
613227
613231
613256
613496
613549
613683
613761
613922
613958
613997
614180
614256
614299
614323
614377
614541
614577
614752
614793
614804
614927
614929
614946
615130
615195
615306
615370
615509
615673
615756
615779
615814
615891
615899
616009
616113
616224
616632
616637
616644
616772
616793
616958
616961
617284
617290
617325
617431
617433
617459
617567
617600
617658
617864
617907
617919
618072
618216
618523
618607
618668
618717
618796
618849
618967
619112
619116
619286
619412
619429
619696
619701
619726
619747
619780
619822
619843
619884
619977
620163
620175
620403
620419
620462
620794
620810
621177
621231
621268
621356
621427
621436
621485
621581
621685
621727
621868
621906
621959
622302
622385
622511
622651
622666
622718
622762
622765
622865
622921
622978
623087
623161
623194
623284
623296
623324
623408
623540
623576
623582
624064
624092
624304
624385
624480
624599
624673
625033
625182
625247
625309
625419
625425
625442
625500
625515
625717
625772
625787
625820
625923
626008
626070
626184
626190
626414
626524
627029
627173
627284
627386
627520
627606
627645
627655
627800
627890
627906
627907
627995
628337
628403
628473
628695
628702
628761
629099
629141
629265
629444
629464
629479
629559
629604
629691
629735
629893
630022
630096
630243
630314
630320
630379
630428
630752
630788
630835
630847
630855
630877
630963
630967
631077
631083
631395
631407
631669
631697
631736
632052
632364
632436
632629
632736
632953
632954
632961
633032
633067
633253
633604
633709
633710
633737
634005
634052
634069
634539
634783
634907
635103
635238
635282
635351
635378
635452
635628
635670
635723
636015
636022
636403
636424
636445
636519
636815
636947
636995
637025
637366
637398
637423
637473
637482
637494
637682
637725
637769
637889
637964
638001
638064
638217
638276
638285
638324
638415
638530
638620
638688
638716
638922
638952
638956
638961
638972
639072
639203
639210
639213
639408
639490
639580
639750
639930
639966
640083
640394
640527
640528
640605
640629
640649
640899
640911
640969
641031
641158
641159
641319
641321
641524
641540
641672
641678
642053
642079
642093
642095
642156
642294
642298
642305
642556
642576
642664
643000
643043
643117
643126
643225
643236
643280
643347
643620
643780
643883
643905
643906
643983
644110
644143
644223
644233
644387
644397
644411
644543
644613
644634
644693
644850
644864
644869
644913
645055
645061
645095
645118
645126
645145
645507
645637
645643
645725
645781
645813
645846
645860
645940
645964
646037
646156
646230
646252
646267
646453
646473
646526
646628
646633
646771
646798
646850
646974
647024
647145
647174
647305
647334
647402
647633
647759
647785
648304
648395
648433
648488
648854
648888
648900
648925
648965
649064
649075
649084
649326
649348
649415
649501
649509
649516
649517
649620
649900
649913
649979
650135
650205
650230
650277
650313
650335
651041
651194
651195
651206
651291
651293
651371
651442
651506
651616
651626
651643
651675
651712
651743
651756
651765
651821
651950
651954
652072
652310
652474
652483
652514
652516
652517
652581
652740
652825
652885
652989
653053
653068
653077
653080
653100
653148
653251
653436
653476
653489
654215
654221
654276
654283
654321
654323
654374
654669
654803
654850
655331
655478
655578
655589
656117
656139
656142
656308
656646
656703
656722
656776
656870
656924
656969
657301
657429
657537
657570
657619
657748
657824
657973
657993
658075
658146
658148
658193
658279
658401
658511
658513
658861
658889
658934
659242
659248
659388
659459
659641
659746
659882
659885
660082
660116
660118
660218
660285
660338
660351
660544
660552
660717
660761
660773
660785
660843
660969
661133
661242
661301
661394
661553
661626
661792
661882
662015
662078
662475
662480
662611
662616
662955
663326
663353
663585
663621
663700
663766
663771
663888
663968
664057
664130
664155
664559
664598
664621
664678
664737
664959
665001
665177
665188
665305
665511
665558
665689
665718
665756
665769
665775
666083
666294
666347
666580
666665
666878
666934
666948
666984
667052
667144
667248
667261
667262
667592
667605
667779
667841
667963
668091
668287
668413
668497
668510
668620
668653
668670
668726
668835
668926
668939
669195
669447
669489
669710
669778
670339
670543
670575
670584
670748
670761
670778
670926
670933
671137
671160
671222
671227
671539
671576
671616
671675
671724
671791
671884
672005
672045
672092
672271
672522
672697
672747
672785
673019
673077
673542
673759
673928
674000
674035
674095
674130
674147
674480
674586
674645
674796
674992
675042
675183
675244
675262
675355
675439
675449
675577
675648
675686
675922
675932
676108
676451
676611
676683
676721
676735
676923
676931
676985
677003
677133
677443
677607
677998
678181
678199
678259
678359
678407
678432
678488
678491
678712
678729
678915
679348
679384
679556
679714
679753
679866
680017
680024
680207
680212
680362
680421
680488
680530
680568
680638
680813
680858
680859
680929
681018
681055
681130
681301
681306
681349
681379
681422
681463
681483
681484
681493
681517
681621
681644
681647
681846
681890
681947
682322
682329
682347
682409
682429
682568
682662
682896
683013
683191
683286
683497
683620
683634
683697
683724
683812
683917
684227
684239
684274
684301
684379
684545
684577
684683
684909
685068
685180
685240
685285
685477
685481
685884
685917
686113
686234
686241
686261
686303
686341
686362
686423
686675
686972
687096
687208
687293
687328
687392
687394
687421
687582
687731
687739
687759
687763
687764
687999
688074
688226
688326
688340
688389
688539
688639
688715
688732
688878
689106
689153
689205
689279
689283
689343
689386
689388
689486
689690
689775
689789
689853
689966
689985
690032
690049
690187
690278
690306
690314
690431
690817
690854
690948
691015
691175
691298
691372
691419
691465
691575
691605
691634
691846
691965
692127
692175
692177
692296
692376
692446
692547
692593
692685
693160
693278
693398
693466
693484
693489
693728
693783
693925
693957
693968
693986
694051
694065
694145
694198
694328
694347
694460
694496
694516
694674
694702
694939
695116
695162
695281
695385
695529
695649
695671
695807
696009
696043
696050
696266
696541
696586
696763
697008
697122
697226
697246
697304
697395
697530
697632
697757
697910
697997
698057
698153
698182
698322
698375
698588
698761
698831
699033
699138
699394
699509
699521
699531
699668
699673
699720
699775
699802
699842
699859
700030
700265
700271
700300
700318
700334
700763
700811
700946
701004
701149
701204
701448
701461
701492
701530
701559
701572
701605
701705
701809
701872
702023
702294
702311
702349
702393
702853
703340
703357
703412
703551
703597
703633
703679
703773
704045
704062
704087
704169
704196
704272
704311
704409
704469
704762
705182
705208
705295
705297
705342
705390
705396
705567
705603
705630
705706
705719
705828
705877
706007
706047
706093
706161
706238
706318
706716
706781
706810
706944
706970
707203
707259
707349
707379
707552
707602
707642
707668
707756
707789
707820
707855
707882
707883
707942
708035
708216
708238
708316
708369
708447
708452
708632
708722
708761
708786
708802
709112
709304
709571
709576
709601
709640
709725
709833
709874
709989
710061
710076
710266
710344
710531
710722
710896
710965
711025
711119
711256
711306
711502
711546
711679
711726
711860
711930
711958
711996
712015
712050
712153
712325
712402
712605
712781
712784
712795
712853
712883
713059
713107
713221
713333
713374
713455
713460
713565
713620
713759
713770
714072
714125
714178
714256
714295
714335
714513
714525
714581
714584
714802
714884
714919
714937
715132
715460
715547
715646
715730
715789
715823
716295
716316
716382
716456
716491
716523
716556
716665
716845
716880
717224
717274
717412
717504
717579
717666
717802
717867
717984
718004
718023
718024
718037
718054
718223
718243
718267
718286
718425
718456
718481
718930
719213
719227
719306
719352
719395
719611
719702
719724
719725
719883
720044
720302
720381
720410
720699
720833
721063
721077
721086
721112
721233
721245
721270
721466
721548
721608
721747
721750
721940
722023
722049
722098
722144
722188
722252
722268
722389
722485
722539
722796
722849
722938
722996
723060
723410
724064
724180
724193
724264
724525
724726
724856
725039
725115
725180
725228
725350
725593
725637
725674
725734
726009
726046
726047
726066
726115
726229
726256
726288
726344
726353
726375
726546
726616
726874
726896
726914
726933
727109
727119
727280
727336
727510
727772
727794
727856
727985
727989
728024
728037
728129
728131
728371
728395
728456
728518
728620
728811
728856
728947
729148
729285
729337
729469
729626
729656
729744
729890
729973
730189
730434
730476
730530
730836
730882
730911
730916
730931
730973
731153
731292
731347
731553
731603
731608
731645
731680
731714
731855
731960
731975
731979
732006
732044
732144
732216
732262
732317
732334
732389
732453
732552
732569
732620
732737
732747
732799
732881
732965
733025
733034
733069
733144
733188
733204
733229
733284
733350
733439
733513
733542
733748
733903
733908
733942
734125
734534
734615
734768
734827
735024
735079
735086
735134
735170
735257
735637
735734
735757
735866
735945
735966
736096
736205
736218
736363
736429
736618
737078
737192
737207
737228
737504
737555
737638
737677
737696
737709
737720
737759
737837
737851
737956
737978
738070
738262
738383
738483
738509
738523
738635
738677
738817
738852
738909
738926
739207
739606
739617
739904
739915
739953
739992
740042
740072
740074
740112
740485
740563
740867
741019
741067
741264
741586
741667
741826
741871
741935
742103
742105
742146
742207
742227
742394
742633
742690
742907
742916
743028
743168
743349
743423
743538
743610
743708
743724
743742
743788
744107
744311
744343
744353
744379
744448
744449
744504
744647
744735
744788
744896
745015
745043
745127
745465
745607
745940
746032
746263
746384
746426
746448
746509
746546
746697
746706
746746
746790
747202
747204
747434
747501
747587
747669
747700
747726
747998
748165
748189
748310
748450
748561
748692
748703
748758
748759
748821
748870
748963
748998
749381
749419
749446
749478
749543
749904
749925
749928
749960
749963
750245
750481
750607
750676
750721
750748
750791
751078
751079
751104
751111
751158
751166
751593
751620
751794
751803
752214
752249
752466
752618
752624
752667
752720
752943
752946
753004
753089
753116
753135
753200
753281
753296
753310
753312
753322
753328
753420
753515
753581
753639
754073
754184
754244
754313
754341
754670
754730
754740
754784
754798
754874
755191
755299
755308
755548
755607
755641
755652
755740
755744
755854
755903
755969
756057
756234
756276
756487
756558
756567
756587
756720
756788
756815
756865
756867
756899
756942
756979
757274
757663
757701
757762
757834
757923
757942
758040
758140
758348
758359
758961
758972
759023
759031
759251
759265
759371
759529
759530
759535
759550
759597
759599
759647
759861
759884
759918
759992
760004
760017
760027
760078
760117
760208
760214
760218
760229
760511
760752
760782
760817
760843
760908
761009
761075
761158
761227
761342
761465
761765
761996
762167
762328
762472
762543
762666
762681
762733
762810
762891
762893
762943
763112
763149
763319
763426
763468
763648
763720
763746
763806
763918
763978
764126
764183
764213
764534
764652
764687
764890
764927
764942
765213
765305
765320
765422
765476
765550
765605
765673
765802
765991
766073
766161
766178
766340
766650
766836
766896
766901
767028
767035
767085
767153
767470
767770
767820
768165
768167
768343
768346
768536
768644
768806
768839
768874
768902
768969
768995
769089
769519
769578
769603
769668
769714
769774
769850
769859
769880
769906
769968
770032
770144
770183
770214
770446
770578
770626
770947
771221
771349
771529
771554
771588
771817
771850
772077
772272
772324
772438
772512
772615
772679
772715
772863
772884
773119
773271
773293
773449
773521
773565
773664
773717
773978
773984
774011
774076
774080
774098
774134
774192
774248
774353
774371
774572
774715
774870
775051
775485
775503
775849
775913
775941
776194
776218
776242
776268
776484
776649
776656
776793
776824
777320
777370
777483
777602
777704
777719
777774
777827
777861
777895
777902
777923
777947
777967
777999
778068
778182
778299
778595
778629
778994
779096
779221
779392
779462
779465
779567
779593
779594
779718
779770
779938
779940
780024
780114
780115
780176
780270
780453
780545
780598
780654
780871
780933
780993
781127
781218
781224
781231
781300
781323
781527
781589
781638
781924
781940
782072
782075
782163
782330
782357
782465
782537
782681
782795
782939
783114
783251
783435
783518
783576
783751
783795
783856
784022
784407
784504
784509
784566
784718
784963
784977
784978
785044
785050
785053
785071
785107
785281
785302
785451
785601
785603
785708
785764
785797
785890
785928
786068
786328
786389
786409
786554
786590
786675
786735
786747
787137
787437
787561
787598
787680
787848
787928
787970
788027
788078
788368
788498
788615
788621
788676
788899
788937
789300
789407
789772
789805
789813
789913
790092
790171
790227
790297
790343
790529
790556
790572
790594
790672
790732
790776
790903
790935
790944
791398
791444
791446
791476
791528
791753
791799
791802
791918
791943
792037
792078
792181
792191
792221
792289
792362
792368
792408
792414
792525
792538
792550
792965
793026
793136
793140
793243
793728
793839
793857
793934
793941
794050
794216
794332
794382
794539
794557
794624
794720
794787
794818
795126
795293
795366
795678
795683
795726
795835
795965
796047
796123
796209
796354
796700
796745
796747
796773
796827
796879
797092
797372
797582
797978
798045
798054
798254
798419
798505
798708
798798
798805
798906
799077
799130
799240
799570
799789
799841
799865
800134
800421
800425
800466
800675
800781
800918
801032
801198
801259
801312
801324
801509
801591
801593
801620
801791
801952
801955
802065
802092
802218
802451
802559
802562
802959
803265
803391
803709
803775
804031
804032
804516
804684
804758
804786
804850
804946
805100
805149
805230
805341
805361
805449
805469
805537
805669
805773
805817
805905
805965
806048
806161
806357
806469
806519
806574
806867
807103
807218
807332
807368
807469
807695
807754
807819
807831
807963
807986
808077
808349
808547
808794
808887
808917
809022
809078
809228
809291
809303
809445
809482
809508
809546
809551
809603
809613
809954
810080
810085
810140
810445
810632
810692
810703
810909
810984
810997
811092
811258
811332
811408
811438
811455
811511
811554
811590
811691
811699
811851
811957
812042
812054
812102
812152
812275
812304
812316
812329
812442
812782
812947
812961
813123
813212
813249
813278
813318
813339
813359
813406
813417
813622
813660
813714
813841
813925
814083
814123
814237
814371
814452
814458
814576
814718
815011
815182
815263
815296
815691
815781
815924
816056
816117
816396
816495
816539
816629
816953
817183
817254
817406
817560
817606
817821
817866
817876
818009
818166
818353
818415
818522
818644
819024
819069
819149
819278
819386
819453
819488
819614
819892
819897
820021
820130
820509
820539
820591
820694
820700
820802
820884
821109
821181
821205
821278
821309
821342
821429
821613
821810
822190
822211
822361
822370
822491
822748
822866
822868
823150
823169
823207
823298
823316
823410
823806
823869
823980
824098
824105
824117
824182
824184
824416
824739
824895
824937
825300
825352
825373
825381
825387
825395
825399
825409
825421
825440
825554
825580
825909
826033
826411
826464
826592
826678
826718
826732
826766
826933
827199
827204
827245
827269
827441
827492
827568
827887
828073
828125
828181
828284
828339
828502
828581
828808
828836
828947
828956
829203
829296
829315
829509
829560
829767
829776
829909
829925
829938
830058
830064
830245
830247
830277
830390
830392
830615
830863
830918
831140
831212
831277
831318
831766
831997
832034
832532
832567
832590
832591
832708
832798
832800
832830
832903
833254
833288
833373
833407
833915
833993
834008
834031
834086
834141
834152
834356
834462
834541
834687
834688
834734
834907
835085
835146
835230
835297
835326
835340
835408
835456
835459
835534
835579
835621
835750
835914
835995
836026
836080
836426
836695
836858
836920
837117
837207
837321
837340
837390
837542
837645
837648
837719
837811
837848
838304
838320
838925
839156
839267
839319
839337
839369
839486
839549
839685
839692
839790
839998
840293
840433
840490
840610
840655
840748
840785
840976
841026
841089
841100
841208
841253
841294
841296
841395
841521
841870
841985
842068
842634
842672
842852
843050
843074
843269
843300
843385
843518
843553
843660
843798
843839
844064
844160
844248
844249
844622
844639
844713
844738
844742
845013
845051
845090
845258
845279
845283
845322
845612
845732
846080
846089
846113
846115
846288
846386
846427
846521
846621
846833
847127
847189
847204
847214
847323
847700
847749
848064
848130
848190
848240
848665
848785
849224
849284
849303
849441
849469
849537
849771
849804
849922
849977
850307
850491
850705
850778
850796
851013
851051
851165
851399
851415
851485
851628
851649
851673
851993
852155
852296
852361
852517
852813
852835
852860
852874
852917
852970
853142
853223
853226
853245
853379
853494
853497
853534
853551
853622
853684
853765
853786
853888
853901
854019
854035
854142
854271
854294
854382
854422
854601
854724
854784
854786
854939
855001
855013
855031
855110
855153
855204
855507
855517
855605
855872
855928
855956
856231
856457
856466
856917
856986
857142
857247
857278
857348
857349
857528
857654
857728
857775
857868
857909
858006
858024
858028
858109
858203
858324
858482
858681
858756
858796
858856
859047
859138
859139
859220
859324
859349
859383
859432
859483
859502
859582
859779
859794
859930
860009
860215
860242
860243
860752
860835
860839
860976
861051
861161
861210
861374
861552
861639
861724
861797
861937
861939
861972
862046
862108
862177
862205
862490
862614
862664
862942
863033
863055
863483
863730
864141
864261
864374
864419
864624
864668
864695
864713
864772
864844
865020
865056
865208
865232
865340
865491
865500
865726
865744
865806
865814
865910
866053
866234
866415
866527
866717
866863
866881
866893
867150
867242
867373
867613
867652
867693
867717
867751
867805
867815
868022
868043
868127
868162
868208
868261
868474
868594
868687
868742
868782
868910
869119
869240
869280
869301
869308
869405
869418
869529
869555
869746
869795
869797
870013
870127
870221
870330
870339
870344
870382
870671
870719
870735
870913
871021
871195
871276
871295
871419
871685
871730
871765
871854
871959
872045
872105
872114
872269
873003
873018
873036
873142
873227
873229
873425
873500
873561
873577
873795
873926
874020
874295
874318
874383
874399
874426
874443
874511
874592
874599
875029
875068
875462
875483
875608
875678
875685
875761
875858
876000
876028
876119
876243
876249
876274
876310
876400
876510
876535
876560
876561
876600
876635
876680
876700
876752
876879
876919
877096
877125
877165
877186
877400
877406
877553
877570
877643
878169
878218
878275
878312
878400
878425
878450
878495
878533
878876
878983
879004
879169
879200
879319
879385
879399
879503
879558
879706
879724
879844
879876
879975
880029
880386
880390
880495
880502
880577
880624
880633
880740
880742
881020
881046
881405
881472
881522
881676
881695
881972
882016
882201
882217
882308
882947
883014
883107
883148
883185
883250
883257
883360
883389
883507
883627
883724
883817
883818
883843
883986
884003
884416
884422
884546
884548
884713
885084
885266
885333
885400
885454
885460
885587
885608
885710
885804
885854
886006
886019
886142
886514
886592
886710
886934
886956
886960
887123
887197
887229
887285
887445
887537
887728
887876
887879
887983
888127
888128
888197
888416
888586
888607
888642
888652
888871
888937
888967
888999
889036
889106
889284
889391
889424
889469
889490
889703
889742
889778
890153
890572
890597
890600
890913
890936
891053
891089
891155
891176
891183
891293
891480
891530
891687
891737
891768
891799
892075
892107
892176
892229
892289
892302
892365
892404
892468
892551
892581
892730
892804
892818
892895
892952
892998
893045
893234
893286
893305
893327
893328
893338
893406
893600
893941
893973
894107
894245
894248
894350
894556
894584
894593
894740
894770
894814
894857
894913
894976
895186
895266
895295
895342
895422
895437
895536
895672
895744
895871
895916
895963
896081
896149
896268
896320
896367
896396
896421
896443
896458
896486
896519
896555
896581
896772
896778
896830
896881
896893
896999
897190
897297
897372
897402
897505
897655
897735
897750
897782
897852
897855
898067
898081
898149
898219
898246
898322
898409
898545
898635
898718
898801
898879
898959
899266
899437
899468
899538
899566
899599
899826
899855
899895
899905
900158
900164
900246
900365
900396
900411
900484
900538
900552
900601
900611
900736
900746
900783
900960
901128
901177
901180
901518
901560
901562
901808
901894
901913
901926
902035
902059
902157
902203
902444
902685
902803
902939
902983
903027
903048
903207
903326
903354
903395
903511
903635
904144
904279
904478
904623
904680
904839
904936
905318
905521
905663
905720
905764
905936
905979
906036
906211
906455
906470
906538
906835
906916
907039
907217
907313
907442
907506
907540
907590
907656
907833
907892
907966
907997
908164
908244
908336
908366
908540
908580
908654
908756
908807
908965
909039
909242
909262
909469
909563
909635
909848
909973
910174
910248
910304
910372
910403
910571
910623
910654
910667
910680
911344
911619
911699
911754
911828
911871
912190
912193
912205
912284
912286
912430
912493
912587
912602
912997
913130
913154
913227
913266
913316
913337
913445
913455
913523
913684
913797
913857
913866
913888
913930
914110
914318
914397
914654
914709
914751
914874
915150
915365
915401
915481
915607
915622
915668
915670
915742
915868
915992
916098
916118
916132
916171
916194
916211
916274
916496
916563
916645
916699
916721
916880
916942
916977
917017
917042
917049
917066
917152
917184
917257
917335
917361
917657
917677
918012
918203
918274
918404
918437
918596
918673
918679
918739
918818
918821
918827
918913
919087
919221
919383
919520
919554
919630
919660
919694
919801
919934
919973
920151
920251
920316
920359
920396
920518
920562
920573
920889
920925
920979
921303
921350
921414
921479
921550
921664
921689
921744
921755
921875
922033
922231
922238
922239
922461
922514
922541
922609
922838
922897
922921
922991
923101
923105
923251
923513
923532
923713
923948
923952
923969
924313
924499
924514
924689
924691
924714
924759
924858
924865
924915
924947
924978
925021
925023
925215
925232
925289
925377
925432
925471
925718
925985
926007
926092
926243
926515
926599
926920
926933
926962
926972
927050
927059
927157
927352
927428
927456
927515
927786
927871
927885
928147
928283
928826
928950
929009
929029
929197
929323
929380
929537
929830
929876
929900
929997
930038
930394
930534
930539
930709
930850
930995
931317
931366
931516
931659
931679
931932
932195
932197
932329
932694
932719
932826
932872
932873
932974
933235
933281
933338
933357
933456
933685
933710
933714
933748
933867
933904
934029
934051
934426
934438
934480
934494
934538
934640
934650
934695
934713
934733
934799
934928
934994
935013
935021
935057
935067
935092
935119
935283
935297
935327
935443
935493
935559
935616
935873
936193
936195
936292
936293
936359
936363
936429
936853
937138
937151
937203
937315
937380
937591
937669
937757
937776
937834
937873
938104
938162
938278
938306
938308
938418
938640
938656
938737
938794
938902
938930
938975
939156
939169
939184
939205
939211
939437
939480
939514
939624
939770
939857
939891
939893
939929
940027
940074
940156
940288
940313
940332
940550
940570
940619
940926
940929
940935
940993
941020
941057
941074
941115
941215
941713
941747
941954
942104
942447
942449
942603
942623
942762
942778
942847
942994
943083
943134
943243
943662
943691
943886
943923
944070
944077
944189
944381
944400
944482
944556
944631
944954
945032
945166
945290
945305
945355
945387
945446
945508
945688
945778
945820
945850
945952
946244
946328
946329
946349
946461
946472
946478
946521
946592
946738
946802
946833
946852
946995
947077
947151
947192
947236
947302
947445
947497
947577
947688
947720
947794
947873
947947
947955
948148
948438
948550
948690
948719
948767
948783
949039
949067
949169
949340
949349
949464
949548
949777
949866
949895
949908
949971
949996
950019
950106
950107
950331
950415
950448
950505
950567
950596
950751
950785
950924
951157
951291
951353
951363
951379
951449
951467
951496
951506
951591
951598
951634
951912
951981
952026
952073
952332
952356
952511
952572
952601
952638
952679
952689
952708
952739
952778
952797
952802
952940
952958
953084
953177
953252
953253
953307
953348
953709
953854
954005
954371
954440
954478
954695
954734
954735
954808
955009
955014
955106
955132
955270
955297
955337
955434
955462
955474
955658
955912
955999
956197
956249
956467
956475
956511
956529
956865
956927
957048
957060
957153
957184
957510
957629
957644
957655
957762
957770
958016
958125
958351
958392
958696
958739
958828
958983
959087
959131
959182
959191
959237
959272
959359
959449
959458
959497
959506
959620
959746
959792
959908
959934
959947
960007
960143
960635
960821
960846
960975
961087
961126
961171
961254
961498
961624
961932
961972
962025
962062
962082
962124
962207
962292
962296
962381
962468
962469
962590
962700
962967
963093
963233
963435
963447
963526
963539
963595
963634
963693
963869
963962
964121
964162
964337
964351
964469
964558
964595
964655
964715
964733
964870
964947
964981
964988
965115
965164
965211
965257
965274
965407
965444
965548
965582
965764
966160
966184
966426
966533
966546
966670
966797
966928
966952
966992
967066
967113
967303
967321
967527
967591
967614
967660
967708
967716
967814
967847
968023
968181
968262
968651
968715
969056
969064
969176
969376
969427
969476
969539
969714
969757
969864
970038
970040
970114
970616
970642
970678
970930
971042
971116
971201
971233
971417
971540
971580
971622
971815
971957
971964
971968
972250
972913
973088
973198
973218
973399
973426
973521
973555
973591
973595
973812
973861
974098
974231
974297
974333
974355
974409
974466
974541
974727
974735
974875
974963
975064
975079
975134
975136
975206
975246
975372
975407
975413
975483
975487
975517
975545
975622
975662
975699
975769
975775
975813
975957
976006
976110
976157
976230
976286
976287
976324
976496
976523
976551
976675
976755
976777
976798
976815
976879
977001
977032
977075
977113
977142
977205
977321
977349
977361
977362
977377
977384
977567
977572
977687
977820
977896
978004
978049
978083
978156
978199
978242
978859
979079
979130
979210
979220
979266
979511
979771
979812
979865
979943
980157
980158
980209
980269
980303
980334
980360
980416
980444
980618
980619
980753
980758
980884
980942
981242
981281
981296
981309
981340
981471
981562
981636
981942
982016
982097
982129
982261
982275
982492
982536
982617
982630
982728
982800
982848
983072
983193
983301
983413
983453
983476
983598
983715
983837
983973
983993
984088
984165
984316
984455
984534
984549
984565
984718
984825
985015
985174
985198
985290
985392
985485
985560
985608
985633
985727
985738
985856
985860
986029
986046
986427
986809
986844
986945
986949
986976
987025
987152
987180
987198
987265
987278
987315
987355
987435
987532
987568
987575
987597
987608
987822
987973
988251
988274
988296
988427
988517
988574
988652
988751
988778
989026
989248
989351
989427
989690
990062
990187
990204
990297
990498
990628
990676
990710
990762
990815
990857
991031
991047
991339
991433
991438
991459
991493
991746
991797
991953
992033
992080
992117
992297
992335
992530
992674
993291
993331
993400
993418
993450
993487
993604
993638
993684
993685
993826
994433
994844
994882
994894
994956
994989
995049
995109
995150
995173
995261
995350
995363
995479
995503
995772
995917
995981
996104
996272
996358
996549
996730
996766
996832
996915
996937
997020
997035
997078
997178
997187
997406
997533
997534
997535
997692
997693
997776
998055
998061
998138
998157
998162
998261
998272
998435
998517
998646
998660
998805
998841
999097
999130
999210
999394
999400
999626
999746
999785
999804
999849
999867
999906
