75
104
184
257
750
780
813
1034
1169
1273
1398
1471
1620
1764
2009
2079
2139
2209
2258
2339
2441
2614
2680
3026
3167
3283
3360
3405
3522
3576
3811
3876
3928
3953
3984
3998
4105
4161
4198
4212
4250
4560
4676
4869
4936
4942
5159
5497
5500
5684
5762
5892
5935
6050
6200
6232
6566
6593
6690
6762
6930
6937
6943
7093
7124
7303
7319
7417
7424
7575
7630
7659
7850
7858
7912
8132
8554
8678
8977
8989
9163
9221
9278
9557
9560
9765
9901
10020
10058
10114
10154
10216
10242
10351
10433
10671
10679
10992
11101
11137
11345
11826
11915
12038
12073
12079
12087
12148
12155
12180
12292
12303
12476
12606
12640
12649
12654
12749
12876
12905
13095
13215
13508
13525
13533
13760
13778
13863
13875
13985
14131
14248
14570
14591
14772
14804
15001
15009
15125
15155
15248
15298
15400
15436
15648
15687
15760
15870
15926
15963
16123
16142
16335
16388
16534
16636
16657
16704
16738
16796
16899
16954
16992
17034
17142
17318
17341
17356
17478
17549
17663
17731
17772
18089
18160
18181
18273
18293
18428
18473
18626
18687
18751
18760
19172
19198
19223
19236
19327
19474
19497
19502
19569
19615
19642
19687
19746
19991
20016
20113
20158
20173
20181
20317
20387
20448
20528
20610
20758
21036
21067
21250
21268
21277
21394
21480
21564
21704
21883
22069
22160
22190
22325
22330
22373
22529
22771
22825
22826
23201
23219
23235
23372
23501
23715
23890
24200
24216
24229
24302
24320
24437
24464
24479
24503
24626
24640
24697
24863
25166
25199
25303
25311
25453
25482
25503
25575
25859
25949
25969
25984
26049
26082
26163
26207
26228
26362
26370
26414
26438
26589
26824
26903
27497
27538
27540
27605
28241
28312
28398
28526
28661
28725
28728
28796
28808
28864
28963
29139
29144
29203
29438
29649
29834
29895
29910
30160
30318
30377
30483
30607
30695
30696
30749
30881
30964
31061
31063
31073
31187
31327
31394
31424
31494
31700
31708
31874
31878
31919
32006
32028
32069
32184
32388
32509
32539
32648
32723
32757
32787
32998
33046
33116
33371
33440
33545
33547
33571
33572
33635
33855
33888
33901
33969
34014
34027
34047
34092
34122
34144
34223
34231
34272
34359
34360
34468
34778
34928
35086
35108
35247
35365
35431
35444
35447
35466
35476
35528
35566
35639
36061
36170
36367
36401
36490
36511
36733
36790
36823
36861
36874
36898
36967
37190
37205
37300
37394
37485
37510
37565
37622
37653
37701
37772
37780
37976
38135
38200
38233
38235
38323
38336
38407
38431
38459
38478
38593
38665
38907
38914
38983
39155
39395
39754
39844
39865
39899
39906
40034
40053
40140
40298
40419
40420
40734
40907
41068
41093
41099
41351
41378
41557
41706
41806
42032
42105
42274
42336
42392
42501
42583
42856
43021
43177
43224
43275
43291
43303
43410
43424
43435
43491
43614
43618
43669
43732
43781
43937
43973
44099
44172
44418
44455
44543
44586
44676
44687
44820
44898
45031
45283
45377
45589
45820
45825
45875
45953
46265
46397
46410
46558
46560
46695
46761
47109
47201
47292
47377
47421
47514
47551
47572
47668
47805
47930
48017
48053
48090
48443
48583
48600
48664
48754
48820
48883
48898
49085
49295
49391
49538
49631
49656
49745
49803
49872
50032
50143
50424
50540
50640
50731
50926
51104
51109
51121
51180
51235
51512
51923
51963
52172
52199
52299
52300
52304
52505
52590
52780
52910
53176
53453
53459
53472
53778
54201
54555
54788
54889
54905
54993
55032
55052
55062
55205
55264
55560
55622
55666
55796
55801
55879
56087
56109
56270
56323
56330
56451
56484
56632
56760
56787
56813
56930
56953
56962
57325
57410
57509
57590
57848
57863
57864
57901
57907
58021
58164
58327
58334
58598
58633
58663
58790
58906
59017
59023
59029
59223
59231
59289
59356
59389
59414
59508
59536
59709
59743
59847
59904
59928
59939
59969
59996
60340
60678
60708
60714
60758
61117
61595
61643
61768
61825
61834
61921
62013
62041
62255
62677
62738
62862
62866
62876
62895
62961
62995
63042
63108
63290
63397
63490
63500
63554
64046
64056
64085
64195
64202
64235
64372
64434
64590
64598
64683
64900
64934
65289
65565
65659
65666
65745
65792
65812
65871
65960
66064
66068
66086
66176
66293
66355
66424
66505
66538
66773
66821
66823
67076
67251
67302
67359
67365
67416
67428
67486
67487
67637
67649
67712
67757
67856
67857
67935
68044
68388
68755
68775
68837
68859
68907
68981
69106
69224
69263
69292
69313
69423
69492
69553
69802
69811
69871
69906
69965
70233
70394
70520
70692
70817
70981
71163
71208
71418
71476
71534
71910
71972
72069
72191
72341
72371
72470
72494
72560
72927
72946
73419
73431
73449
73791
73836
73941
73977
73988
74044
74216
74262
74305
74311
74351
74365
74492
74540
74543
74600
74838
74866
74948
74958
75235
75318
75872
75963
76006
76107
76115
76191
76202
76317
76547
76830
77080
77081
77108
77237
77374
77730
77838
77976
78014
78064
78165
78327
78424
78482
78564
78632
78643
78729
78782
78830
78940
79021
79167
79310
79318
79510
79633
79703
79754
79775
79776
79855
79893
79984
80275
80341
80402
80414
80609
80628
80718
80760
80830
80867
80985
81117
81166
81367
81434
81822
81825
81842
81858
81967
82137
82235
82281
82287
82336
82435
82602
82668
82795
82923
82933
83029
83048
83080
83460
83509
83575
83734
83778
83808
83819
83839
83974
84025
84084
84293
84309
84326
84471
84635
84923
84932
84977
84995
85066
85132
85516
85547
85833
85905
86075
86154
86356
86806
86816
86893
86988
87152
87185
87514
87528
87683
87877
87905
87955
88116
88150
88222
88284
88306
88409
88513
88911
89118
89220
89402
89550
89663
89902
89950
89961
90000
90003
90113
90226
90475
90658
91027
91120
91212
91286
91327
91411
91419
91450
91477
91482
91804
91849
91853
91889
91932
91940
92172
92342
92383
92655
92906
93003
93115
93239
93273
93375
93588
93639
93767
93786
93791
93985
94415
94485
94626
94696
94721
94850
94993
95055
95138
95250
95358
95568
95658
95691
95699
95742
95749
95777
95791
95809
95910
95919
95953
95987
96184
96190
96207
96225
96248
96260
97073
97225
97301
97487
97522
97575
97755
98057
98219
98298
98384
98524
98547
98640
98702
98871
98886
98945
99152
99355
99479
99534
99653
99880
100041
100132
100181
100235
100439
100527
100547
100565
100584
100790
100839
100911
100930
101056
101112
101417
101530
101547
101605
101884
102054
102097
102157
102238
102319
102378
102384
102577
102702
102882
103004
103087
103499
103530
103539
103622
103727
103787
103866
103888
103944
103978
104177
104249
104341
104441
104468
104724
105082
105129
105174
105200
105207
105437
105527
105604
105724
105827
105898
106015
106087
106130
106456
106569
106598
106648
106744
106871
106979
106988
107096
107295
107449
107538
107616
107788
108052
108064
108098
108156
108178
108243
108528
108708
108746
109048
109082
109186
109338
109348
109353
109468
109780
110043
110138
110311
110422
110476
110581
110617
110976
111013
111030
111118
111179
111712
111730
111805
111815
112025
112131
112205
112266
112284
112287
112299
112529
112821
113038
113116
113176
113271
113303
113423
113678
113720
113735
113768
113902
113935
114098
114116
114462
114484
114632
114687
114693
115037
115040
115589
115592
115693
115787
115790
115858
115883
116116
116145
116249
116286
116397
116486
116511
116518
116548
116595
116648
116807
116829
117030
117086
117279
117409
117507
117516
117581
117626
117823
117904
117965
118171
118432
118558
118599
118791
118849
118864
118969
119058
119116
119231
119269
119450
119606
119642
119651
119762
119767
119808
119817
119918
120183
120363
120607
120634
120699
120795
120813
120856
120896
120915
120932
120967
121167
121240
121279
121352
121413
121593
121604
121646
121675
121799
121989
122411
122505
122839
122873
122988
123055
123078
123109
123118
123240
123259
123612
123643
123690
123847
123888
124040
124078
124343
124390
124391
124394
124421
124469
124513
124792
124819
124922
125104
125190
125456
125467
125518
125534
125540
125732
125772
125798
125856
125995
126200
126205
126208
126215
126656
126691
126725
127069
127103
127121
127145
127210
127412
127654
127858
127859
127907
127986
128127
128179
128282
128352
128368
128391
128417
128516
128517
128528
128541
128578
128734
128867
128910
129271
129280
129317
129461
129515
129529
129672
129677
129678
129748
129770
129829
129917
130481
131017
131191
131197
131218
131536
131911
132135
132206
132256
132331
132351
132585
132748
132788
132868
133233
133294
133427
133537
133548
133636
133739
133788
133816
134011
134055
134088
134095
134240
134278
134400
134436
134445
134473
134495
134671
134681
134695
134726
134869
134946
135067
135121
135291
135405
135464
135592
135661
135662
135690
135694
135840
135897
135910
135970
135974
136038
136303
136396
136525
136532
136601
136661
136665
136951
137011
137054
137193
137343
137363
137461
137564
137635
137685
137739
137761
137831
137980
138044
138267
138269
138446
138492
138521
138633
138644
138670
138719
138740
138925
139001
139098
139141
139306
139336
139340
139390
139586
139602
139641
139668
139738
139773
139892
140012
140181
140398
140635
140697
140730
140798
140840
140918
141134
141245
141323
141424
141498
141558
141615
141661
141860
142394
142522
142798
142943
143040
143199
143286
143638
143833
143868
143978
144014
144106
144201
144301
144609
144656
144671
144811
144921
145135
145201
145304
145358
145429
145489
145506
145792
145856
145862
145962
145972
146071
146240
146627
146728
146776
146856
146871
146882
146887
147124
147152
147272
147301
147335
147432
147457
147647
147690
147721
147769
147826
147994
148028
148119
148372
148508
148682
148736
148868
148949
149139
149147
149195
149253
149348
149419
149534
149549
149739
149855
149968
150011
150019
150054
150122
150469
150561
150594
150731
150911
151040
151213
151508
151658
151666
151707
151860
151879
151956
152109
152120
152211
152275
152391
152510
152514
152682
153010
153230
153264
153312
153341
153471
153577
153726
153778
154036
154054
154055
154077
154175
154176
154318
154326
154351
154483
154532
154667
154672
154686
154975
155068
155133
155340
155402
155421
155439
155448
155606
155621
155643
155653
155684
155866
155879
156214
156416
156430
156498
156554
156596
156931
157002
157008
157039
157118
157301
157337
157594
157602
157632
157676
157857
157979
157993
158007
158153
158208
158216
158281
158334
158410
158517
158530
158581
158674
158694
158714
158791
158943
159106
159615
159717
159779
159845
159936
159940
160165
160214
160278
160332
160394
160988
161079
161119
161197
161207
161224
161261
161340
161397
161466
161485
161492
161588
161691
161702
161776
161844
161846
161964
162021
162227
162259
162316
162410
162423
162450
162477
162504
162622
162731
162769
162834
162855
162954
162976
163156
163564
163585
163598
163708
163736
163737
163784
163947
164009
164040
164121
164325
164362
164422
164534
164578
164721
165193
165212
165406
165481
165549
165600
165639
165861
166015
166164
166223
166303
166454
166494
166612
166734
166777
166938
166963
167086
167178
167216
167312
167438
167526
167553
167712
167732
167774
167874
167927
167930
168000
168096
168102
168225
168272
168305
168307
168374
168399
168442
168548
168647
168915
168948
168988
169118
169279
169323
169434
169651
170009
170072
170089
170366
170626
170686
170707
171096
171126
171167
171208
171553
171611
171630
171739
171741
171805
171869
172103
172152
172161
172256
172424
172460
172537
172580
172606
172728
172795
172877
172961
173013
173129
173542
173574
173587
173648
173700
173836
173882
174276
174342
174710
174877
174936
175005
175022
175080
175322
175376
175653
175663
175690
175719
175788
175918
175951
176194
176595
176628
176645
176657
176821
176918
176963
177043
177320
177462
177495
177521
177579
177772
177856
177861
177908
178040
178064
178228
178493
178507
178520
178551
178585
178684
178719
178724
178764
178798
179030
179219
179335
179368
179425
179436
179623
179688
179755
179899
180093
180180
180219
180289
180314
180442
180498
180521
180611
180846
180866
180948
181115
181132
181174
181190
181431
181437
181503
181622
181764
181768
181898
181945
182289
182708
182732
182790
182808
182826
182841
182864
182867
182926
183079
183352
183476
183693
183726
183801
183906
183979
184002
184183
184281
184434
184461
184505
184585
184642
184660
184700
184731
184793
184810
184859
185047
185074
185282
185336
185354
185436
185543
185546
185558
185734
185773
185954
186006
186018
186034
186252
186365
186657
186743
186753
186796
186952
187027
187055
187219
187251
187335
187506
187562
187980
188461
188634
188691
188839
188909
188931
188962
189149
189198
189317
189423
189563
189676
189705
189713
189878
189914
189981
190053
190056
190066
190180
190267
190430
190551
190692
190758
190999
191227
191299
191584
191607
191862
192028
192083
192340
192424
192763
192826
192984
192994
193107
193200
193201
193214
193283
193309
193395
193431
193547
193570
193738
193904
193959
194126
194169
194184
194201
194216
194256
194362
194440
194619
194626
194857
194886
194966
195063
195065
195613
195655
195748
195963
196023
196033
196200
196222
196367
196393
196530
196660
196743
196846
196853
196894
196998
197039
197123
197218
197235
197245
197711
197746
197771
197803
197856
197936
198028
198174
198239
198343
198443
198444
198818
198974
199263
199311
199390
199562
199587
199617
199623
199701
199708
199896
199909
200201
200241
200355
200429
200433
200438
200516
200531
200868
200941
200979
201012
201085
201121
201131
201309
201431
201486
201542
201615
201634
201876
201897
202077
202145
202164
202212
202323
202463
202469
202495
202606
202749
202756
202880
202903
203013
203068
203076
203150
203205
203224
203249
203267
203312
203433
203587
203792
203852
204055
204158
204479
204514
204632
204637
204692
204746
204784
204959
205439
205657
205696
205856
206149
206274
206556
206609
206665
206726
206788
206912
206915
206963
207021
207141
207260
207381
207399
207448
207468
207473
207561
207620
207633
207685
207740
207827
207859
208018
208070
208146
208148
208216
208287
208652
208977
209005
209264
209561
209811
209928
209942
210368
210515
210648
211182
211216
211624
211659
211677
211755
211794
211832
211949
211960
211972
212315
212473
212559
212648
212685
212826
212829
212890
212899
212916
213021
213153
213285
213587
213595
213714
213759
213818
213937
213948
213983
214276
214482
214512
214541
214649
214965
215033
215522
215525
215631
215701
215702
215703
215769
215809
215836
215863
216007
216124
216156
216256
216334
216346
216485
216605
216725
216792
216830
216872
216986
217154
217239
217295
217397
217404
217470
217483
217555
217565
217702
217836
217862
217870
217928
218016
218033
218069
218096
218105
218197
218516
218848
218934
218960
219033
219331
219396
219461
219605
219704
219876
220099
220307
220649
220777
220785
220899
221092
221175
221193
221235
221237
221310
221461
221508
221648
221693
221732
222013
222033
222081
222254
222510
222791
222828
222846
222992
223335
223344
223893
223938
224075
224081
224300
224339
224380
224595
224607
224614
224669
224714
224876
224902
225045
225266
225351
225493
225502
225631
225727
225755
225761
225774
226072
226140
226342
226359
226379
226391
226395
226435
226489
226610
226843
227053
227087
227146
227194
227248
227268
227355
227474
227682
227710
227859
227998
228036
228199
228353
228365
228408
228613
228668
228955
228973
229039
229193
229219
229369
229568
229617
229728
230096
230264
230371
230519
230691
230774
230790
230814
230883
230956
231026
231033
231490
231614
231697
231705
231841
231881
231896
231904
231973
232070
232131
232158
232185
232274
232428
232503
232630
232632
232655
232668
232872
232928
233077
233128
233308
233348
233459
233494
233538
233540
233555
233577
233597
233713
233721
233904
234022
234070
234804
235178
235291
235489
235592
235679
235740
235773
235788
235808
235859
235946
235950
236019
236036
236107
236244
236315
236369
236463
236688
236823
236964
236994
237008
237096
237292
237388
237434
237472
237505
237588
237651
237749
237819
237838
237975
238038
238054
238131
238309
238313
238373
238428
238431
238861
239034
239102
239109
239172
239253
239338
239355
239550
239687
239758
239824
239840
239931
240046
240235
240612
240619
240720
240924
240949
241171
241198
241287
241379
241471
241553
241601
241671
241675
241975
242095
242225
242429
242437
242733
242741
242804
242846
242853
242854
242873
242946
242999
243023
243061
243275
243303
243350
243470
243542
243570
243626
243633
243733
243796
244020
244192
244208
244218
244395
244404
244459
244527
244570
244741
244841
244899
244971
245012
245013
245117
245130
245219
245251
245369
245467
245481
245560
245719
245845
246045
246078
246300
246615
246640
246683
246740
247129
247244
247260
247432
247479
247491
247583
247643
247667
248014
248202
248432
248436
248482
248888
248975
249010
249113
249177
249201
249237
249282
249369
249573
249672
249786
249825
250047
250062
250075
250108
250148
250152
250348
250450
250918
251229
251238
251498
251615
251624
251686
251775
251897
252085
252129
252173
252210
252332
252340
252351
252453
252486
253156
253202
253207
253321
253541
253651
254025
254313
254346
254478
254557
254666
254717
254784
254879
254885
254887
255015
255026
255047
255143
255424
255526
255813
255869
255991
256138
256409
256490
256541
256604
256792
256838
256931
257054
257127
257278
257294
257604
257766
257847
257947
257958
257997
257998
258073
258317
258336
258463
258536
258563
258827
258973
259014
259128
259283
259383
259418
259482
259574
259733
259734
259818
259832
259989
260006
260032
260049
260095
260333
260375
260449
260520
260546
260630
260727
261056
261191
261251
261372
261411
261413
261435
261574
261705
261813
261840
261933
262358
262373
262417
262613
262660
262874
262877
263075
263300
263324
263469
263519
263526
263563
263852
264053
264187
264277
264339
264485
264496
264576
264826
264854
264856
265004
265014
265080
265117
265131
265365
265437
265698
265767
265929
266105
266205
266254
266293
266314
266450
266458
266484
266741
266749
266772
266899
266951
266982
266989
267063
267283
267301
267334
267393
267545
267622
267631
267657
267658
267885
267995
268238
268271
268294
268339
268412
268450
268481
268595
268762
268789
268796
268902
268948
269078
269128
269200
269208
269528
269574
269650
270433
270564
270605
270620
270785
270923
270942
271136
271228
271332
271421
271791
271794
271972
272073
272180
272271
272418
272445
272458
272482
272562
272599
272854
272891
273000
273053
273059
273097
273290
273455
273475
273512
273705
273728
273791
273806
273812
273816
273887
274087
274354
274360
274451
274452
274460
274577
274604
274673
274676
274698
274736
274838
274860
274922
274957
274968
275011
275020
275356
275432
275438
275525
275723
275751
275843
275951
276056
276103
276219
276242
276247
276350
276363
276364
276513
276603
276736
276829
276881
276921
276928
276937
276945
277053
277104
277274
277326
277387
277563
277631
277685
277902
277904
277967
278032
278323
278360
278401
278512
278551
278587
278616
278765
278843
278970
279022
279193
279385
279404
279417
279433
279440
279504
279570
279657
279704
279705
279792
279795
279907
280011
280028
280061
280114
280129
280136
280216
280274
280332
280369
280491
280582
280688
280758
280800
280804
280962
281227
281284
281360
281486
281575
281622
281746
281760
281785
281901
281918
281930
281975
282113
282316
282338
282514
282550
282620
282637
282699
282719
282863
282981
283029
283061
283157
283160
283161
283257
283323
283351
283516
283524
283616
283620
283681
283728
283770
283838
284288
284446
284470
284485
284501
284869
284969
285122
285185
285226
285391
285410
285414
285501
285519
285562
285694
285712
285897
285926
285977
286166
286265
286852
286936
287277
287288
287290
287624
287770
287888
288121
288418
288479
288581
288647
288648
288801
288888
289012
289106
289210
289265
289308
289373
289417
289428
289437
289466
289829
289949
290205
290209
290313
290417
290418
290492
290736
290850
291213
291318
291580
291684
291729
291792
291927
291992
292410
292520
292711
292740
292824
292854
292866
292881
292909
292997
293083
293091
293170
293182
293540
293784
293897
293929
294008
294033
294034
294080
294332
294482
294493
294560
294598
294672
294756
294846
294874
294920
295108
295397
295517
295588
295625
295791
295806
295923
296037
296408
296419
296461
296617
296716
296776
296897
296926
296977
296989
297084
297093
297229
297364
297371
297449
297518
297651
297697
297762
297846
297854
298082
298244
298419
298686
298690
298769
298808
298995
299128
299280
299293
299426
299454
299604
299860
300081
300336
300598
300787
300912
300935
301163
301368
301555
301562
301678
301688
301757
301766
301831
301930
302128
302164
302229
302267
302350
302563
302620
302692
302730
302976
303087
303094
303135
303191
303265
303293
303299
303491
303562
303734
303942
303963
304019
304088
304306
304310
304336
304342
304375
304492
304571
304812
305031
305104
305125
305165
305174
305182
305221
305239
305409
305472
305729
305988
306079
306194
306246
306511
306825
306836
306842
306845
306938
306990
306994
307123
307317
307384
307490
307493
307594
307686
308008
308154
308198
308239
308280
308303
308389
308420
308429
308458
308626
308647
308725
308747
308789
309091
309099
309355
309594
309726
309744
309773
309944
310040
310152
310241
310362
310529
310559
310560
310571
310609
310619
310630
310731
310856
310935
310986
311107
311269
311351
311356
311368
311548
311815
311931
311991
311994
312023
312027
312143
312152
312157
312200
312241
312265
312342
312782
313099
313231
313279
313331
313358
313413
313460
313478
313500
313508
313509
313562
313641
314071
314139
314140
314350
314439
314623
314676
314783
314956
315012
315064
315081
315115
315127
315172
315287
315288
315433
315528
315687
315696
315931
315966
316009
316044
316055
316253
316379
316398
316419
316488
316503
316530
316558
316609
316667
316725
316747
316770
316885
317058
317196
317361
317461
317481
317636
317706
317864
317923
318100
318132
318134
318285
318599
318979
319022
319081
319149
319204
319328
319388
319427
319607
319639
319666
319691
319748
319877
320187
320294
320376
320447
320455
320471
320760
320850
320873
321131
321226
321241
321363
321508
321522
321555
321609
321774
321776
321793
321939
321957
321993
321995
322006
322049
322136
322159
322182
322400
322475
322531
322602
322755
322776
322839
322863
322982
323339
323362
323801
323814
323817
323866
324043
324330
324396
324487
324595
324655
324860
324887
324921
325093
325335
325402
325476
325526
325546
325611
325654
325744
325844
325903
325951
326169
326279
326299
326354
326417
326423
326436
326449
326485
326558
326827
326841
326857
327214
327361
327459
327594
327869
327895
327924
328062
328357
328385
328465
328506
328825
328937
328993
329101
329254
329304
329489
329644
329730
329781
329825
329843
329851
329874
329944
329951
329958
330004
330013
330199
330314
330334
330522
330537
330906
330995
331116
331134
331142
331157
331216
331233
331275
331626
331628
331940
332139
332187
332222
332323
332470
332784
332949
333026
333094
333112
333145
333152
333193
333208
333316
333368
333415
333454
333467
333528
333569
333851
333996
334016
334310
334358
334373
334523
334606
334687
335132
335139
335244
335381
335556
335625
335715
335728
335738
335767
335867
335919
336119
336239
336409
336446
336620
336669
336854
337139
337213
337283
337395
337513
337652
337672
337830
337832
337935
337951
337993
338125
338199
338280
338378
338484
338528
338598
338700
338764
338871
339239
339351
339407
339428
339445
339585
339683
339689
339758
339928
339938
340052
340082
340205
340440
340545
340599
340628
340632
340695
340776
340866
340919
340938
340966
341184
341569
341710
341853
342019
342191
342206
342365
342403
342406
343042
343240
343313
343363
343464
343523
343668
343757
344111
344190
344272
344288
344591
344697
344725
344841
344968
345185
345243
345313
345377
345405
345425
345468
345484
345584
345672
345739
345786
345877
345929
346008
346129
346226
346298
346423
346457
346482
346520
346645
346647
346745
346845
346914
346967
347056
347108
347128
347251
347405
347477
347573
347690
347813
347820
347989
348034
348185
348279
348310
348368
348418
348504
348574
348881
348959
348997
349151
349173
349447
349464
349568
349788
349846
349872
349887
349994
350022
350075
350100
350181
350253
350319
350337
350395
350493
350514
350546
351028
351203
351275
351362
351369
351450
351586
351641
351797
351914
351994
352163
352168
352502
352605
352634
352651
352733
352867
352875
352917
352959
353324
353399
353566
353746
353771
353938
353985
354001
354091
354096
354133
354234
354236
354246
354881
354931
354983
355028
355113
355208
355320
355452
355613
355749
356040
356088
356090
356157
356192
356308
356325
356341
356381
356383
356392
356649
356655
356694
356777
356785
356885
356967
357170
357222
357252
357283
357388
357408
357410
357608
357694
357728
357802
357898
357983
358017
358084
358135
358210
358235
358457
358478
358492
358568
358632
358778
358779
358811
358881
358999
359033
359143
359181
359292
359333
359430
359456
359514
359900
359908
359974
359983
359986
359989
360021
360075
360136
360144
360219
360238
360379
360409
360659
360788
360877
360913
360987
361064
361111
361234
361276
361339
361433
361445
361535
361623
361708
361765
362122
362126
362205
362290
362309
362563
363177
363200
363411
363459
363542
363576
363583
363730
363733
363781
363830
363920
364029
364052
364080
364105
364324
364791
364823
364911
365259
365260
365270
365285
365340
365401
365481
365555
365754
365763
365776
365905
366133
366340
366407
366428
366623
366686
366699
366714
366806
366855
366864
366906
366935
367194
367281
367490
367533
367573
367679
367796
367890
367926
368057
368086
368134
368202
368389
368472
368483
368536
368600
368605
368838
368860
369271
370063
370129
370199
370226
370248
370519
370586
370720
370743
370854
371041
371076
371081
371109
371246
371327
371419
371846
371867
372174
372314
372459
372504
372545
372562
372607
372688
372809
372918
373001
373057
373068
373075
373331
373433
373752
373857
373973
374012
374014
374087
374349
374510
374579
374713
374731
374972
374991
375012
375104
375200
375317
375338
375364
375484
375575
375609
375909
376030
376189
376365
376370
376415
376429
376548
376697
376821
376829
377242
377286
377340
377607
377628
377778
377794
377873
377937
378130
378160
378255
378458
378605
378983
379048
379264
379366
379409
379470
379519
379520
379548
379594
379700
379705
379895
380016
380109
380178
380194
380293
380869
380928
380973
381257
381286
381489
381590
381647
381663
381791
382039
382133
382390
382449
382608
382642
382740
382769
382795
382835
383005
383096
383230
383240
383243
383262
383628
383697
383760
383830
383843
383900
383912
384091
384226
384356
384533
384606
384737
384816
384905
384906
384962
385043
385123
385179
385201
385231
385243
385351
385375
385441
385548
385698
385874
385985
386030
386039
386087
386239
386243
386355
386381
386411
386644
386712
386772
386777
386865
386947
387313
387325
387421
387518
387710
387954
387968
387987
388133
388226
388227
388251
388257
388374
388403
388709
388824
388917
389220
389384
389393
389411
389418
389528
389702
389746
389995
390017
390233
390307
390362
390417
390489
390629
390650
390865
390873
391086
391193
391239
391381
391382
391409
391494
391545
391599
391687
391713
391726
392142
392321
392382
392517
392691
392732
392811
392816
392817
393055
393103
393151
393160
393204
393253
393451
393533
393547
393660
393708
393769
393775
393910
393957
393988
394189
394240
394416
394481
394551
394676
394687
394813
395134
395214
395216
395395
395544
395636
395677
395679
395786
396003
396301
396332
396408
396508
396573
396648
396883
396997
397014
397090
397146
397216
397312
397369
397476
397504
397672
397807
397816
398016
398442
398604
398729
398826
398858
398879
398927
398967
399014
399046
399133
399236
399244
399352
399455
399537
399692
399891
399941
399982
400224
400283
400300
400353
400636
400719
400933
401073
401211
401365
401627
401767
401845
402008
402160
402262
402304
402355
402364
402517
402563
402614
402634
402695
402739
403000
403044
403155
403227
403343
403464
403638
403704
403723
403855
403863
403895
403961
403994
404019
404033
404048
404059
404270
404380
404493
404498
404533
404534
404546
404568
404693
404882
405052
405394
405454
405505
405800
405815
405949
406055
406119
406215
406242
406321
406437
406550
406673
406782
406914
407069
407226
407244
407255
407281
407447
407451
407495
407513
407628
407662
407665
407805
407832
407840
407950
407971
408009
408010
408020
408457
408484
408584
408665
408745
409129
409131
409192
409412
409423
409523
409709
409916
409937
410020
410267
410318
410381
410386
410409
410452
410480
410558
410575
410613
410617
410619
410843
410904
411177
411199
411241
411303
411486
411694
411980
411997
412022
412038
412042
412169
412410
412415
412511
412543
412585
412734
412793
412821
412824
413063
413147
413150
413292
413487
413585
413685
413719
413737
413847
413973
413979
414314
414350
414359
414386
414609
414676
414768
414876
414881
415098
415202
415213
415236
415244
415369
415384
415428
415520
415629
415651
415756
415767
415819
415933
415987
416144
416290
416430
416435
416696
416846
416992
417223
417265
417285
417518
417599
417831
417880
417889
417954
418053
418206
418560
418564
418613
418625
418684
418807
418897
418971
418977
419151
419206
419230
419274
419447
419549
419562
419582
419598
419661
419682
419697
419933
420113
420482
420513
420753
420754
420764
420808
420906
421101
421218
421558
421618
421621
421651
421894
421917
421928
422164
422331
422377
422403
422538
422545
422560
422624
422933
422975
423005
423175
423281
423559
423625
423666
423749
424183
424309
424505
424565
424680
424698
424717
424933
425172
425228
425254
425365
425464
425639
425671
425780
426011
426134
426220
426313
426343
426455
426515
426569
426675
426754
426962
426992
427091
427116
427541
427651
427683
427771
427830
427989
428119
428233
428262
428272
428450
428471
428570
428701
428740
428851
428887
428961
429035
429599
429754
430082
430127
430271
430272
430359
430489
430725
430968
431042
431124
431145
431146
431440
431641
431800
431812
431897
432024
432257
432306
432525
432550
432554
432560
432613
432847
432929
432960
433035
433175
433452
433480
433489
433781
433935
434048
434170
434262
434365
434640
434692
434740
434747
434818
434926
434944
435047
435134
435160
435274
435290
435311
435537
435629
435847
435882
435905
436010
436299
436465
436504
436550
436747
436901
436930
437248
437274
437367
437421
437475
437798
437919
437989
437998
438032
438099
438125
438532
438552
438580
438624
438689
438801
439091
439241
439262
439421
439435
439499
439643
439838
439893
440024
440062
440164
440206
440230
440234
440395
440444
440461
440476
440728
440946
440967
440984
441496
441635
441858
441990
442000
442096
442278
442360
442429
442476
442628
442636
442640
442714
442736
442917
442999
443085
443190
443206
443246
443304
443513
443631
443836
443855
444158
444253
444330
444333
444359
444656
444672
444689
444717
444849
444898
444988
444993
445088
445184
445234
445243
445658
445824
445830
445932
446069
446121
446150
446217
446398
446681
446710
446785
446820
446845
446846
446867
447107
447119
447142
447230
447318
447440
447505
447591
447779
447815
448007
448091
448159
448168
448211
448295
448462
448465
448555
448594
448806
448819
449023
449068
449326
449465
449483
449717
449750
449796
449892
449950
449965
450065
450281
450503
450535
450654
450841
450876
450886
451033
451054
451064
451176
451666
451693
451700
451739
451788
451803
451816
451842
451936
452049
452419
452498
452703
452769
452953
452989
453159
453238
453286
453304
453640
454047
454078
454111
454162
454196
454424
454545
454895
454951
455022
455029
455055
455660
455675
455816
455934
456075
456094
456180
456263
456415
456457
456692
456711
456741
456782
456789
457261
457289
457457
457622
457818
457952
457973
458005
458045
458119
458122
458312
458483
458535
458597
458773
458865
459029
459152
459302
459540
459592
459664
459669
459734
459939
460096
460114
460156
460318
460416
460421
460450
460469
460558
460752
460827
460901
461047
461052
461079
461107
461268
461363
461367
461379
461545
461833
461846
461864
461869
461961
462056
462218
462304
462339
462404
462416
462557
462666
462878
462978
463000
463014
463157
463187
463250
463305
463396
463731
463752
463754
463757
463783
464300
464573
464652
464722
464740
464759
464815
464872
464970
465005
465173
465232
465292
465617
465630
465663
465737
466014
466037
466095
466114
466334
466341
466447
466463
466536
466566
466602
466634
466729
466778
466815
466942
466955
467024
467081
467265
467445
467447
467701
467836
467867
468050
468130
468175
468226
468292
468293
468337
468347
468508
468828
468893
469055
469210
469254
469351
469435
469683
469697
469776
470347
470404
470489
470653
470654
470756
470809
470811
470847
470854
470975
471252
471473
471527
471707
471881
471946
471976
472066
472121
472203
472304
472423
472531
472548
472588
472600
472732
472737
472872
473015
473236
473278
473486
473521
473649
473799
473943
474089
474136
474232
474504
474583
474615
474724
475195
475278
475309
475410
475412
475441
475466
475572
475615
475685
475719
476139
476174
476221
476286
476299
476388
476458
476597
476802
476884
477268
477412
477442
477593
477607
477804
477842
477865
477877
477947
477968
478145
478256
478316
478355
478399
478456
478592
478648
478687
478839
478847
479073
479128
479208
479433
479524
479584
479678
479983
480004
480080
480249
480395
480557
480563
480647
480910
481099
481212
481220
481232
481264
481347
481587
481629
481656
482061
482182
482225
482344
482351
482372
482398
482438
482493
482503
482732
482794
482896
483407
483632
483777
483853
483973
484023
484071
484261
484391
484509
484684
484789
485053
485126
485163
485172
485207
485233
485303
485538
485555
485618
485663
485732
485750
485961
486267
486426
486444
486601
486684
486734
486854
486882
486896
486948
487018
487144
487210
487283
487290
487340
487380
487429
487448
487479
487485
487654
487725
487839
488147
488150
488259
488272
488503
488539
488735
488770
488853
488953
489045
489130
489214
489394
489837
489857
490010
490300
490364
490558
490835
490850
490983
491081
491329
491376
491475
492238
492381
492590
492665
492672
492937
493083
493159
493525
493727
493877
494085
494183
494233
494272
494286
494304
494320
494394
494562
494680
494803
494830
494986
495003
495102
495177
495275
495298
495325
495410
495505
495580
495612
495906
495959
496027
496028
496046
496467
496502
496708
496776
496802
496833
496954
496955
497037
497120
497490
497516
497674
498050
498153
498176
498340
498347
498492
498530
498537
498671
498783
498825
498903
499010
499063
499065
499103
499134
499206
499267
499311
499353
500105
500369
500439
500624
500668
500670
500712
500850
500938
501273
501391
501458
501556
501656
501682
501896
502028
502061
502109
502185
502207
502237
502322
502375
502415
502460
502508
502547
502662
502670
502819
502924
502953
502955
503037
503516
503520
503682
503719
503726
503734
503953
503984
503989
504119
504182
504334
504514
504515
504682
504779
504939
505385
505615
505687
505707
505798
505805
505950
505994
506026
506088
506206
506362
506418
506460
506465
506482
506525
506734
506767
506773
507081
507298
507395
507396
507404
507701
507767
507785
507795
507814
507848
507886
508129
508353
508430
508478
508499
508510
508576
508637
508741
508873
508921
508954
509008
509025
509282
509292
509326
509398
509496
509501
509533
509581
509712
509757
509783
509833
509931
510106
510255
510350
510653
510668
510832
510899
511055
511104
511158
511352
511398
511423
511447
511501
511603
511662
511691
511699
511736
511913
511920
511984
512016
512056
512103
512162
512171
512259
512323
512447
512485
512597
512771
512808
512827
512876
512892
512941
513043
513113
513141
513290
513311
513323
513461
513588
513705
513814
513838
514140
514244
514682
514793
514832
514851
514865
514928
514932
515019
515155
515157
515419
515474
515503
515521
515582
515672
515689
515736
515893
516030
516138
516152
516390
516683
516968
517097
517404
517557
517563
517605
517859
517882
518319
518337
518362
518563
518670
518698
518804
518826
518988
518996
519272
519296
519331
519399
519535
519612
519807
519836
519965
520021
520140
520201
520210
520598
520630
520644
520736
520739
520927
520947
521043
521150
521200
521436
521453
521709
521722
521935
521970
522089
522144
522167
522200
522305
522421
522462
522913
522954
522996
523027
523192
523228
523488
523505
523658
523677
523772
523822
523853
523861
524007
524048
524113
524133
524257
524398
524462
524485
524486
524529
524582
524600
524677
524802
524951
525027
525082
525098
525355
525497
525605
525854
525907
525993
526125
526218
526236
526301
526351
526391
526894
526955
527108
527226
527249
527301
527361
527407
527427
527457
527490
527627
527629
527756
527846
527914
527946
528127
528136
528244
528274
528314
528702
528736
528747
528766
528773
528862
528887
528924
529102
529132
529213
529242
529310
529345
529357
529548
529573
529587
529682
529692
529842
529964
529967
530001
530078
530162
530375
530541
530648
530763
530828
530864
531291
531489
531685
531698
531904
531962
532064
532121
532377
532488
532538
532569
532600
532644
532746
532754
532755
532763
532858
532908
533015
533181
533203
533273
533336
533548
533555
533636
533743
533763
533988
534020
534054
534062
534063
534207
534343
534531
534541
534733
534773
534856
534951
534959
534987
535059
535133
535338
535355
535398
535459
535588
535675
535870
535906
535910
536164
536181
536186
536302
536318
536385
536398
536470
536536
536629
536733
536762
536804
536908
537196
537273
537398
537475
537519
537555
537653
537802
537845
537863
537875
537962
538033
538047
538119
538166
538180
538225
538243
538278
538358
538363
538434
538444
538472
538718
538743
538841
538891
538922
538936
539357
539361
539401
539477
539496
539587
539627
540008
540259
540347
540381
540527
540665
540683
540702
540720
540739
540846
541006
541322
541547
541664
541762
541800
541949
542065
542149
542205
542309
542517
542524
543091
543193
543408
543740
543845
544189
544256
544396
544516
544648
544939
545057
545064
545192
545205
545273
545445
545578
545581
545637
545659
545690
545739
545812
545899
546223
546229
546251
546298
546315
546466
546600
546602
546689
546718
546742
546884
547011
547074
547215
547241
547411
547591
547598
547604
547690
547800
547974
548612
548635
548686
548767
548794
549013
549232
549310
549416
549503
549587
549653
549684
549697
549720
549813
549818
549910
550038
550224
550366
550380
550434
550612
550704
550822
550831
551240
551291
551465
551710
551723
551728
551991
552146
552417
552828
552887
552959
552986
553031
553080
553145
553196
553295
553346
553450
553456
553463
553482
553497
553543
553568
553637
553845
553860
554352
554494
554512
554583
554647
554742
554826
554891
554909
554936
555013
555234
555317
555349
555445
555537
555986
556069
556156
556325
556623
556661
556764
557052
557117
557120
557139
557146
557317
557409
557452
557499
557533
557565
557602
557693
557716
557918
557930
558084
558201
558281
558398
558758
558797
558852
558861
558887
558969
559225
559294
559303
559329
559357
559441
559694
559712
559753
559875
559943
560033
560056
560092
560248
560266
560333
560382
560683
560714
560922
561094
561367
561643
561765
561839
562131
562141
562334
562335
562532
562549
562911
563083
563127
563146
563195
563286
563287
563334
563399
563409
563528
563569
563754
563776
563784
563889
564043
564124
564440
564537
564547
564759
564786
564794
565150
565208
565342
565436
565647
565665
565725
565805
565921
566119
566237
566373
566423
566438
566505
566588
566632
566636
566770
566925
566933
566983
567270
567436
567513
567546
567891
568125
568310
568314
568339
568366
568436
568465
568688
568694
568813
568842
568925
569083
569109
569507
569559
569767
569823
569839
569869
569959
569961
570024
570038
570059
570179
570221
570318
570327
570345
570433
570490
570655
570703
570927
570933
571098
571145
571286
571308
571390
571428
571515
571592
571775
571799
571847
571955
571956
572106
572198
572362
572678
572786
572803
572831
572837
572875
572877
573159
573202
573290
573323
573613
573791
574006
574181
574233
574294
574301
574344
574461
574490
574672
575027
575051
575125
575150
575287
575368
575392
575472
575486
575491
575548
575679
575705
575771
575832
575858
575868
575888
575923
575963
576048
576068
576197
576212
576214
576309
576439
576524
576535
576649
576699
576809
576819
576838
577078
577229
577326
577503
577537
577762
578142
578391
578569
578572
578651
578746
578917
579111
579243
579268
579389
579441
579471
579530
579759
579893
579901
579905
579954
580009
580016
580110
580113
580235
580251
580252
580489
580610
580706
580930
581033
581133
581212
581276
581383
581543
581592
581965
581977
582094
582098
582193
582265
582282
582309
582732
582827
582830
582893
583114
583240
583415
583673
583683
583913
584191
584500
584568
584845
585010
585017
585145
585401
585624
585629
585696
585744
585766
585817
586059
586064
586151
586162
586223
586228
586294
586346
586829
587056
587069
587222
587238
587451
587572
587633
587660
587670
587772
587842
587929
588029
588126
588130
588278
588292
588825
588898
589074
589159
589209
589415
589516
589636
589687
589718
589734
589760
589812
589817
589869
589892
589938
590382
590523
590588
590767
590820
590865
590999
591104
591110
591132
591138
591179
591191
591455
591602
591736
591764
591878
592016
592214
592229
592386
592475
592479
593201
593210
593224
593281
593286
593445
593491
593556
593671
593699
593761
593836
593889
594037
594110
594484
594590
594674
594678
594744
594761
594836
594876
594906
594981
595087
595115
595129
595153
595239
595334
595358
595452
595513
595524
595851
595925
595949
596108
596114
596116
596299
596329
596731
596868
596897
596931
596933
596999
597043
597046
597054
597171
597334
597479
597590
597817
597856
597940
598228
598401
598402
598571
598778
598843
598927
599025
599385
599410
599469
599477
599945
599980
600435
600489
600507
600629
600964
601046
601119
601212
601218
601249
601409
601641
601683
601752
601765
601863
601974
602193
602403
602408
602412
602765
602851
602857
602935
603037
603421
603506
603562
603675
603900
604171
604176
604275
604282
604317
604433
604597
604646
604686
604705
604708
604793
604894
605112
605212
605276
605423
605428
605477
605513
605819
605976
606002
606077
606119
606366
606510
606543
606581
606629
606694
606711
606713
606816
606820
606909
606956
606970
607035
607042
607062
607137
607177
607480
607739
607872
607889
607950
608022
608050
608511
608533
608587
608688
608741
608769
608774
608900
608967
609012
609122
609211
609272
609301
609512
609569
609622
609819
609831
609837
609947
609972
610097
610137
610218
610289
610350
610396
610676
611425
611584
611624
611689
611706
611948
612039
612061
612129
612153
612334
612685
612713
612797
612992
613069
613281
613462
613469
613552
613580
613585
613670
614067
614093
614128
614133
614139
614158
614188
614295
614314
614324
614547
614827
614828
614875
614957
615121
615197
615218
615230
615239
615439
615497
615616
615790
615966
616282
616337
616386
616432
616562
616740
616767
616810
616822
617025
617119
617456
617496
617656
617683
617708
617778
617796
618001
618011
618149
618177
618207
618460
618586
618624
618631
618851
618890
618939
619105
619159
619162
619186
619293
619646
619754
619766
619768
619928
620149
620319
620331
620539
620559
620603
620991
621171
621232
621252
621269
621333
621705
621796
621798
621898
621972
621975
621981
622481
622635
622863
622941
623017
623116
623444
623486
623603
624050
624275
624294
624644
624656
624658
625059
625081
625123
625278
625327
625488
625747
625809
625830
625856
626106
626133
626169
626313
626629
626819
626838
627070
627348
627553
627702
627877
627950
627986
628136
628244
628275
628311
628385
628508
628522
628526
628597
628647
628738
628787
628956
629093
629338
629344
629390
629550
629733
629826
629855
630286
630438
630476
630760
630763
630777
630803
630833
630925
631064
631121
631210
631219
631323
631393
631469
631563
631610
631815
631962
632173
632210
632228
632257
632311
632444
632574
632622
632627
632690
632814
633006
633080
633381
633429
633450
633451
633496
633509
633524
633538
633549
633652
633988
634080
634113
634419
634501
634517
634647
634898
635229
635531
635638
635787
635949
635992
636107
636567
636661
636747
636782
636859
636914
636937
636963
636980
637115
637169
637690
637736
637753
638096
638252
638789
639150
639317
639426
639470
639507
639510
639572
639574
639686
639738
639929
640014
640021
640023
640316
640441
640463
640511
640535
640643
640668
640669
640711
640912
641137
641165
641300
641465
641492
641518
641615
641788
641864
642231
642296
642386
642393
642401
642427
642479
642614
642645
642845
642854
642902
642910
642932
643136
643320
643329
643363
643367
643390
643438
643496
643506
643571
643582
643593
643668
643678
643851
644124
644145
644254
644275
644425
644464
644599
644601
644608
644670
644764
644796
645014
645038
645160
645186
645257
645492
645559
645802
645816
645909
646304
646352
646377
646761
646786
647010
647222
647613
647635
647655
647798
647801
647957
648037
648169
648493
648735
648887
648948
649041
649211
649345
649436
649463
649569
649695
650052
650078
650136
650242
650303
650420
650527
650630
650715
650913
651031
651236
651380
651381
651523
651656
651686
651793
651961
652017
652066
652159
652461
652641
652649
652738
652914
653004
653090
653101
653135
653338
653351
653464
653773
654009
654171
654237
654274
654307
654351
654366
654456
654640
654689
654914
655121
655150
655210
655438
655568
655591
655604
655652
655776
655845
655873
655875
655894
655907
656022
656032
656091
656104
656275
656492
656697
656718
657060
657190
657426
657465
657474
657482
657501
657557
657572
657735
657760
657788
657856
657888
658007
658061
658201
658324
658456
658808
658844
658920
658957
659000
659038
659097
659131
659165
659333
659346
659439
659504
659543
659557
659575
659854
659860
659971
660226
660244
660273
660287
660333
660395
660554
660555
660729
660810
660829
660833
660885
660924
660949
661161
661176
661299
661400
661476
661683
661857
661911
662214
662233
662388
662465
662527
662598
662721
662773
662836
662879
662933
663058
663099
663555
663667
663707
664024
664108
664154
664295
664560
664617
664718
664750
664864
664927
664992
665093
665103
665105
665117
665208
665546
665707
665801
665934
666041
666057
666060
666202
666338
666372
666438
666596
667043
667120
667240
667277
667357
667486
667562
667738
667744
667768
667881
668076
668100
668122
668392
668503
668611
668617
668646
668750
668758
668798
668810
669023
669129
669198
669203
669356
669411
669470
669480
669558
669759
669979
669993
670102
670265
670266
670500
670599
671062
671100
671320
671365
671503
671548
671780
671795
671812
672123
672283
672428
672436
672460
672488
672579
672615
672669
672716
673048
673147
673258
673340
673591
673797
673824
673852
674060
674071
674123
674169
674179
674338
674482
674488
674491
674539
674731
674889
674913
674953
675030
675126
675139
675169
675188
675330
675356
675603
675818
675824
675900
675945
676077
676229
676297
676380
676464
676617
676627
676753
676766
677295
677338
677458
677544
677603
677667
677837
677917
678063
678104
678113
678251
678435
678576
678667
678687
678709
678768
679049
679063
679080
679134
679138
679419
679445
679582
679686
679712
679808
679987
680055
680076
680233
680296
680441
680474
680564
680639
680731
680809
680969
681106
681210
681235
681533
681662
681786
681962
682047
682412
682417
682523
682592
682598
682651
682706
682830
682853
683167
683377
683390
683501
683645
683796
684194
684249
684330
684393
684429
684459
684466
684608
684899
684938
684954
685038
685114
685359
685394
685461
685670
685843
685887
685927
686183
686284
686357
686408
686473
686531
686705
686901
687009
687251
687326
687411
687587
687715
687840
687959
687960
687966
688005
688045
688230
688511
688629
688631
688676
688756
688759
688782
688923
688995
689103
689161
689513
689576
689729
689846
689914
689937
689993
690154
690160
690346
690454
690619
690702
690782
690797
690812
690870
690909
691075
691150
691186
691264
691387
691723
691736
691824
691881
691918
692025
692118
692235
692273
692348
692802
692844
692863
692933
692934
692959
693024
693103
693200
693526
693904
694148
694274
694361
694899
694975
695068
695080
695173
695257
695342
695474
695558
695739
695850
695901
696318
696528
696549
696815
696848
697062
697145
697266
697308
697354
697468
697516
697681
697756
698324
698358
698360
698629
698634
698737
698871
699478
699517
699945
700184
700503
700582
700614
700709
700822
700963
701062
701079
701446
701486
701494
701651
701691
701709
701955
702125
702172
702225
702469
702502
702746
702808
702935
702998
703040
703359
703499
703530
703574
703653
703853
703878
703977
704022
704040
704142
704176
704233
704259
704305
704619
704703
704939
705000
705059
705089
705185
705194
705266
705273
705439
705528
705881
705945
705975
705987
706018
706088
706151
706260
706306
706386
706415
706419
706572
706591
706601
706607
706837
706844
707023
707078
707155
707197
707223
707231
707311
707436
707443
707557
707621
707711
707747
707931
707977
707978
708002
708043
708122
708195
708391
708464
708682
708791
708946
709038
709437
709445
709567
709705
709849
709866
709986
710184
710248
710347
710365
710392
710476
710573
710576
710578
710778
710799
710845
710848
710968
711098
711220
711341
711449
711464
711650
711786
711821
712029
712035
712198
712630
712769
713498
713541
713574
713675
713723
713730
713761
713929
713954
713968
713971
713988
713989
714118
714164
714169
714321
714413
714476
714621
714692
714781
715444
715479
715506
715570
715627
715630
715707
715790
715834
715883
715919
716006
716107
716141
716238
716275
716404
716538
716647
716776
716923
717043
717134
717168
717346
717493
717612
717745
717854
717864
717911
717937
717955
717976
718030
718087
718176
718340
718469
718546
718611
718772
718850
718944
719082
719241
719419
719447
719500
719553
719590
719600
719722
719734
719763
720041
720094
720113
720449
720495
720558
720579
720673
720775
720794
720940
721210
721231
721238
721298
721360
721433
721469
721562
721594
721695
721701
721998
722043
722210
722242
722259
722301
722326
722334
722424
722463
722478
722511
722543
722545
722603
722606
722733
722901
722918
723020
723027
723062
723730
723858
723902
724139
724233
724368
724618
724650
724751
724769
724822
724886
724899
724953
725458
725482
725561
725571
725595
725801
725811
725816
725952
726028
726033
726177
726323
726467
726514
726526
726536
726551
726677
726695
727086
727264
727276
727288
727303
727423
727517
727884
727978
728151
728206
728230
728254
728298
728310
728348
728378
728460
728478
728705
728738
728812
728917
728988
729028
729056
729076
729246
729315
729467
729480
729499
729515
729721
730227
730297
730558
730752
730777
730846
730888
730962
731028
731029
731117
731135
731306
731380
731424
731443
731481
731813
731900
731993
732019
732053
732143
732172
732290
732296
732417
732418
732511
732679
732902
732908
733098
733115
733330
733399
733435
733485
733505
733564
733590
733663
733665
733714
733747
733891
734109
734209
734320
734347
734673
734834
735123
735219
735241
735250
735270
735277
735326
735525
735530
735601
735614
735686
735994
735998
736468
736493
736901
736906
736942
737200
737201
737280
737313
737316
737351
737431
737751
737754
737773
737876
737931
738012
738048
738118
738125
738141
738290
738582
738775
738902
738988
739254
739311
739786
740103
740182
740187
740358
740425
740495
740513
740532
740539
740617
740670
740690
740830
740895
740993
741048
741073
741195
741314
741374
741600
741652
741793
741843
742007
742186
742333
742420
742437
742446
742504
742654
742729
742796
742869
742924
742947
742972
743048
743079
743092
743137
743167
743255
743362
743363
743445
743522
743598
743670
743688
743722
743766
743804
743989
743991
744026
744046
744065
744151
744289
744322
744403
744414
744677
744824
744856
744918
744958
745149
745151
745315
745329
745444
745492
745516
745859
745895
746007
746024
746107
746583
746592
746600
746713
746752
746789
746823
746861
746893
746895
747154
747176
747211
747325
747406
747503
747614
747637
747817
747961
747992
748080
748104
748230
748413
748449
748463
748628
749008
749017
749113
749144
749340
749377
749551
749790
749922
749949
750040
750099
750442
750506
750514
750515
750585
750729
750918
750932
751175
751190
751216
751370
751544
751618
751695
751989
751996
752070
752079
752149
752163
752166
752307
752402
752430
752455
752566
752592
752640
752757
752882
752935
752980
753131
753155
753164
753268
753374
753672
753822
753857
754021
754066
754384
754395
754439
754600
754676
754682
754906
755146
755165
755206
755272
755540
755751
755759
755814
755906
755941
755949
756079
756122
756187
756205
756225
756433
756477
756499
756557
756818
756839
756952
756960
757263
757321
757411
757491
757888
758067
758076
758115
758177
758357
758513
758552
758556
758560
758701
758808
759003
759053
759071
759126
759223
759345
759387
759626
760290
760514
760580
760730
760741
760766
760768
760922
760964
761097
761103
761256
761361
761477
761499
761598
761737
761821
761842
762190
762348
762508
762620
762633
762654
762667
762722
762825
763033
763066
763119
763160
763213
763219
763269
763270
763294
763618
763730
763742
763760
763849
763888
763985
764028
764354
764529
764681
764876
765211
765272
765448
765624
765696
766048
766160
766282
766425
766460
766667
766702
766818
766928
767075
767330
767447
767524
767533
767562
767581
767860
767890
767945
768119
768122
768195
768236
768324
768333
768335
768342
768408
768450
768493
768542
768546
768551
768704
768715
768791
768819
768843
768986
769025
769301
769402
769512
769622
769655
769681
769740
769788
769834
770089
770096
770285
770288
770375
770524
770581
770632
771003
771035
771114
771276
771310
771316
771419
771441
771452
771522
771552
771600
771971
771994
772022
772313
772336
772378
772432
772466
772546
772633
772800
772965
773088
773292
773350
773413
773464
773490
773629
773714
773754
773768
773785
774041
774061
774073
774392
774441
774587
774593
774602
774674
774985
775060
775090
775459
775494
775525
775553
775587
775726
775753
776004
776010
776043
776056
776222
776232
776233
776453
776477
776562
776563
776608
776629
776723
776780
776862
776869
777000
777085
777116
777192
777196
777421
777465
777471
777629
777682
777802
777862
777913
778003
778126
778238
778329
778375
778579
778625
778719
778766
778854
778881
779045
779152
779160
779219
779253
779682
779722
779800
779905
779987
780145
780669
780804
780841
780888
781147
781214
781373
781408
781419
781477
781579
781600
781781
781890
781908
781961
781972
781994
782080
782236
782258
782279
782323
782460
782579
782593
782665
782670
782728
782925
782956
782969
783345
783390
783409
783514
783680
783733
783767
783813
783970
784112
784149
784196
784397
784459
784660
784812
784816
785009
785153
785331
785385
785388
785427
785440
785444
785560
785746
786160
786391
786394
786434
786486
786493
786521
786529
786805
786963
786986
787205
787245
787261
787309
787544
787557
787877
787907
787936
787995
788075
788175
788241
788243
788323
788370
788391
788412
788473
788556
788683
788716
788790
788857
788864
788904
788944
789037
789343
789492
789592
789636
789761
790024
790268
790278
790357
790418
790432
790579
790599
790652
790762
790794
790922
790958
791278
791343
791550
791662
791807
791913
791942
791992
792235
792319
792322
792327
792329
792438
792468
792613
792744
792815
792857
792923
793117
793174
793192
793244
793385
793800
793809
794100
794130
794151
794161
794214
794243
794276
794390
794403
794411
794434
794561
794614
794730
794764
794816
794864
794997
795027
795048
795235
795268
795501
795568
795646
795736
795888
796048
796156
796286
796288
796412
796458
796528
796643
796696
796734
796826
796836
796882
796916
796996
797019
797023
797247
797264
797399
797613
797614
797625
797639
797654
797709
797771
797909
798128
798210
798281
798380
798473
798489
798593
798594
798643
798705
798777
798850
798853
799009
799010
799051
799111
799303
799330
799440
799592
799732
799744
799868
800151
800189
800474
800518
800599
800618
800682
800835
800992
801016
801136
801161
801225
801322
801443
801504
801556
801595
801732
801788
801805
801902
801988
802157
802354
802355
802388
802395
802518
802595
802666
802857
802939
802940
803294
803654
803663
803864
804139
804449
804604
804616
804686
804731
804945
805030
805235
805247
805327
805521
805588
805791
805859
805927
805995
806260
806386
806420
806434
806452
806493
806604
806644
806793
806935
807034
807068
807098
807232
807247
807395
807471
807804
808074
808195
808208
808496
808641
808721
808752
808873
808883
808930
808999
809040
809125
809152
809239
809394
809481
809493
809497
809501
809541
809586
809641
809648
809668
809875
810164
810485
810520
810616
810629
810693
810710
810859
810898
811017
811018
811219
811440
811871
812169
812281
812346
812450
812628
812683
812721
812927
812950
812968
813137
813265
813399
813507
813516
813581
813610
813674
813971
813988
814106
814116
814140
814175
814195
814214
814299
814366
814521
814707
814750
814763
814816
814834
814849
815111
815134
815165
815205
815239
815269
815270
815603
815718
815902
815931
815969
816102
816362
816387
816444
816462
816507
816511
816568
816581
816762
816810
816829
817176
817187
817391
817600
817702
817714
817820
817823
818149
818284
818434
818469
818480
818528
818705
818870
818873
818890
819086
819182
819192
819209
819289
819324
819400
819443
819560
819675
819709
819919
820135
820222
820240
820254
820296
820355
820371
820421
820445
820784
820832
821004
821106
821211
821286
821348
821555
821594
821599
821763
821848
821945
821950
821951
822082
822092
822126
822229
822589
822612
822685
822718
822830
822888
822968
822983
823032
823160
823228
823263
823319
823363
823469
823497
823581
823653
823747
823850
823884
823981
824291
824520
824681
824696
825095
825166
825401
825427
825460
825791
825798
825813
825944
826046
826058
826092
826117
826209
826291
826331
826465
826503
826523
827074
827205
827206
827216
827310
827329
827331
827390
827399
827852
827894
827935
827979
828031
828094
828217
828471
828526
828553
828921
828949
829115
829316
829494
829527
829595
829625
829690
829759
829964
830034
830166
830173
830449
830583
830591
830603
830833
830993
831049
831303
831649
831763
831896
832037
832049
832183
832215
832282
832371
832565
832585
832651
832661
832668
832751
832794
832796
833210
833292
833420
833460
833549
833550
833757
833817
833849
834082
834151
834233
834307
834505
834782
834856
834917
835059
835124
835181
835215
835262
835306
835444
835467
835547
835562
835628
835692
835954
836082
836227
836229
836311
836398
836529
836694
836815
836837
836971
836984
837052
837135
837142
837466
837502
837616
837812
837929
837997
838170
838266
838270
838294
838387
838475
838600
838629
838653
838662
838791
838795
838843
839220
839323
839356
839440
839482
839584
839621
839633
839737
839752
839780
839831
839949
839966
840024
840086
840133
840305
840390
840503
840522
840626
840698
840809
840856
840928
840963
840997
841381
841796
841905
841973
842061
842175
842246
842515
842564
842638
842688
842771
842789
842843
843045
843124
843185
843353
843417
843441
843595
843646
844054
844150
844159
844174
844205
844371
844580
844696
844891
844944
845014
845213
845307
845312
845323
845415
845717
845737
845781
845873
845897
845916
846140
846225
846634
846717
846727
846740
846820
846860
847036
847234
847244
847318
847608
847612
847786
847810
847839
847865
847932
847994
847996
848310
848319
848321
848417
848474
848534
848671
848781
848822
848840
848986
849152
849259
849430
849497
849585
849943
849947
850062
850098
850109
850157
850357
850746
850896
851012
851014
851193
851296
851311
851389
851507
851560
851645
851712
851822
851824
851933
852045
852107
852246
852350
852363
852367
852372
852390
852901
852957
853345
853453
853463
853475
853485
853568
853640
853895
853961
853974
853990
854022
854331
854353
854558
854648
854815
854920
855037
855060
855079
855240
855261
855361
855474
855910
855969
856016
856033
856140
856157
856207
856227
856480
856546
856749
856890
856897
856911
857573
857585
857605
857786
857956
858074
858096
858152
858469
858674
858751
858873
858893
858914
858921
858944
858959
859064
859150
859230
859355
859446
859451
859548
859624
859712
859800
860262
860318
860512
860637
860689
860691
860801
860970
861044
861176
861211
861454
861501
861595
861714
861788
861789
861879
862086
862087
862212
862303
862367
862441
862585
862637
862799
862867
862889
862906
862966
863103
863181
863361
863450
863649
863665
863866
863939
864034
864153
864167
864190
864238
864342
864389
864429
864464
864507
864588
864752
864757
864810
864853
865042
865057
865127
865168
865221
865322
865362
865386
866159
866213
866231
866302
866337
866350
866438
866519
866547
866569
866603
866646
866685
866976
867036
867061
867183
867295
867643
867660
867713
867800
867873
867906
867911
868131
868189
868230
868395
868444
868663
868792
868866
868899
869046
869474
869487
870005
870142
870237
870511
870538
870633
870659
870677
870734
870741
870840
870847
870976
871213
871224
871302
871329
871358
871587
871671
871760
871898
872031
872097
872155
872189
872255
872523
873020
873079
873175
873309
873377
873410
873550
873567
873660
873668
873901
874143
874372
874434
874459
874503
874614
874631
874669
874755
874798
874868
874886
874892
874941
874956
875146
875440
875713
875868
876081
876374
876379
876613
876619
876660
876672
876807
876851
876875
876917
876927
877260
877277
877312
877476
877846
877857
877900
877935
878041
878081
878154
878173
878443
878490
878510
878516
878636
878792
878837
878927
879108
879124
879173
879276
879295
879306
879406
879504
879563
879835
879995
880080
880127
880192
880387
880550
880641
880661
880665
880967
881080
881155
881214
881370
881381
881465
881500
881513
881538
881692
881815
881851
882147
882155
882269
882404
882426
882664
882698
882812
882871
883452
883456
883539
883617
883762
883895
884178
884234
884267
884392
884522
884529
884636
884652
884689
884968
885150
885319
885408
885546
885554
885639
885723
885848
886208
886374
886407
886541
886565
886621
886675
886784
886809
887094
887250
887299
887316
887391
887492
887544
887609
887623
887943
888058
888089
888180
888248
888297
888526
888603
888641
888730
888842
888862
888897
888905
888931
889002
889103
889235
889299
889501
889603
889737
889792
889836
890119
890172
890175
890265
890391
890860
891025
891307
891369
891377
891573
891708
891784
891942
891954
892007
892012
892018
892057
892399
892499
892925
893548
893637
893710
893725
893772
893778
893981
893993
894174
894435
894467
894539
894543
894957
894958
895054
895055
895113
895246
895406
895434
895547
895649
895651
895738
895765
895789
895965
896039
896048
896127
896780
896806
896901
896937
896962
897052
897111
897129
897173
897224
897472
897550
897622
897665
897917
898150
898217
898403
898652
898805
898875
899257
899340
899435
899520
899665
899761
899781
899808
899865
899875
900206
900244
900247
900480
900974
901094
901188
901580
901607
901661
901666
901683
901800
901826
901855
902061
902090
902114
902152
902227
902265
902282
902346
902417
902672
902679
902741
902888
902963
902976
903124
903139
903176
903230
903378
903474
903617
903637
903781
903789
903942
904026
904101
904150
904314
904390
904393
904404
904550
904619
904656
904939
904966
905107
905142
905165
905195
905227
905312
905360
905398
905463
905692
905702
905792
905832
905874
906074
906163
906203
906396
906465
906482
906663
906751
906775
906804
906808
906932
906950
907012
907070
907134
907267
907515
907661
908055
908329
908536
908820
908853
908928
909579
909637
909773
909969
910057
910237
910299
910324
910618
911089
911134
911135
911430
911457
911465
911523
911648
911749
911755
911873
911966
912119
912130
912162
912282
912488
912578
912589
912632
912966
913351
913360
913368
913610
913742
913771
914099
914286
914382
914415
914449
914516
914568
915021
915070
915135
915269
915395
915706
915779
915795
916041
916180
916197
916309
916383
916525
916536
916592
916848
916915
916974
917021
917081
917122
917352
917604
917699
917819
918064
918212
918292
918406
918489
918514
919005
919038
919063
919074
919114
919139
919236
919336
919559
919748
919904
919930
919931
919981
920061
920219
920225
920329
920662
920923
920970
920975
921120
921367
921375
921421
921595
921663
921710
921722
921759
921904
921972
921976
922060
922073
922353
922405
922468
922500
922580
922619
922656
922731
922889
922954
923026
923171
923247
923268
923281
923413
923569
923673
923875
923944
924037
924103
924311
924536
924556
924737
924844
924875
924882
925070
925142
925173
925202
925370
925436
925474
925531
925783
925796
926078
926103
926266
926329
926337
926393
926697
926714
926855
926856
926967
927052
927356
927585
927606
927626
927704
927719
927934
928316
928470
928518
928726
928930
928969
928975
929071
929073
929090
929125
929391
929475
929715
929716
929960
929989
930515
930532
930589
930712
930834
930869
930978
931049
931121
931256
931306
931570
931608
931641
931736
931738
931771
931776
931816
931972
932115
932442
932647
932809
932902
933012
933135
933358
933439
933566
933619
933655
933805
933868
933953
933963
934013
934394
934420
934468
934571
935083
935239
935286
935432
935475
935505
935722
935769
935787
935951
936276
936306
936338
936687
936803
936826
936848
936901
937210
937352
937392
937478
937495
937544
937572
937992
938157
938191
938196
938214
938320
938611
938621
938628
938687
938923
938980
939025
939178
939321
939328
939492
939573
939588
939600
939606
939737
939829
939831
939950
939958
940120
940199
940221
940257
940319
940525
940563
940700
940725
940757
940835
940839
941005
941076
941450
941489
941525
941543
941608
941688
941714
941790
941829
941894
941961
942244
942381
942731
942773
943048
943151
943176
943523
943577
943679
943723
943842
943993
944012
944025
944350
944389
944523
944534
944587
944614
945022
945131
945151
945177
945547
945602
945615
945672
945702
945759
945793
945880
945906
945978
946014
946102
946455
946616
946668
946800
946809
946844
946907
947265
947326
947441
947529
947571
947829
947849
947891
947931
948026
948048
948082
948168
948237
948346
948396
948424
948482
948597
948620
948650
948699
948732
948924
948960
949052
949122
949281
949348
949362
949370
949382
949468
949511
949590
949607
949741
949803
949865
949889
950018
950064
950109
950266
950361
950387
950742
950998
951019
951572
951584
951752
951827
951871
952014
952160
952285
952504
952648
952753
952870
953050
953098
953135
953171
953417
953570
953573
953783
953819
954111
954154
954201
954237
954240
954262
954355
954404
954457
954560
954779
954790
954889
954904
954912
955212
955303
955338
955375
955391
955420
955585
955689
955841
956062
956131
956186
956342
956404
956439
956520
956658
956709
956862
956923
956926
956959
957004
957065
957086
957340
957479
957550
957713
957796
958005
958108
958157
958167
958203
958278
958487
958638
958670
959184
959230
959428
959438
959481
959496
959650
959719
959721
960053
960174
960189
960197
960333
960584
960665
960788
960798
960894
960925
961049
961178
961223
961237
961413
961600
961703
961708
961761
961812
961840
961924
961977
961990
962039
962074
962075
962162
962231
962254
962502
962761
963001
963068
963080
963249
963419
963674
963675
963729
963929
963937
963964
964022
964120
964128
964268
964292
964311
964342
964545
964546
964572
964757
964806
965063
965064
965242
965362
965641
965658
965665
965692
965706
965741
965753
965934
966133
966376
966390
966539
966558
966610
966685
966843
966864
966913
966930
966962
967253
967654
967698
967828
967848
967902
968076
968120
968134
968135
968157
968188
968267
968385
968413
968424
968483
968728
968871
968928
968948
969078
969374
969487
969547
969552
969565
969691
969854
970184
970212
970410
970535
970601
971217
971223
971252
971385
971399
971438
971541
972069
972121
972141
972275
972339
972459
972760
972789
972876
972992
973022
973025
973099
973122
973207
973275
973405
973504
973587
973731
973983
974027
974043
974222
974265
974289
974315
974373
974393
974437
974811
974849
974938
975010
975067
975173
975488
975528
975558
975567
975765
976255
976327
976374
976375
976381
976444
976454
976510
976823
976938
977007
977024
977179
977233
977356
977436
977498
977517
977741
977962
977996
978229
978290
978492
978737
978788
978813
978880
978886
979041
979151
979329
979412
979424
979434
979447
979496
979572
979584
979667
979707
979728
979745
979946
980252
980428
980453
980601
980667
980853
980916
980982
981018
981072
981089
981201
981267
981445
981704
981910
981954
981999
982000
982058
982115
982276
982369
982465
982475
982480
982524
982613
982632
982759
982774
982837
983113
983155
983158
983210
983326
983591
983818
983842
983867
983952
984001
984010
984031
984154
984175
984184
984346
984429
984430
984505
984656
985201
985221
985230
985262
985308
985420
985552
985833
985890
986082
986142
986159
986322
986394
986450
986459
986619
986788
986863
986977
987027
987034
987036
987115
987166
987297
987352
987372
987406
987409
987640
987897
987916
987970
988082
988160
988377
988383
988454
988523
988589
988711
989318
989369
989617
989692
989722
989772
989773
989833
989945
990003
990242
990283
990538
990617
990663
990788
990945
991007
991215
991223
991285
991358
991487
991600
991611
991629
991664
991750
992133
992443
992482
992845
992894
992926
993419
993521
993854
993886
993943
994008
994027
994174
994188
994321
994378
994566
994762
994770
994811
994921
995232
995312
995665
995671
995783
996001
996050
996096
996195
996296
996362
996455
996548
996702
996767
996841
996911
996927
997192
997215
997360
997683
997714
997752
997840
997922
997928
998038
998189
998199
998613
998677
998888
998957
999242
999250
999265
999440
999607
999672
999752
999846
