255
389
398
452
564
603
624
728
815
870
871
963
1155
1287
1319
1386
1404
1433
1460
1552
1569
1924
1926
2085
2252
2287
2325
2515
2545
2579
2818
3081
3093
3406
3407
3443
3494
4005
4140
4216
4306
4417
4548
4652
4758
4818
4933
5024
5126
5337
5366
5402
5455
5546
5562
5742
5815
5849
5873
5994
6075
6101
6104
6360
6456
6464
6596
6680
6731
6785
7188
7295
7380
7452
7464
7608
7868
7935
7943
7953
8039
8082
8086
8239
8347
8489
8515
8545
8651
8972
9044
9095
9179
9289
9308
9436
9543
9597
9647
9674
9777
9847
9888
9889
9899
10156
10272
10511
10537
10684
10783
10934
11054
11063
11099
11105
11484
11501
11790
11852
11870
11896
11933
12435
12681
12782
12803
12809
12976
13222
13288
13309
13551
13600
13637
13821
14115
14191
14520
14614
14704
14852
14894
14902
14936
14960
15064
15089
15134
15149
15184
15430
15565
15657
15773
15817
16104
16154
16288
16296
16351
16470
16517
16549
16654
16900
16978
17000
17113
17122
17208
17518
17588
17657
17711
17733
17890
18133
18156
18189
18361
18577
18731
18860
18870
18925
19035
19058
19065
19098
19200
19374
19584
19593
19673
19702
19818
19954
19979
20039
20100
20257
20289
20618
20631
20703
20892
21005
21209
21270
21349
21403
21438
21544
21546
21549
21755
21935
21951
22060
22210
22225
22298
22333
22390
22472
22800
22862
22916
22934
22963
23019
23106
23122
23152
23161
23163
23289
23310
23346
23375
23479
23492
23582
23671
23687
23794
23892
23893
23962
24203
24222
24283
24307
24414
24652
24841
24869
24910
24914
24919
24980
25154
25273
25309
25444
25605
25683
25704
25856
25861
26087
26120
26177
26291
26402
26444
26494
26570
26617
26773
26782
27023
27352
27416
27488
27522
27555
27818
27980
28102
28168
28180
28221
28251
28256
28285
28394
28481
28486
28515
28614
28929
29089
29092
29228
29258
29501
29506
29765
29985
30185
30304
30394
30542
30586
30828
31001
31020
31099
31240
31366
31401
31581
31616
31656
31761
31814
31825
31833
31937
31966
32059
32144
32345
32364
32537
32589
32590
32708
32838
32980
33060
33171
33575
33582
33597
33636
33686
33832
34134
34250
34295
34319
34454
34541
34597
34598
34638
34953
35138
35190
35209
35257
35278
35363
35457
35546
35596
35644
35751
35930
35980
36001
36104
36147
36342
36352
36504
36686
36738
36743
36854
37195
37429
37463
37884
38092
38126
38147
38542
38549
38587
38602
38613
38673
38685
38885
38950
39250
39358
39418
39475
39815
39857
39976
40049
40187
40312
40340
40354
40418
40440
40445
40567
40678
40926
40962
41037
41043
41076
41077
41278
41313
41362
41379
41388
41452
41595
41635
41756
41838
41938
41939
42061
42070
42087
42145
42159
42218
42249
42296
42423
42453
42517
42567
43272
43335
43450
43472
43542
43600
43784
43905
43930
44054
44063
44171
44179
44236
44237
44268
44294
44333
44341
44401
44415
44523
44618
44648
44728
44737
44793
44889
45058
45220
45374
45389
45941
45970
46055
46263
46322
46366
46485
46725
46757
46961
47026
47216
47238
47252
47373
47429
47451
47698
47778
47872
48060
48454
48501
48804
48826
49007
49140
49147
49270
49338
49372
49593
50028
50050
50131
50313
50458
50464
50524
50737
50798
50901
50935
51023
51140
51181
51393
51427
51429
51446
51466
51479
51820
52066
52152
52361
52417
52433
52602
52613
52650
52729
52746
52817
52852
53033
53164
53229
53253
53271
53287
53429
53470
53497
53813
54049
54125
54344
54348
54357
54423
54458
54520
54622
54812
54946
55075
55096
55175
55280
55363
55393
55394
56005
56389
56393
56494
56647
56650
56668
56809
56888
56963
57043
57139
57189
57198
57220
57310
57435
57446
57627
57895
57939
57990
58179
58220
58285
58328
58372
58529
58569
58830
59193
59203
59290
59354
59377
59390
59657
59697
59749
59852
60110
60117
60241
60339
60537
60690
61006
61126
61155
61217
61282
61452
61576
61667
61691
61710
61742
61823
61940
62043
62054
62056
62160
62162
62557
62582
62618
62662
62683
62835
62942
63004
63294
63506
63701
63806
63881
63941
63951
64052
64136
64341
64382
64402
64482
64507
64685
64687
64881
65067
65181
65263
65281
65297
65308
65549
65697
65743
65890
65985
66267
66323
66399
66588
66592
66736
66839
66933
67162
67182
67257
67314
67333
67339
67522
67613
67629
67681
67699
67943
67945
68080
68256
68340
68342
68465
68606
68614
68806
68843
69133
69252
69285
69469
69657
69851
69859
69902
69948
70076
70170
70248
70393
70716
70770
70936
71029
71119
71326
71563
71579
71853
71883
71966
72002
72169
72296
72307
72535
72613
72624
72672
72744
73049
73146
73169
73238
73244
73336
73434
73535
73566
73779
73804
73891
74061
74191
74208
74259
74407
74523
74622
74796
74802
74816
74949
75132
75154
75401
75703
75774
75800
76162
76290
76396
76469
76516
76690
76804
76963
77012
77192
77278
77519
77835
77876
77890
77947
78095
78186
78196
78271
78300
78352
78507
78508
78510
78565
78717
78834
79110
79156
79368
79382
79616
79813
80025
80135
80236
80272
80311
80419
80422
80448
80539
80575
80622
80648
80709
80727
80835
81037
81233
81248
81357
81389
81618
81643
81749
81780
81928
81982
81984
82035
82275
82664
82725
82730
82831
82833
83202
83243
83360
83433
83593
83631
83804
84039
84066
84101
84173
84268
84369
84533
84595
84604
84627
84749
84809
84950
84969
85010
85170
85219
85222
85313
85341
85398
85442
85454
85626
85831
85968
85994
85995
86129
86230
86289
86393
86570
86582
86931
86945
87097
87292
87439
87675
87729
87753
87788
87792
87874
87887
88087
88212
88291
88300
88414
88450
88554
88666
88721
88765
88821
88872
88955
88975
88995
89149
89244
89284
89413
89632
89635
89692
89721
89845
89941
90011
90115
90130
90218
90307
90834
91000
91140
91287
91296
91360
91372
91602
91644
91658
91717
91722
91774
91938
92006
92133
92513
92570
92752
92878
92996
93209
93226
93345
93383
93568
93596
93731
93916
94084
94182
94309
94326
94410
94568
94575
94942
95032
95037
95068
95149
95172
95281
95303
95397
95480
95613
95870
96270
96348
96360
96401
96482
96696
96912
97008
97152
97379
97698
97772
98077
98888
98922
99396
99563
99661
99674
99800
99809
99840
99911
100282
100471
100535
100577
100589
100610
100783
100870
100941
101010
101115
101203
101296
101297
101344
101422
101468
101601
101606
101663
101682
101733
101798
101844
101960
102040
102226
102375
102617
102658
102795
103002
103377
103476
103678
104033
104101
104237
104323
104337
104561
104594
104687
104722
104920
104966
105084
105112
105250
105261
105334
105559
105575
105613
105618
105641
105643
105690
105767
105826
105924
106027
106089
106123
106145
106175
106191
106239
106264
106302
106448
106483
106515
106663
106918
106929
107061
107109
107129
107321
107340
107426
107509
107640
107740
107751
107970
108324
108330
108349
108505
108529
108559
108579
108591
108830
109038
109138
109249
109817
109840
109991
110122
110126
110137
110450
110523
110540
110582
110610
110642
110687
110706
110820
110975
111182
111209
111226
111335
111352
111525
111681
111706
111796
111859
111951
111978
112046
112250
112275
112368
112487
112563
112750
112992
113165
113411
113533
113540
113623
113700
113746
114012
114021
114040
114065
114069
114132
114212
114369
114531
114585
114598
114616
114663
114746
114778
114792
114870
114912
114929
115137
115208
115209
115247
115258
115320
115435
115436
115483
115677
115679
115694
115731
115737
115746
115767
115972
116496
116504
116530
116538
116578
116590
116698
116879
116908
116914
116935
116988
117186
117274
117452
117532
117693
117930
117949
117992
118142
118193
118254
118311
118340
118445
118662
118873
118950
119002
119204
119248
119287
119327
119413
119715
119850
120059
120116
120133
120255
120392
120429
120470
120509
120623
120695
120715
120878
120935
120962
121000
121023
121246
121278
121322
121380
121417
121424
121434
121551
121615
121861
121945
122025
122054
122127
122128
122221
122239
122280
122604
122675
122677
122781
122905
122954
122977
122987
123293
123456
123682
123933
124042
124068
124089
124288
124568
124624
124707
124764
124823
124936
125050
125141
125363
125387
125494
125605
125844
126002
126096
126143
126192
126270
126434
126455
126567
126828
126860
126935
127013
127015
127134
127286
127339
127725
127737
127739
127809
127824
127989
128104
128504
128575
128608
128662
128763
128769
128838
128882
129037
129077
129103
129131
129183
129415
129419
129674
129850
129980
130156
130163
130185
130306
130395
130573
130809
130947
130949
131135
131260
131313
131337
131448
131534
131572
131633
131681
131698
131831
132153
132179
132245
132389
132431
132507
132519
132700
132917
133097
133166
133307
133372
133376
133421
133457
133801
133867
133923
133958
133962
134027
134373
134399
134452
134641
134682
134750
134805
134815
135059
135082
135234
135342
135467
135600
135626
135990
136089
136211
136453
136459
136506
136584
136644
136750
136757
136864
137375
137557
137604
137663
137828
138234
138306
138398
138499
138531
138548
138669
138717
138960
139097
139165
139196
139303
139413
139632
139701
139891
140250
140353
140527
140619
140704
140709
140866
141003
141016
141037
141077
141100
141111
141294
141368
141460
141544
141567
141772
141786
141936
142025
142052
142196
142423
142621
142656
142699
142936
143049
143051
143298
143398
143790
143864
143995
144147
144258
144307
144332
144423
144476
144730
144765
144891
145082
145125
145274
145372
145485
145516
145566
145660
145907
145937
146181
146236
146349
146365
146447
146454
146620
146785
146841
146881
146889
147062
147122
147229
147250
147434
147659
147671
147733
148105
148177
148353
148386
148429
148565
148679
148713
148742
148881
148892
149014
149019
149121
149184
149390
149448
149543
149678
149803
149868
150050
150128
150203
150653
150924
150954
151137
151163
151219
151622
151855
151935
152267
152327
152437
152486
152511
152512
152515
152568
152665
152679
152821
152913
152975
153032
153096
153239
153382
153915
154076
154255
154327
154344
154430
154461
154748
154836
154848
154851
154995
155093
155157
155406
155511
155644
155739
155814
155972
156001
156005
156042
156199
156304
156311
156478
156568
156580
156592
156608
156934
157024
157510
157545
157584
157653
157767
157792
157797
157880
158125
158243
158275
158391
158512
158669
158701
158781
158847
158857
159045
159073
159083
159170
159234
159260
159356
159398
159500
159664
159732
159804
159807
159851
159893
159897
160021
160051
160111
160166
160191
160373
160437
160608
160616
160639
160755
160886
161460
161482
161528
161562
161610
161647
161716
161781
161838
161855
162006
162103
162215
162431
162501
162752
162779
162810
162913
163087
163126
163220
163299
163313
163314
163375
163458
163545
163637
163668
163808
163817
163829
163956
164022
164058
164456
164463
164547
164600
164794
164905
165087
165094
165150
165206
165273
165422
165456
165462
165480
165516
165597
165607
165637
165737
165783
165803
165900
166026
166081
166087
166250
166286
166319
166440
166451
166520
166580
166603
166679
166772
166883
166941
167017
167027
167146
167265
167289
167383
167417
167447
167758
167772
167953
167970
167983
168023
168045
168138
168164
168172
168190
168284
168345
168351
168702
168752
168813
168895
168946
168977
169137
169264
169270
169278
169312
169335
169485
169494
169936
170282
170575
170738
170874
170882
171035
171068
171077
171124
171346
171403
171405
171437
171526
171648
171878
171884
171917
172473
173002
173168
173334
173442
173453
173591
173696
173754
173850
173889
173980
174081
174167
174191
174503
174511
174581
174587
175152
175216
175270
175306
175397
175434
175525
175604
175646
175667
175816
175896
175986
176019
176052
176055
176071
176080
176134
176212
176248
176298
176402
176612
176643
176682
176801
176887
177003
177338
177529
177617
177662
177723
177737
177770
177834
177892
177896
178035
178097
178127
178142
178193
178586
178944
179313
179527
179559
179703
179743
179757
179864
179999
180646
180700
181003
181064
181355
181456
181517
181553
181769
181843
181864
181962
182139
182182
182253
182274
182392
182417
182593
182622
182638
182899
182915
182957
183125
183459
183498
183694
183868
183992
184125
184173
184525
184547
184741
184805
184878
185020
185174
185341
185437
185483
185541
185622
185730
186150
186160
186278
186616
186730
186925
187010
187031
187107
187240
187713
187771
187813
187986
187997
188228
188297
188318
188351
188532
188699
188720
188773
188822
188865
188873
189121
189219
189228
189332
189334
189495
189555
189572
189656
189761
189776
189881
189886
189938
189980
189993
190142
190588
190676
190714
190920
191115
191130
191162
191198
191248
191250
191285
191316
191484
191500
191768
191833
191835
191951
192040
192125
192197
192293
192941
193164
193712
193801
193869
193928
193991
194145
194393
194471
194758
194852
194963
195184
195282
195455
195475
195678
195681
195786
195797
195844
195849
195853
195896
195930
195960
196147
196545
196638
196720
196746
196839
197294
197336
197358
197492
197504
197617
197988
198158
198237
198300
198421
198816
198849
198993
199247
199295
199627
199694
199908
199942
200131
200159
200170
200270
200274
200278
200292
200411
200479
200480
200522
200648
200660
200915
200964
200983
200992
201006
201044
201160
201306
202026
202053
202221
202301
202312
202349
202395
202659
202844
203085
203137
203138
203334
203419
203516
203648
203869
204119
204125
204446
204518
204652
204674
204675
204778
204962
204974
205035
205782
205979
206007
206095
206097
206192
206435
206548
206603
206806
206818
206858
206962
207044
207097
207402
207449
207499
207524
207637
207693
207780
207849
207928
208122
208167
208181
208347
208508
208611
208805
208834
208912
209343
209373
209455
209524
209620
209624
209830
210073
210232
210254
210299
210414
210457
210558
210617
210748
210773
210822
210849
211024
211049
211087
211120
211281
211387
211416
211459
211562
211567
211791
211816
211828
211979
212342
212407
212471
212790
212846
212973
213039
213040
213212
213277
213325
213379
213653
213660
213693
213916
214052
214237
214284
214324
214395
214446
214448
214600
214646
214729
214735
214909
215139
215261
215276
215309
215315
215405
215415
215437
215567
215736
215746
215804
215859
216099
216116
216289
216324
216571
216656
216664
216668
216720
216742
216777
216793
216809
216875
216900
217086
217134
217379
217443
217638
217692
218086
218093
218112
218382
218494
218601
218680
218695
218772
219031
219159
219415
219553
219678
219746
219777
219799
219800
219877
219902
219920
220175
220360
220409
220566
220632
220634
220775
220905
221094
221264
221363
221454
221554
221659
221676
221735
221845
221904
221963
222001
222018
222041
222125
222175
222240
222377
222422
222529
222832
222954
223000
223063
223156
223163
223223
223224
223241
223636
223719
224090
224118
224179
224506
224556
224565
224570
224671
224855
224880
224899
225026
225128
225274
225305
225312
225332
225389
225432
225531
225534
225586
225762
225795
225989
226058
226197
226221
226327
226337
226398
226442
226537
226619
226635
226665
226674
226676
226734
226750
226994
227220
227314
227418
227443
227460
227550
227689
227737
227764
227925
227926
227999
228035
228115
228380
228390
228484
228584
228589
228714
228734
228849
228873
229123
229348
229387
229389
229440
229446
229471
229553
229570
229707
229872
229903
230030
230068
230093
230106
230292
230295
230424
230492
230500
230689
230749
230857
230963
231105
231108
231331
231393
231701
231728
231741
231831
231983
231992
231994
232035
232079
232244
232369
232566
232644
232672
232887
233195
233287
233344
233464
233497
233517
233659
233700
233708
233925
233946
233979
234095
234348
234433
234468
234506
234547
234879
234963
235029
235197
235211
235301
235361
235471
235563
235803
235921
235945
236102
236171
236198
236236
236339
236347
236385
236695
236734
236759
236778
236848
236922
236954
236982
237063
237249
237348
237676
237711
237824
237889
237912
237923
238063
238122
238129
238174
238181
238487
238571
238791
238876
238952
238956
239146
239166
239296
239318
239331
239610
239650
239690
239718
239907
239921
239945
240224
240255
240259
240261
240279
240415
240504
240639
240843
240886
241019
241144
241196
241264
241421
241513
241517
241937
241948
242324
242730
242952
242962
242984
242985
243067
243073
243173
243175
243315
243329
243548
243557
243833
243856
243888
244230
244391
244449
244599
244670
244789
244825
244996
245069
245177
245418
245735
245750
245817
245884
245995
246032
246120
246178
246455
246470
246621
246648
246689
246711
246764
246999
247277
247294
247347
247408
247427
247490
247577
247864
247876
247914
248051
248192
248413
248522
248977
249220
249223
249226
249409
249442
249587
249624
249666
249718
249950
249988
250019
250034
250053
250109
250204
250262
250386
250391
250471
250476
250580
250595
250647
250678
250689
250691
250694
250783
250909
250912
251030
251295
251309
251386
251427
251430
251551
251992
252096
252141
252295
252307
252411
252434
252483
252734
252788
252831
252971
253159
253244
253256
253698
253799
253812
254015
254042
254103
254112
254176
254235
254301
254399
254433
254470
254507
254596
255101
255151
255200
255280
255314
255454
255721
255724
255728
255744
255860
255871
255898
255972
256105
256190
256257
256279
256336
256497
256772
256852
256937
256948
257066
257110
257537
257596
257892
257967
258289
258312
258338
258391
258519
258682
258825
258866
259185
259199
259297
259398
259471
259679
259751
259883
260027
260205
260224
260443
260453
260612
260698
260899
261106
261149
261336
261365
261388
261433
261473
261502
261549
261618
261662
261686
261815
261843
261893
261894
262093
262121
262166
262232
262254
262267
262326
262422
262458
262459
262556
262560
262665
262700
262918
262942
263015
263054
263090
263137
263257
263439
263508
263618
263753
263779
263815
264012
264020
264523
264524
264551
264819
264839
265032
265046
265140
265218
265516
265696
265773
266531
266578
266696
266709
266756
266810
266843
266876
266960
267109
267323
267339
267444
267468
267568
267595
267875
267886
267963
267968
267997
268106
268359
268360
268559
268572
268636
268669
268696
268722
268980
269050
269296
269337
269364
269744
269905
269974
270063
270073
270301
270360
270461
270647
270710
271100
271123
271172
271333
271343
271512
271540
271584
271751
271866
272063
272110
272157
272178
272460
272463
272472
272564
272601
272676
272849
273030
273036
273241
273408
273607
273773
273935
273946
273986
274031
274064
274165
274250
274295
274422
274492
274520
274634
274767
274787
274934
275027
275076
275088
275112
275431
275435
275799
275828
276075
276187
276265
276462
276629
276737
276750
276766
276782
276796
276940
277004
277117
277186
277342
277365
277383
277392
277687
277792
277820
277903
277910
277928
277931
277990
278261
278387
278796
278954
279105
279135
279154
279455
279489
279515
279546
279636
279646
279658
279660
279806
279865
279920
279999
280165
280188
280307
280377
280386
280583
280625
280637
280779
281016
281048
281165
281169
281172
281491
281694
281788
281838
282010
282075
282200
282251
282309
282429
282671
282718
282909
282990
283034
283150
283206
283223
283479
283731
283835
283852
283989
284023
284041
284057
284078
284241
285000
285082
285191
285250
285266
285288
285419
285617
285751
285823
285848
285851
285935
285958
286059
286086
286179
286380
286583
286593
286615
286688
286917
287024
287098
287175
287235
287274
287358
287447
287509
287615
287698
287778
287790
287853
288064
288106
288136
288202
288266
288406
288662
288751
288838
288849
289006
289164
289291
289625
289716
289868
289906
289933
290077
290133
290148
290232
290341
290437
290706
290730
290784
290901
291056
291408
291431
291552
291967
292073
292464
292474
292483
292519
292523
292903
292994
293092
293113
293157
293240
293319
293453
293664
293910
293931
294030
294051
294107
294143
294173
294277
294366
294465
294529
294648
294704
294709
294783
295099
295258
295599
295752
295932
295940
296027
296058
296121
296123
296233
296330
296433
296526
296683
296757
296842
296862
296924
297011
297028
297312
297340
297346
297546
297567
297583
297673
297802
297900
298070
298338
298357
298372
298394
298669
298736
298919
298925
298946
299036
299218
299243
299269
299305
299352
299362
299378
299460
299548
299688
299720
299795
299807
299943
300136
300185
300197
300275
300333
300381
300536
300850
300915
300931
301149
301193
301219
301236
301332
301363
301424
301542
301637
301742
301918
301947
302014
302034
302190
302347
302570
302783
302785
302888
302898
303030
303155
303175
303259
303317
303438
303587
303765
303863
304007
304163
304174
304292
304453
304480
304486
304594
304671
304710
304751
304804
304940
305266
305674
305771
305903
305910
306003
306064
306128
306587
306669
306816
307045
307059
307102
307258
307313
307360
307638
307705
307907
307966
308132
308144
308218
308284
308321
308350
308569
308679
308726
308791
308982
309075
309109
309454
309530
309630
309653
309664
309969
310012
310101
310179
310207
310272
310289
310527
310582
310718
310763
310939
311027
311081
311237
311337
311347
311621
311760
311786
311963
312007
312127
312187
312262
312318
312361
312377
312506
312528
312574
312626
312760
312969
313201
313324
313330
313527
313537
313556
313623
313738
313882
313945
313989
314020
314045
314178
314355
314369
314374
314384
314414
314462
314665
314779
314803
314835
314873
315009
315024
315032
315162
315199
315307
315685
315766
315937
315989
316228
316244
316266
316476
316496
316583
316784
317037
317042
317164
317169
317226
317294
317501
317581
317713
317811
317948
318102
318138
318232
318340
318366
318525
318546
318565
318600
318628
318675
318697
319276
319398
319442
319446
319456
319527
319537
319566
319606
319783
319836
319890
319916
319932
320062
320080
320120
320206
320246
320261
320321
320365
320838
320874
320964
321114
321186
321201
321353
321436
321538
321677
321745
321872
321903
321997
322040
322048
322132
322175
322178
322216
322223
322276
322500
322506
322510
322566
322597
322664
322675
322692
322736
323190
323217
323388
323738
323995
324069
324131
324316
324348
324505
324518
324640
324674
324755
324940
325073
325404
325612
325621
325737
325795
326090
326265
326315
326451
326567
326745
327082
327248
327526
327674
327707
327730
327765
327908
327937
328006
328019
328046
328170
328294
328404
328428
328651
328654
328690
328815
328890
328969
328990
329119
329257
329316
329584
329886
329914
329919
329966
330006
330032
330036
330053
330174
330227
330240
330387
330392
330439
330644
330805
331241
331386
331500
331577
331638
331854
331891
331912
331957
332138
332172
332337
332393
332432
332646
332686
332812
333002
333066
333143
333189
333222
333274
333343
333501
333538
333545
333593
333897
334102
334188
334198
334324
334421
334636
334810
334849
334902
334981
335066
335111
335336
335373
335398
335426
335521
335741
335756
335911
335981
336046
336089
336101
336131
336184
336188
336191
336337
336356
336498
336529
336564
336781
336886
337178
337186
337212
337355
337478
337546
337616
337619
337630
337645
337868
337923
337948
337950
338042
338122
338171
338256
338367
338438
338541
338596
338703
338777
339110
339127
339211
339265
339320
339350
339397
339645
339730
339848
340006
340106
340133
340188
340192
340209
340305
340501
340518
340525
340722
340802
340819
340943
341029
341082
341219
341497
341709
341715
341792
341878
342052
342174
342225
342497
342574
342624
342845
342916
342959
343036
343102
343112
343420
343536
343633
343829
343944
344030
344059
344110
344151
344167
344683
344687
344696
344723
344764
344769
344789
344832
344873
344988
345023
345043
345076
345220
345271
345386
345458
345493
345578
345719
345720
346021
346057
346101
346382
346405
346519
346599
346655
346822
346918
346951
346960
347013
347198
347250
347408
347668
347831
347844
347925
348249
348429
348453
348506
348554
348595
348631
348657
348878
348948
349058
349227
349263
349343
349367
349405
349478
349611
349649
349740
349789
349894
350016
350345
350366
350462
350475
350620
350696
350917
351029
351032
351081
351082
351086
351162
351381
351457
351593
351637
351692
351774
351948
352221
352279
352461
352557
352662
353071
353186
353361
353407
353499
353583
353663
353719
353813
353836
353849
354078
354079
354195
354264
354552
354956
355039
355205
355305
355401
355425
355623
355721
355838
356036
356122
356124
356404
356431
356458
356552
356557
356741
356790
357007
357103
357186
357351
357379
357384
357612
357703
357864
358051
358112
358143
358217
358271
358351
359124
359153
359238
359384
359940
359943
360156
360158
360287
360331
360417
360756
360853
360977
361136
361223
361285
361496
361526
361574
361720
361775
361972
361984
362060
362075
362091
362141
362159
362321
362358
362375
362456
362460
362485
362540
362637
362650
362789
362912
363002
363046
363102
363160
363267
363315
363389
363424
363681
363723
364128
364195
364207
364235
364404
364498
364542
364762
364782
364861
364948
365062
365201
365221
365274
365391
365405
365419
365531
365606
365631
365650
365701
365757
366142
366145
366194
366267
366557
366584
366652
366707
366753
366812
366853
366960
367007
367067
367192
367318
367329
367350
367361
367413
367510
367626
367780
367811
367821
367859
367881
368022
368046
368150
368209
368343
368364
368397
368554
368620
368655
368765
369038
369055
369364
369402
369458
369471
369590
369595
369807
369895
370167
370240
370420
370459
370695
370869
370936
371002
371098
371400
371422
371437
371641
371762
371930
372029
372063
372134
372179
372205
372400
372555
372661
372754
373175
373273
373354
373367
373579
373583
373737
373831
373853
373897
374058
374084
374161
374209
374269
374319
374553
374621
374709
374841
374910
375028
375094
375253
375327
375403
375549
375851
376305
376322
376441
376473
376584
376606
376824
376840
376922
376942
376973
377002
377183
377214
377379
377570
377605
377608
377786
377868
377872
378004
378049
378360
378490
378521
378613
378799
378802
378882
378892
378908
379128
379134
379163
379189
379331
379361
379380
379543
379544
379556
379652
379754
379759
379765
379791
380205
380333
380367
380387
380461
380504
380582
380624
380703
380788
380830
380843
380908
380957
381271
381414
381441
381513
381585
381623
381662
381677
381698
381796
382066
382226
382328
382490
382498
382513
382729
382746
382806
382872
382982
383089
383131
383199
383332
383673
383717
383822
383921
384119
384211
384434
384576
384677
384688
384812
384971
385138
385359
385362
385371
385413
385448
385561
385580
385587
385735
385804
386050
386280
386282
386509
386551
386706
387002
387071
387124
387171
387197
387339
387373
387512
387623
387846
387948
388008
388176
388181
388183
388195
388291
388307
388318
388601
388650
388664
388965
389135
389154
389303
389317
389383
389407
389501
389593
389658
389715
389854
389993
390118
390182
390185
390289
390299
390497
390517
390652
390928
390930
391149
391303
391538
391551
391847
391922
391929
391984
392002
392160
392217
392219
392320
392399
392421
392558
392644
392784
393063
393083
393242
393257
393294
393345
393455
393489
393648
393757
393779
394005
394038
394326
394397
394523
394552
394710
394755
394764
395055
395197
395215
395278
395292
395359
395453
395456
395467
395607
395738
395753
395894
395914
396131
396150
396383
396555
396625
396634
396658
396878
396880
396937
397138
397419
397510
397810
397974
398138
398259
398265
398378
398485
398495
398597
398796
398881
399007
399090
399264
399362
399670
399755
399936
400045
400047
400122
400182
400200
400247
400250
400350
400381
400420
400439
400678
400726
400758
400987
401017
401198
401438
401760
401808
401830
401935
401999
402084
402327
402454
402461
402476
402484
402678
402696
402762
402957
402980
402988
403057
403117
403160
403245
403259
403648
403693
403703
403764
403801
403813
403896
403922
403989
404188
404272
404469
404475
404523
404651
404727
404732
404977
405001
405183
405280
405335
405496
405573
405619
405723
405895
405931
405999
406118
406160
406239
406316
406329
406360
406387
406598
406815
406865
406929
406978
406981
407179
407351
407354
407864
407983
408489
408498
408527
408594
408765
408967
409057
409102
409220
409266
409313
409406
409415
409509
409533
409572
409664
409685
409687
409696
409772
409785
409819
409835
409873
409931
409933
410209
410408
410545
410562
410566
410773
410801
410913
411087
411094
411243
411559
411623
412025
412542
412644
412683
412704
412873
412931
412949
413025
413168
413270
413301
413340
413909
414033
414185
414270
414449
414590
414597
414663
414741
414799
414832
414911
414916
415126
415391
415459
415464
415825
416104
416352
416496
416560
416591
416751
416793
416863
416975
416982
417214
417319
417739
417855
417860
418108
418111
418224
418233
418234
418272
418579
418614
418627
418628
418664
418834
419049
419108
419458
419713
419803
420076
420269
420306
420307
420394
420476
420493
420585
420610
420888
420895
420924
421209
421246
421393
421417
421682
421760
421792
421834
421875
422019
422445
422547
422779
422807
422847
422892
423047
423256
423292
423366
423444
423456
423555
423683
423859
423944
424251
424344
424382
424465
424467
424575
424592
424817
424869
424947
425043
425059
425113
425132
425507
425613
425773
425859
425967
426020
426174
426721
426764
426802
426855
426931
426990
426991
427025
427109
427127
427450
427527
427844
427860
428019
428157
428200
428311
428582
428593
428707
429073
429247
429283
429294
429323
429357
429512
429533
429655
429710
429827
429844
429943
430007
430012
430065
430348
430397
430412
430548
430712
430912
430999
431011
431023
431113
431174
431244
431289
431339
431766
431792
431910
431997
432093
432132
432143
432185
432463
432769
432773
432783
432968
433038
433043
433123
433180
433236
433750
433854
433946
434112
434113
434459
434505
434654
434884
434898
435009
435076
435102
435233
435249
435269
435277
435295
435408
435657
435758
435967
436144
436327
436443
436671
436769
436785
436881
437006
437053
437068
437369
437543
437544
437628
437646
437696
438136
438156
438191
438499
438713
438996
439160
439190
439293
439424
439451
439517
439926
440096
440297
440333
440359
440417
440475
440514
440772
440864
441159
441180
441260
441701
441747
441946
441957
441986
442045
442065
442349
442500
442519
442520
442578
442661
442801
442876
442884
442990
443104
443392
443684
443987
443988
444001
444060
444086
444234
444307
444350
444362
444368
444480
445429
445659
445775
445961
446065
446100
446220
446356
446404
446549
446750
446869
447271
447337
447526
447572
447952
447962
448061
448143
448318
448341
448437
448742
448761
448762
448913
449091
449195
449202
449377
449534
449731
449742
449746
449771
449977
450002
450226
450269
450490
450522
450638
450671
450690
450751
450907
450948
450955
450968
450978
451002
451203
451258
451284
451296
451415
451588
451784
451980
452123
452325
452424
452479
452493
452796
453097
453187
453535
453544
453581
453625
453631
453633
453874
453935
454066
454083
454152
454192
454282
454375
454408
454718
454861
454944
454983
455002
455337
455394
455568
455718
455772
455795
455826
455860
455895
455975
455988
456030
456042
456191
456306
456322
456452
456522
456533
456678
456717
456790
457001
457096
457129
457280
457361
457477
457582
457628
457826
457951
458183
458405
458508
458543
458551
458583
458783
458788
458885
458915
458925
458947
459122
459337
459383
459456
459675
460438
460567
460795
460965
461056
461118
461123
461161
461214
461231
461344
461382
461489
461573
461591
461676
461681
461899
462190
462413
462457
462549
462701
462874
463028
463256
463268
463278
463489
463613
463614
463670
463677
463705
463765
463786
463885
463905
463920
463980
464134
464509
464572
464795
464893
464909
464944
465155
465200
465216
465236
465287
465625
465751
465764
465904
465952
466016
466157
466476
466500
466551
466573
466707
466708
466941
466971
467183
467302
467350
467451
467466
467497
467620
467626
467669
467850
467943
467984
468289
468387
468653
468666
468816
468834
469054
469154
469176
469711
469960
470023
470101
470341
470436
470443
470645
470665
470676
470699
470788
470875
471056
471175
471283
471358
471431
471478
471486
471493
471963
472032
472189
472237
472479
472493
472671
472691
472699
472720
473020
473037
473095
473180
473323
473324
473361
473398
473536
473546
473883
473946
474010
474390
474447
474523
474546
474603
474806
474928
474943
475012
475154
475251
475289
475402
475750
475765
475803
475839
475871
475952
476104
476206
476237
476339
476405
476496
476534
476568
476570
476608
476672
476740
476783
476846
477003
477209
477250
477301
477521
477537
477646
477966
477976
478074
478288
478406
478435
478513
478707
478846
478913
478929
478963
479002
479003
479234
479241
479371
479531
479726
479793
479857
479865
479891
479919
479925
479985
480203
480217
480303
480376
480495
480527
480591
480621
480754
480817
480960
481072
481078
481194
481301
481330
481405
481564
481642
481830
482020
482144
482157
482271
482303
482508
482555
482715
482854
482898
482925
482927
483130
483252
483512
483687
483812
483855
484054
484197
484209
484279
484367
484460
484506
484570
484655
484709
484826
484867
484941
484968
485066
485075
485174
485413
485706
485728
485953
485959
486079
486113
486179
486379
486716
486800
486931
486994
487028
487080
487081
487082
487098
487265
487316
487623
487741
487777
487958
488024
488153
488317
488634
488640
488646
488736
488943
489061
489080
489106
489137
489299
489364
489482
489485
489751
489763
489924
489979
490018
490239
490322
490432
490980
491436
491590
491720
491762
491947
492008
492024
492158
492200
492252
492271
492454
492523
492617
492630
492697
492864
493009
493191
493201
493418
493486
493529
493701
493979
494175
494389
494398
494409
494458
494566
494654
494759
495215
495284
495611
495697
495781
495870
496039
496058
496066
496130
496159
496288
496310
496383
496398
496465
496650
496733
496874
497018
497050
497160
497232
497339
497409
497590
497669
497683
497704
497705
497850
497870
497949
498029
498174
498216
498259
498377
498543
498581
498658
499033
499186
499235
499313
499364
499410
499605
499669
499826
499894
500214
500557
500688
501122
501236
501241
501256
501269
501295
501366
501398
501505
501551
501798
501901
501957
502022
502151
502229
502231
502319
502370
502424
502545
502645
502724
502964
503319
503651
503721
503768
503782
503820
503845
503909
503931
504047
504269
504328
504348
504410
504617
504681
504712
504816
504845
504879
505086
505167
505260
505467
505473
505585
505690
505761
506035
506167
506335
506401
506422
506498
506592
506618
506708
506710
506723
506783
506905
506978
507194
507312
507453
507531
508091
508198
508214
508272
508305
508331
508390
508449
508465
508662
508909
508937
508995
509031
509236
509343
509624
509650
509794
509808
509984
510181
510203
510396
510475
510665
510808
510922
511437
511469
511512
511533
511585
511643
511756
512039
512101
512262
512271
512331
512419
512465
512523
512552
512710
512894
513125
513608
513658
513688
513701
513713
513816
513885
514013
514030
514391
514446
514574
514614
514784
514787
514825
514854
514908
515034
515211
515557
515597
515635
515691
515693
515708
515901
516035
516387
516808
516853
516992
516994
517025
517029
517084
517271
517342
517366
517533
517660
517793
517890
518240
518244
518283
518311
518323
518354
518365
518444
518680
518706
518796
518802
518978
519022
519114
519128
519144
519180
519311
519497
519520
519540
519570
519643
520089
520157
520252
520358
520805
520998
521156
521257
521312
521476
521480
521535
521648
521806
522415
522434
522496
522519
522522
523064
523076
523094
523159
523217
523270
523431
523489
523511
523529
523552
523612
523623
523649
523906
524004
524015
524110
524129
524164
524509
524680
524685
524868
525057
525269
525575
525653
525916
526189
526213
526263
526478
526542
526650
526797
526844
526872
526946
527046
527378
527461
527514
527515
527625
527670
527765
527902
527947
527967
528238
528446
528569
528628
528934
529090
529183
529251
529302
529385
529405
529406
529571
529577
529693
529886
530000
530104
530139
530260
530462
530591
530698
530911
531586
531648
531755
531765
532192
532393
532481
532547
532765
532797
532803
532822
532878
533133
533204
533413
533416
533575
533752
533779
533841
534030
534221
534347
534422
534566
534714
534855
534947
535041
535392
535454
535480
535564
535625
535759
535850
535926
535930
536107
536266
536469
536525
536739
536831
536864
536928
537071
537397
537558
537788
538053
538167
538174
538234
538294
538644
538772
538920
538979
538998
539077
539234
539340
539493
539621
539879
540029
540046
540217
540294
540582
540639
540641
540710
540780
541041
541086
541149
541376
541433
541671
541814
542007
542045
542119
542196
542265
542281
542287
542299
542401
542451
542608
542652
542766
542936
543201
543223
543253
543394
543693
543792
544139
544473
544569
544582
544684
544832
544885
544976
545025
545109
545250
545338
545582
545596
545969
546016
546038
546106
546134
546185
546249
546338
546477
546592
546597
546607
547039
547099
547480
547482
547551
547626
547725
547875
547941
548023
548043
548057
548088
548110
548249
548441
548481
548834
549029
549073
549121
549124
549157
549178
549185
549491
549559
549862
549924
550007
550160
550202
550264
550343
550393
550485
550556
550627
550651
550672
551070
551130
551193
551250
551502
551738
551768
551860
552014
552028
552127
552266
552337
552376
552681
552711
552848
552938
552997
553152
553309
553340
553369
553618
553789
553794
553833
553874
553921
553986
554151
554283
554370
554439
554604
554664
554689
554721
554727
554752
554757
554783
554965
555145
555207
555411
555491
555724
555727
555776
555870
555965
555992
555999
556162
556205
556370
556383
556589
556956
557026
557105
557247
557388
557623
557630
557640
557681
557692
557944
557969
558014
558116
558147
558221
558231
558285
558286
558384
558511
558613
558635
558905
558951
558971
559154
559236
559259
559335
559472
559661
560153
560401
560481
560758
560817
560902
560916
561081
561393
561740
561742
561768
561877
561882
561922
562057
562145
562216
562503
562507
562581
562614
562673
562712
562714
562721
562759
562794
562855
563165
563191
563401
563496
563559
563977
564148
564315
564766
564795
564868
564877
564937
564970
565105
565130
565221
565371
565466
565518
565770
565895
566206
566247
566369
566468
566516
566545
566613
566707
566752
566843
567234
567537
567570
567721
567992
568203
568307
568346
568393
568536
568699
568759
568995
569032
569047
569174
569262
569402
569405
569467
569527
569566
569570
569599
569713
569758
569942
570075
570076
570089
570118
570200
570337
570346
570384
570399
570596
570699
570788
570906
570917
571231
571540
571565
571581
571596
571737
571761
571792
571849
571988
572024
572029
572158
572183
572274
572331
572766
572819
572923
572929
573038
573196
573257
573276
573579
573740
573780
574091
574297
574550
574683
574803
574905
574916
575107
575138
575393
575447
575824
575910
576079
576085
576206
576250
576483
576660
576837
577069
577138
577184
577536
577739
577812
577869
577903
578008
578175
578225
578504
578589
578646
578655
578695
579000
579142
579178
579207
579209
579426
579491
579777
579790
580474
580659
580904
581234
581236
581391
581429
581784
581852
582111
582288
582368
582461
582636
583267
583401
583433
583619
583651
583821
583851
584048
584059
584254
584405
584685
584717
584942
585018
585076
585184
585186
585366
585463
585466
585649
585781
585999
586072
586257
586273
586332
586442
586565
586615
586624
586630
586696
586717
586722
586748
586750
586976
586980
587110
587208
587322
587409
587567
587671
587801
588002
588038
588165
588176
588179
588281
588327
588350
588629
588655
588700
588808
589053
589184
589261
589347
589353
589417
589432
589562
589628
589659
589725
589814
589838
589840
590015
590094
590117
590135
590264
590629
590781
590826
590949
591007
591113
591145
591344
591571
591696
591868
592048
592124
592639
592764
592811
592854
592895
593010
593180
593527
593625
593686
593721
594045
594067
594098
594112
594272
594294
594471
594522
594553
594854
595061
595224
595257
595285
595288
595404
595510
595525
595804
595864
595878
595922
595937
596020
596024
596096
596099
596294
596420
596443
596718
596918
597520
597544
597571
597638
597672
597868
597918
597939
598167
598297
598308
598391
598488
598542
598769
598801
598810
599218
599238
599305
599448
599491
599525
599548
599596
599923
599975
600070
600110
600114
600200
600381
600525
600663
600725
600846
601092
601450
601592
601712
601884
602097
602127
602288
602695
602743
602791
602870
602948
602974
603007
603340
603403
603654
603786
604028
604047
604305
604350
604368
604406
604419
604494
604653
604665
604732
604857
604890
605122
605249
605252
605278
605329
605396
605481
605692
605726
605777
605893
605917
605947
605983
605999
606124
606127
606356
606404
606540
606652
606735
606908
606947
606975
606976
607090
607151
607171
607361
607503
607511
607612
607734
607781
607800
607880
607978
608136
608235
608333
608371
608405
608427
608452
608522
608538
608565
608673
608884
608954
608961
608997
609356
609489
609499
609818
609858
609967
610061
610188
610296
610526
611073
611162
611441
611603
611656
611702
611786
612023
612101
612265
612272
612315
612383
612560
612577
612823
612866
613041
613072
613127
613276
613302
613458
613461
613472
613500
613854
613858
614009
614331
614390
614870
615305
615436
615582
615590
615598
615686
615739
616007
616023
616075
616169
616261
616306
616394
616410
616456
616470
616650
616725
616847
616884
616938
617016
617076
617121
617481
617684
617749
617804
617810
617832
617952
618147
618200
618313
618381
618392
618450
618508
618512
618550
618733
618737
618844
618864
618969
618977
619511
619525
619580
619914
620093
620287
620318
620468
620527
620658
620747
620776
620778
620804
621251
621292
621418
621446
621739
621900
621903
621919
621982
622199
622265
622387
622401
622530
622791
622806
622853
622995
623118
623215
623233
623267
623274
623303
623464
623491
623624
623661
623777
624120
624376
624536
624765
624810
624862
624921
625116
625151
625152
625192
625200
625258
625284
625531
625845
625872
625900
625926
626031
626103
626237
626506
626905
626981
627046
627122
627196
627349
627371
627374
627505
627534
627682
627710
627898
627913
628109
628125
628188
628194
628199
628470
628530
628871
628877
628948
629081
629120
629328
629402
629469
629708
629839
629899
629939
630204
630211
630217
630261
630362
630471
630846
631046
631106
631107
631134
631341
631378
631511
631609
631619
631692
631836
632296
632380
632572
632599
632901
632991
633011
633250
633267
633295
633488
633798
634018
634131
634132
634186
634475
634500
634513
634567
634588
634593
634827
635073
635110
635137
635139
635176
635181
635224
635556
635903
635906
636039
636054
636156
636198
636350
636419
636559
636593
636651
636669
637102
637363
637444
637518
637549
637640
637679
637768
637877
637904
637978
638143
638177
638362
638472
638614
638635
639168
639515
639557
639599
639742
639763
639867
640107
640242
640444
640454
640658
640854
640893
641034
641103
641155
641197
641241
641375
641493
641494
641553
641674
641689
641724
641727
641758
642019
642038
642457
642588
642633
643211
643228
643265
643276
643342
643365
643476
643507
643648
643748
643762
643817
643940
643953
643980
644009
644036
644116
644200
644208
644242
644300
644648
644656
645037
645150
645401
645403
645518
645579
645617
645638
645645
645928
646116
646119
646212
646333
646361
646441
646841
646913
646922
647289
647307
647420
647538
647639
647650
647686
647713
647722
647921
648038
648087
648138
648166
648190
648333
648461
648586
648666
648768
648779
648818
648836
648877
648913
649006
649071
649227
649397
649413
649437
649524
649542
649822
650081
650095
650131
650170
650210
650291
650294
650319
650459
650486
650491
650505
650551
650583
650624
650672
650790
650857
650941
650944
650959
650965
650994
651009
651090
651252
651256
651351
651537
651637
651718
651860
651876
651932
651964
652007
652215
652230
652243
652275
652374
652386
652675
652753
652911
652936
652948
653107
653117
653123
653192
653258
653355
653539
653581
653611
653752
653885
653967
654207
654305
654602
654650
654766
655095
655130
655143
655264
655288
655428
655616
655726
655929
656181
656209
656239
656304
656360
656495
656565
656640
656701
656976
657004
657023
657055
657292
657296
657389
657396
657530
657644
657687
657814
657828
657988
658178
658245
658283
658417
658426
658882
658893
658914
658968
659252
659329
659585
659964
660502
660628
660755
660923
660962
661095
661292
661344
661552
661651
661678
662038
662088
662145
662192
662314
662468
663043
663083
663088
663281
663323
663360
663474
663502
663537
663577
663737
663978
664029
664068
664125
664251
664296
664316
664324
664406
664629
664645
664666
664670
664725
664742
664781
664786
664802
664912
664940
664980
665318
665460
665478
665735
666163
666194
666311
666331
666415
666458
666738
666761
666927
666969
667063
667282
667304
667307
667336
667348
667464
667628
667678
668198
668309
668566
669373
669413
669573
669689
669897
669978
670031
670098
670298
670452
670497
670550
670620
670645
670646
670657
670658
670711
670872
671016
671020
671108
671133
671147
671196
671404
671419
671450
671506
671584
671768
671816
671865
671962
672002
672068
672160
672276
672301
672441
672546
672561
672761
672783
672826
672838
672896
672903
673197
673209
673215
673357
673368
673370
673378
673641
673756
673829
673911
673983
674075
674198
674510
674691
674898
675015
675124
675127
675268
675375
675381
675555
675615
675664
675950
675980
676060
676121
676283
676699
676718
676719
676764
676797
677150
677296
677327
677330
677442
677564
677608
677682
677789
677809
677894
678144
678173
678271
678277
678340
678458
678613
678732
678739
678946
679120
679269
679377
679431
679585
679602
679617
679633
679719
679810
679937
680149
680201
680287
680306
680309
680321
680413
680553
680584
680621
680654
680687
680787
680866
680931
680995
681028
681237
681250
681255
681276
681365
681477
681821
681829
681911
681949
681993
682180
682243
682349
682396
682399
682424
682518
682846
682872
682884
682953
683353
683530
683736
684141
684312
684320
684377
684385
684415
684474
684492
684566
684785
684796
684810
684925
684935
685086
685087
685097
685219
685294
685316
685371
685464
685531
685581
685658
685680
685690
685730
685783
685826
685867
685895
685902
686285
686324
686394
686461
686494
686554
686837
686845
686846
686885
687116
687150
687237
687242
687356
687595
687657
687665
687872
687915
688100
688176
688223
688324
688380
688442
688637
688654
688664
688916
689089
689508
689531
689657
689677
689753
689781
689784
689899
689915
690007
690044
690089
690169
690287
690385
690413
690526
690535
690558
690612
690684
690725
690961
691006
691017
691213
691218
691229
691408
691440
691485
691544
691579
691738
691974
692011
692037
692128
692139
692206
692251
692332
692439
692608
692642
692697
692811
693050
693075
693243
693461
693566
693799
693828
693878
693887
693921
694058
694100
694247
694341
694964
695061
695085
695100
695265
695285
695417
695425
695506
695517
695817
695954
696033
696088
696245
696308
696409
696514
696713
696832
696857
696879
696943
697094
697309
697366
697583
697643
697653
698002
698241
698504
698583
698715
698775
698981
699072
699145
699474
699789
699829
699835
699998
700055
700095
700575
700621
700790
700871
700931
700937
701021
701353
701358
701427
701479
701737
701771
701902
702036
702079
702315
702396
702425
702465
702727
702898
702985
703039
703068
703159
703310
703443
703782
703915
704275
704333
704743
704747
704787
704793
704871
704935
705009
705028
705057
705098
705140
705180
705284
705343
705440
705615
705635
705700
705783
705954
706069
706096
706190
706428
706718
706935
707071
707088
707261
707490
707537
707661
707722
707811
707816
707899
708059
708133
708182
708277
708307
708413
708427
708619
708873
708960
709115
709300
709416
709519
709619
709736
709797
709924
709997
710062
710169
710366
710394
710552
710595
710599
710836
710952
711038
711414
711500
711643
711731
711775
711879
711918
711963
712001
712051
712202
712288
712312
712479
712527
712542
712606
712662
712766
712802
712848
712948
712975
713118
713274
713597
713678
713869
714114
714196
714217
714229
714270
714277
714319
714347
714439
714609
714630
714767
714882
714974
715143
715157
715655
715669
715697
715763
715853
715856
716073
716167
716208
716256
716369
716575
716656
716851
716900
716938
717221
717235
717439
717457
717508
717606
717683
717692
717741
717759
718076
718079
718297
718501
718592
718626
718642
718650
718666
718763
718825
718860
719079
719308
719369
719421
719784
719824
719839
719850
719919
719968
720031
720084
720312
720438
720810
721138
721319
721355
721387
721410
721803
721844
721925
722148
722331
722452
722454
722627
722645
722707
722829
722962
722968
723066
723084
723091
723099
723166
723262
723272
723307
723312
723545
723631
723904
723937
723962
724240
724287
724303
724446
724472
724553
724781
724878
724913
725007
725110
725303
725638
725752
725847
726217
726249
726335
726363
726426
726678
726872
727025
727037
727380
727490
727563
727603
727846
728016
728136
728140
728418
728429
728451
728546
728611
728751
728770
728778
728958
729290
729295
729424
729438
729507
729532
729539
729980
730010
730155
730255
730428
730529
730565
730630
731085
731100
731260
731328
731371
731400
731465
731689
731720
731744
731928
731991
732197
732956
733207
733310
733391
733452
733494
733532
733629
733933
734101
734119
734372
734388
734681
734689
734735
734807
734815
734991
735152
735232
735284
735300
735613
735670
736006
736009
736027
736254
736266
736416
736549
736562
736588
736689
736769
736804
737013
737046
737120
737143
737151
737260
737295
737297
737330
737442
737532
737576
737669
737767
737853
738063
738091
738288
738292
738390
738570
738927
739209
739247
739252
739322
739448
739453
739655
739806
739994
740078
740525
740531
740602
740893
740899
740946
741009
741024
741244
741365
741457
741557
741566
741584
741858
741907
742038
742214
742232
742323
742342
742355
742422
742580
742773
742784
742866
742996
743015
743033
743132
743154
743161
743198
743223
743316
743425
743499
743578
743699
743738
743761
743983
743986
744313
744341
744483
744521
744691
744839
745002
745058
745163
745166
745222
745240
745467
745542
745588
745705
745889
746068
746113
746228
746456
746517
746659
746669
746695
746727
746769
746824
746836
746958
747023
747078
747113
747137
747160
747161
747326
747423
747474
747495
747534
747542
747602
747770
747973
747988
748096
748129
748251
748278
748494
748577
748752
748757
748994
749028
749030
749203
749271
749358
749458
749885
749933
750111
750123
750178
750217
750251
750275
750359
750372
750377
750589
750612
750652
750831
750875
750972
751023
751087
751323
751381
751691
751764
751842
752067
752095
752100
752219
752419
752496
752554
752555
752583
752608
752692
752729
752771
752921
752972
753039
753066
753235
753271
753286
753455
753635
753809
754133
754218
754260
754510
754542
754565
754587
754717
754881
754955
754989
755070
755111
755154
755319
755393
755489
755752
755865
755930
756011
756016
756132
756444
756552
756887
757144
757146
757256
757369
757555
757800
757892
757925
758151
758192
758476
758481
758503
758545
758627
758640
758663
758720
758737
758824
758910
758984
759061
759172
759240
759297
759544
759598
759714
759823
759889
759940
759969
759972
760111
760131
760217
760224
760362
760432
760522
760625
760694
760860
760868
760937
760991
761034
761078
761198
761200
761291
761352
761380
761394
761400
761626
761633
761668
761814
762049
762096
762107
762205
762616
762736
762859
762951
763006
763104
763328
763337
763383
763550
763619
763627
763807
763841
763971
764087
764280
764324
764448
764450
764514
764546
764678
764785
764888
764924
765094
765139
765156
765580
765694
765741
766255
766454
766491
766566
766604
766637
766804
766892
766976
767234
767263
767284
767384
767448
767519
767582
767623
767695
767987
768014
768018
768036
768264
768349
768363
768394
768464
768470
768774
768856
768959
769002
769056
769181
769223
769273
769295
769658
769784
769897
770154
770178
770184
770284
770329
770370
770417
770559
770609
770787
770830
770843
770909
770954
770992
771151
771204
771223
771303
771785
771811
771872
771921
772102
772118
772130
772207
772310
772320
772548
772564
772743
772810
772912
772967
773219
773264
773306
773333
773412
773511
773556
773586
773632
773649
773657
773679
773748
773853
774317
774494
774600
774814
774904
774997
775118
775171
775247
775350
775555
775618
775703
776022
776130
776207
776593
776686
776850
776952
776954
776967
776989
777139
777141
777371
777429
777560
777738
777875
777879
778185
778228
778263
778376
778443
778550
778624
778637
778822
778950
778986
779035
779133
779137
779143
779342
779419
779576
779727
779831
779925
779948
780074
780260
780340
780450
780608
780642
780813
780894
781027
781055
781094
781126
781307
781345
781451
781493
781597
781811
782392
782545
782663
782964
783019
783052
783065
783132
783156
783178
783180
783275
783412
783474
783550
783638
783850
783897
783925
783933
784284
784360
784371
784569
784580
784583
784952
785015
785170
785470
785496
785543
785594
785733
785840
785930
786057
786086
786096
786188
786225
786396
786453
786574
786758
786790
786830
786894
787085
787393
787655
787676
788422
788461
788509
788577
788649
788782
788803
789281
789413
789587
789782
789994
790032
790070
790290
790614
791098
791128
791188
791199
791232
791242
791339
791404
791639
791664
791683
791808
791845
791881
792013
792024
792101
792233
792253
792259
792488
792517
792782
792912
792953
793015
793665
793715
793890
793905
793928
794279
794285
794527
794974
795175
795244
795393
795515
795534
795637
795723
796128
796167
796456
796559
796606
796626
796650
796656
796822
796889
797107
797137
797319
797348
797461
797514
797558
797559
797597
797693
797856
797862
797980
798183
798221
798269
798343
798486
798490
798516
798523
798674
798710
798899
798917
798944
798968
798987
799055
799305
799497
799537
799563
799600
799813
800098
800180
800387
800404
800484
800499
800591
800616
800657
800684
800715
800946
801266
801378
801383
801403
801426
801528
801549
801563
801648
801664
801681
801714
801767
802060
802103
802149
802323
802358
802492
802528
802705
802901
803201
803221
803261
803480
803624
803630
803757
803799
803814
803855
803901
803925
803931
804085
804260
804270
804356
804394
804545
804635
804776
804872
805009
805029
805112
805210
805227
805303
805607
805706
805707
805708
805759
805906
805919
806169
806353
806424
806779
806919
807106
807118
807202
807236
807487
807515
807572
807692
807782
807790
807843
807877
807882
808027
808045
808142
808236
808331
808335
808367
808687
808896
808948
809006
809048
809049
809095
809115
809347
809358
809588
809607
809654
809912
809925
809970
810134
810190
810280
810294
810395
810425
810711
810746
810841
810866
811189
811266
811391
811394
811439
811580
811616
811741
811757
811791
811823
811840
811924
812017
812061
812087
812244
812266
812336
812375
812415
812509
812525
812581
812583
812592
812698
812722
812809
812841
812896
813283
813285
813462
813477
813552
813589
813633
813864
814026
814069
814229
814264
814320
814321
814622
814633
814703
814823
814851
814929
815031
815084
815292
815407
815582
815607
815682
815763
815801
815815
815971
816080
816098
816142
816281
816427
816563
816583
816635
816642
816912
817034
817193
817205
817410
817508
817536
817565
817638
817650
817779
817922
818160
818204
818209
818223
818364
818423
818486
818561
818661
818692
818799
818803
818937
818948
818972
818973
818982
818995
819042
819246
819420
819607
819622
819795
819815
819867
819879
819885
819963
820090
820172
820176
820180
820181
820203
820238
820353
820518
820648
820820
821397
821496
821626
821688
821807
821882
821898
821926
821971
822053
822257
822524
822860
822867
822881
822935
822947
823031
823106
823175
823418
823472
823626
823657
823746
823767
823811
824149
824187
824287
824344
824480
824495
824605
824705
824900
825268
825367
825528
825533
825866
825916
825993
826012
826161
826172
826211
826408
826526
826530
826585
826604
826613
826662
826761
826920
826959
827001
827196
827208
827209
827337
827698
827737
827768
827797
827802
828072
828105
828174
828189
828206
828241
828297
828557
828561
828678
828853
828975
829054
829071
829173
829218
829353
829403
829411
829428
829437
829550
829736
829751
829786
829864
829904
829977
829998
830016
830089
830119
830175
830278
830340
830364
830366
830414
830470
830486
830527
830628
830692
830694
830797
830894
831092
831114
831187
831391
831397
831560
831651
831676
831691
832087
832234
832297
832313
832410
832848
833099
833104
833149
833276
833357
833386
833468
833511
833543
833619
833623
833759
833843
833860
833990
834034
834133
834243
834273
834362
834591
834593
834866
835169
835612
835798
835923
835971
836218
836352
836574
836578
836633
836774
836835
837091
837539
838026
838077
838141
838164
838343
838478
838531
838614
838724
838840
838888
839129
839362
839655
839791
839921
840224
840243
840245
840383
840410
840590
840677
840944
841006
841041
841050
841174
841179
841251
841376
841391
841439
841588
841595
841748
841773
841981
842048
842272
842289
842398
842402
842502
842517
842891
843031
843069
843163
843233
843358
843432
843596
843613
843730
844272
844412
844445
844543
844598
844694
844782
844934
844952
845020
845201
845257
845384
845472
845766
845822
845884
846061
846105
846146
846147
846262
846333
846357
846369
846481
846608
846633
846640
846645
846732
846736
846854
846887
846921
847064
847108
847152
847231
847464
847559
847619
847652
847687
848066
848159
848333
848670
848688
848779
848804
848988
849147
849195
849211
849233
849281
849616
849629
849640
849652
849736
849833
849964
849985
850058
850341
850406
850444
850733
850774
850976
850985
851109
851124
851137
851171
851286
851397
851734
851742
851801
851844
851956
851985
852275
852307
852646
852750
852816
852890
852953
852960
852968
853039
853084
853237
853288
853347
853352
853364
853389
853472
853666
853857
854236
854318
854373
854388
854469
854549
854620
854750
854917
854979
855014
855034
855103
855297
855648
855701
855900
856038
856068
856114
856117
856152
856169
856447
856610
856647
856743
856756
856773
856915
856996
857026
857074
857208
857508
857549
857734
857913
858165
858352
858584
858684
858858
859252
859476
859507
859554
859873
860034
860310
860340
860362
860465
860538
860544
860636
860702
860723
861052
861073
861160
861238
861313
861409
861437
861709
861955
862102
862116
862218
862278
862317
862453
862648
862701
862767
862863
862872
862930
862934
863014
863020
863076
863316
863336
863444
863545
863632
863645
863880
863960
864014
864081
864184
864246
864259
864288
864407
864484
864711
864806
864864
864935
865111
865157
865163
865212
865279
865284
865297
865300
865475
865545
865899
865948
866057
866145
866191
866209
866269
866286
866359
866521
866594
866757
866869
866900
867087
867106
867153
867226
867446
867506
867536
867541
867689
867897
867921
868049
868122
868159
868253
868273
868353
868612
868761
868781
868942
868986
869008
869339
869362
869410
869427
869641
869722
869853
869869
869919
870126
870137
870247
870283
870408
870599
870804
870884
871099
871118
871166
871191
871208
871233
871431
871483
871606
871622
871633
871678
871698
871725
871774
871782
871918
872066
872133
872227
872323
872346
872445
872474
872479
872499
872723
872788
872792
872805
872846
872983
872992
873051
873181
873330
873447
873488
873708
873745
873808
873862
873964
873969
874008
874068
874078
874093
874212
874292
874339
874385
874460
874583
874640
874690
874738
874839
874841
874976
875004
875153
875187
875198
875282
875338
875417
875438
875481
875496
875557
875605
875693
875722
875957
876058
876085
876206
876439
876444
876549
876580
876612
876651
876654
876815
876899
876953
877056
877099
877181
877308
877362
877410
877436
877747
877752
878005
878129
878236
878261
878282
878340
878365
878496
878557
878712
878843
879055
879125
879345
879444
879565
879608
879818
880032
880094
880138
880428
880573
880678
880751
880843
880858
880889
881024
881142
881176
881185
881215
881683
881853
882009
882112
882176
882199
882216
882402
882438
882617
882789
882815
883163
883312
883399
883907
883955
884096
884169
884229
884389
884424
884432
884463
884518
884532
884537
884556
884568
884651
884733
884839
884885
885128
885136
885151
885162
885250
885325
885435
885476
885539
885706
885853
885894
885954
886058
886106
886202
886238
886239
886261
886485
886567
886631
886642
886751
886858
886967
887014
887106
887129
887176
887223
887375
887480
887575
887677
887684
887712
887730
887766
887849
887954
888100
888226
888227
888261
888492
888499
888506
888566
888588
888688
888764
888843
888845
889267
889317
889542
889826
889950
889975
889993
890034
890050
890155
890171
890207
890354
890412
890497
890503
890581
890584
890666
890770
891008
891126
891154
891347
891354
891458
891476
891835
891923
891938
892079
892342
892747
892790
892893
892951
892994
893106
893165
893379
893398
893424
893441
894116
894148
894205
894270
894319
894359
894363
894468
894510
894534
894560
894601
894615
894698
894783
894868
894927
895078
895127
895190
895345
895350
895453
895523
895807
895919
895951
895955
895997
896087
896322
896350
896447
896582
896983
897040
897094
897229
897342
897367
897488
897656
897686
897760
897925
898238
898252
898466
898788
898902
899081
899098
899268
899446
899583
899625
899893
899901
900323
900339
900349
900382
900419
900515
900586
900779
900938
900951
901014
901108
901149
901179
901195
901319
901320
901541
901698
901848
901896
901917
901984
902141
902243
902257
902384
902446
902531
902580
902586
902756
902867
902905
903057
903126
903165
903325
903363
903420
903484
903529
903553
903590
903603
903845
903930
904013
904151
904456
904518
904564
904572
904694
904715
904913
905081
905136
905334
905482
905569
905811
905941
905963
905995
906105
906188
906242
906485
906494
906564
906643
906672
906791
906812
906991
907011
907122
907182
907416
907504
907615
907694
907853
907989
908311
908688
908707
908821
908993
909055
909190
909324
909343
909440
909585
909678
909830
909851
910077
910084
910112
910190
910296
910653
910721
910728
910900
910932
911028
911055
911222
911339
911422
911558
911637
911731
911747
911931
912118
912195
912197
912265
912268
912292
912297
912344
912381
912387
912393
912603
912606
912720
912842
912946
913256
913312
913453
913515
913603
913779
913849
913892
913904
914036
914063
914064
914092
914303
914332
914533
914616
914759
914830
914906
914972
914992
915025
915029
915123
915249
915286
915594
915634
915649
915678
915855
916028
916033
916069
916075
916438
916504
916513
916524
916588
916758
916759
916815
916959
917007
917305
917342
917650
917767
917805
918221
918326
918333
918450
918594
918722
918736
918755
918756
918757
918976
919052
919084
919101
919135
919249
919405
919530
919545
919612
919711
919762
919916
920001
920079
920211
920291
920313
920328
920388
920486
920603
920763
920899
920971
921054
921084
921086
921286
921322
921323
921401
921526
921613
921869
922015
922101
922254
922270
922312
922414
922546
922674
922845
922873
922940
923015
923267
923298
923351
923591
923683
923776
924002
924084
924192
924469
924652
924665
924798
924976
925098
925116
925134
925204
925461
925760
925833
925953
926036
926128
926267
926427
926551
926690
926765
927080
927121
927156
927270
927438
927577
927669
927750
927836
928034
928158
928441
928454
928939
929067
929222
929224
929247
929469
929508
929514
929562
929781
929801
929824
929918
930367
930413
930447
930514
930572
930579
930626
930666
930707
930768
930944
931200
931311
931405
931419
931471
931520
931558
931575
931677
931810
931852
932021
932077
932200
932278
932280
932397
932409
932485
932576
932780
933077
933097
933131
933226
933388
933407
933415
933492
933522
933550
933604
933754
933800
933848
933917
933939
934024
934032
934058
934096
934155
934162
934309
934310
934322
934457
934660
934678
934716
934742
934744
934764
935345
935477
935573
935651
935765
935816
936122
936148
936160
936172
936219
936254
936527
936684
936815
936822
937017
937018
937020
937022
937033
937175
937252
937671
937814
937818
937829
938121
938316
938436
938533
938780
938813
938830
938883
938893
938929
938988
939093
939432
939479
939712
940079
940243
940387
940438
940512
940851
941022
941093
941096
941242
941244
941571
941589
941641
941657
941911
942188
942296
942298
942373
942525
942581
942690
942724
942754
942755
943088
943278
943324
943522
943649
943653
943688
943899
943903
943933
944013
944103
944206
944235
944299
944481
944532
944657
945150
945230
945252
945353
945354
945776
945784
945950
945964
946067
946091
946291
946371
946499
946547
946611
946656
946901
946926
947023
947033
947054
947055
947345
947572
947763
947820
947977
948034
948190
948288
948409
948426
948457
948588
948649
948912
949100
949114
949165
949221
949385
949829
949930
949973
950001
950205
950713
950798
950825
950836
950892
951049
951206
951247
951590
951611
951646
951651
951717
951812
951841
951952
952020
952056
952067
952078
952134
952154
952483
952587
952594
952628
952665
952690
952852
952933
953023
953059
953167
953221
953291
953299
953530
953608
953614
953661
953711
953731
953901
954054
954224
954287
954456
954479
954647
954743
954772
955216
955217
955380
955467
955626
955716
955905
955971
956073
956372
956398
956406
956503
956673
956737
956834
956955
957226
957298
957423
957496
957519
957764
957883
958073
958086
958190
958256
958616
958767
958868
959095
959249
959404
959617
959745
959845
959909
960234
960246
960699
960784
961036
961059
961074
961085
961139
961287
961527
961570
961731
961766
961810
961921
961982
962014
962108
962247
962355
962537
962678
962701
962819
962895
962935
963075
963107
963119
963131
963270
963610
963643
963946
964014
964064
964141
964156
964226
964372
964443
964587
964657
964677
964783
964816
964884
965393
965454
965553
965613
965628
965646
965708
965746
965870
965919
965925
966199
966514
966543
966607
966620
966677
966767
966782
967083
967120
967459
967477
967560
967565
967642
967745
967978
968026
968524
968935
969071
969104
969121
969233
969268
969340
969399
969432
969438
969543
969612
969617
969656
969775
969813
969844
970003
970129
970131
970254
970296
970768
970928
971000
971025
971049
971093
971243
971251
971542
971559
971575
971584
971710
971820
971920
971970
971984
971985
972190
972327
972415
972528
972546
972550
972773
972915
973031
973205
973352
973448
973502
973515
973557
973665
973697
973762
973777
973779
973793
974038
974143
974161
974203
974215
974313
974501
974768
974799
974820
974978
975295
975485
975504
975581
975647
975671
975721
975787
976087
976092
976190
976344
976435
976492
976690
976961
977034
977149
977256
977278
977304
977451
977552
977560
977703
977752
977874
977880
977881
977945
978012
978320
978374
978525
978577
978638
978661
978874
978911
979077
979229
979564
979695
979920
980059
980161
980167
980236
980328
980344
980435
980482
980732
980815
980945
981059
981134
981183
981348
981758
981829
981833
982179
982240
982263
982409
982701
982962
982985
983090
983314
983377
983434
983540
983671
983742
983769
983858
983875
983981
984072
984144
984289
984348
984384
984387
984426
984668
984985
985054
985109
985161
985233
985532
985556
985771
985796
985907
985987
986007
986023
986064
986243
986246
986277
986291
986460
986469
986539
986629
986654
986696
986769
986852
986885
986911
987013
987195
987217
987363
987509
987534
987689
987868
988131
988163
988164
988327
988493
988502
988508
988909
989051
989055
989142
989226
989361
989447
989632
989828
989884
990038
990065
990485
990493
990497
990514
990546
990634
990656
990658
990780
990833
990860
990961
991063
991118
991160
991188
991457
991617
991800
991947
991949
992026
992028
992084
992240
992516
992612
992726
992792
992864
992941
992945
993075
993217
993248
993258
993371
993390
993606
993652
993771
993830
993833
994086
994122
994158
994326
994336
994368
994371
994460
994482
994508
994514
994520
994746
994796
994806
994841
994936
995175
995178
995237
995355
995416
995611
995624
995691
995800
995817
995866
995870
995909
995911
996018
996047
996306
996451
996493
996602
996820
996868
996932
997028
997038
997089
997096
997210
997344
997347
997449
997548
997615
997637
997643
997673
997771
997790
997837
997899
997973
998091
998127
998169
998185
998198
998494
998508
998651
998782
998795
998840
998860
998966
999149
999169
999327
999420
999435
999594
999809
999812
999826
