80
85
107
122
151
216
232
341
467
490
573
805
852
913
931
1118
1289
1303
1338
1372
1429
1437
1463
1478
1492
1560
1625
1696
1698
1781
1864
1941
1979
2000
2066
2372
2530
2660
2850
2989
3016
3064
3101
3387
3423
3428
3442
3501
3626
3713
3888
4074
4121
4253
4304
4320
4405
4448
4736
4878
4894
4962
5053
5310
5407
5603
5851
5863
5904
6187
6484
6583
6621
6964
7094
7152
7177
7187
7217
7237
7264
7666
7831
7939
8370
8378
8684
8812
8864
9137
9200
9226
9236
9398
9510
9652
9790
9866
9874
10245
10309
10319
10563
10837
10883
11070
11343
11427
11466
11599
11643
11688
11765
11794
12021
12182
12235
12264
12377
12560
12703
12768
12846
12993
13089
13296
13424
13527
13700
13773
13893
13903
13946
14014
14018
14072
14133
14151
14176
14190
14285
14496
14554
14809
15070
15132
15150
15306
15308
15310
15383
15414
15528
15569
15668
15841
16048
16073
16158
16174
16193
16497
16570
16701
16763
16773
16869
16933
17103
17228
17395
17426
17461
17481
17511
17671
17794
18140
18335
18436
18507
18691
19009
19274
19672
19846
19855
20086
20196
20297
20316
20605
20979
21152
21373
21470
21488
21529
21719
21741
21790
21860
21891
21998
22036
22045
22262
22326
22361
22440
22604
22609
22784
22817
22919
22950
22952
23034
23213
23245
23393
23834
23895
23952
24019
24118
24164
24190
24243
24295
24348
24500
24727
24857
24860
25182
25272
25277
25283
25326
25451
25549
25582
25674
25907
26056
26187
26412
26466
26552
26564
26585
27289
27335
27375
27654
27885
28056
28290
28543
28591
28609
28716
28809
29199
29202
29218
29270
29522
29733
29794
29835
30016
30078
30333
30433
30577
30601
30807
31255
31398
31553
31611
31613
31774
31894
31986
32072
32227
32418
32423
32448
32457
32492
32569
32570
32616
32702
32896
32905
33036
33118
33196
33242
33281
33310
33327
33455
33512
33777
33778
33785
33937
34207
34235
34461
34501
34847
34904
34948
34986
34988
35035
35044
35336
35612
35656
35866
36004
36056
36239
36286
36472
36477
36481
36563
36741
36804
37026
37043
37053
37147
37271
37533
37615
37916
37963
37972
37999
38018
38194
38237
38287
38455
38540
38563
38746
38779
38800
38864
38988
39131
39206
39243
39542
39602
39653
39970
40020
40030
40184
40236
40283
40463
40464
40470
40550
40573
40602
40664
40758
40910
40960
41050
41082
41096
41201
41406
41424
41576
41944
42209
42252
42369
42452
42580
42601
42826
42836
42851
42978
43025
43340
43384
43441
43481
43487
43532
43660
43897
44056
44078
44153
44390
44449
44490
44633
44674
44975
45166
45367
45415
45420
45425
45655
45738
45783
45851
46027
46029
46172
46225
46238
46268
46551
46717
46845
46859
46935
47173
47317
47319
47370
47413
47466
47564
47591
47621
47927
47984
47986
48001
48120
48159
48286
48397
48547
48726
48808
49023
49039
49086
49202
49242
49349
49461
49504
49513
49576
49666
49694
49780
49863
50002
50060
50215
50222
50252
50308
50665
50679
50741
50754
51082
51199
51210
51325
51332
51447
51628
51751
51807
51886
52032
52089
52145
52175
52220
52327
52382
52426
52478
52506
52688
52747
52820
52824
53032
53318
53327
53407
53442
53687
53696
53723
53726
53742
53751
53818
53910
53921
54116
54220
54255
54398
54565
54716
54721
54780
54809
55132
55374
55509
55529
55553
55681
55689
55727
55883
56128
56186
56192
56263
56348
56354
56397
56409
56435
56592
56834
56863
57062
57076
57143
57299
57379
57394
57537
57779
57805
57881
58008
58011
58042
58119
58133
58272
58476
58487
58587
58730
58907
59089
59118
59136
59208
59979
60081
60121
60276
60554
60570
60584
60616
60672
60773
60792
61194
61298
61311
61386
61584
61587
61851
61884
61915
62011
62128
62134
62149
62228
62496
62812
62947
63141
63143
63154
63203
63273
63345
63690
63726
63885
64183
64221
64249
64319
64323
64404
64548
64699
64813
64821
64896
65133
65348
65636
66095
66156
66404
66526
66566
66741
66758
66780
66851
66901
66942
67446
67504
67581
67654
67679
67776
67916
68008
68187
68336
68394
68555
68948
69118
69216
69221
69358
69377
69410
69451
69545
69725
69876
69884
69900
69934
69988
70172
70370
70433
70662
70966
71084
71509
71831
71961
72010
72054
72116
72286
72370
72504
72577
72742
72749
72800
72845
72856
72923
73000
73092
73128
73608
73670
73746
73973
74112
74135
74139
74183
74344
74488
74657
74740
74935
75010
75159
75228
75272
75290
75398
75625
75935
76147
76282
76292
76394
76423
76545
76577
76688
76748
76897
76914
76988
76997
77041
77086
77093
77202
77210
77283
77340
77540
77587
77674
77726
77734
77751
77950
78128
78252
78298
78383
78572
78582
78628
78703
78861
78871
78982
79205
79225
79314
79388
79389
79494
79520
79684
79837
79849
79917
79929
79948
79982
80036
80149
80195
80258
80296
80299
80513
80518
80536
80550
80551
80568
80912
80935
81236
81577
81626
81735
81938
81981
82044
82073
82139
82168
82423
82436
82439
82465
82542
82873
82912
83091
83103
83175
83182
83254
83355
83382
83459
83527
83782
83785
83787
83809
83823
84244
84367
84453
84573
84675
84744
84904
84957
85179
85241
85269
85306
85488
85567
85580
85660
85793
85893
86069
86115
86508
86584
86764
86791
86831
86913
86923
86960
86965
87019
87143
87235
87359
87391
87476
87728
87806
87867
87926
88059
88166
88227
88273
88338
88395
88573
88600
88834
88939
89023
89432
89460
89537
89967
89978
90043
90170
90350
90390
90474
90477
90513
90557
90839
90972
91010
91583
91660
91724
91891
91895
91898
91965
92060
92091
92101
92183
92223
92354
92460
92695
92858
92895
93203
93265
93280
93291
93407
93524
93543
93616
93723
94026
94145
94165
94197
94283
94505
94527
94663
94722
94748
94882
95269
95344
95434
95516
95554
95564
95596
95638
95639
95706
95794
95816
95868
95995
96085
96254
96276
96316
96334
96720
96721
96735
96739
96797
96832
96934
97217
97427
97617
97824
97880
97895
97924
97974
98004
98287
98295
98369
98485
98565
98570
98677
98980
99112
99386
99475
99495
99558
99566
99634
99895
100164
100285
100465
100485
100594
100611
100615
100621
100637
100801
100807
100921
101114
101153
101209
101449
101529
101698
101719
101758
101939
102041
102298
102339
102564
102654
102678
102790
102959
103043
103369
103502
103581
103615
103901
103987
104223
104272
104317
104623
104870
104894
104916
105199
105617
105698
105888
105914
106098
106260
106519
106731
106777
107023
107029
107145
107170
107247
107354
107767
107987
108068
108257
108334
108371
108478
108493
108499
108596
108650
108679
108739
108779
108798
108880
109059
109084
109133
109188
109207
109255
109282
109293
109371
109493
109704
109856
109861
109952
109998
110031
110236
110295
110307
110427
110525
110536
110589
110795
110803
110822
110863
110902
110979
111043
111241
111324
111561
111624
111731
111750
112389
112519
112520
112572
112811
113058
113259
113301
113519
113654
113729
113731
113778
113839
113895
114314
114546
114563
114664
114877
114916
114989
115027
115113
115283
115429
115650
115803
115902
115939
116007
116091
116125
116195
116364
116366
116521
116570
116664
116713
116859
116927
117076
117197
117322
117363
117448
117488
117502
117655
117668
117847
117903
117927
117981
118240
118361
118399
118482
118499
118573
118735
118737
119000
119005
119063
119075
119314
119411
119470
119717
119727
119773
119829
119893
119960
119986
120130
120171
120233
120384
120422
120504
120579
120668
120946
121005
121190
121206
121275
121404
121662
121711
121716
121744
121838
121876
121903
121920
121927
122051
122108
122114
122192
122278
122381
122382
122457
122548
122594
122799
122852
122870
122996
123093
123264
123297
123457
123486
123613
123751
123800
123881
123898
123915
124045
124088
124192
124237
124260
124388
124581
124720
124729
124791
124805
124987
125011
125254
125287
125302
125323
125343
125509
125845
125880
125899
126054
126063
126104
126294
126376
126395
126496
126645
126660
126688
126722
126902
126995
127057
127063
127099
127144
127401
127448
127466
127612
127672
127968
128260
128422
128619
128654
128658
128667
128698
129032
129144
129332
129363
129389
129598
129628
129641
129746
129806
129952
129979
129983
130315
130487
130505
130542
130799
130912
131026
131165
131240
131452
131480
131552
131580
131674
131747
131976
131994
132152
132303
132444
132473
132568
132878
132973
133042
133139
133258
133390
133456
133479
133603
133810
133838
134033
134325
134533
134542
134646
134941
135037
135199
135334
135401
135442
135504
135578
135739
135845
135859
135928
136183
136206
136484
136485
136499
136556
136625
136942
136954
137079
137285
137309
137359
137405
137477
137483
137549
137657
137704
137741
137750
137753
137970
138212
138357
138400
138476
138522
138523
138554
138614
138615
138878
139112
139143
139442
139458
139541
139693
139736
139752
139894
140300
140317
140380
140493
140525
140547
140659
140786
141002
141041
141154
141163
141281
141315
141474
141714
141782
141795
141968
142142
142146
142261
142451
142521
142667
142728
142735
142787
143221
143498
143656
143693
143709
143761
143843
143860
143960
144025
144059
144086
144275
144305
144326
144426
144464
144480
144660
144682
144699
144762
144854
145197
145219
145346
145526
145622
145706
145712
145739
145834
145919
146107
146257
146347
146352
146406
146559
146575
146706
146717
146828
147192
147303
147466
147507
147528
147802
147841
147929
147980
148012
148024
148064
148159
148236
148251
148253
148308
148385
148439
148466
148572
148593
148660
148700
148798
148853
148891
148937
148993
149048
149223
149384
149407
149432
149438
149453
149570
149576
149698
150136
150174
150746
150773
150805
150846
150936
150968
151001
151034
151148
151160
151223
151266
151300
151466
151552
151613
151719
151722
151813
151924
151926
151973
151986
152048
152186
152551
152708
152779
153136
153187
153280
153289
153561
153655
153702
153706
153963
154025
154124
154278
154313
154335
154349
154355
154372
154390
154400
154436
154468
154622
154685
154765
154826
154974
154982
155182
155233
155648
155680
155787
155854
155932
155988
155992
156084
156109
156223
156341
156436
156456
156577
156678
156817
156880
156969
157169
157323
157348
157690
157699
157760
157769
157816
157831
157932
157944
158024
158049
158392
158433
158434
158445
158505
158705
158748
158806
158818
158823
158840
159041
159379
159452
159511
159568
159611
159619
159659
159679
159689
159800
159812
159858
159892
159923
159924
160030
160294
160470
160754
160794
160821
160867
160974
161158
161190
161195
161347
161365
161407
161428
161473
161502
161566
161636
161698
161803
161897
162140
162151
162192
162340
162365
162391
162556
162597
162603
162783
163079
163282
163344
163426
163539
163622
163631
163914
164169
164181
164672
164750
164797
164903
164968
165066
165123
165157
165295
165560
165724
165731
165821
166146
166227
166396
166422
166465
166545
166607
166701
166712
166747
166761
166800
167049
167121
167368
167394
167409
167733
167781
167809
167832
167899
167924
167956
168017
168114
168291
168464
168639
168884
168935
169054
169131
169243
169364
169724
169798
169978
170210
170218
170618
170640
170720
170814
170827
170998
171114
171165
171183
171244
171379
171557
171568
171587
171598
171619
171678
171810
171846
171861
171907
171927
172061
172101
172290
172337
172483
172670
172733
172798
172816
172918
172931
173059
173072
173235
173392
173490
173508
173532
173541
173934
173951
173988
174005
174015
174107
174134
174135
174166
174176
174326
174490
174493
174650
174818
175015
175164
175299
175366
175408
175416
175512
175571
175664
175722
175842
175852
175922
176116
176185
176215
176494
176497
176515
176526
176684
176790
176816
176861
177016
177106
177135
177164
177200
177274
177347
177442
177589
177607
177693
177728
177753
177869
178043
178267
178270
178287
178336
178522
178617
178685
178688
178788
178926
179094
179129
179190
179282
179307
179470
179592
179702
179758
179809
179881
179904
179908
180059
180151
180311
180365
180371
180379
180417
180459
180485
180503
180559
180568
180623
180640
180671
180890
180975
181065
181131
181161
181167
181249
181291
181340
181516
181819
181841
181878
181929
181992
182030
182129
182226
182275
182348
182358
182541
182579
182905
182968
182983
183265
183397
183405
183465
183583
183718
183733
183846
183970
183999
184095
184211
184216
184230
184431
184726
184744
185029
185118
185146
185171
185192
185501
185611
185639
185791
185835
185889
186000
186181
186219
186507
186631
186645
186704
186772
186916
187075
187195
187275
187286
187437
187509
187626
187750
187823
187900
188046
188075
188265
188363
188400
188558
188568
188628
188705
188830
188856
189061
189425
189522
189530
189668
189703
189757
189798
189911
189936
190015
190086
190091
190132
190514
190524
190860
190998
191018
191084
191126
191156
191417
191444
191873
191901
191963
192145
192200
192204
192347
192374
192441
192506
192517
192530
192809
192842
192875
193010
193138
193180
193250
193364
193365
193434
193710
193974
194023
194078
194090
194103
194170
194519
194524
194706
194942
195158
195233
195634
195661
196093
196114
196124
196258
196573
196692
196728
196765
196905
197014
197205
197248
197322
197535
197906
197925
197982
198147
198223
198554
198828
198940
198963
199078
199128
199320
199431
199465
199478
199858
200006
200047
200162
200368
200383
200391
200554
200612
200657
200725
200923
200957
200958
201064
201089
201130
201137
201145
201169
201418
201478
201481
201499
201519
201521
201718
201726
201849
201916
201934
201974
201995
202007
202089
202093
202146
202200
202593
202657
202712
202723
202776
202918
202972
203018
203245
203353
203517
203544
203549
203659
203692
203699
203759
203787
203827
203848
204052
204270
204411
204482
204723
204728
204951
205020
205166
205204
205250
205409
205900
205956
206020
206098
206136
206203
206290
206459
206497
206521
206589
206618
206795
206830
206865
206868
206923
207015
207085
207152
207175
207180
207181
207243
207354
207378
207595
207621
207651
207837
207840
207936
208232
208358
208574
208864
209163
209170
209217
209442
209451
209495
209616
209617
209630
209671
209919
210125
210402
210481
210507
210541
210545
210601
210622
210830
210846
210927
210970
211128
211320
211396
211851
211891
211902
212331
212404
212586
212596
212605
213018
213032
213057
213073
213148
213330
213336
213805
213844
214133
214347
214368
214533
214592
214621
214636
214671
214830
214877
214934
214946
214959
215180
215191
215255
215299
215529
215677
215731
215767
215802
215848
216024
216109
216237
216282
216449
216536
216617
216635
216898
216945
217009
217012
217306
217316
217386
217575
217713
218108
218329
218473
218514
218544
218583
218720
218748
218809
218827
218947
219149
219247
219309
219434
219514
219551
219579
219666
219680
219705
219805
219835
219972
220013
220018
220132
220147
220314
220492
220551
220730
220757
220778
220883
220902
220972
221009
221055
221056
221278
221666
221692
221862
221884
222131
222304
222355
222379
222444
222457
222614
222622
222750
222761
222881
223029
223123
223167
223605
223694
223765
223853
223902
224086
224213
224330
224341
224502
224539
224591
224594
224678
224733
224798
224923
225018
225233
225333
225569
225573
225717
225814
225998
226183
226224
226302
226526
226702
226792
226836
226883
227092
227356
227517
227524
227730
227773
227903
227920
228205
228227
228229
228306
228399
228552
228675
228792
229054
229114
229240
229412
229913
230159
230173
230210
230242
230440
230488
230616
230667
230779
230939
231189
231193
231204
231325
231582
231689
231786
231848
231852
231902
231978
232056
232140
232151
232258
232325
232487
232508
232542
232700
232714
232789
232814
232852
232902
233061
233115
233236
233395
233455
233703
233845
233919
233953
233975
234060
234109
234152
234248
234387
234445
234476
234577
234600
234664
234677
235040
235119
235177
235294
235309
235568
235746
235830
235875
236071
236084
236277
236495
236702
236715
236835
236908
236933
237250
237270
237600
237663
237679
237695
237795
237828
237857
237936
237978
237990
238030
238076
238659
238766
238979
238986
238991
239101
239440
239458
239481
239489
239575
239825
239862
240102
240116
240137
240153
240329
240445
240830
240876
241092
242005
242114
242126
242189
242362
242524
242552
242674
242676
242782
242794
243033
243049
243281
243517
243520
243621
243866
243930
244093
244100
244106
244365
244430
244437
244530
244887
244948
245269
245327
245592
245602
245679
245818
245833
245960
245974
245989
246010
246011
246065
246192
246308
246379
246442
246473
246557
246643
246733
246783
246855
246918
246940
246955
246983
247049
247078
247093
247130
247257
247422
247575
247676
247687
247757
247809
247920
248038
248108
248143
248239
248388
248421
248647
248855
248878
248915
248936
248937
249069
249144
249323
249643
249719
249802
249812
249842
250027
250076
250128
250170
250288
250337
250341
250350
250379
250426
250447
250462
250522
250561
250928
250946
250987
251125
251321
251511
251684
251809
251871
251927
252135
252137
252245
252290
252324
252359
252369
252394
252426
252468
252499
252738
252795
252826
252882
253225
253283
253286
253508
253546
253582
253637
253701
253788
253882
253918
253998
254206
254279
254302
254318
254472
254541
254647
254757
254865
254953
255031
255238
255352
255372
255605
255610
255654
255662
255719
255760
255779
256100
256323
256428
256549
256701
256719
256823
256836
256912
256942
256985
257064
257099
257348
257544
257778
257855
257870
257900
257984
258023
258105
258171
258322
258359
258689
258696
258902
259129
259208
259277
259313
259406
259407
259637
259777
259891
259944
260004
260045
260107
260137
260288
260290
260304
260357
260396
260507
260521
260818
260833
261211
261287
261400
261509
261542
261757
261823
261898
261901
262149
262265
262300
262381
262390
262449
262554
262633
262798
262882
262993
263057
263129
263208
263593
263812
264008
264011
264056
264104
264148
264199
264256
264281
264290
264317
264414
264714
264743
264798
264825
265015
265147
265188
265217
265290
265339
265363
265388
265397
265495
265533
265629
265692
265765
265768
265787
265854
265858
265889
266092
266227
266286
266305
266324
266391
266430
266439
266488
266498
266619
266744
266873
267059
267101
267130
267222
267341
267413
267558
267619
267689
267931
267937
268250
268329
268358
268419
268434
268634
268654
268871
268913
268930
269086
269278
269349
269377
269592
269741
269916
269992
270004
270134
270330
270513
270535
270692
270867
271070
271075
271121
271369
271873
272048
272152
272164
272181
272230
272267
272277
272339
272481
272492
272516
272793
272946
273026
273058
273131
273210
273240
273255
273319
273387
273658
273778
274122
274220
274254
274394
274700
274709
274720
274784
274843
274854
274927
274960
275097
275107
275117
275119
275141
275414
275505
275749
275809
275914
275953
275999
276080
276220
276405
276464
276560
276711
276827
276843
276895
276948
277026
277216
277253
277256
277445
277523
277711
277719
277877
277899
278055
278157
278174
278210
278258
278448
278571
278579
278622
278654
278661
279029
279126
279274
279282
279339
279663
279884
279943
280191
280233
280323
280531
280546
280752
280960
281101
281350
281362
281572
281597
281681
281723
281883
282016
282030
282036
282056
282235
282264
282385
282460
282488
282528
282541
282579
282613
282940
282975
283138
283419
283537
283733
283836
284122
284208
284292
284448
284492
284513
284601
284673
284727
284755
284860
284911
284913
285224
285487
285669
285678
285683
285771
285785
286191
286305
286392
286450
286789
286952
287027
287061
287146
287241
287524
287611
287949
287950
288058
288071
288147
288216
288264
288284
288693
288880
288980
289044
289251
289435
289966
289995
290009
290663
290717
290748
290761
290811
290882
290907
290912
291139
291173
291188
291225
291240
291258
291691
291760
291802
291872
291880
291882
292006
292093
292121
292400
292638
292762
292776
292820
292826
292876
292912
293148
293223
293257
293413
293425
293449
293734
293737
293744
293866
293891
294069
294072
294102
294292
294589
294710
294799
294916
295005
295011
295140
295180
295237
295284
295320
295344
295366
295577
295595
295644
295885
295894
295954
295970
295982
296030
296132
296285
296382
296429
296450
296463
296474
296525
296679
296712
296743
296777
296976
297051
297195
297230
297486
297606
297943
297993
297994
298011
298078
298178
298282
298412
298493
298869
299206
299210
299226
299345
299390
299524
299603
299704
299802
299901
300007
300014
300073
300208
300300
300313
300411
300453
300530
300564
300611
300960
301050
301106
301113
301139
301445
301479
301846
301964
302031
302037
302500
302516
302764
302955
303019
303052
303064
303224
303269
303275
303286
303351
303450
303690
303712
303749
303773
303801
303895
303940
304005
304023
304046
304185
304217
304360
304739
304765
305021
305206
305244
305245
305325
305433
305475
305483
305540
305670
305763
305797
305920
305946
306605
306618
306646
306826
307114
307308
307363
307485
307750
307800
308046
308163
308211
308235
308240
308330
308348
308388
308390
308413
308617
308815
308951
309049
309153
309282
309294
309374
309581
309764
309873
309879
309910
309964
310130
310164
310316
310358
310406
310572
310603
310672
310764
310886
310943
311149
311170
311181
311383
311386
311484
311658
311840
312110
312204
312473
312557
312645
312811
312901
312934
313061
313068
313347
313395
313410
313488
313957
314115
314129
314263
314353
314362
314389
314474
314484
314523
314530
314538
314569
314679
314853
314914
314949
315001
315025
315041
315109
315161
315193
315207
315265
315355
315459
315482
315509
315580
315623
315647
315674
315678
315871
316104
316122
316262
316350
316363
316470
316619
316695
316758
316832
316839
317130
317208
317512
317597
317716
317964
318018
318030
318217
318247
318347
318357
318422
318555
318587
318634
318648
318837
318850
318885
318922
319032
319199
319405
319553
319563
319587
319677
319998
320076
320275
320363
320433
320509
320604
320609
320610
320679
320805
320926
320998
321026
321147
321195
321282
321347
321410
321764
321905
321966
322092
322187
322336
322365
322439
322517
322591
322611
322635
322809
322934
322936
322941
323077
323126
323505
323508
323519
323626
323663
323752
323843
324110
324122
324188
324284
324446
324768
325162
325320
325359
325686
325736
325806
325847
326033
326040
326383
326557
326590
326684
326738
326806
326837
327071
327088
327192
327525
327561
327887
327953
327960
328021
328097
328356
328442
328521
328522
328527
328632
328658
328714
328797
328893
329035
329040
329096
329237
329260
329459
329680
329763
329961
330007
330083
330275
330432
330490
330539
330560
330627
330753
330754
330822
330825
331082
331259
331286
331339
331442
331859
332018
332052
332328
332336
332491
332591
332611
332677
332730
332966
332969
333507
333532
333553
333574
333844
333871
333973
334005
334080
334274
334299
334336
334452
334482
334755
334763
334817
334827
335077
335176
335376
335421
335477
335554
335561
335562
335645
335679
335732
335833
335849
335925
336059
336164
336175
336251
336271
336418
336699
336871
337000
337100
337534
337541
337565
337731
337800
337809
337973
338027
338123
338258
338306
338307
338308
338321
338423
338524
338542
338732
338870
338945
338990
339050
339111
339213
339601
339749
339816
339962
340019
340021
340064
340081
340227
340435
340472
340639
340773
340820
340828
340965
341155
341191
341248
341359
341387
341462
341850
341877
341997
342053
342218
342387
342519
342570
342700
342841
343007
343115
343130
343191
343221
343245
343247
343293
343352
343366
343373
343529
343612
343673
343707
343711
343802
344230
344333
344343
344500
344538
344542
344596
344657
344907
344954
344975
344992
344997
345022
345028
345066
345301
345407
345499
345710
345726
345759
345831
345864
345935
345969
346052
346110
346180
346200
346238
346251
346631
346789
346838
346897
346907
347031
347344
347432
347685
347694
347715
347738
347874
348213
348700
348714
348848
349064
349244
349373
349398
349412
349455
349493
349497
349522
349621
349622
349658
349678
349697
349858
349871
349889
349903
349985
350065
350069
350110
350205
350364
350431
350653
350672
350750
350840
350845
350873
350888
350949
351038
351068
351105
351420
351458
351538
351614
351629
351686
351706
351882
351928
352292
352541
352610
352673
352771
352799
352851
352920
352923
352980
352987
353044
353401
353424
353591
353823
354029
354069
354191
354323
354476
354649
354753
354883
354940
355102
355190
355192
355271
355274
355407
355520
355529
355601
355630
355844
356031
356096
356234
356382
356391
356443
356630
356782
356864
357127
357247
357600
357643
357677
357753
357760
357919
357976
358219
358281
358294
358504
358506
358597
358625
358647
358672
358903
358950
359021
359204
359296
359359
359446
359577
359683
359970
360003
360059
360195
360301
360307
360403
360464
360652
360921
361004
361009
361159
361190
361313
361474
361508
361532
361716
361881
362044
362101
362236
362289
362310
362317
362364
362535
362578
362587
362649
362736
362796
362849
362962
363100
363110
363113
363222
363252
363313
363391
363417
363464
363466
363514
363549
363564
363632
363654
363682
363815
363896
363947
363965
364030
364166
364205
364421
364486
364554
364574
364634
364697
364825
364827
364878
364884
364938
365124
365295
365510
365594
365872
366004
366059
366526
366633
366645
366959
367124
367148
367184
367274
367316
367415
367483
367937
368173
368330
368423
368503
368509
368538
368678
368874
369122
369136
369172
369233
369294
369491
369718
369797
369908
369979
370032
370067
370120
370230
370257
370611
370779
370791
370911
371007
371048
371230
371309
371466
371551
371618
371729
371748
371819
371986
372126
372238
372484
372512
372540
372753
372820
373064
373382
373543
373679
373740
373769
373846
373898
373965
374275
374281
374624
374666
374742
374782
374790
374844
374936
374941
374942
375154
375258
375295
375464
375560
376010
376138
376215
376242
376484
376503
377387
377536
377674
377679
377693
377733
377744
377780
377802
377818
377962
378054
378279
378496
378700
378772
378795
379078
379324
379416
379627
379732
379929
380139
380197
380339
380725
380838
380995
381000
381111
381186
381280
381447
381566
381696
381874
381936
382082
382108
382115
382243
382278
382312
382320
382397
382437
382462
382511
382554
382638
382655
382669
382680
382906
383299
383315
383349
383428
383555
383627
383855
384115
384139
384359
384436
384495
384586
384599
384600
384685
384699
384701
384726
384776
384857
384916
384934
385055
385170
385175
385270
385516
385538
385781
385860
386020
386042
386721
386740
386882
386997
387101
387137
387148
387220
387262
387822
387847
388041
388116
388221
388262
388309
388372
388713
388887
388975
389096
389389
389403
389486
389554
389843
390293
390397
390399
390470
390485
390647
390820
390877
391057
391171
391344
391448
391521
391546
391689
391715
391756
391759
391779
391942
392036
392139
392260
392418
392450
392515
392627
392749
392789
392814
392821
392913
393064
393321
393383
393423
393469
393515
393571
393578
393781
393823
394285
394311
394476
394505
394526
394544
394563
394594
394742
394959
394987
395017
395112
395133
395405
395418
395554
395683
395797
395898
395946
396038
396054
396553
396575
396699
396742
396967
397015
397070
397105
397112
397121
397283
397518
397801
397830
397862
397917
398087
398160
398322
398354
398392
398570
398721
398891
398907
398987
399169
399174
399245
399470
399578
399581
399640
399782
399830
399862
399942
400242
400275
400337
400391
400423
400578
400699
400752
400955
401033
401044
401261
401281
401285
401412
401489
401591
401798
401867
401901
401902
402027
402127
402261
402381
402386
402437
402606
402704
402746
402790
402822
403102
403149
403185
403194
403267
403430
403437
403481
403614
403655
403695
403712
403887
403956
403970
404045
404160
404255
404294
404642
405102
405153
405420
405491
405574
405740
405781
405791
405881
405990
405998
406007
406572
406691
406720
406743
406767
407015
407053
407057
407279
407411
407412
407494
407561
407636
407733
407928
407929
407967
408037
408067
408223
408243
408296
408654
408694
408774
408882
408885
408983
409056
409078
409134
409165
409316
409424
409627
409681
409867
409909
410105
410337
410468
410600
410612
410664
410670
410685
410721
410790
410815
410932
410948
411067
411304
411325
411412
411436
411472
411590
411649
411662
411704
411772
412028
412043
412071
412196
412375
412385
412452
412672
412705
412759
412900
412918
412921
412939
413187
413212
413215
413408
413421
413643
413645
413856
413886
413899
413933
413935
413959
414193
414355
414510
414554
414572
414589
414600
414850
414943
414979
415380
415472
415478
415486
415543
415708
415791
415840
415869
415920
416155
416225
416300
416338
416373
416448
416507
416534
416551
416729
416817
416913
416924
416955
417099
417115
417267
417288
417327
417423
417435
417516
417607
417832
417879
417881
417910
418043
418089
418173
418179
418286
418342
418723
418761
419002
419250
419294
419616
419695
419745
419767
419903
419971
420051
420128
420357
420417
420540
420565
420756
420914
420920
421189
421224
421313
421554
421841
421852
421881
422022
422084
422106
422208
422265
422503
422686
422803
422921
422957
423038
423049
423052
423167
423326
423380
423485
423577
423603
423621
423720
423835
423916
424186
424257
424302
424437
424456
424461
424522
424687
424689
424860
424938
425299
425369
425412
425459
425488
425549
425560
425645
425741
425782
425806
425829
425981
426015
426029
426098
426292
426314
426354
426592
426749
426908
427026
427221
427301
427312
427342
427350
427632
427684
427686
427754
427765
427780
428050
428069
428094
428095
428267
428349
428351
428653
428718
429067
429100
429187
429838
429889
429997
429999
430132
430318
430423
430631
430870
430976
431201
431212
431232
431312
431370
431458
431510
431564
431590
431601
431633
431682
431727
431751
431754
431797
431855
431938
432062
432164
432223
432228
432468
432511
432589
432596
432658
432715
432739
432777
432931
432986
433036
433355
433368
433439
433594
433605
433703
433793
433937
434223
434281
434441
434446
434552
434629
434652
434846
434914
434938
435067
435085
435239
435345
435362
435461
435470
435641
435963
436000
436365
436616
436628
436695
436765
437056
437125
437140
437147
437284
437358
437609
437626
437634
437736
437784
438092
438105
438209
438280
438329
438348
438452
438485
438853
438897
439270
439305
439315
439341
439358
439463
439514
439598
439673
439686
439779
439890
439953
440151
440337
440565
440751
441203
441219
441266
441302
441505
441576
441675
441966
442130
442279
442565
442812
442849
442875
442891
442894
443003
443099
443199
443204
443240
443410
443447
443522
443633
443692
443714
443849
443977
444039
444070
444317
444426
444587
444795
444858
445069
445071
445079
445093
445135
445136
445140
445495
445578
445595
445612
445955
446141
446169
446206
446301
446402
446499
446620
446786
446858
447090
447173
447394
447579
447670
447773
447918
447919
447940
447990
448046
448142
448145
448375
448485
448503
448517
448621
448649
448676
448690
448696
449044
449080
449217
449504
449522
449541
449787
449848
449975
450073
450264
450301
450386
450550
450565
450683
450704
450964
450976
450984
451169
451180
451201
451388
451437
451468
451510
451541
451586
451621
451760
452137
452250
452319
452376
452490
452495
452621
452643
452653
452794
452806
452810
452822
452869
452886
452942
453029
453143
453407
453643
453692
453731
453883
453901
453943
454010
454080
454084
454317
454456
454463
454467
454472
454589
454603
454694
454720
454960
455058
455215
455279
455403
455614
455627
455771
455980
455990
456101
456669
456754
456966
457126
457145
457284
457396
457411
457470
457513
457677
457717
457855
457892
457962
457966
457969
458004
458395
458410
458414
458418
458489
458552
458643
458714
458984
459039
459048
459161
459182
459312
459323
459328
459560
459572
459799
460017
460022
460027
460037
460099
460255
460295
460350
460410
460889
461203
461274
461291
461318
461400
461557
461618
461765
461820
461941
461962
462184
462328
462451
462511
462558
462631
462650
462687
462822
462870
462984
463059
463073
463174
463299
463345
463410
463590
463653
463807
463986
464306
464517
464796
464865
464949
464960
465180
465412
465493
465547
465696
465781
466031
466165
466181
466300
466342
466514
466550
466605
466622
466683
466769
466817
466879
466909
467038
467047
467094
467096
467180
467539
467592
467594
467721
467811
467812
467949
468011
468206
468265
468445
468520
468536
468803
468916
469135
469177
469229
469304
469588
469668
469787
469824
469869
469886
469935
470026
470047
470055
470113
470145
470193
470330
470403
470594
470677
470755
470856
470858
470896
471020
471041
471102
471293
471308
471318
471407
471677
471865
472065
472118
472552
472888
472982
473022
473114
473363
473383
473474
473619
473724
473770
473790
473837
473977
474063
474235
474269
474319
474338
474522
474550
474580
474581
474687
474852
474945
475107
475116
475151
475344
475348
475512
475576
475584
475671
475755
475800
475848
475898
476163
476334
476335
476516
476655
476682
476767
476944
476963
477106
477112
477128
477259
477429
477552
477782
477805
477882
478241
478437
478449
478519
478582
478655
478728
478915
478938
478961
479107
479383
479402
479528
479573
479625
479672
479685
479698
479759
479804
480021
480071
480382
480456
480476
480497
480577
480671
480672
480793
480818
480976
481098
481171
481520
481741
481769
481898
481979
482021
482085
482118
482365
482457
482540
482553
482573
482587
482727
483002
483028
483271
483326
483332
483359
483590
483606
483616
483697
483934
484048
484055
484065
484068
484167
484207
484231
484266
484543
484653
484671
484734
484801
484863
485350
485623
485824
485878
486039
486047
486229
486306
486342
486575
486803
486929
487446
487472
487601
487614
487656
487747
487897
487909
487910
488304
488351
488534
488552
488580
488648
488651
488694
488696
488808
488814
488840
488874
489014
489152
489226
489229
489242
489286
489341
489392
489630
489705
489782
489905
489927
490206
490211
490249
490310
490348
490349
490376
490821
490825
490973
491084
491102
491126
491137
491248
491280
491328
491384
491697
491753
491940
492134
492216
492255
492258
492261
492344
492380
492387
492542
492582
492735
492863
493035
493311
493372
493484
493589
493608
493821
494021
494206
494368
494467
494474
494507
494664
494702
494786
494836
494865
494885
495033
495187
495253
495453
495479
495537
495699
495704
495714
495874
495903
496005
496026
496151
496360
496434
496542
496829
497004
497038
497361
497410
497414
497476
497518
497537
497568
497745
497938
498031
498080
498150
498311
498321
498436
498441
498445
498502
498524
498563
498751
498838
498839
498858
498900
498968
499083
499176
499229
499606
499891
499920
499953
499996
500236
500247
500282
500389
500559
500626
500720
500731
500846
500925
500943
501065
501131
501206
501234
501307
501435
501443
501466
501478
501575
501658
501727
501931
501975
502257
502315
502629
502779
502843
502860
502956
503083
503119
503224
503284
503305
503360
503488
503538
503551
503684
503701
503709
503791
503855
503858
503921
504012
504083
504243
504299
504395
504625
504820
504843
504997
505028
505044
505050
505076
505090
505159
505198
505435
505575
505586
505601
505642
505691
505738
505793
505858
505884
505900
505917
505918
505925
506003
506036
506165
506225
506399
506412
506421
506479
506753
506814
506897
506965
506974
506975
506989
507113
507246
507274
507301
507386
507406
507436
507440
507558
507595
507637
507646
507846
507866
507985
508090
508117
508199
508251
508342
508481
508684
509013
509033
509148
509167
509189
509192
509466
509945
510076
510422
510478
510620
510726
510826
510908
510913
511126
511174
511254
511267
511358
511441
511481
511631
511641
511686
511706
511832
511966
512007
512034
512062
512230
512291
512292
512306
512409
512609
512697
512882
513034
513104
513322
513535
513619
513621
513766
513975
514377
514535
514549
514630
514633
514636
514639
514859
514872
514903
514927
514949
515009
515055
515130
515294
515553
515625
515764
515809
515859
515870
516026
516113
516198
516339
516473
516488
516607
516777
516824
517147
517222
517369
517620
517681
517711
517758
517872
517981
518205
518346
518419
518422
518559
518570
518673
518885
518953
519015
519034
519238
519350
519404
519724
519730
519795
520080
520161
520183
520437
520504
520541
520601
521021
521084
521275
521286
521324
521338
521348
521491
521658
521669
521768
521783
521903
522161
522205
522354
522358
522444
522459
522579
522654
522800
522877
522928
522984
522998
523095
523194
523284
523561
523978
523996
524024
524050
524086
524337
524565
524616
524747
524997
525035
525177
525221
525311
525363
525627
525669
525997
526071
526097
526126
526184
526188
526202
526205
526628
526677
526900
527341
527350
527840
527859
527899
527922
528170
528173
528181
528578
528623
528781
528786
529139
529193
529578
529686
529778
529786
529815
529969
530316
530373
530384
530394
530436
530521
530524
530661
531007
531131
531185
531235
531378
531450
531459
531605
531686
531742
531855
532262
532313
532470
532508
532543
532641
532791
532924
532977
532989
533189
533485
533863
534065
534156
534341
534386
534499
534713
534860
534982
535081
535104
535114
535199
535227
535400
535474
535559
535586
535620
535627
535657
535762
535875
535921
535983
535987
536194
536395
536401
536462
536510
536729
536758
536788
536887
536947
537222
537316
537385
537652
537672
537694
537829
537890
538089
538250
538421
538497
538509
538715
538781
538797
538823
539068
539083
539157
539159
539292
539362
539667
539749
539796
539842
539985
540081
540231
540359
540401
540409
540550
540556
540581
540676
540810
540869
540877
540893
540935
541078
541372
541380
541599
541626
541721
541752
541790
541824
541840
541908
541942
541966
542020
542123
542354
542434
542443
542482
542547
542550
542556
542750
542754
542779
543313
543446
543612
543622
543761
543925
544122
544194
544262
544303
544316
544331
544471
544511
544610
544732
544806
544933
544935
544942
544992
545089
545258
545259
545302
545348
545385
545751
545806
545846
546002
546209
546348
546606
546639
546702
546823
546899
546921
546924
546978
547025
547203
547313
547323
547400
547596
547621
547842
548050
548083
548117
548201
548211
548266
548299
548304
548474
548489
548557
548711
548748
548782
548822
548893
549058
549130
549132
549278
549321
549419
549425
549797
549823
550012
550142
550205
550297
550322
550363
550377
550398
550992
550996
551216
551246
551392
551434
551473
551492
551499
551590
551636
551825
551951
551976
552031
552338
552483
552548
552739
552812
552821
552837
552838
552960
552970
553099
553328
553344
553375
553403
553425
553500
553555
553578
553639
553640
553763
553836
553891
553978
554049
554062
554148
554304
554333
554545
554687
554730
554770
554930
555049
555056
555122
555193
555229
555329
555379
555387
555483
555521
555543
555555
555782
555954
556057
556059
556100
556469
556545
556696
556800
556822
556873
556879
556935
557093
557103
557186
557191
557622
557751
557822
557848
557973
558022
558144
558266
558315
558324
558337
558411
558569
558576
558639
558664
558723
558868
558873
558952
559023
559043
559066
559089
559175
559205
559621
559861
560012
560063
560148
560201
560325
560337
560373
560490
560538
560607
560617
560881
560958
560992
561027
561146
561181
561425
561505
561589
561646
561762
561814
561930
562047
562097
562550
562557
562786
562801
562898
562929
562936
563014
563049
563070
563130
563412
563448
563544
563716
563875
563933
563978
564264
564307
564350
564437
564628
564774
564998
565078
565135
565136
565299
565401
565402
565488
565638
565734
565811
565948
566308
566376
566502
566691
566704
566714
566795
566890
567039
567046
567141
567156
567359
567535
567894
568011
568254
568528
568537
568623
568752
568973
569069
569203
569384
569502
569575
569773
569777
569785
569840
569965
570010
570113
570150
570154
570162
570165
570197
570300
570397
570511
570641
570796
570811
571019
571026
571099
571106
571139
571195
571215
571462
571468
571502
571541
571763
571911
571924
571925
571993
572037
572140
572167
572279
572339
572342
572359
572632
572647
572750
572814
572856
573204
573218
573462
573878
573948
573997
574034
574201
574246
574282
574298
574326
574369
574577
574584
574586
574724
574838
574925
574968
575203
575225
575315
575689
576053
576136
576415
576438
576527
576682
576690
576801
576802
576814
576907
576984
577242
577271
577279
577489
577669
577856
577880
577956
577974
578002
578074
578172
578235
578255
578475
578816
579122
579179
579297
579428
579525
579588
579764
579956
580034
580086
580105
580125
580178
580183
580239
580429
580430
580517
580540
580547
580554
580731
580799
581014
581026
581039
581615
581644
581938
582022
582084
582087
582122
582200
582472
582564
582573
582611
582630
582696
582704
582743
582771
582793
582835
582858
582878
582985
583097
583363
583440
583447
583519
583616
583647
583707
583786
584010
584223
584231
584234
584248
584347
584385
584401
584537
584584
584644
584722
584988
585029
585042
585061
585280
585284
585389
585458
585590
585597
585920
585957
586047
586075
586167
586172
586240
586278
586309
586403
586646
586798
586933
587032
587105
587109
587271
587305
587312
587463
587741
587894
587907
587961
587998
588043
588074
588188
588202
588232
588488
588724
588927
589035
589151
589241
589249
589288
589300
589387
589566
589701
589992
590019
590023
590080
590274
590323
590346
590403
590485
590682
590741
591117
591126
591128
591219
591312
591352
591616
591647
591723
591779
591919
591982
592086
592099
592113
592321
592383
592542
592570
592584
592591
592882
593022
593037
593055
593098
593236
593264
593282
593310
593331
593547
593677
593742
593856
593885
593909
593929
594028
594251
594362
594509
594537
594596
594738
594812
595003
595017
595072
595304
595507
595830
595834
595886
595896
596300
596391
596778
596912
597077
597149
597160
597169
597183
597232
597235
597378
597452
597480
597512
597515
597661
597757
598151
598233
598243
598325
598381
598504
598591
598683
598698
599068
599154
599300
599453
599475
599605
599619
599662
599809
599990
600204
600258
600366
600406
600505
600509
600567
600781
600870
600967
601256
601273
601337
601421
601452
601579
601596
601656
601761
601866
601882
601897
601981
602472
602501
602580
602608
602844
602905
603309
603436
603449
603741
603746
603812
604058
604098
604142
604215
604371
604410
604877
604974
605063
605200
605482
605546
605856
605870
606155
606161
606207
606213
606243
606538
606695
606722
606827
606979
606984
607004
607026
607305
607308
607325
607326
607408
607766
607844
607859
607928
607979
608128
608199
608220
608323
608384
608391
608518
608796
608995
609033
609058
609086
609148
609284
609330
609423
609576
609593
609594
609671
610143
610278
610299
610641
610643
610869
611033
611122
611182
611308
611359
611362
611391
611397
611496
611546
611630
611807
611809
611861
611877
611925
611936
611960
612154
612208
612323
612346
612835
612846
612872
612974
613141
613221
613275
613286
613397
613448
613558
613698
613702
613706
613885
613889
613892
613987
614169
614190
614317
614538
614645
614790
614806
614886
615051
615103
615116
615136
615198
615413
615570
615713
615748
615792
615810
615844
615857
616064
616153
616631
616639
616784
616826
616928
617145
617231
617358
617376
617464
617574
617709
617744
617830
618442
618587
618684
618776
618799
618884
618918
619071
619257
619306
619448
619790
619904
620073
620124
620355
620389
620701
620773
620898
620922
620924
620989
621052
621120
621159
621289
621380
621490
622331
622596
622780
622819
622957
622976
622988
623041
623072
623140
623268
623299
623384
623470
623539
623580
623610
623644
623847
623901
624156
624159
624429
624463
624478
624515
624711
624727
625007
625015
625105
625237
625597
625617
625669
625723
626053
626059
626180
626315
626436
626463
626468
626939
627018
627429
627453
627590
627722
627810
627947
628007
628204
628306
628381
628428
628542
628631
628674
628741
628759
628777
628850
628955
629312
629653
629658
629678
629695
629878
629981
630219
630237
630279
630341
630446
630906
631099
631124
631182
631202
631302
631396
631493
631573
631850
631883
632010
632108
632163
632286
632442
632487
632495
632779
633046
633059
633168
633216
633410
633444
633467
633566
633959
634163
634176
634808
634879
634945
634986
635118
635331
635334
635512
635597
635743
635858
636179
636287
636314
636381
636599
636719
636732
636774
636858
636879
636899
636943
637002
637069
637075
637094
637282
637373
637388
637392
637466
637559
637573
637579
637600
637632
637674
637831
637869
638138
638152
638282
638375
638426
638446
638466
638519
638637
638652
639030
639070
639245
639255
639387
639401
639531
639564
639671
639719
639778
639805
639831
639921
639980
640344
640447
640471
640499
640541
640601
640626
640682
640852
640890
640971
641050
641120
641143
641275
641336
641348
641358
641458
641608
641875
642015
642031
642049
642504
642532
642774
643288
643306
643398
643519
643524
643584
643669
643697
643920
643970
644013
644105
644127
644128
644209
644247
644487
644623
644682
644690
644736
645267
645297
645400
645426
645491
645584
645791
646138
646150
646215
646306
646335
646415
646770
646914
647052
647215
647219
647392
647412
647422
647471
647477
647522
647571
647592
647634
647662
647701
647714
647738
647940
647982
648094
648122
648222
648309
648421
648522
648530
648613
648671
648733
648757
648845
649100
649308
649363
649395
649423
649857
649885
650046
650190
650227
650400
650461
650625
650635
650667
650699
651146
651268
651277
651437
651463
651477
651571
651701
651799
651809
651868
651978
652216
652237
652309
652314
652328
652390
652404
652495
652629
652655
652692
652799
652810
652983
653003
653384
653396
653402
653595
653750
653761
653810
653922
654061
654412
654480
654543
654565
654587
654616
654633
654687
654801
654834
654939
655060
655073
655178
655215
655368
655376
655644
655778
655838
655844
655910
655926
656328
656451
656566
656593
656658
656764
656805
656973
657001
657092
657182
657275
657527
657547
657597
657672
657685
657720
657795
657796
657861
657963
658084
658123
658184
658225
658327
658356
658360
658515
658529
658591
658895
659050
659058
659136
659334
659374
659548
659890
659944
660536
660543
660723
661004
661014
661036
661037
661060
661099
661263
661278
661293
661402
661754
661759
661769
661941
661954
662224
662249
662284
662379
662519
662734
662800
662940
663016
663076
663159
663183
663459
663500
663509
663532
663627
663670
663697
664046
664073
664081
664224
664310
664426
664482
665220
665404
665797
665954
666015
666071
666155
666159
666171
666241
666424
666499
666581
666597
666680
666734
666796
666908
666954
667026
667054
667128
667224
667252
667321
667492
667496
667683
667782
667788
667795
668149
668159
668259
668302
668318
668606
668661
668769
668872
669057
669149
669298
669343
669346
669392
669566
669607
669692
669699
669740
669865
669919
669940
669975
670084
670235
670256
670344
670387
670823
670901
670993
671033
671077
671123
671191
671288
671314
671319
671351
671412
671497
671498
671659
671760
671862
671989
672091
672106
672212
672338
672398
672485
672658
672671
672687
672733
672740
672745
672791
672864
673119
673144
673228
673462
673559
673574
673734
673808
673856
673873
674100
674223
674289
674302
674385
674412
674427
674465
674538
674650
674699
674714
674719
674855
674907
675086
675150
675205
675398
675405
675534
675671
675930
676007
676038
676156
676421
676438
676711
676752
676901
677303
677333
677770
677779
677947
677975
678082
678141
678155
678247
678344
678481
678590
678648
678681
679111
679206
679337
679477
679656
679842
679929
679934
680057
680070
680087
680108
680579
680737
680798
680844
680949
681021
681124
681185
681195
681244
681429
681549
681588
681604
681674
681701
682067
682103
682114
682155
682474
682606
682691
682712
682826
682913
682941
683116
683504
683608
683706
683733
683754
683794
683804
683856
683921
683954
683956
684029
684115
684260
684373
684467
684603
684663
685185
685317
685324
685362
685376
685401
685514
685591
685778
685803
685823
685975
685995
686196
686220
686256
686259
686282
686301
686420
686445
686620
686757
686920
687015
687209
687257
687281
687301
687419
687486
687603
687648
687693
688071
688137
688178
688314
688425
688445
688645
688874
688903
688924
689002
689066
689139
689190
689200
689315
689321
689430
689624
689777
690401
690527
690707
691045
691113
691292
691509
691601
691737
691914
692085
692104
692189
692234
692245
692270
692381
692684
692740
692803
692808
692847
692991
693361
693447
693448
693478
694208
694242
694266
694428
694488
694551
694583
694701
694817
694891
694954
695182
695266
695584
695800
695808
695821
695838
695879
695894
696113
696296
696319
696423
696466
696497
696705
696970
697088
697177
697452
697598
697610
697690
697942
698024
698127
698162
698231
698234
698275
698388
698428
698613
698643
698830
698920
699045
699103
699158
699180
699576
699687
700531
700574
700632
700786
700805
700914
700952
701013
701104
701264
701362
701409
701628
701690
701936
702077
702110
702134
702175
702188
702253
702318
702430
702441
702604
702659
702707
702743
702793
702799
702918
702937
703073
703180
703207
703300
703437
703713
703873
703905
704034
704069
704071
704117
704170
704431
704624
704708
704736
704789
704946
705033
705149
705211
705228
705328
705336
705364
705421
705679
705735
705748
705753
705802
705845
705921
705930
706325
706492
706524
706571
706690
706730
706869
706877
706903
706954
706976
706989
707043
707080
707128
707224
707365
707410
707853
707861
707862
708154
708180
708524
708654
708780
708793
708875
708923
708947
709009
709056
709058
709142
709204
709228
709510
709577
709686
709697
709805
709809
709983
710122
710337
710407
710513
710546
710587
710632
710681
710787
710789
711002
711120
711239
711267
711269
711504
711535
711603
711819
711861
711926
711981
712108
712574
712735
712870
712871
712991
713018
713078
713080
713081
713594
713775
713904
713924
714134
714157
714181
714388
714499
714813
714831
714905
714910
715149
715155
715198
715222
715340
715504
715761
715899
715954
716052
716226
716322
716504
716618
716653
716771
716901
716967
717072
717112
717141
717737
718002
718239
718319
718322
718436
718474
718535
718563
718797
719196
719412
719417
719422
719453
719472
719531
719614
719641
719843
719902
719908
719935
720082
720089
720719
720735
720764
720777
720879
720972
721114
721276
721315
721499
721603
721710
721891
721939
722006
722044
722166
722571
722623
722835
722837
722916
723186
723297
723300
723386
723469
723471
723518
723581
723637
723680
723712
723725
723748
723759
723850
723905
723940
724003
724087
724173
724178
724307
724345
724447
724842
724907
724955
725029
725045
725243
725358
725509
725531
725563
725760
726103
726203
726397
726818
727250
727284
727309
727364
727384
727518
727914
728018
728061
728328
728354
728462
728850
728970
729094
729174
729194
729253
729646
729683
729864
729865
729955
730013
730044
730578
730581
730718
730895
731047
731223
731266
731271
731325
731348
731415
731429
731531
731634
731874
731918
732082
732122
732180
732395
732628
732757
732808
732919
732925
732971
732980
733341
733386
733458
733460
733526
733598
733672
733728
733877
734030
734057
734121
734153
734182
734269
734403
734511
734595
734670
734723
734756
734869
735133
735223
735254
735606
735685
735862
735938
735958
735960
736059
736144
736151
736267
736324
736444
736445
736566
736780
736781
736880
736926
736932
737084
737086
737099
737190
737235
737397
737451
737454
737623
737679
737713
737806
737878
738043
738053
738084
738325
738413
738499
738686
738696
738884
738979
739001
739380
739427
739532
739627
739715
739783
739932
740039
740117
740153
740255
740276
740509
740511
740523
740569
740810
740861
740964
740987
741030
741176
741192
741377
741402
741468
741469
741614
741620
741629
741886
741896
741991
742118
742276
742375
742865
742951
742953
743091
743171
743474
743483
743697
743846
743985
744020
744052
744096
744098
744130
744172
744180
744299
744478
744596
744601
744915
744947
745116
745129
745272
745286
745395
745528
745530
745763
745841
746092
746112
746130
746180
746492
746515
746531
746586
746765
746797
746904
746906
747017
747068
747194
747235
747257
747266
747291
747313
747345
747546
747606
747673
747838
747902
747956
747968
748048
748100
748150
748239
748324
748455
748492
748582
748684
748697
748817
748865
749100
749141
749148
749164
749304
749363
749380
749385
749436
749534
749584
749621
749812
749989
750030
750120
750187
750280
750397
750404
750524
750947
751012
751163
751186
751280
751422
751425
751448
751494
751508
751675
751975
752104
752248
752497
752538
752548
752743
752801
753091
753201
753267
753273
753282
753443
753448
753546
753619
753653
753723
753830
753879
754217
754280
754381
754729
754857
754872
754945
754985
755044
755053
755144
755230
755236
755370
755459
756129
756196
756622
756703
756764
756962
756983
757006
757432
757435
757556
757905
757929
758231
758308
758367
758638
758639
758717
758813
758896
759056
759085
759355
759471
759586
759664
759757
759868
759888
760054
760093
760627
760647
760678
760753
760896
760989
761165
761196
761362
761462
761534
761545
761557
761606
761646
761865
761880
761917
762040
762339
762369
762402
762421
762490
762574
762631
762739
762777
762854
762975
763032
763043
763060
763063
763356
763492
763593
763685
763774
763775
763819
763879
764051
764218
764251
764290
764373
764394
764426
764479
764485
764531
764571
764717
764766
764866
764943
764998
765039
765138
765196
765393
765488
765739
765753
766067
766203
766212
766341
766670
766764
766786
766820
766832
767086
767090
767308
767619
767626
767807
767848
767899
767908
768037
768302
768316
768357
768425
768504
768554
768560
768883
769157
769285
769335
769513
769590
769695
769881
769923
769927
769943
770143
770760
770833
770923
771209
771272
771312
771377
771397
771417
771424
771443
771549
771619
771698
771847
771942
771944
772011
772058
772169
772604
773232
773248
773374
773486
773527
773770
773771
773814
773900
773944
774081
774129
774261
774273
774345
774439
774662
774867
775098
775190
775198
775415
775585
775600
775757
775758
775784
775823
775831
775848
775911
776239
776263
776430
776748
776936
777010
777028
777207
777353
777414
777552
777623
777772
777872
778168
778212
778374
778505
778749
778813
778837
779318
779376
779515
779705
779828
779830
779832
779920
779986
780020
780033
780307
780313
780725
780814
780978
781003
781102
781309
781573
781630
781699
781760
781794
781933
781989
782116
782161
782200
782242
782300
782318
782329
782351
782536
782542
782642
782679
782697
782712
782726
782842
782932
782935
783163
783175
783351
783476
783542
783625
783642
784137
784150
784216
784296
784393
784449
784454
784576
784722
784808
784824
784867
784912
784934
784962
785243
785408
785605
785654
785684
785692
785705
785753
785760
785775
785806
785950
786440
786482
786546
786563
786616
787037
787100
787122
787176
787228
787284
787299
787303
787484
787556
787585
787588
787637
787839
788067
788109
788146
788347
788396
788844
788887
789061
789092
789204
789506
789606
789920
790025
790035
790049
790067
790583
790657
790823
790974
790984
791025
791055
791072
791110
791165
791211
791216
791284
791359
791580
791591
791609
791668
791829
791889
791931
791960
791988
792053
792178
792192
792315
792333
792591
792663
792861
792957
793128
793361
793435
793452
793545
793615
793799
793910
794318
794356
794432
794460
794480
794512
794726
794868
794940
794946
795038
795130
795303
795703
795875
796055
796134
796228
796283
796324
796589
796754
796830
796925
797128
797171
797186
797199
797249
797308
797326
797443
797507
797520
797586
797871
797907
797924
798038
798597
798617
798661
798662
798768
798788
798961
799125
799169
799203
799458
799518
799560
799576
799639
799655
799723
799772
799795
799850
799908
800002
800109
800129
800380
800523
800568
800579
800609
800799
800847
800965
800974
801153
801268
801419
801425
801807
801819
802013
802187
802236
802282
802326
802350
802425
802575
802792
803007
803071
803089
803127
803343
803377
803419
803569
803598
803639
803645
803675
803703
803731
803926
803948
803971
804007
804193
804198
804307
804512
804705
804781
804842
804972
805031
805121
805130
805252
805320
805378
805470
805488
805546
805621
805862
805892
805944
806157
806232
806321
806334
806455
806573
806629
806648
806669
806811
807014
807019
807087
807100
807144
807237
807251
807440
807464
807540
807573
807710
807966
807992
808178
808473
808485
808534
808619
808627
808735
809054
809209
809289
809321
809414
809610
809991
810053
810209
810291
810303
810305
810358
810366
810407
810556
810767
810872
810890
810992
811032
811086
811151
811208
811233
811237
811310
811369
811417
811600
811836
812286
812566
812781
812965
812974
813038
813269
813361
813400
813442
813512
813540
813594
813613
813811
813966
814025
814072
814127
814369
814372
814406
814441
814590
814624
814644
814709
814727
814930
814958
814960
814972
815136
815202
815303
815509
815527
815669
815684
815817
815820
815845
816028
816172
816284
816320
816530
816544
816626
816657
816765
816814
816823
816833
816868
817140
817242
817281
817490
817570
817685
817700
817759
817765
817767
817964
818183
818351
818366
818549
818746
818751
818767
818831
818841
818874
818921
819053
819109
819398
819532
819586
819641
819713
819727
819768
819928
819956
819959
819980
820137
820385
820417
820484
820574
820908
820924
821036
821082
821576
821646
821765
821768
822284
822411
822441
822531
822574
822780
822879
823139
823191
823197
823206
823351
823411
823444
823521
823776
823984
824048
824066
824170
824219
824261
824630
824915
824946
825091
825280
825314
825374
825558
825578
825661
825735
825884
826199
826212
826223
826228
826307
826315
826478
826797
826811
827231
827293
827317
827352
827363
827454
827528
827595
827779
827784
827791
827940
828198
828234
828330
828384
828623
828787
828851
828870
828952
829052
829104
829180
829187
829334
829397
829436
829643
829667
829699
829961
830023
830425
830457
830828
830834
830886
831010
831012
831031
831305
831324
831455
831492
831533
831603
831835
831911
832079
832201
832300
832615
832723
832943
833006
833012
833037
833266
833329
833429
833632
833650
833709
833770
833905
834073
834093
834206
834266
834398
834479
834639
834647
834807
834811
834887
834928
835126
835383
835393
835463
835531
835568
835652
835673
835816
835956
836027
836198
836242
836524
836561
836632
836656
836663
836689
836692
836824
837024
837182
837216
837383
837445
837782
837799
837847
837972
838211
838292
838315
838334
838360
838487
838530
838595
838607
838670
838748
838759
838889
838937
839367
839519
839762
839787
839805
839854
839881
840028
840032
840036
840043
840217
840312
840556
840572
840624
840669
840792
840973
841029
841176
841278
841310
841367
841458
841470
841579
841719
841739
841802
841837
842100
842607
842664
842754
842781
842841
843143
843229
843289
843298
843431
843493
843501
843603
844309
844503
844764
844883
844933
844987
845017
845188
845289
845311
845317
845418
845548
845745
845832
845925
846100
846134
846163
846176
846268
846277
846307
846322
846443
846553
846861
847034
847079
847274
847466
847485
847541
847705
847849
847878
847885
848042
848231
848369
848496
848605
848643
848716
848777
848810
848879
849024
849144
849189
849336
849357
849453
849574
849582
849625
849743
849823
849884
850274
850351
850570
850577
851006
851174
851177
851867
851873
851967
852092
852122
852156
852159
852230
852252
852670
852716
852731
852747
852846
852925
853026
853152
853178
853264
853381
853454
853510
853612
853711
853736
853853
853886
853977
854359
854516
854608
854692
854885
854888
855011
855046
855162
855418
855468
855664
855726
855798
855902
856104
856197
856240
856360
856430
856437
856532
856562
856570
856652
856811
856940
856973
857011
857068
857279
857334
857350
857351
857375
857529
857639
857660
857742
857834
857873
858175
858263
858325
858353
858640
858660
858661
858864
859063
859066
859153
859194
859265
859332
859402
859575
859581
859615
859915
860121
860379
860382
860419
860422
860455
860467
860712
860781
861113
861280
861405
861489
861570
861878
861988
861999
862062
862194
862225
862241
862245
862247
862329
862521
862770
862774
862803
862806
862841
862970
863068
863145
863291
863571
863573
863662
863731
863901
863950
863967
864000
864061
864125
864182
864217
864333
864354
864505
864633
864761
864825
864938
864950
864967
865103
865119
865187
865370
865377
865425
865443
865585
865591
865620
865653
865782
865846
865914
865935
866027
866260
866323
866582
866645
866762
866772
866810
866821
866825
867114
867143
867190
867322
867428
867718
867742
867762
867968
868430
868622
868793
868809
868994
868998
869021
869133
869272
869305
869554
869614
869767
869807
869819
870019
870047
870061
870171
870172
870192
870279
870282
870499
870657
870708
870715
870742
870800
871010
871122
871177
871242
871294
871357
871451
871515
871853
871865
871905
871958
871966
872007
872048
872261
872289
872294
872312
872430
872517
872613
872860
873084
873136
873303
873372
873436
873439
873458
873515
873537
873640
873718
873737
873836
873897
873932
873974
874075
874198
874293
874332
874412
874603
874639
874766
874795
874796
874990
874996
875170
875261
875410
875509
875688
875763
875886
875904
875987
876009
876111
876118
876174
876296
876543
876797
876960
876996
877178
877451
877538
877563
877574
877661
877742
877955
878063
878088
878118
878189
878192
878285
878287
878362
878479
878485
878621
878639
878724
878753
878918
878991
879196
879221
879645
879699
879728
879736
879751
879813
880531
880561
880704
880872
881014
881018
881055
881203
881261
881277
881330
881492
881574
881785
881819
881960
882195
882203
882700
882722
882820
883017
883096
883133
883189
883244
883285
883479
883614
883635
883729
883735
883927
884116
884295
884448
884530
884602
884779
884955
885304
885489
885497
885604
885653
885970
885982
886047
886059
886070
886200
886287
886393
886455
886479
886608
886716
886922
886926
886982
887033
887171
887240
887427
887466
887467
887518
887628
887706
887875
887918
888020
888121
888129
888259
888274
888326
888378
888390
888823
888831
888868
888943
889196
889238
889447
889598
889608
889707
889733
889767
889806
889830
889875
889899
890082
890158
890324
890432
890542
890563
890745
890801
890853
890915
890919
890942
890963
891120
891178
891432
891566
891633
891682
891803
891840
891886
891917
891958
892187
892189
892197
892310
892506
892939
892979
893180
893250
893311
893339
893390
893566
893636
893711
893757
893771
893777
893841
894345
894404
894461
894580
894707
894867
894981
895024
895057
895098
895143
895227
895262
895277
895301
895351
895419
895501
895710
895733
895833
895843
896029
896255
896365
896372
896418
896453
896550
896668
896860
896884
896911
897169
897355
897368
897374
897448
897449
897835
898137
898203
898204
898259
898275
898282
898415
898610
898736
898740
898753
899463
899498
899533
899541
899570
899657
899677
899754
899917
900169
900262
900392
900454
900456
900481
900500
900549
900643
900672
900722
900787
900900
901046
901110
901157
901190
901398
901425
901577
901649
901657
901737
901788
901857
902037
902110
902307
902312
902343
902436
902442
902473
902526
902638
902737
902774
902954
903000
903049
903110
903239
903322
903364
903376
903495
903503
903546
903654
903818
903819
904097
904266
904367
904416
904418
904510
904635
904650
904739
904743
904757
904817
905222
905314
905421
905500
905693
905718
905771
905848
906023
906031
906300
906317
906610
906622
906625
906725
906759
907143
907537
907542
907559
907566
907572
907607
907621
907816
908130
908162
908225
908417
908429
908518
908523
908581
908657
908916
909168
909369
909373
909484
909667
909699
909960
909988
910270
910314
910375
910383
910490
910504
910586
910744
910853
910887
910996
911112
911129
911151
911177
911204
911226
911233
911257
911519
911600
911670
911683
911743
912016
912128
912262
912515
912575
912666
912710
912767
912846
912865
912898
912911
912951
912973
913056
913220
913286
913385
913389
913485
913569
913656
913775
913905
913986
914195
914406
914567
914842
915131
915611
915642
915769
915796
915940
916165
916203
916320
916384
916586
916678
916805
916833
916869
916973
917140
917432
917510
917537
917786
917852
918308
918391
918396
918492
918539
918582
918615
918642
918675
918737
918922
919507
919584
919848
919883
920023
920036
920189
920256
920441
920645
921213
921344
921388
921553
921568
921820
921953
921979
921983
922148
922310
922322
922362
922401
922406
922456
922469
922730
922798
922857
922985
922987
923014
923202
923302
923355
923437
923464
923627
923956
924022
924087
924204
924206
924336
924344
924353
924367
924801
924833
925034
925054
925059
925077
925307
925422
925523
925611
925686
925704
925787
925801
925930
925981
926044
926213
926225
926265
926336
926392
926442
926461
926775
926841
926860
926894
926950
926971
927198
927231
927309
927314
927536
927637
927779
927841
927882
928313
928323
928567
928628
928741
928934
928993
929006
929008
929069
929099
929170
929198
929227
929461
929482
929614
929868
929954
930203
930239
930642
930786
930873
930884
930902
930947
931090
931109
931331
931442
931595
931772
931784
931806
931873
931996
932008
932024
932093
932206
932238
932333
932673
932784
932834
933075
933278
933485
933591
933739
933744
933839
933922
933947
934048
934291
934380
934392
934414
934446
934495
934508
934609
934643
934755
934780
934858
934903
935114
935237
935351
935498
935597
935684
935702
935712
935732
935748
935962
936075
936131
936268
936318
936454
936461
936472
936535
936651
936722
936825
937118
937119
937227
937462
937476
937652
937777
937911
938093
938201
938247
938271
938318
938341
938370
938445
938452
938460
938485
938544
938706
938716
938729
938762
938767
938854
939143
939287
939352
939355
939381
939402
939504
939577
939615
939618
939673
939711
939714
940035
940148
940194
940228
940447
940495
940508
940548
940603
940728
940730
941163
941343
941349
941351
941414
941522
941586
941740
941748
942013
942068
942251
942279
942519
942586
942600
942713
942748
942751
942771
942790
943326
943368
943400
943478
943535
943563
943650
943673
943776
943925
944047
944069
944224
944313
944325
944374
944384
944478
944496
944526
944555
944594
944600
944601
944752
944821
945625
945843
946144
946205
946265
946325
946468
946569
946732
946894
946976
947376
947700
947919
947920
947957
947985
948062
948094
948218
948252
948259
948537
948545
948558
948656
948777
949101
949315
949496
949576
949584
949955
949979
949997
950082
950111
950161
950262
950533
950546
950605
950666
950761
950950
951060
951077
951275
951311
951347
951525
951578
951707
951710
951743
951769
952013
952049
952126
952294
952373
952389
952652
952773
952795
952861
952879
952969
953143
953349
953361
953785
953809
953878
954266
954332
954559
954597
954694
954851
954905
955135
955200
955268
955354
955392
955410
955595
955598
955839
955907
955913
955922
956034
956057
956097
956156
956204
956236
956343
956407
956525
956698
956973
956979
956981
956988
956991
957420
957463
957634
957676
957731
957804
957815
957820
958015
958033
958155
958207
958234
958321
958432
958454
958629
958687
958761
958798
958904
958949
958956
959027
959218
959315
959328
959381
959456
959462
959488
959580
959790
959838
960033
960087
960124
960231
960356
960362
960439
960467
960477
960555
960631
960639
960691
960708
960756
960839
961105
961494
961615
961755
961793
961882
961898
961917
962114
962149
962291
962382
962421
962551
962609
962728
962903
962911
963330
963394
963453
963554
963561
963809
963858
963928
963944
964019
964070
964221
964328
964330
964362
964365
964401
964403
964515
964749
964827
964863
964922
964929
965014
965095
965193
965224
965545
965675
965965
966137
966328
966363
966522
966775
966816
966848
966878
966986
967196
967292
967452
967538
968022
968149
968201
968289
968351
968377
968412
968675
968744
968872
969030
969219
969250
969349
969371
969405
969497
969647
969674
969792
969835
969876
969912
969938
970208
970324
970452
970515
971024
971119
971137
971184
971301
972169
972245
972268
972283
972389
972433
972652
972827
972935
972945
972968
973140
973190
973203
973209
973245
973288
973412
973519
973629
973637
973666
973728
973736
973898
973910
973952
974069
974179
974257
974625
974672
974699
974701
974878
975047
975225
975333
975442
975548
975794
975871
975991
976115
976128
976165
976307
976308
976487
976545
976587
976603
976710
977057
977222
977541
977619
977695
977735
977867
977902
977969
978073
978105
978139
978248
978292
978362
978386
978397
978473
978616
978724
978851
978967
979020
979207
979275
979362
979406
979525
979536
979616
979708
979729
979935
980097
980308
980354
980411
980531
980538
980604
980616
980631
980752
980798
980822
980918
980981
981014
981045
981092
981123
981200
981248
981264
981275
981324
981434
981539
981611
981644
981652
981694
981771
981800
981907
981952
982039
982186
982899
983257
983282
983321
983463
983504
983543
983721
983770
983924
983987
984027
984344
984374
984425
984566
984588
984606
984748
984766
984770
984816
984869
984995
985120
985132
985226
985330
985344
985393
985512
985544
985606
985787
986002
986010
986136
986212
986412
986434
986476
986717
986827
986898
986922
987082
987271
987556
987563
987652
987899
988016
988095
988122
988257
988340
988362
988492
988499
988560
988628
988752
988864
989016
989069
989141
989359
989372
989482
989640
989688
989810
989819
990100
990181
990200
990374
990579
990588
990622
990637
990657
990686
990724
990820
990972
990980
991380
991809
992002
992027
992046
992083
992248
992280
992305
992451
992572
992882
993104
993527
993578
993677
993832
994404
994408
994416
994653
994665
994674
994690
994880
994912
994913
994934
995001
995033
995154
995168
995402
995434
995446
995474
995482
995598
995693
995843
995883
996004
996053
996132
996158
996312
996394
996481
996561
996649
996666
996679
996723
996754
996840
996931
996942
996958
996986
997006
997165
997497
997574
997606
997727
997732
997834
997886
998144
998253
998289
998300
998418
998468
998476
998608
998747
998799
998977
998981
999008
999207
999360
999428
999482
999517
999521
999603
999695
999798
999838
