45
260
266
395
675
880
995
1010
1016
1300
1365
1679
1783
1915
1922
2038
2055
2202
2263
2430
2439
2448
2529
2560
2606
2898
2937
3048
3069
3201
3322
3330
3347
3445
3535
3613
3624
3666
3719
3749
3809
3823
4086
4154
4171
4192
4571
4618
4633
4696
4726
4842
5065
5083
5114
5121
5170
5263
5269
5515
5520
5615
5673
5686
5754
5802
5807
5830
5846
5855
5881
5884
5909
5930
5993
6206
6242
6333
6414
6496
6516
6521
6587
6728
6821
6832
6850
6864
6952
6959
7099
7238
7299
7415
7701
7766
7928
7973
7988
8055
8102
8283
8424
8453
8577
8623
8860
9134
9211
9336
9380
9491
9697
9704
10032
10071
10129
10301
10321
10326
10360
10465
10474
10613
10645
10763
10856
10876
11058
11185
11286
11332
11369
11574
11631
11774
11836
11875
11891
12024
12171
12318
12602
12616
12643
12690
12723
12750
12843
12870
12968
13109
13119
13217
13248
13275
13538
13708
13788
13811
13925
14033
14073
14078
14118
14249
14261
14304
14361
14406
14721
14865
14939
14999
15084
15221
15253
15257
15279
15384
15454
15586
15641
15662
15873
15924
16115
16343
16358
16418
16427
16446
16453
16586
16635
16699
17014
17025
17098
17149
17176
17405
17527
17638
17702
17749
17764
17786
17891
17899
18054
18116
18125
18207
18328
18416
18461
18545
18548
18749
18963
18974
19071
19176
19192
19262
19398
19422
19564
19572
19853
19922
20050
20328
20580
20611
20695
21199
21226
21251
21406
21446
21532
21537
21580
21686
21737
21818
21905
22128
22269
22393
22551
22556
22572
22582
22634
22654
22666
22744
22754
22861
23039
23133
23217
23274
23401
23444
23580
23606
23795
23920
24192
24221
24223
24259
24269
24343
24471
24593
24605
24678
24702
24713
24929
25070
25197
25328
25349
25404
25441
25565
25611
25675
25763
26090
26141
26208
26317
26420
26449
26682
26774
26907
26912
26915
26928
27048
27049
27242
27285
27379
27429
27433
27756
27846
27876
27906
27925
27949
27988
27999
28003
28044
28052
28063
28306
28427
28556
28659
28703
29017
29130
29237
29419
29494
29558
29613
29627
29634
29671
29697
29761
29790
30218
30230
30349
30361
30462
30480
30583
30599
30953
31043
31302
31350
31462
31491
31533
31615
31712
31744
32066
32094
32156
32215
32217
32264
32295
32342
32433
32464
32475
32513
32554
33165
33299
33606
33607
33628
33656
33780
33851
33877
34124
34157
34588
34593
34646
34714
34809
34977
35134
35204
35207
35214
35382
35406
35453
35485
35514
35658
35794
35852
35872
35885
35886
35903
35906
36375
36421
36505
36561
36708
36755
36860
37187
37259
37278
37301
37401
37529
37640
37679
37725
38076
38089
38099
38101
38271
38318
38350
38406
38483
38647
38717
38718
38827
38874
39030
39041
39113
39142
39447
39507
39571
39651
39687
39696
39698
39755
39770
39801
40031
40108
40169
40215
40282
40522
40559
40719
40965
41333
41454
41623
41630
41661
41676
41727
41768
42038
42052
42079
42111
42260
42333
42440
42464
42512
42551
42610
42968
43023
43063
43188
43489
43647
43932
44210
44273
44411
44427
44646
44722
44747
44787
44857
45072
45111
45126
45181
45193
45199
45447
45557
45690
45778
45869
45938
45957
46010
46037
46077
46091
46283
46354
46451
46539
46614
46675
46916
46979
47041
47733
47742
47819
48046
48074
48321
48498
48678
48732
48994
49114
49150
49235
49315
49447
49495
49549
49591
49775
49845
50031
50203
50323
50337
50415
50440
50475
50804
50859
50866
50934
51028
51184
51380
51401
51409
51747
51755
51845
51961
52114
52261
52276
52328
52359
52421
52442
52542
52555
52734
52761
52860
52909
53153
53154
53249
53266
53375
53398
53410
53460
53583
53826
53975
54025
54047
54252
54307
54372
54433
54623
54693
54759
54995
55076
55256
55482
55523
55669
55718
55746
55798
55857
56258
56359
56654
56685
56826
57244
57418
57493
57526
57724
57884
57912
58028
58068
58077
58139
58270
58277
58349
58405
58412
58450
58554
58988
59083
59374
59393
59628
59639
59650
59719
59878
60039
60124
60158
60200
60280
60348
60408
60545
60577
60638
60686
60721
60750
60806
60814
60831
60944
61075
61365
61392
61741
61824
61862
62268
62533
62563
62587
62596
62659
62831
62867
62908
62928
63089
63115
63158
63332
63410
63487
63665
63719
63973
64019
64043
64103
64197
64288
64565
64609
64886
64916
65023
65070
65202
65358
65499
65512
65575
65586
66053
66135
66540
66577
66645
66754
66824
66965
67201
67268
67276
67372
67539
67587
67884
67918
67952
68021
68049
68128
68157
68258
68311
68469
68541
68571
68674
69035
69098
69183
69242
69454
69525
69536
69636
69881
70563
70697
70775
70875
71111
71173
71177
71384
71637
71694
71812
72412
72478
72664
72739
73104
73227
73290
73585
73629
73672
73808
74020
74379
74423
74458
74576
74756
74771
74893
74906
74926
75187
75362
75456
75604
75746
75953
76064
76086
76262
76263
76300
76471
76528
76543
76729
76762
76795
76822
76878
76889
77001
77048
77177
77264
77265
77282
77289
77552
77573
77588
77634
77635
77723
77780
77808
77855
77936
78075
78088
78093
78111
78125
78194
78217
78335
78386
78404
78495
78587
78870
78934
79031
79256
79284
79404
79469
79537
79672
79696
79736
79802
79942
79988
80277
80363
80365
80612
80739
80776
80937
81050
81092
81150
81172
81396
81409
81414
81424
81466
81509
81576
81601
81686
81744
81977
82019
82238
82440
82806
82813
82975
83017
83096
83117
83302
83492
83504
83588
83638
83806
83859
83887
84071
84264
84498
84504
84636
84865
84965
85129
85164
85237
85476
85562
85953
86003
86050
86058
86522
86716
86899
87033
87261
87300
87527
87679
87776
87815
88007
88217
88255
88282
88404
88453
88560
88788
88861
88960
89022
89054
89092
89106
89668
89912
89929
89966
90126
90149
90239
90255
90330
90372
90533
90600
90797
90894
91085
91179
91183
91221
91284
91381
91429
91674
91731
91845
92007
92418
92466
92754
92924
93025
93105
93147
93169
93179
93249
93496
93625
93671
93709
93819
93907
94078
94130
94144
94319
94322
94473
94478
94539
94650
94678
94752
94810
94894
95031
95101
95263
95457
95463
95527
95589
95630
95832
95853
95909
95925
96280
96319
96326
96350
96407
96507
96682
97016
97305
97336
97395
97725
97781
97979
97987
98169
98346
98371
98450
98467
98609
98619
98739
98741
98775
98820
99003
99240
99334
99406
99416
99825
99884
99891
100003
100044
100292
100355
100469
100642
100787
100983
101047
101172
101176
101277
101367
101400
101478
101537
101889
101901
101935
101946
102026
102067
102124
102415
102455
102842
103022
103364
103433
103613
103679
103860
104064
104104
104133
104460
104698
104709
104750
104751
104771
104853
105052
105070
105263
105365
105379
105515
105686
105972
106233
106287
106303
106369
106386
106521
106536
106584
106669
106832
106885
107013
107227
107330
107400
107446
107660
107718
107811
107846
107866
108140
108263
108327
108452
108567
108844
108922
108943
109021
109042
109228
109235
109272
109424
109515
109781
110172
110215
110266
110490
110631
110703
110709
110772
110862
111145
111180
111339
111366
111555
111651
111803
111929
112296
112538
112615
112743
113019
113525
113804
114071
114142
114200
114208
114413
114418
114575
114733
114753
114755
114853
114946
114973
115044
115051
115204
115277
115386
115630
115645
115676
115686
115714
115752
115777
115816
116082
116088
116107
116211
116232
116253
116312
116500
116540
116576
116724
116816
116941
116997
117026
117131
117149
117166
117286
117339
117343
117438
117572
117884
118281
118316
118334
118381
118404
118407
118611
118615
118638
118721
119517
119685
120166
120246
120289
120483
120662
120827
120852
120894
120947
120951
121034
121053
121173
121252
121266
121500
121531
121554
121557
121652
121760
121793
122394
122399
122416
122443
122511
122575
122637
122734
122923
123079
123205
123390
123481
123507
123513
123519
123543
123720
123737
123798
123913
124196
124275
124340
124405
124446
124573
124655
124681
124783
124906
125183
125370
125625
125631
125637
125729
125738
125860
125942
126019
126038
126123
126269
126332
126335
126345
126489
126603
126811
126923
126927
126975
126981
127027
127044
127254
127312
127313
127444
127512
127561
127587
127613
127679
127711
127843
127961
128107
128210
128238
128257
128379
128447
128477
128583
128590
128871
128912
128977
129284
129312
129391
129465
129640
129650
129671
129721
129841
130078
130107
130228
130264
130503
130578
130617
130640
130689
130751
130855
130881
130904
131051
131057
131160
131294
131369
131559
131576
131622
131626
131712
131861
131880
131889
131932
131940
132080
132094
132098
132101
132300
132305
132424
132658
132801
133014
133121
133223
133295
133356
133451
133484
133508
133561
133618
133645
133715
133738
133750
133798
133845
133946
133974
133986
134040
134123
134124
134163
134326
134477
134549
134606
134819
134876
135630
135750
135989
136217
136231
136343
136392
136442
136493
136503
136534
136535
136595
137144
137195
137197
137205
137416
137447
137531
137584
137710
137846
137969
138077
138199
138265
138270
138272
138340
138397
138483
138484
138782
138895
138929
138946
139011
139108
139245
139452
139544
139558
139603
139618
139686
139931
139963
140140
140156
140165
140170
140183
140303
140314
140337
140455
140494
140545
140653
141091
141285
141309
141344
141385
141386
141595
141678
141711
141845
141950
141954
142150
142165
142186
142281
142417
142609
142620
142884
143019
143090
143317
143345
143385
143411
143446
143482
143531
143547
143989
144168
144176
144383
144404
144429
144686
144732
144798
144998
145208
145664
145745
145788
145943
146062
146215
146227
146255
146357
146449
146622
146660
146699
146761
147233
147245
147292
147385
147471
147599
147674
147785
148086
148222
148258
148537
148570
148669
148712
148788
148924
149028
149105
149502
149531
149551
149556
149662
149806
149836
149920
150171
150251
150295
150329
150367
150384
150427
150686
150801
150845
150868
150914
151047
151354
151527
151755
152015
152044
152064
152170
152307
152322
152370
152521
152556
152694
152772
152784
152813
152836
153247
153445
153517
153580
153719
153860
153928
153940
154122
154383
154453
154455
154474
154794
154855
154880
154892
154988
155083
155544
155649
155792
155887
155901
155918
156024
156146
156187
156399
156448
156464
156528
156622
156853
156964
156978
157043
157159
157199
157371
157409
157416
157419
157421
157441
157511
157569
157595
157777
157881
158033
158147
158235
158260
158331
158547
158609
158626
158649
158819
158939
159070
159182
159194
159233
159240
159259
159276
159323
159377
159386
159559
159605
159608
159666
159672
159706
159721
159883
160221
160454
160496
160636
160681
160839
160846
161585
161650
161868
162220
162298
162332
162443
162522
162542
162595
162687
162747
163014
163408
163513
163569
163667
163682
163825
163850
163924
164015
164042
164203
164254
164314
164317
164539
164548
164592
164699
164716
164727
164897
165025
165172
165311
165518
165675
165881
165902
166000
166055
166094
166176
166368
166393
166443
166577
166757
166805
166927
166931
167103
167171
167326
167462
167694
167717
167903
167940
168056
168357
168488
168650
168654
168905
168938
168974
169197
169394
169399
169403
169412
169576
169856
170079
170101
170105
170394
170536
170563
170635
170719
170752
170927
171019
171063
171163
171176
171363
171386
171564
171740
171756
171882
171893
171936
172011
172109
172212
172270
172281
172325
172381
172660
172682
172778
172828
172865
172879
173009
173205
173336
173351
173374
173482
173511
174088
174309
174385
174393
174495
174532
174594
174597
174651
174658
174700
174715
174773
174850
174891
174956
175141
175189
175217
175301
175316
175449
175528
175677
175738
175875
175898
175983
176180
176224
176323
176334
176363
176370
176376
176438
176802
176818
176835
176862
176949
176967
177070
177091
177160
177171
177345
177388
177463
177473
177536
177572
177933
178071
178073
178116
178254
178294
178402
178405
178726
178752
178789
178947
178956
179082
179232
179244
179357
179416
179725
179987
180043
180105
180133
180295
180322
180342
180550
180557
180670
181006
181147
181156
181360
181429
181433
181438
181461
181527
181660
181672
181700
181820
182063
182071
182151
182347
182448
182467
182563
182629
182853
182908
182909
183083
183179
183328
183332
183342
183343
183354
183363
183422
183464
183557
183631
183736
183833
183943
184032
184303
184350
184358
184373
184392
184520
184534
184617
184772
184970
185003
185037
185115
185199
185236
185318
185371
185519
185701
185998
186081
186111
186203
186319
186326
186414
186661
186698
186703
186767
186814
186923
187200
187527
187621
187730
187833
188010
188419
188427
188502
188518
188591
188670
188698
188714
188732
189269
189418
189606
189700
189783
189813
190203
190507
190525
190787
190808
190885
190925
190926
190944
191051
191077
191362
191585
191612
191663
191758
191848
191867
191872
192150
192153
192236
192251
192444
192491
192568
192593
192720
192906
192916
192927
193018
193238
193273
193340
193444
193475
193640
193926
194110
194141
194180
194343
194374
194555
194687
194759
195183
195281
195400
195612
195754
195795
196146
196360
196419
196478
196583
196601
196609
196626
196929
196952
197131
197286
197309
197454
197469
197539
197668
197693
197732
197738
197766
197767
197963
197999
198054
198235
198581
198674
198716
198761
198789
199098
199121
199160
199218
199409
199499
199535
199551
199792
199916
199938
200061
200121
200232
200406
200748
200752
200830
200887
200999
201116
201200
201302
201364
201686
202101
202119
202219
202241
202417
202562
202801
202852
202854
202970
202986
203058
203133
203159
203175
203215
203271
203460
203522
203593
203677
203745
203780
204057
204375
204397
204550
204686
204857
204916
204995
205063
205064
205071
205219
205234
205410
205432
205675
205739
205751
205896
205941
206011
206246
206281
206515
206652
206673
206695
206730
206961
207023
207177
207304
207384
207430
207638
207709
207731
207776
207868
207952
208125
208679
208710
208786
208819
208879
208896
209036
209038
209120
209124
209379
209483
209758
209856
209971
210150
210280
210364
210517
210566
210595
210652
210858
211010
211038
211110
211234
211394
211524
211656
211747
211801
211951
212234
212254
212274
212321
212365
212415
212419
212443
212527
212632
212706
213043
213137
213293
213361
213731
213811
213887
213928
213955
213963
214008
214124
214569
214663
214686
214741
214844
215046
215102
215193
215268
215387
215517
215556
215822
215911
216005
216275
216489
216963
216974
217075
217178
217196
217204
217410
217420
217498
217551
217697
217867
218180
218407
218683
218728
218792
218844
218915
218924
218987
218994
219037
219207
219233
219380
219407
219860
219864
220030
220291
220442
220511
220576
220578
220877
220886
220990
221138
221183
221269
221410
221432
221441
221510
221569
221690
221715
221762
221777
221838
222109
222281
222471
222502
223137
223162
223270
223511
223654
224088
224125
224144
224253
224327
224431
224451
224467
224488
224489
224496
224753
224879
225119
225287
225470
225511
225539
225556
225629
225683
225902
226324
226355
226382
226535
226663
226857
226868
226872
226989
227005
227078
227098
227170
227198
227287
227447
227456
227497
227535
227655
227916
228000
228161
228190
228244
228292
228460
228590
228818
229074
229147
229160
229454
229557
229679
229751
230071
230158
230184
230232
230254
230378
230416
230640
230653
230901
231044
231112
231138
231150
231280
231483
231837
231900
232111
232216
232218
232227
232296
232610
232658
232883
232999
233142
233144
233153
233166
233216
233337
233371
233401
233594
233716
233719
233805
233864
233927
233993
234005
234393
234673
234760
234839
234914
235023
235048
235113
235358
235512
235536
235590
235621
235677
235765
235868
236141
236209
236268
236302
236351
236388
236521
236563
236662
236738
236762
236926
236991
237163
237413
237455
237500
237554
237791
238199
238334
238386
238612
238631
238669
238679
238793
238815
238827
238834
239032
239042
239144
239316
239351
239434
239843
239951
239959
240006
240079
240158
240211
240370
240373
240499
240519
240588
240641
240687
240696
241208
241303
241547
241670
241689
241825
241920
242057
242234
242312
242339
242360
242426
242449
242621
242632
242691
242718
242746
242812
242836
242879
242920
242991
243151
243191
243207
243271
243340
243436
243453
243455
243506
243555
243710
243878
243886
243894
244338
244364
244468
244493
244664
244694
244960
244967
245158
245461
245517
245725
245912
246207
246228
246314
246339
246469
246472
246600
246616
246730
246876
246946
246990
247142
247160
247171
247321
247462
247531
247625
247922
248127
248134
248185
248445
248551
248693
248799
248851
249236
249268
249272
249416
249437
249439
249768
249879
249932
249977
250056
250093
250160
250651
250656
250716
250735
250738
250804
250843
250944
251114
251119
251281
251301
251493
251726
251854
251865
251984
252048
252125
252145
252263
252664
252972
253053
253141
253265
253340
253408
253440
253853
254156
254185
254190
254196
254270
254315
254441
254451
254515
255034
255169
255309
255391
255483
255611
255682
255784
255868
255939
256000
256027
256084
256095
256126
256154
256371
256424
256441
256442
256446
256622
256871
256997
257439
257478
257739
257758
257813
257856
257887
257918
257979
258019
258037
258452
258799
258834
258898
259031
259117
259144
259414
259417
259450
259495
259639
259978
260160
260231
260306
260371
260479
260510
260608
260641
260707
261013
261103
261512
261641
261681
261790
261807
261908
262075
262168
262296
262348
262391
262494
262559
262710
262754
262938
263106
263357
263473
263474
263535
263738
263775
263804
263882
264013
264117
264361
264362
264516
264633
264675
264695
264779
264804
265001
265051
265065
265098
265141
265379
265447
265574
265733
265916
266065
266100
266190
266233
266311
266353
266403
266549
266583
266593
266690
266845
266856
266895
267209
267238
267366
267464
267533
267565
267655
267691
267743
267762
267835
267853
267910
267921
268125
268349
268550
268576
268716
268770
268990
269080
269211
269584
269625
269690
269794
269860
270497
270599
270775
271116
271146
271374
271551
271592
271633
271644
271693
271779
271823
271919
271921
271960
272017
272046
272132
272197
272198
272207
272215
272246
272410
272543
272647
272655
272830
272931
273001
273164
273204
273251
273282
273323
273324
273334
273369
273386
273585
273616
273671
273866
273931
273998
274035
274274
274353
274602
274723
274724
274814
274986
275051
275058
275115
275300
275361
275379
275491
275641
275709
275991
276006
276256
276353
276370
276664
276812
276825
276877
276967
277121
277163
277168
277406
277454
277516
278071
278140
278253
278339
278373
278470
278723
278883
279000
279028
279221
279256
279530
279698
279743
279926
280479
280856
280986
281109
281198
281265
281379
281495
281512
281522
281818
281862
282127
282154
282262
282311
282318
282376
282378
282412
282505
282513
282594
282728
282795
282822
282929
282960
283013
283038
283112
283167
283187
283237
283343
283430
283652
283666
284043
284175
284205
284475
284486
284543
284567
284631
284632
284680
284697
284734
284759
285046
285048
285159
285214
285401
285411
285415
285438
285479
285595
285598
285795
285867
285888
285992
286022
286107
286142
286624
286699
286712
286719
286948
287181
287184
287218
287264
287340
287343
287450
287777
288013
288161
288174
288279
288387
288416
288606
288773
288792
288795
288807
288814
288937
289267
289295
289352
289388
289395
289448
289580
289657
290039
290153
290168
290224
290271
290415
290416
290622
290840
290897
291082
291108
291194
291356
291536
291559
291844
292288
292302
292332
292374
292419
292435
292539
292659
293165
293213
293271
293615
293747
293956
294018
294192
294362
294525
294628
294700
294722
294819
294895
295044
295178
295367
295486
295555
295795
295881
296083
296086
296186
296239
296340
296418
296532
296915
296958
297292
297319
297550
297653
297724
297725
297733
297845
297998
298044
298073
298231
298271
298381
298389
298525
298727
298768
299035
299158
299424
299730
299737
299811
299826
299890
299964
300179
300211
300295
300553
301021
301176
301217
301241
301289
301379
301431
301545
301719
301883
301995
302113
302142
302287
302342
302374
302379
302381
302561
302681
302735
302871
302958
303065
303237
303266
303424
303523
303533
303556
303572
303797
304092
304121
304151
304487
304497
304780
304951
305069
305134
305255
305365
305428
305462
305491
305608
305619
305637
305713
305879
305917
305958
306062
306186
306388
306509
306598
306610
306662
306846
306973
307077
307120
307181
307263
307491
307557
307748
307824
308098
308128
308136
308152
308160
308243
308437
308453
308489
308623
308767
308783
308966
309165
309223
309434
309439
309458
309596
310110
310305
310310
310410
310505
310637
310705
310808
310894
310922
310954
311114
311221
311263
311316
311528
311535
311700
311704
311736
311768
311934
311958
312032
312056
312065
312290
312291
312359
312383
312455
312461
312477
312595
312597
312784
312817
312972
313036
313245
313264
313274
313363
313375
313497
313600
313715
313767
313926
314046
314293
314349
314375
314451
314457
314563
314656
314707
314782
314903
315007
315163
315352
315485
315526
315646
315658
315793
316106
316138
316180
316221
316270
316313
316391
316438
316511
316523
316592
316779
316899
316925
316955
316958
317088
317158
317229
317330
317896
318079
318377
318399
318518
318540
318591
318595
318787
319009
319158
319289
319299
319317
319578
320008
320202
320222
320334
320400
320523
320531
320692
320799
320931
320958
320966
320994
321247
321262
321326
321403
321497
321577
321593
321696
321942
322004
322010
322145
322199
322371
322625
322705
322713
322743
322883
322925
323072
323086
323128
323286
323514
323528
323554
323768
323848
323852
323955
323959
324000
324012
324057
324086
324092
324265
324274
324481
324489
324532
324650
324699
324831
324873
324875
325059
325077
325150
325180
325185
325303
325506
325638
325687
325760
325860
325965
325975
326023
326163
326203
326323
326409
326493
326619
326632
326646
326814
326862
326918
326965
327034
327054
327125
327181
327409
327422
327517
327583
327616
327688
327968
328106
328122
328248
328317
328323
328456
328561
328610
328635
328664
328769
328788
328863
328943
328982
328987
328996
329192
329611
329649
329722
329847
329860
329897
330114
330213
330268
330455
330511
330553
330691
330796
331095
331247
331248
331447
331536
331569
331590
332011
332193
332195
332256
332480
332512
332597
332610
332833
332873
332904
333057
333394
333874
333974
334230
334344
334374
334394
334535
334637
334674
334707
334783
334796
334952
335083
335229
335365
335584
335662
335669
335891
335930
335995
336083
336112
336116
336336
336574
336770
336785
336911
336969
337008
337056
337078
337253
337422
337468
337511
337654
337658
337668
337818
338098
338121
338151
338197
338263
338279
338344
338374
338380
338388
338447
338611
338693
338701
338749
338880
338941
339016
339072
339222
339505
339524
339631
339668
339798
339972
339998
340376
340436
340515
340591
340967
341034
341059
341252
341335
341367
341370
341411
341554
341648
341859
341893
341911
342048
342058
342177
342258
342462
342551
342724
342752
342763
342836
342947
342991
343158
343164
343580
343708
343729
343991
344112
344130
344275
344341
344428
344474
344619
344627
344737
345053
345186
345567
345707
345982
345997
346025
346055
346267
346369
346425
346663
346675
346712
346721
347295
347525
347542
347641
347724
347783
347817
347943
347959
347970
348001
348045
348169
348172
348205
348295
348369
348553
348584
348628
348660
348680
348821
348936
348945
349207
349490
349578
349694
349840
350650
350786
350792
350884
350968
351279
351552
351596
351805
351832
351937
351939
351952
351977
352052
352196
352267
352311
352433
352543
352598
352606
352630
352741
352748
352809
352868
353168
353183
353307
353519
353586
353766
353795
353843
353870
353962
353984
354075
354299
354435
354475
354487
354515
354963
355036
355147
355220
355409
355499
355594
355906
355932
355949
355961
355962
355970
356094
356095
356158
356327
356369
356400
356587
356627
356644
356707
356717
356730
356940
357201
357210
357292
357301
357377
357423
357541
357640
357724
357744
357759
357872
357896
357916
357974
358104
358221
358304
358340
358754
358773
359023
359067
359130
359322
359385
359403
359491
359507
359521
359657
359717
359820
359918
360104
360138
360145
360423
360493
360696
360936
361116
361170
361172
361253
361320
361321
361430
361790
361807
361891
361956
361987
362021
362115
362184
362186
362230
362410
362498
362683
362761
362917
362926
363143
363354
363515
363547
363624
363685
363801
363803
363972
364077
364115
364153
364181
364265
364331
364389
364555
364699
364840
364859
364950
364968
365030
365072
365216
365231
365269
365406
365543
365598
365648
365718
365926
365934
366018
366022
366273
366536
366569
366747
366792
366833
366878
367001
367064
367296
367356
367443
367507
367639
367658
367804
367840
367842
367877
367915
367947
367987
368078
368148
368325
368499
368806
368829
368960
368975
369053
369187
369199
369309
369581
369665
369696
369831
369844
369846
369933
370131
370191
370328
370496
370737
370813
370923
370942
371424
371625
371681
372044
372099
372140
372208
372360
372457
372515
372537
372652
372958
372967
373207
373221
373224
373284
373335
373438
373466
373671
373951
373953
374096
374456
374504
374714
374813
374928
374977
375025
375188
375210
375261
375442
375517
375618
375641
375799
375934
376119
376255
376326
376910
377202
377331
377404
377533
377535
377551
377576
377601
377740
378324
378443
378579
378620
378822
378886
378985
379037
379137
379170
379303
379478
379479
379482
379523
379630
379699
379718
379805
379850
380041
380068
380070
380089
380124
380341
380455
380593
380627
380786
380919
381004
381027
381040
381049
381077
381140
381199
381289
381412
381552
381811
381820
381848
381924
382013
382045
382211
382315
382380
382487
382822
382871
382973
383182
383472
383476
383493
383538
383579
383640
383687
383938
383941
384006
384065
384482
384847
384890
384940
384974
385112
385156
385288
385343
385353
385633
385763
385870
386122
386134
386149
386347
386570
386642
386819
386949
387082
387184
387301
387352
387496
387550
387554
387619
387873
387975
388114
388148
388170
388192
388275
388499
388682
388765
388900
388926
389020
389043
389162
389180
389556
389565
389670
389703
389740
389749
389955
389975
390069
390081
390117
390140
390149
390477
390524
390656
390701
390738
390854
390855
390858
391023
391370
391388
391560
391593
392030
392084
392154
392193
392210
392391
392419
392445
392518
392586
392597
392646
392734
392772
392807
392833
392902
392931
392959
392985
392993
393092
393256
393453
393519
393612
393744
393815
394110
394210
394216
394402
394417
394431
394857
394943
395113
395241
395414
395421
395756
395917
396076
396082
396112
396167
396277
396315
396582
396622
396637
396784
396987
397031
397077
397117
397206
397259
397465
397480
397525
397674
397775
397778
397857
397959
398146
398158
398192
398444
398553
398557
398640
398759
398791
398865
398916
398956
399034
399045
399079
399114
399127
399186
399341
399460
399567
399616
399834
399921
399954
399961
400008
400116
400342
400373
400522
400638
400722
400859
401195
401282
401616
401821
401886
401967
402050
402244
402247
402291
402397
402440
402473
402568
402597
402679
402722
402835
403131
403189
403251
403506
403666
403891
404009
404181
404223
404444
404448
404488
404558
404758
404764
404983
405066
405071
405093
405223
405350
405531
405556
405658
405685
405693
405803
405886
406139
406304
406417
406655
406800
406813
406977
407298
407369
407562
407858
407907
407992
408072
408237
408241
408315
408335
408353
408392
408424
408482
408568
408621
408710
408876
408927
409021
409222
409224
409490
409606
409668
409671
409751
409763
409950
410204
410414
410780
410958
410997
411233
411297
411324
411345
411530
411587
411673
412084
412124
412255
412460
412604
412618
412677
412763
412804
412884
412958
413006
413015
413029
413163
413173
413257
413422
413500
413631
413715
413914
413999
414037
414237
414267
414286
414294
414305
414494
414542
414550
414713
414719
414760
414798
414827
414848
415079
415090
415113
415135
415515
415521
415738
415871
415960
415998
416422
416460
416819
416962
417088
417218
417254
417294
417350
417353
417467
417594
418157
418257
418323
418334
418448
418464
418470
418891
419143
419146
419186
419292
419352
419492
419504
419531
419895
419929
420013
420098
420155
420213
420352
420361
420532
421076
421113
421121
421155
421164
421391
421422
421462
421657
421664
421705
421713
421854
421961
421981
422029
422229
422279
422317
422357
422365
422418
422457
422543
422581
422603
422640
422648
422796
422825
422885
422976
423012
423250
423307
423408
423445
423463
423479
423672
423716
423736
423833
423893
424045
424156
424168
424230
424259
424346
424476
424521
424629
424637
424772
424809
424955
425241
425380
425552
425604
425605
425636
425697
425768
425896
425970
425992
426071
426233
426355
426384
426600
426667
426676
426954
427147
427191
427485
427548
427598
427606
427677
427687
427708
427835
427924
427999
428033
428055
428082
428150
428274
428436
428536
428584
428617
428665
428848
428898
428901
428962
428976
429093
429113
429219
429519
429665
429803
429807
429857
429906
430019
430163
430171
430230
430258
430362
430471
430516
430522
430536
430643
430683
430730
430747
430849
430884
431073
431089
431129
431272
431294
431298
431331
431382
431429
431449
431511
431591
431706
431746
431749
431786
431829
431912
432050
432096
432183
432231
432368
432380
432437
432474
432569
432629
432682
432826
432894
433084
433400
433424
433562
433637
433748
433770
433824
433837
433914
433931
433956
434039
434083
434135
434256
434314
434375
434379
434538
434605
434872
434904
434952
434997
435045
435182
435348
435441
435642
435760
435835
436202
436326
436462
436583
436709
436986
437127
437198
437290
437467
437585
437602
437994
438042
438109
438127
438247
438345
438496
438611
438756
438800
439261
439280
439396
439560
439751
439799
439818
439845
439910
439917
439991
440110
440188
440433
440439
440501
440522
440659
440747
440850
440873
440907
441196
441235
441495
441518
441561
441797
441812
441923
442022
442082
442246
442517
442564
442666
442744
442784
442818
443159
443164
443295
443309
443312
443313
443552
443599
443732
443746
443753
443908
443985
444275
444329
444531
444572
444685
444909
445028
445362
445486
445628
445643
445771
445847
445978
446023
446363
446367
446464
446515
446542
446562
446631
447032
447213
447226
447345
447416
447573
447641
447833
447972
448176
448220
448520
448751
448783
448929
449088
449279
449288
449356
449420
449568
449704
449726
449749
449896
450152
450308
450324
450430
450438
450547
450574
450670
450778
450794
450810
451216
451268
451300
451378
451453
451533
451545
451581
451589
451854
451872
451941
452045
452064
452251
452337
452384
452587
452807
452994
453139
453257
453307
453441
453452
453650
453812
453910
453924
454021
454103
454120
454132
454242
454320
454358
454446
454615
454634
454695
454839
454935
454991
455113
455134
455190
455314
455540
455564
455819
455845
455869
455973
456142
456197
456302
456435
456594
456713
457091
457170
457196
457233
457248
457331
457340
457382
457461
457492
457565
457711
457726
457805
457963
458180
458268
458429
458457
458463
458475
458540
458659
458670
458687
458737
458763
458809
458969
459147
459203
459280
459382
459447
459471
459551
459725
459953
459954
460001
460129
460322
460323
460503
460785
460823
460865
460944
461066
461148
461219
461285
461390
461458
461615
461624
461688
461786
461832
461868
461951
462023
462041
462405
462479
462513
462565
462573
462607
462662
462744
462750
462997
463077
463086
463108
463244
463275
463357
463430
463480
463529
463564
463723
463825
463832
463912
463923
463940
464011
464153
464155
464174
464177
464329
464396
464489
464552
464585
464627
464660
464773
464842
464961
464993
465119
465327
465363
465507
465615
466074
466089
466224
466323
466452
466458
466490
466518
466533
466764
466977
467048
467189
467366
467417
467436
467531
467674
467738
467750
468057
468191
468308
468415
468428
468462
468532
468593
468605
468937
468965
469026
469175
469245
469295
469316
469568
469601
469620
469868
469887
469899
469938
470276
470442
470449
470545
470589
470593
470638
470710
470776
470828
471079
471110
471249
471501
471578
471579
471597
471728
471818
471929
472276
472332
472510
472535
472617
472649
472916
473019
473027
473163
473165
473381
473434
473625
473655
474109
474364
474375
474441
474623
474727
474747
474803
474878
474942
475031
475184
475270
475321
475358
475518
475526
475527
475559
475624
475746
475826
475857
475978
476075
476199
476271
476320
476332
476355
476360
476365
476382
476484
476618
476693
476870
476991
477010
477343
477344
477553
477610
477651
477735
477794
477925
478098
478348
478368
478383
478446
478502
478594
478617
478621
478641
478658
478682
478805
478879
479009
479088
479269
479291
479565
480024
480123
480168
480314
480389
480405
480483
480529
480638
480656
480709
480737
480858
480988
481002
481032
481069
481307
481378
481491
481508
481651
481875
481877
481880
481917
481951
481954
482060
482336
482377
482461
482829
482851
483065
483184
483328
483545
483571
483618
483983
483985
484180
484217
484260
484398
484442
484551
484552
484704
484718
484772
484797
484849
485359
485673
485828
485837
486061
486090
486217
486439
486541
486769
486940
487013
487042
487107
487130
487320
487782
487829
487917
488057
488107
488321
488365
488490
488596
488664
488709
488722
489179
489191
489278
489402
489539
489639
489690
489738
489985
490112
490143
490150
490202
490380
490384
490515
490654
490895
490905
490912
491162
491542
491687
491709
491716
491793
491936
492073
492080
492192
492197
492262
492276
492324
492427
492448
492625
492964
493026
493249
493406
493464
493477
493578
493604
493631
493703
493803
493919
493982
494022
494055
494060
494062
494263
494585
494609
494646
494659
494788
494850
495698
495729
496002
496010
496019
496294
496308
496317
496390
496554
496575
496624
496668
496952
496983
497010
497078
497228
497313
497333
497386
497481
497502
497551
497609
497947
497972
498004
498056
498103
498163
498224
498255
498366
498395
498631
498643
498769
498782
498973
498984
499291
499358
499451
499592
499643
499690
499704
499820
499832
499917
499969
500302
500409
500588
500631
500651
500730
500812
500875
500921
500957
501066
501126
501229
501316
501334
501457
501512
501513
501598
501632
501643
501679
502035
502108
502167
502196
502260
502285
502328
502408
502557
502602
502609
502691
503132
503152
503395
503467
503522
503617
503626
503822
504164
504184
504201
504259
504359
504396
504440
504534
504568
504700
504704
504753
504767
504804
504819
504864
505002
505065
505125
505249
505365
505445
505448
505744
505765
505893
506081
506127
506242
506548
506666
506676
506774
506863
506889
506907
507027
507197
507373
507380
507401
507536
507540
507635
507812
508092
508125
508152
508169
508472
508618
508643
508658
508671
508766
508969
509009
509183
509186
509269
509275
509459
509604
509611
509844
509860
509893
509994
510005
510329
510358
510462
510559
510608
510749
510925
511082
511192
511311
511596
511661
511688
511698
511766
511787
511796
511928
511939
511964
512073
512223
512373
512448
512490
512521
512647
512704
512751
512834
512986
512992
513243
513404
513409
513485
513651
513748
513864
513940
513980
514062
514182
514201
514261
514387
514399
514498
514525
514674
514855
515147
515265
515317
515393
515653
515702
515775
516070
516112
516268
516615
516656
516783
516955
517055
517402
517602
517701
517826
517867
517888
518000
518437
518475
518643
518682
518686
518690
518797
518891
518949
519042
519210
519295
519336
519345
519574
519590
519692
519800
520268
520279
520326
520421
520596
520674
520887
520889
521130
521139
521254
521255
521309
521328
521336
521530
521593
521839
521872
521939
521942
521948
522084
522213
522267
522376
522501
522545
522558
522666
522741
523012
523029
523097
523209
523312
523657
523715
523764
523809
523826
523849
524126
524189
524709
524745
524787
524878
525080
525194
525223
525433
525543
525801
525886
526000
526271
526352
526424
526576
526635
526685
526695
526720
526975
527372
527401
527518
527762
528135
528145
528191
528201
528430
528647
528879
528880
529127
529140
529191
529289
529333
529394
529428
529506
529544
529568
529690
529697
529762
529898
530154
530265
530404
530475
530628
530674
530700
530718
530977
531034
531254
531350
531596
531688
531797
531872
531942
532037
532135
532151
532314
532334
532335
532343
532346
532385
532390
532566
532575
532648
533042
533091
533092
533167
533238
533249
533321
533330
533489
533651
534035
534048
534115
534137
534311
534429
534459
534514
534525
534529
534634
534653
534654
534691
534727
534731
534873
534996
535105
535195
535323
535349
535463
535598
535626
535742
535907
536085
536392
536585
536686
536743
536893
536911
536922
537038
537164
537372
537406
537466
537602
537675
537808
537831
537867
538262
538557
538716
538728
538776
539163
539164
539304
539408
539418
539647
539764
539989
540039
540168
540176
540219
540367
540435
540473
540538
540693
540936
541029
541125
541387
541399
541421
541435
541667
541680
541699
541755
542018
542040
542099
542179
542273
542322
542323
542457
542523
542532
542554
542664
542733
542849
542886
543048
543146
543162
543250
543356
543369
543404
543463
543517
543726
543990
543994
544169
544345
544384
544481
544495
544640
544714
544746
544754
544872
545228
545282
545292
545584
545687
545703
545854
545995
546410
546416
546532
546568
546735
546829
546967
547537
547630
547718
547759
547870
547938
547970
548045
548062
548439
548681
548934
548946
548960
548972
549071
549140
549252
549667
549677
549689
549752
549772
549905
550044
550072
550094
550172
550526
550529
550800
550826
550927
550930
550961
550980
551161
551195
551221
551407
551443
551763
551851
551886
552063
552204
552315
552436
552556
552587
552753
552787
552859
552974
553157
553288
553417
553615
553644
553693
553961
554241
554253
554278
554391
554467
554531
554636
554644
554724
554856
554870
554876
554899
554907
555098
555159
555161
555249
555264
555265
555268
555303
555327
555377
555430
555526
555955
556051
556091
556221
556280
556303
556417
556507
556659
556740
556833
556838
556841
556912
557067
557229
557696
557830
557864
557904
558272
558284
558590
558687
558775
559035
559115
559151
559231
559276
559363
559674
559677
559695
559715
560335
560513
560546
560689
560730
560878
561015
561111
561255
561260
561320
561354
561424
561435
561437
561444
561525
561554
561672
561748
561805
561817
562066
562094
562222
562230
562343
562386
562461
562474
562564
562639
562672
563052
563081
563186
563272
563322
563440
563652
563719
563824
563849
563931
563938
564092
564231
564246
564329
564375
564418
564422
564453
564578
564668
564671
564721
564787
564946
564951
565024
565092
565189
565292
565295
565308
565382
565790
565819
565857
565869
565878
565885
566022
566113
566162
566234
566388
566640
566835
567177
567197
567443
567464
567518
567542
567675
567717
567885
567931
568089
568205
568225
568285
568416
568476
568490
568638
569015
569105
569280
569303
569425
569679
569710
569923
569939
569955
570014
570051
570074
570388
570463
570492
570493
570553
570611
570635
570681
570817
571000
571008
571129
571173
571189
571274
571335
571499
571503
571585
572220
572255
572322
572335
572396
572414
572462
572554
572601
572869
572871
572883
572884
573026
573104
573211
573342
573634
573700
573735
573824
574115
574127
574323
574467
574637
574702
574996
575127
575194
575201
575240
575241
575345
575481
575496
575516
575526
575807
575880
575932
576002
576006
576015
576083
576209
576353
576377
576684
576779
576815
576940
577156
577392
577428
577687
577771
577838
577934
578150
578230
578327
578416
578783
578992
579103
579113
579316
579379
579570
579597
579708
579783
579880
580122
580133
580197
580206
580338
580401
580412
580617
580624
580856
581195
581201
581374
581440
581442
581652
581776
582057
582062
582071
582103
582221
582483
582484
582680
582823
582886
582915
582979
583084
583104
583108
583206
583263
583606
583638
583944
583992
583994
583998
584101
584310
584354
584384
584478
584666
584814
584816
584874
584882
584947
585406
585539
585638
585897
585976
586000
586062
586235
586236
586237
586249
586373
586526
586643
586689
586693
586707
586733
587004
587166
587210
587220
587236
587239
587307
587614
587690
588024
588133
588154
588218
588310
588513
588584
588625
588646
588658
588660
588875
588987
589132
589181
589259
589495
589550
589573
589577
589588
589680
589727
589891
590130
590213
590275
590344
590371
590555
590895
590898
590935
591119
591194
591233
591498
591672
591777
591824
591867
591873
592059
592168
592331
592489
592574
592642
592875
592993
593015
593051
593108
593257
593265
593287
593340
593344
593572
593680
593738
593752
593769
593903
594022
594048
594126
594608
594718
594768
594982
595137
595287
595392
595584
595598
595752
595907
596000
596017
596251
596307
596434
596512
596548
596553
596588
596908
596943
597298
597537
597553
597578
597586
597629
597704
598103
598177
598298
598332
598624
598628
598653
598679
598743
598773
598777
598815
599188
599295
599345
599382
599418
599541
600040
600250
600445
600558
600668
600705
600750
600907
601038
601141
601224
601363
601430
601434
601642
601647
601670
601727
601961
602066
602120
602391
602513
602516
602520
602591
602600
602617
602646
602671
602769
602864
602903
603061
603176
603234
603272
603567
603591
603620
603657
603668
603690
603872
604038
604051
604078
604086
604088
604091
604162
604238
604316
604638
604772
604801
604811
604932
605058
605113
605683
605786
605791
605815
606197
606326
606402
606408
606415
606571
606591
606619
606621
606697
606753
606893
606955
606964
606968
607071
607109
607174
607192
607195
607266
607428
607461
607501
607594
607704
607752
607883
607898
607940
607952
608031
608053
608093
608187
608261
608375
608418
608451
608491
608568
608645
608677
608804
608835
608854
608889
609028
609079
609140
609341
609437
609497
609598
609719
609758
609842
609991
610121
610189
610307
610464
610531
610628
610718
610927
611000
611189
611297
611332
611393
611489
611645
611694
611768
611961
611986
612005
612022
612025
612114
612193
612270
612517
612692
612727
612779
612828
612852
612910
612949
612984
613173
613217
613252
613546
613564
613688
613887
613980
614103
614275
614278
614291
614670
614688
614841
614853
614920
614935
614986
615077
615141
615233
615294
615365
615466
615566
615569
615592
615773
616041
616087
616185
616422
616584
616642
616789
616868
616949
617087
617369
617564
617975
618150
618180
618190
618213
618412
618643
618703
618708
618728
618783
618808
618815
618917
618935
618960
619117
619158
619226
619317
619610
619667
619739
619802
619804
619830
619886
620002
620028
620171
620497
620676
620690
620952
621053
621183
621376
621401
621510
621597
621641
621695
621827
621926
622004
622063
622189
622418
622439
622648
622670
622854
623379
623413
623465
623478
623484
623512
623521
623569
623724
623779
623844
624129
624136
624220
624234
624249
624291
624306
624332
624403
624487
624566
624596
624603
624613
624614
624651
624699
624901
624941
625270
625271
625306
625330
625575
625867
625922
625973
626150
626174
626338
626402
626433
626440
626472
626550
626587
626633
626899
626996
627036
627145
627153
627184
627250
627484
627548
627608
627612
627743
627807
627893
628039
628162
628191
628203
628216
628251
628475
628518
628764
628774
628914
628917
629091
629313
629446
629461
629755
630149
630264
630321
630410
630424
630537
630565
630636
630682
630717
630768
630930
631010
631057
631088
631155
631177
631261
631320
631441
631453
631497
631531
631620
631734
631856
632176
632275
632330
632427
632655
632740
632837
632841
632914
632988
633020
633156
633296
633420
633627
633635
633848
633942
633944
634032
634079
634091
634147
634424
634514
634572
634765
635064
635113
635397
635541
635551
635569
635631
635648
635730
635922
636046
636093
636241
636280
636373
636594
636639
636679
637047
637052
637054
637067
637154
637184
637552
637655
637719
637789
637801
637979
638165
638920
638950
639022
639027
639129
639201
639306
639336
639367
639419
639424
639652
639665
639702
639723
639844
639894
640025
640090
640123
640133
640257
640484
640496
640555
640594
640608
640746
640822
640823
640889
640942
641025
641169
641274
641376
641903
642020
642023
642046
642081
642218
642265
642356
642431
642531
642641
642991
643019
643098
643202
643205
643252
643287
643317
643441
643532
643681
643806
643824
643869
643876
643971
644010
644142
644253
644354
644366
644541
644655
644684
644710
644892
644926
644971
644981
644982
645021
645174
645259
645300
645377
645672
645704
645750
645798
645889
645967
645986
645992
646100
646109
646354
646559
646644
646666
646723
646748
646907
647011
647035
647075
647131
647168
647253
647296
647370
647447
647476
647565
647834
647934
647963
648000
648279
648283
648402
648519
648641
648678
648995
649051
649109
649137
649179
649190
649300
649349
649393
649478
649483
649743
649789
649801
650188
650251
650300
650311
650456
650473
650531
650622
650748
650921
651014
651030
651082
651092
651235
651299
651323
651406
651485
651487
651514
651703
651836
651898
652024
652061
652144
652254
652358
652392
652470
652521
652788
652984
652986
653001
653017
653047
653091
653138
653172
653242
653295
653309
653532
653557
653570
653705
653893
653918
653963
654109
654528
654630
654861
655181
655222
655229
655398
655479
655749
655872
655928
656030
656063
656176
656318
656329
656330
656634
656686
657109
657133
657179
657250
657260
657264
657327
657693
657717
657731
657820
657836
657847
657862
657904
657986
658059
658152
658160
658179
658237
658301
658334
658397
658526
658532
658659
658686
658753
658789
658857
658865
658954
659042
659362
659605
659636
659718
659896
659976
659996
660024
660065
660241
660343
660447
660573
660636
660863
661121
661148
661230
661276
661335
661549
661561
661664
661721
661865
661886
662040
662062
662326
662504
662610
662644
662731
662783
662947
663163
663173
663278
663494
663559
663623
663843
663872
664005
664044
664131
664187
664343
664485
664626
664967
665089
665095
665098
665212
665230
665737
665923
665995
666269
666271
666283
666355
666454
666508
666558
666567
666619
666679
666745
667066
667108
667191
667253
667287
667398
667399
667519
667534
667608
667751
668134
668181
668244
668249
668282
668511
668576
668672
668847
669004
669035
669118
669226
669338
669348
669422
669505
669683
669891
670096
670190
670336
670404
670412
670621
670709
670721
670734
670848
671001
671064
671190
671334
671388
671438
671530
671908
671950
672040
672102
672329
672421
672496
672855
672918
673117
673122
673225
673302
673322
673527
673648
673665
673813
673870
674079
674084
674261
674389
674436
674490
674631
674651
674682
674697
675054
675102
675165
675448
675649
675662
675684
675727
675866
675885
676032
676035
676184
676296
676342
676957
677393
677558
677594
677666
677678
677717
677828
677836
677931
678042
678065
678100
678108
678117
678128
678201
678320
678486
678573
678594
678595
678689
678714
678737
678754
678824
678869
678879
679068
679106
679149
679157
679243
679393
679416
679560
679573
679627
679661
679739
679762
680048
680131
680263
680505
680674
680763
680780
680807
680846
681271
681413
681514
681661
681670
681695
681822
681871
682023
682039
682058
682135
682249
682343
682456
682542
682672
682692
682702
682711
682741
682753
682852
682854
682935
682961
683100
683155
683176
683185
683202
683341
683367
683378
683521
683813
683901
683964
684044
684191
684317
684403
684643
684701
684734
685129
685148
685208
685337
685377
685475
685705
685926
686002
686206
686492
686559
686642
686742
686863
686923
687024
687107
687352
687361
687549
687602
687639
687690
688017
688421
688501
688568
688648
688804
688828
688895
689056
689094
689188
689463
689491
689918
689947
689949
690067
690111
690144
690196
690244
690329
690336
690504
690545
690552
690732
690735
690880
690953
691319
691568
691610
691656
691867
691877
692044
692252
692286
692596
692623
692778
692782
692894
693116
693209
693413
693458
693468
693553
693642
693722
693839
693870
693971
694045
694118
694140
694218
694638
694677
694690
694694
694724
694809
695128
695141
695370
695413
695478
695598
695847
696061
696115
696198
696275
696385
696503
696574
696587
696812
696910
697120
697208
697391
697396
697438
697524
697569
697924
697935
698012
698067
698110
698126
698248
698432
698570
698656
698665
698735
698747
698817
698824
698942
698965
699184
699334
699445
699902
699975
700080
700174
700228
700323
700814
700908
700994
701037
701117
701413
701420
701423
701489
701519
701727
701949
701994
701997
702005
702408
702454
702459
702551
702596
702621
702956
703001
703017
703033
703067
703108
703114
703166
703238
703487
703489
703611
703746
703752
703753
703913
704164
704341
704677
704772
704776
704943
704954
704984
705136
705179
705882
705961
705974
706078
706183
706224
706285
706455
706710
706739
706967
707102
707107
707147
707270
707317
707319
707455
707599
707778
707822
707825
708089
708157
708219
708245
708265
708304
708395
708606
708784
708831
708908
708959
709020
709077
709201
709289
709320
709544
709564
709742
710162
710224
710252
710290
710391
710402
710544
710641
710940
711024
711172
711320
711499
711560
711654
711657
711708
711886
711905
711964
712022
712309
712401
712505
712686
713006
713063
713403
713416
713537
713543
713592
713679
713805
713877
713878
713913
713981
714075
714081
714093
714109
714123
714151
714292
714650
714881
714962
715060
715175
715344
715482
715645
715716
715740
715802
715851
715881
716014
716068
716151
716469
716564
716741
716757
716814
717013
717063
717122
717338
717369
717520
717572
717653
717723
717971
717977
718201
718207
718233
718477
718547
718636
718651
718711
718716
718744
718756
718890
718898
719088
719360
719361
719653
719756
719831
719832
719994
720282
720303
720314
720434
720481
720531
720679
720793
720804
720872
720887
720973
720976
720986
721115
721124
721232
721334
721424
721563
721613
721727
721760
722031
722254
722318
722329
722466
722514
722537
722599
722686
722776
722781
722791
722998
723031
723117
723124
723424
723496
723521
723547
723860
723864
723873
723903
723918
723944
723967
724118
724137
724154
724195
724268
724548
724995
725004
725121
725231
725310
725604
725765
725783
725895
725957
725969
726097
726184
726330
726365
726441
726489
726508
726561
726711
726777
726798
727195
727203
727405
727609
727851
727892
728050
728090
728120
728226
728471
728579
728713
728725
728826
728909
728995
729144
729441
729574
729591
729667
729999
730039
730263
730307
730540
730551
730563
730564
730598
730844
730854
731000
731157
731197
731245
731279
731326
731617
731637
731767
731872
731998
732103
732222
732256
732273
732411
732447
732472
732495
732505
732516
732517
732595
732731
732867
733047
733154
733287
733338
733531
733609
733687
733864
734309
734329
734342
734406
734631
734700
734788
734795
734858
734950
735141
735243
735316
735332
735387
735449
735540
735774
735837
736005
736028
736129
736294
736404
736466
736524
736957
737020
737107
737394
737526
737831
737984
738330
738331
738374
738626
738739
738783
738897
739016
739091
739190
739233
739285
739347
739368
739411
739464
739527
739550
739595
739652
739698
739700
739790
739846
739878
740115
740226
740305
740607
740637
740705
740839
740923
740926
740958
741047
741057
741111
741148
741293
741315
741526
741567
741613
741719
741779
741853
741883
741979
742073
742096
742326
742486
742501
742597
742770
742806
743183
743186
743327
743424
743509
743523
743559
743842
744058
744270
744407
744437
744496
744845
744919
745045
745066
745179
745279
745450
745453
745547
745684
745755
745933
746148
746151
746342
746450
746487
746514
746537
746543
746603
746665
746738
746902
747188
747251
747304
747306
747317
747410
747545
747723
747793
747823
747984
747999
748153
748193
748229
748253
748255
748264
748407
748476
748713
748761
748813
749065
749468
749503
749787
749943
750010
750061
750104
750106
750108
750213
750319
750354
750361
750422
750453
750483
750528
750659
750949
751228
751236
751251
751624
751939
752006
752023
752030
752046
752097
752209
752385
752450
752505
752705
752718
752752
752970
753041
753323
753471
753633
753691
753742
753807
753816
753862
753899
753907
754036
754143
754182
754183
754262
754374
754419
754466
754547
754614
754806
754817
755415
755528
755772
755790
755805
755821
756069
756075
756168
756171
756296
756775
757013
757038
757189
757324
757473
757643
757681
757682
757899
758417
758425
758466
758470
758488
758491
758632
758797
758819
758870
758970
759032
759090
759183
759208
759264
759605
759683
759917
759935
760001
760157
760197
760352
760496
760641
760806
760823
761029
761186
761345
761358
761403
761481
761500
761947
762041
762075
762092
762158
762319
762356
762548
762591
762670
762693
763011
763048
763057
763108
763198
763288
763376
763465
763549
763592
763703
763792
763793
763821
764010
764056
764099
764335
764419
764460
764518
764542
764619
764635
764759
764882
764922
765071
765170
765182
765461
765470
765537
765549
765700
765803
765879
765906
765963
765987
765990
766050
766083
766140
766233
766261
766416
766442
766522
766583
766618
766760
766800
766952
767358
767365
767386
767565
767740
767892
768393
768661
768779
768857
768899
768939
769044
769110
769123
769169
769171
769233
769365
769508
769635
769725
769855
769864
769984
770009
770016
770158
770162
770258
770615
770704
770761
770790
770917
770918
771029
771181
771319
771561
771573
771604
772087
772115
772129
772179
772244
772247
772464
772500
772524
772541
772580
772626
772650
772654
772674
772874
773082
773247
773400
773430
773446
773560
773594
773621
773743
774052
774092
774094
774163
774164
774168
774652
774835
774842
774878
775043
775113
775152
775174
775277
775358
775711
775809
776082
776134
776433
776502
776603
776616
776867
776925
776970
777052
777181
777247
777311
777397
777533
777595
777647
777687
777721
777844
778233
778264
778302
778316
778345
778459
778555
778929
778961
779060
779073
779128
779280
779334
779366
779452
779487
779498
779863
779951
780077
780218
780224
780237
780287
780376
780721
780749
780799
780831
781116
781143
781219
781268
781322
781433
781566
781637
781642
781721
781724
781735
782175
782210
782319
782353
782368
782514
782816
782938
783021
783130
783274
783361
783369
783383
783587
783592
783743
783747
783805
783903
784086
784143
784277
784292
784406
784427
784546
784925
784931
785210
785392
785558
785714
785849
785856
785925
786131
786429
786461
786572
786581
786763
786812
786860
786875
786903
786937
786954
787015
787062
787120
787130
787348
787522
787944
787969
787999
788036
788076
788103
788195
788217
788552
788591
788878
788911
788938
789087
789358
789388
789703
789750
789812
789836
789903
789988
790148
790263
790344
790425
790522
790655
790665
790878
790950
791014
791228
791357
791402
791531
791587
791661
791666
791822
791836
791879
792021
792278
792379
792467
792514
792686
792718
792747
792864
793245
793392
793403
793429
793553
793600
793655
793805
793821
793961
794026
794033
794065
794155
794259
794387
794436
794589
794795
794808
794823
794851
794879
795002
795040
795530
795594
795816
796079
796423
796566
796571
796896
797129
797149
797177
797202
797333
797553
797623
797799
797991
798048
798146
798227
798278
798309
798758
799007
799025
799093
799357
799479
799858
799933
799983
800161
800369
800386
800692
800830
801057
801060
801154
801270
801375
801477
801568
801645
801676
801779
801883
801941
802038
802155
802201
802407
802449
802696
802786
803038
803183
803205
803284
803289
803498
803526
803641
803647
803658
803671
803729
803767
803792
803910
804009
804045
804154
804524
804602
804819
804833
804905
804985
805072
805371
805511
805523
805624
805678
805778
805956
805990
806020
806441
806470
806539
806652
806661
806755
806863
806924
806949
807193
807507
807548
807738
807786
807822
807838
808011
808129
808309
808348
808446
808455
808492
809014
809033
809114
809116
809180
809229
809268
809271
809294
809366
809396
809409
809486
809617
809691
809699
809890
809926
809960
809983
810118
810232
810299
810412
810481
810494
810500
810606
810636
810712
810735
810751
810762
811040
811113
811164
811265
811392
811834
811935
812032
812065
812151
812222
812240
812367
812391
812396
812504
812609
812706
812907
812971
813213
813454
813564
813572
813580
813604
813920
814043
814074
814102
814132
814146
814316
814324
814349
814444
814639
814697
814734
814790
814866
815002
815074
815225
815252
815449
815470
815549
815705
815779
815797
816077
816112
816140
816219
816401
816488
816546
816574
816744
816783
816837
816989
817118
817276
817319
817365
817452
817535
817595
817861
817867
817938
817996
818019
818114
818242
818389
818420
818421
818454
818508
818833
818872
818949
818989
819148
819238
819500
819591
819856
819915
820024
820072
820091
820149
820198
820243
820398
820413
820586
820701
820787
820880
820914
821111
821207
821223
821303
821320
821338
821420
821520
821820
822161
822226
822449
822720
822951
822984
823193
823218
823557
823695
823986
824193
824222
824223
824226
824299
824317
824356
824521
824531
824615
824682
824776
824945
824963
825020
825318
825332
825338
825371
825400
825408
825492
825553
825641
825997
826040
826300
826449
826473
826590
826637
826733
826819
826976
827021
827047
827576
827598
827603
827686
827723
827730
827824
827858
827860
827997
828103
828175
828346
828442
828456
828568
828626
828660
828675
828731
828849
828962
829103
829162
829174
829276
829449
829533
829566
829764
829777
829891
829962
830043
830121
830133
830379
830493
830516
830587
830594
830620
830663
830788
830803
830817
830951
830960
831204
831216
831352
831364
831395
831548
831583
831752
831965
832051
832095
832115
832136
832216
832321
832364
832420
832430
832434
832509
832521
832628
832669
832783
832908
833233
833238
833267
833299
833431
833598
833731
834077
834107
834168
834335
834582
834604
834643
834660
834712
834739
834945
834988
835078
835182
835196
835303
835384
835616
835647
835702
835828
835868
835950
836022
836035
836055
836068
836205
836299
836435
836531
836568
836634
836761
836960
837170
837218
837291
837952
837990
838016
838045
838109
838113
838262
838414
838431
838533
838616
838952
838974
839020
839054
839070
839202
839281
839431
839487
839511
839527
839622
839746
839789
839896
839953
840080
840356
840393
840620
841049
841133
841233
841336
841656
841662
841674
841681
841874
841997
842145
842487
842595
842718
842738
842813
842830
842997
843277
843362
843679
843893
843965
843973
844066
844127
844177
844388
844391
844404
844408
844468
844648
844751
845244
845357
845358
845461
845567
845580
845614
845729
845750
845810
845839
845854
845887
845904
845942
846000
846006
846077
846085
846220
846267
846274
846389
846487
846514
846571
846712
846758
846889
846997
847083
847143
847220
847429
847534
847574
847575
847610
847675
847696
847721
847731
847782
847877
848065
848209
848302
848445
848479
848590
848723
848747
848757
848783
848991
849062
849168
849435
849478
849531
849599
849680
849683
849790
850319
850997
851270
851369
851456
851479
851620
851755
851975
852006
852190
852237
852298
852342
852486
852545
852629
852664
852715
852741
852745
852760
852926
852947
852989
853141
853164
853202
853222
853285
853358
853433
853486
853488
853509
853542
853626
853854
853998
854298
854402
854641
854723
854742
854755
854844
854893
854955
855036
855068
855138
855161
855179
855373
855429
855586
855609
855687
855838
856137
856686
856727
856876
857101
857108
857323
857436
857449
857493
857662
857797
858050
858146
858164
858343
858394
858467
858483
858637
858704
858718
858834
858894
859016
859029
859155
859233
859473
859619
859721
859781
859832
860134
860157
860158
860204
860280
860330
860336
860408
860437
860480
860500
860568
860588
860765
860944
861054
861283
861305
861311
861315
861602
861663
861765
861869
862025
862061
862131
862159
862181
862343
862407
862481
862560
862575
862579
862616
862741
862798
862804
862919
862963
863000
863053
863057
863141
863279
863334
863346
863535
863802
863834
863926
863946
864051
864155
864176
864178
864329
864453
864652
864795
865197
865282
865428
865614
865668
865728
865768
865796
865890
865967
866065
866071
866074
866101
866383
866486
866556
866597
866608
866622
866634
866776
866807
866814
866991
867067
867231
867255
867710
867811
867833
867862
867874
867912
867993
868010
868044
868245
868440
868452
868532
868686
868715
868741
868957
868964
869013
869038
869055
869167
869253
869365
869588
869661
869703
869816
869924
869982
870115
870197
870223
870240
870390
870486
870497
870537
870775
870881
870947
871057
871132
871188
871296
871313
871354
871426
871542
871755
872047
872168
872232
872540
872620
872678
872888
872960
873340
873349
873541
873837
873902
873927
873979
873980
874147
874273
874330
874645
874680
874706
874768
874837
874923
874927
874949
875142
875178
875342
875386
875443
875456
875488
875813
875825
875826
875853
875887
875893
875924
875984
876133
876255
876273
876279
876492
876512
876718
876772
876785
876937
876959
876977
876987
877061
877073
877135
877137
877326
877351
877468
877668
877848
877943
878007
878262
878351
878486
878633
878653
878935
879065
879099
879198
879289
879299
879530
879582
879617
879688
879801
879942
880046
880281
880396
880457
880592
880598
880693
880710
880855
880902
880950
881262
881429
881484
881498
881521
881607
881615
881701
881765
881838
881850
881870
881909
882049
882152
882249
882333
882346
882459
882527
882533
882553
882750
882759
882859
882966
883058
883181
883351
883363
883380
883631
883676
883740
883815
883848
884157
884263
884438
884488
884914
885201
885537
885565
885625
885754
885778
885825
885900
885913
886039
886222
886278
886315
886415
886439
886465
886476
886571
886684
886727
886791
886794
886871
886886
886920
887052
887225
887367
887471
887630
887688
887742
887874
887929
888026
888090
888234
888268
888280
888379
888386
888486
888528
888541
888656
888720
889000
889039
889084
889095
889155
889161
889242
889247
889374
889552
889656
889741
889917
889918
889986
890165
890219
890247
890298
890371
890564
890595
890708
890755
890799
890877
890911
890914
890981
891073
891393
891398
891558
891604
891873
891941
891947
892025
892084
892092
892142
892156
892262
892288
892364
892384
892431
892466
892698
892746
892906
892928
893066
893458
893578
893610
893781
893809
893898
893950
893978
894162
894184
894274
894309
894495
894530
894871
894910
894918
894953
894959
894971
895123
895753
895884
896011
896116
896206
896607
896646
896720
896803
896808
896826
896835
896840
896846
896870
896910
897090
897199
897390
897519
897520
897561
897757
897843
897861
897864
898129
898226
898440
898447
898501
898750
899018
899047
899324
899359
899361
899429
899436
899521
899535
899696
899705
899760
899851
900160
900235
900245
900255
900439
900495
900520
900570
900576
900585
900616
900691
900720
900836
900924
900932
900955
900995
901018
901077
901088
901165
901373
901438
901658
901773
901830
901860
901892
902369
902387
902562
902623
902794
902795
902869
903033
903217
903232
903355
903435
903678
903917
903958
904147
904551
904701
904762
904770
905103
905124
905215
905258
905295
905341
905432
905697
905747
905783
906129
906197
906230
906492
906507
906565
906607
906611
906647
906652
906664
906783
906897
906915
906947
906952
907029
907055
907132
907376
907410
907480
907547
907732
907784
907829
907866
907905
907967
908017
908129
908306
908504
908689
908751
908904
909076
909174
909205
909546
909723
909787
910140
910274
910310
910468
910716
911062
911099
911362
911373
911439
911544
911550
911566
911569
911997
912002
912044
912155
912324
912781
912799
912884
913170
913248
913420
913432
913454
913655
913678
913734
913749
913844
913852
913938
913940
913970
913971
914089
914188
914305
914395
914980
914996
915031
915042
915078
915104
915113
915160
915205
915517
915775
915820
915890
915975
916053
916114
916190
916210
916213
916374
916444
916453
916464
916624
916768
916960
917034
917381
917384
917413
917462
917475
917506
917528
917671
917680
917733
918073
918088
918091
918383
918469
918487
918517
918759
918803
918947
918964
919141
919173
919378
919459
919639
919853
919893
919956
920003
920174
920194
920199
920264
920362
920448
920489
920499
920505
920706
920833
920980
921184
921218
921283
921304
921425
921577
921614
921631
921661
921693
921727
921839
921868
921918
922026
922158
922306
922400
922565
922737
922817
922866
922970
923114
923303
923338
923505
923514
923630
923718
923843
923885
924101
924261
924270
924764
924825
924975
925218
925294
925328
925655
926220
926301
926311
926313
926368
926388
926447
926543
926634
926655
926793
926948
927131
927144
927194
927195
927343
927384
927678
927729
927730
927792
927925
927954
928024
928146
928277
928331
928449
928453
928497
928618
928701
928779
928802
928818
928864
929223
929239
929494
929518
929575
929740
929788
930348
930373
930486
930505
930594
930734
930836
930938
931101
931103
931118
931159
931233
931243
931276
931285
931295
931342
931519
931757
931773
931928
931948
932047
932089
932128
932239
932290
932349
932453
932455
932466
932638
932668
932675
932851
932924
933080
933451
933505
933735
933741
933750
933795
933996
934105
934163
934372
934375
934381
934484
934602
934693
934804
934912
935082
935085
935117
935120
935132
935217
935245
935263
935269
935369
935529
935620
935705
935850
935893
936004
936271
936335
936493
936560
936761
937044
937161
937163
937377
937477
937653
937799
937825
938369
938373
938421
938594
938661
938758
938773
938907
938911
939166
939627
939806
939818
939994
940184
940271
940369
940514
940565
940606
940752
940909
940920
940924
941341
941411
941428
941436
941475
941659
941709
941916
942007
942023
942057
942243
942445
942641
942693
942794
943108
943190
943225
943229
943315
944192
944204
944392
944406
944441
944495
944550
944663
944786
944985
945002
945046
945185
945192
945439
945600
945651
945655
945734
945753
945830
945893
945954
946004
946035
946167
946391
946400
946422
946857
947017
947141
947147
947181
947233
947275
947338
947394
947406
947472
947484
947666
947669
947680
948146
948243
948295
948315
948335
948647
948701
948715
948756
948841
948844
948981
949007
949080
949239
949268
949497
949681
950255
950357
950451
950460
950582
950599
950718
950910
950949
951172
951224
951485
951546
951718
951778
951785
951796
951907
952016
952027
952183
952188
952301
952315
952427
952477
952585
952609
952706
952803
952949
953010
953075
953409
953554
953634
953716
953833
953987
954023
954038
954139
954193
954269
954352
954451
954567
954596
954606
954664
954709
954811
954978
955027
955148
955185
955235
955432
955564
955607
955756
955837
955884
956253
956260
956262
956319
956332
956348
956440
956488
956496
956600
956672
957161
957356
957412
957561
957583
957630
957723
957750
957971
958204
958237
958448
958888
958985
959050
959120
959213
959465
959701
959715
959886
959916
959948
959960
959998
960166
960351
960402
960657
960661
960681
960733
960777
960881
960901
960936
960995
961025
961046
961200
961208
961239
961241
961242
961372
961377
961404
961465
961772
961864
961923
962216
962253
962351
962378
962567
962729
962924
963139
963261
963264
963362
963422
963560
963651
963652
963658
963864
963941
964110
964122
964134
964271
964821
964860
964952
965165
965328
965377
965434
965460
965489
965635
965714
965811
965815
965909
966188
966341
966444
966885
966894
966902
967044
967159
967248
967274
967753
967774
967901
967905
967973
968024
968094
968167
968250
968258
968293
968322
968626
968699
968749
968763
968804
968940
969026
969054
969140
969336
969366
969594
969768
969863
969907
970132
970307
970363
970432
970493
970529
970753
970767
970847
970917
970935
970937
970945
970989
971156
971158
971397
971400
971410
971426
971451
971476
971486
971494
971499
971560
971699
971707
971877
972096
972255
972344
972370
972457
972469
972478
972560
972593
972609
972755
972786
973082
973126
973461
973646
973671
973718
973725
973804
973875
973899
974041
974141
974232
974499
974765
974787
974934
974942
975016
975263
975334
975480
975995
976031
976203
976428
976509
976606
976713
976760
976773
976937
976949
976986
977166
977269
977302
977387
977563
977631
977791
977815
977861
977919
978452
978580
978700
978701
978973
979025
979108
979174
979226
979388
979580
979627
979655
979726
979880
979907
980100
980456
980630
980648
980723
980733
980877
981231
981233
981254
981265
981311
981335
982003
982008
982015
982326
982357
982633
982669
982877
982976
983069
983115
983243
983252
983298
983386
983407
983415
983440
983722
983750
983804
983994
984044
984309
984640
984746
984817
985147
985272
985766
985823
985948
985971
986050
986099
986181
986184
986252
986454
986471
986485
986548
986602
986647
986752
986779
986876
986927
986970
986989
987118
987280
987310
987377
987378
987561
987680
987729
987777
987993
988030
988043
988118
988218
988314
988537
988543
988596
988597
988618
988803
988815
988906
989245
989389
989395
989527
989623
989813
989906
989914
989936
989968
989984
990004
990118
990141
990190
990222
990250
990407
990692
990810
990865
990867
990946
991000
991091
991129
991607
991665
991847
991917
992008
992173
992186
992264
992273
992881
992886
993345
993504
993592
993599
993659
993678
993803
993898
993953
993976
993995
994149
994226
994281
994325
994470
994600
994768
994949
995022
995030
995405
995448
995457
995485
995740
995741
995820
995831
995964
995967
996031
996059
996068
996188
996230
996325
996657
996690
997163
997327
997370
997746
997758
997786
997921
997944
998112
998232
998341
998427
998611
998629
998644
998650
998729
998853
998863
998999
999010
999084
999099
999675
999740
999790
999830
