68
91
187
251
282
442
464
570
614
701
975
1028
1052
1089
1388
1479
1509
1710
1719
2045
2260
2329
2335
2479
2703
2784
2844
2868
2889
2945
3082
3128
3181
3208
3213
3265
3305
3487
3511
3636
3766
3794
3872
4135
4264
4331
4377
4383
5030
5178
5237
5372
5471
5524
5534
5756
5907
5918
6023
6115
6298
6729
6751
6839
6848
7026
7033
7095
7246
7337
7463
7705
7729
7787
8096
8098
8153
8198
8300
8756
8798
8844
8981
9119
9174
9189
9323
9353
9354
9378
9442
9470
9501
9616
9813
10177
10182
10187
10233
10320
10338
10350
10482
10580
10651
10670
10682
10698
11005
11248
11317
11328
11385
11640
11670
11700
11751
11772
11905
11907
11974
12149
12227
12262
12283
12344
12429
12485
12538
12738
12988
13075
13354
13384
13411
13426
13545
13597
13644
13647
13660
13792
13963
14116
14391
14576
14630
14655
14680
14797
14808
14843
14898
14920
14926
14979
15010
15016
15131
15180
15407
15420
15510
15700
15787
15911
15914
15972
16052
16347
16365
16392
16593
16649
16809
16819
16870
17070
17187
17292
17309
17557
17582
17693
17862
18154
18289
18333
18408
18717
18807
18959
19031
19191
19383
19548
19831
19861
19906
19932
20011
20081
20260
20476
20549
20597
20873
20936
21003
21259
21276
21317
21401
21560
21680
21746
21789
21801
21803
21939
22123
22276
22495
22581
22671
22706
22860
22913
23053
23154
23191
23381
23495
23673
23689
23748
23850
23991
24041
24051
24135
24169
24195
24371
24389
24505
24571
24620
24779
24870
25098
25105
25258
25547
25733
25783
25791
25915
25979
26293
26367
26388
26464
26467
26529
26583
26667
26815
26817
26910
26917
26963
27013
27077
27083
27091
27203
27223
27275
27410
27551
27567
27630
27657
27721
27928
28001
28402
28408
28750
28776
28791
28799
28816
28917
29012
29015
29220
29369
29474
29531
29749
29760
29865
29979
29990
29995
30030
30086
30119
30224
30250
30375
30381
30534
30709
30755
30801
30840
30871
30960
31064
31146
31235
31237
31336
31342
31476
32007
32077
32392
32553
32804
32918
32919
32999
33031
33115
33137
33203
33292
33787
33792
33813
34077
34085
34321
34363
34599
34665
34678
34766
34822
34887
34939
35038
35153
35338
35368
35659
35841
35895
35928
36044
36109
36139
36152
36168
36251
36316
36395
36574
36781
36916
36952
37088
37165
37319
37328
37531
37634
37959
37994
38016
38088
38317
38601
38760
39273
39331
39559
39603
39617
39633
39711
39738
39856
39869
40027
40127
40137
40512
40538
40899
40971
40980
41218
41394
41462
41541
41638
41793
41850
41892
41900
41961
41965
42099
42177
42345
42598
43003
43151
43267
43346
43443
43461
43468
43640
43645
44051
44069
44112
44300
44446
44505
45087
45209
45211
45225
45276
45317
45344
45514
45575
45601
45775
45896
46031
46086
46314
46323
46495
46557
46597
46656
46690
46741
46787
46899
46932
47016
47046
47417
47703
47860
47873
47880
47987
48268
48391
48411
48475
48497
48503
48551
48658
48729
48832
48860
49012
49371
49384
49604
49716
49741
49812
49866
50036
50112
50137
50153
50421
50435
50752
50905
51062
51220
51295
51355
51400
51504
51514
51639
51642
51655
51879
52005
52120
52124
52163
52177
52234
52475
52584
52631
52834
52980
53038
53124
53146
53292
53301
53483
53646
53682
53700
53821
53948
54000
54016
54079
54100
54250
54298
54482
54581
54753
55037
55086
55116
55127
55151
55209
55211
55296
55343
55445
55479
55569
55573
55620
55624
55693
55735
55738
55790
55863
55951
56061
56098
56579
56635
56745
56767
56802
57194
57205
57350
57413
57434
57475
57840
57877
57961
57968
58002
58221
58533
58549
58608
58912
59137
59146
59322
59402
59420
59427
59506
59510
59603
59978
60004
60049
60142
60143
60251
60477
60511
60578
60889
60899
60930
60988
61083
61094
61250
61275
61471
61565
61575
61608
61767
61882
61897
62074
62103
62119
62153
62167
62330
62338
62502
62561
62606
62672
62703
62806
62955
63162
63379
63503
63654
63797
63945
63972
64053
64248
64306
64351
64371
64408
64563
64566
64576
64596
64795
65019
65147
65233
65304
65405
65470
65526
65662
65767
65793
65804
65810
65924
65997
66021
66130
66284
66347
66361
66458
66646
66721
66765
66980
66984
67000
67095
67185
67218
67454
67578
67580
67703
67733
67774
68060
68150
68170
68261
68652
68669
69205
69478
69645
69688
69791
69846
69888
70002
70058
70100
70199
70234
70366
70606
70755
70783
70801
71154
71160
71349
71452
71542
71549
71556
71609
71667
71787
71906
71912
71951
71968
72088
72099
72112
72186
72254
72262
72467
72537
72740
72757
72821
72981
72983
73143
73331
73340
73481
73873
73978
74150
74168
74171
74289
74504
74521
74591
74606
74867
75025
75120
75267
75408
75493
75506
75515
75652
75764
75781
75896
76092
76112
76307
76470
76864
76932
76960
77077
77212
77235
77353
77412
77459
77509
77570
77580
77891
77987
78492
78506
78571
78636
78675
78884
78958
79083
79099
79176
79282
79306
79328
79335
79663
79770
79833
79951
80089
80107
80245
80256
80527
80753
80756
80866
80870
81076
81196
81289
81330
81350
81365
81376
81425
81427
81513
81562
82492
82496
82629
82644
82733
83059
83104
83177
83247
83349
83390
83533
83772
83884
83949
83951
84076
84148
84187
84229
84343
84386
84444
84452
84686
84769
84780
84830
84920
84942
84997
85000
85058
85093
85099
85242
85261
85369
85515
85522
85525
85634
85643
85811
85969
86141
86191
86202
86365
86447
86658
86984
87116
87253
87267
87628
87994
88012
88046
88210
88250
88324
88355
88370
88482
88489
88496
88502
88571
88617
88634
88951
89001
89142
89373
89421
89482
89498
89854
89856
89871
90053
90396
90534
90848
90921
90938
90949
90951
90968
90982
91046
91125
91131
91417
91459
91516
91838
91987
92047
92326
92484
92529
92681
92747
92772
92792
92935
92950
93076
93124
93231
93426
93458
93511
93610
93620
93678
93746
93831
93884
93909
93942
93948
94072
94085
94094
94267
94336
94344
94496
94498
94605
94667
94692
94719
94833
94920
94923
95004
95006
95111
95377
95385
95805
95812
95896
96015
96029
96053
96165
96231
96313
96377
96517
96600
96609
96628
96959
97044
97188
97283
97605
97676
97813
97927
98042
98050
98087
98101
98127
98198
98210
98310
98409
98410
98656
98661
98698
98754
98762
98765
98877
98994
99117
99228
99236
99266
99389
99530
99575
99592
99682
99720
99812
99862
99937
100042
100120
100254
100276
100393
100411
100579
100683
100707
100767
100916
100996
101320
101324
101333
101453
101520
101544
101575
101732
101925
102177
102189
102211
102233
102349
102354
102443
102472
102596
102603
102675
102757
102814
102839
102938
103031
103107
103680
103770
103827
104057
104073
104280
104344
104543
104792
104800
104893
104913
104933
105023
105025
105066
105072
105185
105507
105658
105717
105776
105918
106029
106156
106209
106220
106275
106324
106720
106742
106864
106915
107056
107092
107248
107444
107501
107552
107733
107937
108123
108193
108735
108767
108788
108903
108930
109003
109045
109090
109113
109115
109119
109162
109239
109620
109843
109962
110023
110110
110228
110972
111147
111197
111229
111245
111372
111478
111488
111702
111819
111825
111861
111874
111952
112033
112100
112166
112172
112327
112432
112589
112628
112675
112728
112753
112787
112823
112952
113071
113184
113275
113442
113646
113694
113774
113824
114011
114174
114241
114259
114274
114309
114776
114861
114909
114915
114927
114948
115080
115360
115711
115841
116077
116187
116245
116268
116354
116408
116513
116718
116785
116787
117118
117195
117384
117386
117560
117598
117603
117628
117757
117880
117893
117939
118054
118236
118245
118251
118284
118418
119247
119273
119339
119375
119502
119756
119870
120062
120127
120148
120268
120386
120410
120457
120619
120677
120863
120973
121219
121233
121274
121304
121464
121755
121890
121958
122071
122152
122325
122549
122766
122828
122850
123132
123278
123398
123599
123762
123831
123842
123900
123951
124091
124096
124105
124134
124242
124295
124329
124438
124536
124541
124745
124797
124824
125002
125013
125079
125083
125181
125425
125587
125723
125834
125836
125859
125924
125992
126115
126279
126299
126458
126480
126491
126504
126532
126599
126639
126717
126783
126816
126918
127147
127201
127272
127449
127541
127550
127606
127853
127966
127990
128113
128143
128470
128473
128513
128577
128588
128626
128803
128850
128897
129101
129267
129361
129369
129467
129543
129647
129749
129772
129797
129907
130004
130134
130141
130217
130371
130489
130492
130697
130858
130909
130952
130997
131116
131141
131390
131406
131450
131554
131628
131717
131897
131954
131991
132050
132123
132128
132140
132176
132721
132742
132751
132875
133047
133068
133386
133431
133495
133505
133774
133807
134017
134135
134146
134206
134266
134591
134789
134836
134958
134960
134970
135200
135394
135503
135697
135732
135815
135998
136014
136085
136088
136422
136426
136470
136782
136806
136844
136883
136936
136953
136985
137018
137090
137261
137284
137485
137505
137523
137550
137577
137806
137812
137837
137845
137917
138351
138496
138569
138610
138661
138677
139005
139040
139076
139126
139261
139373
139393
139574
139761
139821
140123
140189
140228
140287
140291
140464
140552
140746
140766
140853
140869
141049
141065
141190
141284
141470
141952
142056
142410
142562
142584
142647
142683
142851
142900
143154
143274
143483
143623
143723
143769
143919
143938
144070
144150
144317
144556
144635
144705
144824
144904
145002
145207
145213
145264
145271
145273
145528
145755
145771
145889
145979
146211
146303
146336
146646
146820
146951
146975
147075
147175
147240
147267
147399
147420
147454
148143
148214
148227
148255
148261
148296
148301
148933
149135
149142
149209
149213
149221
149382
149386
149426
149429
149466
149676
149892
150273
150327
150383
150527
150691
150819
150838
150851
150942
151053
151165
151178
151226
151272
151382
151458
151506
151574
151619
151677
151770
151863
152127
152553
152778
152853
152888
152902
153014
153133
153251
153263
153281
153414
153684
154081
154148
154183
154192
154283
154286
154444
154471
154565
154674
154944
154953
155246
155268
155338
155570
155571
155580
155841
155843
155844
155923
156037
156055
156063
156271
156278
156291
156364
156455
156495
156553
156605
156760
156770
156831
156887
156953
157152
157252
157295
157305
157384
157389
157546
157638
157821
157829
157942
157956
157966
157980
158101
158251
158344
158359
158506
158686
158687
158702
158785
158919
159019
159198
159205
159342
159396
159494
159884
159896
159922
159999
160027
160226
160444
160775
160808
160842
161003
161026
161232
161357
161620
161744
162054
162118
162308
162749
163148
163157
163201
163328
163370
163413
163454
163538
163678
163727
163746
163837
163908
164113
164210
164405
164472
164489
164533
164612
164658
164719
164987
165056
165250
165681
165754
165815
166056
166079
166173
166384
166518
167016
167322
167374
167456
167546
167840
167967
168010
168029
168074
168150
168336
168384
168417
168555
168597
168687
168738
169132
169138
169282
169366
169600
169787
169823
169838
169995
169997
170195
170380
170473
170860
170898
170902
171047
171107
171128
171150
171169
171247
171330
171347
171511
171699
171788
171840
172220
172382
172450
172576
172632
172739
172780
172922
172930
172943
172959
173073
173144
173179
173215
173311
173335
173406
173607
173639
173716
173751
173773
174139
174182
174221
174289
174290
174339
174466
174492
174516
174536
174543
174780
174985
175009
175096
175158
175179
175321
175369
175446
175558
175565
175568
175686
175768
175807
175900
175905
176020
176140
176312
176354
176368
176397
176585
176769
176875
176897
176929
177116
177152
177321
177407
177464
177468
177549
177623
177657
177666
177672
177808
177822
177881
177886
177926
178139
178313
178406
178424
178455
178565
178751
178951
179026
179308
179310
179562
179583
179610
179642
179750
179796
179852
180172
180178
180401
180528
180546
180563
180567
180835
180913
180990
181197
181375
181414
181422
181480
181485
181544
181567
181653
181681
181916
182038
182100
182102
182159
182268
182297
182516
182566
182588
182705
182751
182834
182877
183127
183421
183491
183501
183852
184022
184065
184089
184385
184629
184655
184730
184743
184902
184982
184995
185133
185418
185648
185813
185839
185891
185901
185965
185979
186016
186019
186134
186200
186258
186358
186420
186437
186689
186708
186721
186820
186831
187126
187176
187264
187270
187333
187445
187452
187700
187735
187794
187859
188072
188292
188301
188316
188547
188684
189052
189215
189284
189322
189359
189480
189484
189594
189659
189779
189917
190135
190223
190249
190252
190340
190452
190737
190783
190864
191135
191150
191239
191294
191322
191424
191445
191782
191810
191822
191854
191882
191899
191981
192072
192277
192685
193051
193069
193088
193156
193248
193353
193535
193578
193637
193645
193698
193826
193995
194146
194235
194272
194529
194721
194766
194863
194868
194943
195034
195037
195148
195270
195445
195527
195561
195596
195905
196014
196230
196488
196550
196708
196815
196988
197222
197241
197349
197491
197613
197621
197648
197703
197781
197854
197943
197993
198006
198029
198161
198196
198294
198430
198699
198744
198802
198813
198997
199119
199429
199443
199500
199614
199755
199956
200218
200220
200256
200350
200527
200863
200901
200989
201053
201084
201175
201230
201289
201340
201471
201635
201731
201760
201896
201942
201969
201982
202162
202222
202231
202336
202579
202597
202641
202690
202747
202809
202895
202921
203187
203235
203255
203333
203643
203773
204080
204291
204408
204561
204761
204786
204806
204845
205041
205113
205208
205222
205346
205697
205783
205989
206145
206309
206359
206446
206490
206525
206559
206691
206766
206780
206866
206969
207011
207045
207075
207105
207246
207476
207545
207650
207745
207832
207934
207980
208124
208161
208246
208277
208425
208467
208520
208598
208602
208623
208645
209142
209440
209461
209884
209902
210067
210198
210326
210359
210538
210575
210586
210626
210662
210708
210747
210791
211167
211267
211274
211486
211503
211582
211673
211774
211839
211841
211879
211950
212049
212059
212080
212129
212162
212233
212727
212870
212943
213009
213082
213116
213297
213391
213560
213608
213618
213713
213877
214089
214272
214415
214459
214950
214980
214981
215001
215063
215067
215114
215141
215230
215259
215318
215693
215793
215940
216001
216018
216114
216147
216148
216303
216313
216709
216859
216910
216994
217056
217136
217202
217223
217237
217291
217294
217656
217660
217813
217860
217929
217978
218068
218184
218257
218279
218419
218420
218457
218743
218760
218940
219027
219317
219469
219507
219647
219681
219682
219963
220078
220109
220179
220200
220277
220433
220553
220664
220681
220804
220832
221132
221137
221224
221260
221412
221414
221425
221453
221509
221588
221681
221689
221825
221958
222092
222258
222324
222362
222488
222579
222714
222785
222901
222931
222986
223085
223095
223445
223490
223548
223656
223729
223734
223786
223796
223803
223810
223880
224065
224126
224135
224161
224312
224351
224532
224646
224658
224782
224790
224802
224901
225147
225663
225700
225779
225852
225966
226040
226100
226137
226281
226556
226596
226949
227016
227047
227050
227326
227395
227558
227600
227654
227695
228017
228093
228127
228168
228290
228526
228544
228572
228684
228765
228916
228933
229309
229424
229475
229578
229634
229762
229883
230061
230303
230352
230400
230526
230537
230644
230646
230719
230729
230855
230903
230942
230946
231043
231266
231274
231348
231418
231602
231639
231738
231796
231838
231935
232064
232159
232298
232314
232407
232534
232722
232756
232782
232848
232879
233034
233046
233168
233197
233560
233684
233747
233798
233835
234058
234097
234189
234336
234481
234486
234660
234756
234873
234875
234880
235260
235464
235511
235576
235715
235824
235951
235968
236024
236045
236074
236552
236625
237113
237138
237361
237379
237422
237465
237608
237634
237747
237789
237860
237916
238105
238153
238308
238411
238435
238440
238443
238663
238690
239145
239164
239479
239588
239658
239727
239745
239798
239961
239976
240108
240316
240464
240498
240506
240553
240579
240614
240699
241057
241076
241296
241299
241330
241369
241658
241681
241779
242310
242326
242419
242466
242507
242593
242761
242918
243000
243030
243369
243447
243569
243612
243615
243717
243795
244024
244103
244119
244136
244285
244630
244675
244744
245125
245161
245198
245527
245815
245826
245899
246009
246013
246056
246143
246215
246312
246436
246438
246466
246509
246611
246612
246843
246992
246998
247007
247241
247333
247610
247788
247856
247860
247872
247942
247956
248203
248222
248253
248322
248380
248461
248650
248770
248881
249089
249218
249348
249397
249485
249558
249900
249989
250173
250210
250344
250347
250429
250530
250568
250600
250634
250649
250808
250889
250902
250921
250953
251122
251124
251241
251283
251655
251796
251839
251958
251983
252161
252212
252224
252232
252460
252517
252555
252789
252839
252920
252966
253076
253171
253274
253367
253423
253512
253695
253706
253715
253958
254137
254199
254237
254248
254280
254324
254412
254565
254840
254939
255004
255007
255055
255092
255223
255493
255571
255618
255632
255638
255711
255788
255840
255841
255842
255921
255952
256003
256137
256181
256205
256282
256338
256461
256550
256775
256857
257065
257169
257170
257248
257588
257639
257642
257726
257969
258043
258215
258296
258450
258538
259172
259351
259357
259385
259475
259508
259516
259703
259826
259848
260060
260071
260072
260079
260108
260215
260236
260251
260382
260470
260500
260780
260884
260894
261091
261128
261163
261240
261395
261449
261478
261608
261610
261623
261835
261946
262273
262311
262342
262566
262606
262622
262656
262676
262913
263039
263082
263086
263180
263192
263229
263236
263355
263386
263423
263518
263554
263674
263713
263851
263981
264001
264025
264195
264200
264229
264261
264315
264349
264376
264565
264604
264652
264800
264840
264984
265005
265477
265493
265716
265774
265980
266004
266106
266485
266576
266591
266665
266668
266737
266782
266808
266894
267043
267145
267231
267331
267788
268027
268179
268265
268533
268577
268779
268802
269100
269279
269289
269469
269473
269579
269582
269637
269688
269773
269799
269869
269946
270087
270277
270398
270462
270488
270508
270541
270769
270783
270970
271240
271243
271465
271503
271695
271950
272028
272568
272669
272774
272779
272799
272969
273203
273347
273385
273403
273675
273712
273715
273755
273958
274127
274427
274447
274570
274809
274821
274852
274867
274895
274983
275029
275176
275177
275246
275252
275305
275308
275367
275456
275614
275626
275714
275763
276032
276085
276126
276192
276209
276267
276291
276435
276729
276793
276800
276855
276878
276894
276944
276972
277446
277489
277503
277508
277544
277677
277691
277715
277772
278188
278205
278548
278569
278646
278797
279080
279196
279485
279536
279537
279597
279726
279783
279989
280062
280146
280260
280317
280333
280391
280450
280586
280643
280728
280918
280941
280989
281166
281256
281330
281422
281562
281637
281782
282358
282554
282570
282576
282710
283510
283520
283563
283626
283671
283916
283937
283971
283992
284270
284379
284400
284434
284564
284834
284918
285084
285100
285188
285201
285253
285286
285350
285383
285450
285555
285634
285764
285870
285886
285917
285942
286133
286220
286282
286334
286387
286411
286558
286673
287304
287323
287717
287740
287787
287797
287911
287973
288045
288047
288075
288086
288109
288114
288271
288349
288555
288614
288625
288657
288852
288872
289024
289170
289203
289277
289311
289678
289878
289920
289985
290070
290161
290308
290616
290693
290820
291231
291325
291366
291388
291396
291523
291614
291625
291759
291767
291859
291864
291866
291915
291986
291996
292065
292285
292430
292450
292643
292648
292660
292675
292678
292695
293174
293290
293342
293354
293635
294077
294244
294271
294368
294605
294823
294830
295364
295554
295596
295896
295997
296133
296393
296576
296655
296737
296834
297030
297037
297160
297388
297408
297420
297687
297775
297819
298007
298022
298064
298079
298100
298101
298106
298211
298376
298470
298662
298689
298812
298856
299065
299134
299494
299590
299601
299630
299751
299801
299813
299843
300230
300334
300379
300810
300862
300986
300999
301198
301298
301407
301508
301518
301762
301781
301792
301917
302263
302429
302541
302581
302839
302938
303057
303121
303127
303382
303442
303550
303661
303673
303685
303726
303822
304041
304286
304391
304890
304986
305034
305066
305088
305123
305127
305251
305316
305521
305593
305660
305791
305893
305941
305969
305986
306017
306073
306282
306350
306751
306997
307039
307087
307155
307222
307250
307333
307352
307354
307374
307433
307435
307456
307477
307510
307843
308024
308050
308070
308385
308476
308497
308498
308671
308690
308709
308757
308801
308845
308923
308976
309010
309178
309232
309234
309281
309505
309536
309571
309647
309724
309748
309757
309789
309861
309970
309971
310156
310196
310545
310605
310632
310857
310860
311099
311187
311194
311474
311485
311486
311582
311603
311613
311629
311772
311857
312031
312097
312149
312168
312280
312538
312540
312685
312703
312718
312792
312964
313064
313095
313154
313200
313259
313339
313355
313675
313711
313732
313854
313984
314086
314173
314332
314487
314524
314659
314759
314841
314931
314987
315469
315778
315828
315870
315876
315959
315978
316007
316026
316050
316181
316219
316316
316416
316500
316627
316628
316702
316809
316968
316983
317099
317121
317317
317369
317395
317548
317648
317679
317693
318098
318301
318352
318361
318449
318807
318841
318861
318961
318962
319086
319153
319161
319212
319384
319395
319417
319749
319759
319782
319810
319855
319884
320115
320341
320429
320551
320755
320974
321024
321120
321161
321163
321344
321556
321580
321713
322133
322268
322307
322333
322575
322596
322872
322905
322906
322994
323009
323049
323060
323136
323226
323244
323260
323263
323507
323611
323615
323777
324207
324357
324455
324494
324509
324582
324647
324664
324818
324842
324868
324915
324960
325003
325017
325167
325183
325421
325424
325460
325610
325929
325955
326041
326045
326099
326107
326253
326308
326563
326613
326689
326694
326874
326935
326936
326991
327011
327046
327079
327153
327460
327474
327485
327489
327584
327605
327631
327693
327718
327721
327912
327973
328007
328016
328060
328167
328213
328229
328444
328449
328562
328617
328650
328776
328956
328989
329098
329136
329230
329346
329347
329372
329400
329435
329585
329590
329792
329863
330078
330179
330204
330541
330592
330602
330641
330650
330656
330660
330706
330757
330831
330836
331002
331060
331213
331256
331295
331355
331356
331367
331382
331643
331714
331866
332008
332066
332214
332303
332343
332434
332546
332557
332698
332719
332850
332935
333167
333275
333306
333624
333683
333757
333838
333954
334059
334213
334332
334376
334436
334448
334527
334559
334610
334705
334863
334884
334891
334904
334940
334943
335179
335216
335230
335275
335321
335425
335440
335558
335574
335614
335724
335797
335817
335907
336092
336103
336152
336159
336227
336363
336461
336537
336575
336617
336742
336844
336848
337034
337086
337348
337706
337750
337815
337970
338154
338160
338338
338635
338650
338691
338903
338937
339062
339138
339169
339194
339273
339283
339422
339483
339529
339665
339785
339859
339954
339997
340032
340168
340454
340511
340573
340654
340735
340962
341111
341228
341270
341488
341536
341539
341573
341645
341713
341743
341996
342064
342233
342292
342392
342631
342653
342840
342944
342994
343056
343070
343171
343228
343294
343298
343452
343645
343665
343712
343895
343974
343978
344217
344250
344271
344331
344357
344581
344730
345119
345277
345325
345417
345456
345583
345626
345876
345903
346089
346115
346374
346633
346747
346794
346932
346981
347261
347388
347944
348103
348133
348299
348350
348649
348683
348749
348829
348901
349080
349242
349285
349354
349410
349618
349641
349673
349728
349901
350078
350208
350241
350403
350405
350531
350627
350850
350952
351002
351050
351119
351142
351259
351489
351527
351558
351668
351961
351997
352198
352387
352462
352692
352695
352717
352779
352890
352942
352979
353005
353434
353446
353553
353597
353853
353881
353974
354059
354077
354141
354303
354680
354773
354785
354858
354913
354985
355219
355226
355432
355451
355550
355664
355825
355826
355888
355900
355933
356066
356080
356160
356274
356339
356889
356899
356962
357051
357160
357300
357342
357350
357460
357530
357596
357697
357774
357927
358006
358015
358037
358080
358274
358414
358451
358566
358639
358646
358684
358782
359018
359075
359112
359138
359149
359396
359452
359530
359618
359651
359780
359887
360164
360281
360486
360518
360774
360798
360857
361045
361052
361124
361189
361208
361211
361244
361283
361377
361395
361466
361591
361608
361798
361814
361875
362222
362325
362337
362402
362411
362463
362562
362623
362652
362671
362692
362764
363145
363148
363156
363179
363455
363465
363512
363879
363911
363959
364048
364245
364356
364612
365257
365409
365411
365621
365662
365876
365973
365981
366058
366207
366231
366438
366446
366646
366666
366689
366811
366930
366937
367248
367257
367407
367434
367653
367772
367824
367932
368105
368191
368212
368218
368246
368323
368553
368748
369033
369156
369252
369270
369370
369514
369613
369621
369788
369793
369811
369879
369894
369944
369951
370054
370184
370210
370361
370591
370635
370647
370830
370978
371006
371108
371165
371345
371364
371523
371674
371924
372000
372178
372290
372448
372857
372936
372955
373112
373198
373327
373395
373489
373518
373568
373648
373688
373720
374165
374245
374531
374655
374774
374791
374793
374822
374962
375045
375049
375077
375109
375119
375233
375299
375392
375599
375632
375651
375836
376055
376061
376106
376158
376192
376194
376386
376398
376535
376588
376709
376962
377259
377419
377430
377770
377774
377790
377840
378022
378073
378098
378214
378293
378430
378474
378597
378675
378798
379050
379226
379227
379302
379334
379381
379444
379451
379621
379671
379836
379982
380046
380196
380573
380607
380704
380990
380996
381035
381161
381230
381793
381946
382121
382218
382234
382402
382509
382613
382636
382751
382857
382970
383052
383525
383595
383641
383683
383695
383802
383859
383992
384032
384257
384349
384388
384821
384963
385003
385177
385186
385379
385494
385540
385575
385704
385734
385752
385852
386089
386150
386165
386479
386589
386817
386834
386976
387039
387227
387378
387415
387472
387810
387817
387963
388000
388135
388171
388371
388417
388444
388449
388625
388754
388815
388832
388972
389134
389356
389380
389604
389783
389871
389880
389914
390049
390256
390300
390382
390387
390482
390827
390919
391012
391172
391211
391235
391296
391693
391821
391837
391885
392109
392173
392220
392266
392273
392336
392353
392736
392869
392923
392999
393033
393131
393300
393457
393777
393835
393836
393930
394118
394127
394174
394235
394571
394591
394763
394783
395041
395236
395250
395312
395362
395392
395619
395630
395705
395816
395935
395997
396001
396204
396208
396240
396250
396510
396537
396636
396673
396705
396721
396845
396995
397083
397104
397106
397182
397221
397261
397304
397370
397447
397740
397767
397863
397928
397969
398074
398089
398100
398171
398234
398270
398489
398705
399086
399371
399468
399478
399481
399517
399518
399722
399730
399740
399859
400030
400488
400495
400513
400593
400703
400911
401041
401104
401315
401723
401726
401735
401904
401936
402020
402242
402334
402576
402578
402591
402655
402716
402831
402935
403001
403031
403061
403350
403482
403621
403721
403728
403743
403997
404053
404082
404093
404351
404412
404489
404528
404681
404759
404889
404892
404916
404929
404956
405013
405030
405039
405439
405486
405520
405543
405702
405787
406039
406109
406182
406188
406202
406231
406406
406483
406699
406915
406916
406944
407129
407209
407276
407491
407535
407544
407585
407708
407723
407799
407838
407901
408064
408105
408165
408188
408313
408324
408460
408490
408545
408616
408657
408849
408850
408860
408943
408964
408988
408994
409227
409342
409361
409494
409591
409646
409711
409747
409791
409852
409930
409997
410009
410211
410289
410344
410529
410630
410665
410839
410947
410955
410971
410975
411018
411040
411388
411489
411572
411637
411799
411883
411984
412087
412092
412133
412290
412547
412594
412633
412670
412714
412898
413065
413139
413181
413225
413434
413672
414076
414145
414481
414490
414499
414661
414789
414817
414963
414967
415132
415211
415253
415280
415285
415355
415462
415625
415642
415663
415702
415777
415799
415845
415867
415935
416139
416500
416574
416582
416644
416702
416721
416748
416951
417005
417190
417202
417308
417572
417661
417867
417965
418307
418326
418427
418604
418649
418776
418792
418812
418826
418945
418998
419070
419241
419269
419288
419472
419603
419636
419910
420005
420190
420193
420304
420358
420422
420434
420673
420795
420821
421115
421120
421143
421560
421610
421648
421683
421779
421802
421803
421880
421911
421958
422059
422162
422190
422222
422290
422443
422724
422732
423065
423110
423113
423148
423181
423206
423295
423304
423337
423434
423462
423679
423728
423729
423732
423741
423807
423848
423875
424068
424120
424318
424348
424375
424444
424543
424558
424587
424737
424822
424880
425011
425085
425092
425516
425732
425762
425844
426068
426110
426142
426179
426191
426203
426232
426326
426342
426500
426614
426672
426842
426848
426958
427002
427062
427102
427177
427328
427444
427720
427774
428062
428067
428375
428418
428549
428563
428751
428846
428956
429190
429231
429289
429290
429395
429417
429420
429555
429822
429900
430044
430071
430457
430495
430581
430702
430714
430733
430770
430941
431150
431155
431308
431524
431554
431592
431594
431626
431635
431638
431670
431676
431765
431815
431889
431994
432068
432073
432136
432274
432418
432510
432708
432851
433434
433777
433894
433921
434269
434316
434338
434454
434571
434732
434756
434759
434786
434794
434811
434893
434990
435178
435221
435389
435395
435577
435611
435624
435647
435862
436039
436048
436096
436246
436379
436398
436417
436587
436696
436723
436753
436888
436924
437134
437213
437277
437359
437411
437534
437713
437750
437888
437978
438010
438237
438339
438426
438431
438503
438507
438519
438520
438578
438753
438869
439121
439129
439205
439238
439273
439319
439323
439502
439568
439831
439854
439864
439880
440173
440247
440258
440358
440528
440719
440721
440743
440760
440948
440962
440964
441582
441649
441696
441874
441876
442160
442466
442559
442581
442768
442870
442889
443120
443211
443346
443366
443495
443524
443527
443538
443687
443757
443861
444119
444168
444212
444327
444339
444366
444551
444894
445006
445145
445172
445220
445292
445366
445406
445452
445586
445606
445838
445848
445938
445971
446002
446006
446063
446077
446195
446259
446263
446406
446478
446586
446623
446651
446675
446818
447094
447177
447183
447266
447687
447766
447814
448052
448075
448112
448114
448137
448256
448288
448349
448610
448671
448735
448849
448861
448886
448899
448903
448960
449083
449203
449235
449437
449510
449521
449590
449593
449630
449830
449933
450128
450230
450346
450435
450436
450566
450601
450663
451047
451067
451240
451245
451327
451465
451474
451504
451535
451604
451782
451786
451983
452524
452600
453032
453122
453126
453305
453467
453628
453710
453871
453947
453949
454037
454197
454382
454391
454433
454465
454523
454606
454704
454840
454934
455047
455097
455112
455216
455387
455535
455551
455681
455683
455697
455789
455797
455933
456024
456141
456206
456635
456812
456907
457143
457465
457636
457754
457761
457918
458085
458095
458144
458163
458224
458259
458269
458356
458534
458579
458729
458997
459016
459044
459057
459126
459259
459284
459544
459688
459689
460034
460085
460173
460500
460678
460731
460986
461073
461158
461208
461504
461556
461585
461607
461609
461726
461834
461857
461870
461939
461987
462120
462127
462165
462341
462386
462400
462642
462676
462734
462778
462947
462949
462960
463225
463310
463368
463403
463407
463478
463507
463515
463565
463576
463603
463657
463695
463836
463851
463957
464025
464253
464352
464495
464602
464621
464643
464691
464941
465302
465310
465331
465359
465569
465725
465785
466042
466117
466184
466214
466519
466664
466848
466981
467054
467185
467203
467284
467648
467825
467838
467839
467946
467966
468075
468127
468315
468338
468359
468486
468522
468671
468753
468890
469059
469074
469115
469308
469487
469744
469890
470033
470057
470131
470209
470265
470272
470497
470693
470708
470787
470808
470966
471019
471058
471236
471294
471368
471408
471423
471524
471557
471586
471663
471743
471880
471907
471951
471967
472177
472315
472329
472367
472434
472460
472619
472675
472914
473014
473232
473343
473394
473498
473522
473607
473787
473794
474046
474171
474316
474413
474428
474568
474602
474758
474902
474923
474939
475080
475546
475699
475851
475901
475914
476022
476152
476189
476258
476330
476385
476423
476437
476559
476695
476855
477075
477101
477119
477479
477529
477652
477688
477689
477921
477974
478031
478083
478135
478218
478265
478305
478507
478514
478585
478615
478746
478785
478794
478799
478875
478926
479205
479325
479331
479595
479621
479774
479791
479852
479866
479909
479973
480031
480036
480105
480184
480392
480411
480434
480485
480629
480690
481149
481217
481296
481306
481485
481555
481610
481725
481739
481788
482098
482168
482201
482314
482323
482441
482624
482640
482668
482699
482752
482849
482922
483026
483242
483287
483289
483382
483408
483409
483416
483510
483511
483569
483662
483694
483896
484011
484013
484031
484082
484131
484150
484203
484417
484503
484519
484542
484605
484731
484918
484945
485013
485083
485143
485336
485354
485371
485389
485419
485487
485532
485770
485852
485913
486017
486146
486163
486396
486573
486707
486710
486889
486921
486925
486967
487068
487135
487164
487208
487317
487425
487539
487546
487599
488003
488096
488148
488229
488448
488556
488713
488811
488934
489016
489043
489103
489128
489208
489234
489323
489522
489672
489682
489694
489799
489838
489899
490075
490234
490452
490453
490550
490552
490632
490650
490769
490801
490809
491051
491096
491130
491256
491326
491344
491372
491374
491519
491536
491648
491930
492287
492346
492657
492708
492744
492749
492853
492865
492946
492978
492984
493143
493393
493449
493698
493771
494027
494131
494404
494437
494552
494605
494640
494692
494693
494694
494984
495069
495261
495319
495441
495633
495662
495715
495897
496053
496295
496339
496396
496550
496570
496658
497047
497165
497200
497221
497305
497360
497396
497622
497629
497809
497931
497943
497955
498008
498032
498114
498146
498178
498435
498469
498475
498514
498943
499018
499165
499168
499250
499261
499689
500119
500149
500151
500581
500674
500865
500950
501008
501383
501500
501538
501561
501570
501581
501652
501654
501708
501855
501920
501956
502007
502009
502032
502221
502438
502573
502785
502800
502838
502850
502899
503103
503357
503445
503493
503566
503583
503625
503713
503779
503872
504031
504088
504152
504372
504387
504480
504526
504748
504932
505102
505170
505231
505363
505514
505562
505826
505865
505901
505903
505933
505955
505967
506216
506969
507077
507155
507449
507576
507616
507746
507754
507794
507916
507918
507919
508030
508053
508113
508122
508188
508191
508279
508368
508396
508601
508642
508655
508656
508720
508806
508875
508999
509179
509242
509493
509522
509534
509721
509779
509811
509847
510037
510167
510452
510472
510654
510774
510992
511031
511203
511222
511451
511536
511721
511772
511848
512006
512052
512091
512285
512304
512315
512420
512443
512504
512632
512666
512667
512684
512877
512896
512906
512971
513036
513042
513282
513433
513793
513927
513965
514065
514069
514106
514120
514317
514440
514463
514652
514902
515065
515312
515360
515417
515664
515784
515840
515965
516024
516059
516162
516274
516293
516360
516442
516468
516569
516620
516635
516718
517051
517066
517142
517165
517173
517330
517424
517469
517622
517662
517703
517746
517769
517877
517971
517989
518252
518291
518502
518615
518944
519112
519136
519245
519349
519678
519922
519923
519995
520036
520060
520262
520314
520542
520577
520634
520672
520777
520787
520792
520935
520991
521118
521201
521465
521711
521831
521930
522023
522057
522076
522136
522158
522331
522686
522708
522798
522815
522816
522855
522988
523032
523073
523131
523134
523316
523449
523480
523565
523631
523662
523709
523834
523880
524035
524124
524247
524263
524281
524427
524500
524725
524737
524986
525011
525053
525063
525230
525295
525364
525556
525607
525634
525680
525723
525898
526018
526166
526192
526281
526296
526331
526952
526995
527065
527131
527169
527238
527476
527563
527837
527887
527909
528079
528090
528140
528285
528303
528351
528360
528609
529009
529034
529265
529358
529668
529675
529710
529742
529761
529849
529982
530106
530232
531043
531049
531198
531223
531344
531390
531518
531524
531647
531713
531815
531949
532102
532119
532134
532817
532845
532887
532934
533215
533260
533407
533505
533506
533706
533756
533962
534058
534352
534361
534392
534458
534492
534628
534674
534740
534816
534903
534961
535043
535074
535282
535430
535649
535817
535967
536147
536386
536416
536425
536450
536451
536480
536508
536619
536875
536910
537018
537138
537195
537251
537266
537309
537336
537379
537391
537686
537739
537840
537908
537937
538202
538305
538338
538447
538461
538558
538660
538726
538750
539128
539151
539281
539314
539385
539696
539739
539803
539849
539903
539959
540136
540304
540483
540703
540767
540845
540862
541162
541167
541224
541350
541539
541557
541666
541845
541929
542158
542167
542676
542722
542738
542846
542859
542872
542921
542952
542958
543099
543315
543317
543479
543699
543730
543834
544058
544085
544132
544179
544185
544201
544484
544565
544795
544859
544887
545090
545312
545384
545512
545930
545963
546012
546014
546111
546181
546214
546289
546306
546548
546712
546932
547303
547430
547737
547757
547919
548080
548192
548210
548337
548359
548403
548411
548534
548535
548625
548658
548671
548727
548847
548866
548878
548965
549100
549195
549229
549243
549279
549442
549608
549632
549643
549682
549721
549740
549904
549908
550029
550119
550837
550856
550974
551114
551156
551183
551470
551665
551765
551783
551896
551911
551913
551965
552012
552148
552166
552206
552279
552582
552650
552950
553090
553093
553257
553438
553448
553480
553548
553748
553927
553965
553973
554088
554166
554170
554203
554236
554282
554306
554313
554316
554357
554388
554399
554416
554453
554618
554983
555272
555325
555360
555530
555587
555639
555658
555695
555977
556101
556192
556213
556290
556353
556361
556618
556652
556668
556693
556828
556874
556949
557228
557299
557325
557379
557406
557448
557542
557549
557831
557934
558003
558011
558044
558076
558133
558151
558386
558633
558722
558798
558818
558819
558853
558876
558883
558897
558959
559010
559040
559078
559118
559120
559131
559275
559388
559399
559400
559408
559427
559445
559567
559739
559806
559835
559916
560032
560098
560099
560246
560302
560328
560394
560405
560487
560518
560620
560857
560879
560905
561018
561210
561288
561357
561497
561656
561659
561811
561813
562089
562118
562122
562288
562397
562781
562799
562800
562935
562994
563062
563142
563229
563254
563257
563298
563421
563486
563548
563584
563850
564223
564465
564481
564694
564708
564767
564854
564876
564900
564929
565048
565054
565057
565334
565431
565541
565637
565682
565707
565782
565928
566009
566079
566085
566142
566195
566267
566352
566849
566957
567087
567287
567300
567396
567491
567577
567752
567865
568041
568305
568348
568376
568410
568461
568532
568591
568838
568879
569146
569364
569533
569721
569742
569784
569798
569881
569894
569966
570172
570461
570607
570626
570716
570975
571068
571191
571244
571294
571352
571353
571400
571446
571632
571666
571804
571929
572092
572095
572145
572568
572574
572585
572587
572749
572767
573024
573052
573076
573085
573180
573193
573201
573205
573374
573438
573523
573684
573695
573814
573846
573868
573910
574192
574237
574322
574397
574501
574826
574884
574963
575278
575288
575382
575438
575579
575637
575734
575742
575762
575763
575794
575875
575885
575900
575969
576012
576027
576242
576339
576348
576406
576512
576548
576566
576657
576893
576950
577562
577670
577718
577813
577862
578086
578195
578210
578215
578221
578250
578539
578552
578666
578673
578809
578933
579032
579185
579300
579460
579494
579623
579684
579688
579751
579818
579983
580143
580400
580514
580534
580552
580590
580811
580829
580850
580931
580951
580953
580973
581150
581208
581231
581244
581277
581406
581698
581858
582081
582220
582422
582487
582587
582720
582923
583013
583410
583456
583477
583597
583623
583910
583970
584004
584169
584311
584648
584709
584727
584731
584872
584892
585084
585087
585108
585187
585192
585340
585421
585436
585454
585493
585558
585611
585671
585707
585723
585734
585799
585942
586144
586190
586533
586551
586692
587026
587112
587248
587276
587778
587781
587794
587960
588209
588364
588417
588602
588637
588897
588920
588966
588992
589157
589225
589625
590034
590625
590822
590937
590941
591160
591280
591831
591922
592126
592253
592259
592370
592384
592460
592465
592481
592512
592544
592659
592773
592777
592932
592955
592958
592972
592994
593127
593136
593164
593291
593408
593425
593495
593521
593632
593925
593973
594063
594090
594185
594677
594818
594986
594989
595084
595162
595245
595317
595418
595767
595801
595982
596095
596233
596269
596354
596461
596603
596808
596865
596887
597057
597111
597139
597159
597285
597326
597341
597467
597560
597808
597834
597880
597931
597984
598363
598427
598543
598605
598706
599190
599273
599419
599454
599527
599653
599920
599942
599968
600078
600087
600461
600529
600575
600579
600615
600815
600823
600829
600845
600856
600939
600993
601272
601432
601646
601955
601971
602096
602150
602329
602364
602414
602461
602539
602572
602585
602621
602651
602688
602773
602834
603332
603804
604178
604269
604663
604670
604729
604886
605002
605086
605089
605211
605418
605670
605822
605866
606048
606092
606154
606214
606324
606524
606529
606738
606905
607136
607168
607238
607239
607241
607340
607435
607540
607551
607556
607566
607595
607639
607700
607732
607760
607794
607902
608433
608480
608578
609314
609469
609535
609536
609595
609620
609749
609761
609953
610000
610014
610081
610323
610385
610490
610640
610675
610805
610850
610862
610924
611039
611144
611197
611311
611384
611386
611626
611828
611846
611956
612009
612148
612175
612478
612594
612617
612791
612844
612860
612982
613129
613180
613215
613223
613284
613383
613414
613509
613741
613787
613811
614014
614065
614115
614179
614208
614243
614282
614332
614378
614490
614495
614812
614847
615013
615034
615073
615091
615109
615119
615169
615232
615361
615936
616139
616240
616331
616434
616739
616845
616902
616980
617037
617097
617127
617182
617259
617409
617505
617589
617610
618335
618388
618580
618599
618652
618671
618927
618992
619004
619363
619375
619403
619524
619600
619808
619836
619837
619853
619927
620011
620134
620300
620332
620440
620585
620717
620725
620791
620809
620837
620853
620884
620986
621000
621124
621152
621200
621202
621365
621387
621616
621819
622050
622052
622295
622416
622451
622565
622568
622796
622852
622866
623064
623106
623231
623351
623657
623713
623733
624162
624436
624482
624511
624620
624681
624701
624710
624739
624905
624957
624978
625014
625279
625290
625317
625511
625514
625587
625705
625730
625957
626250
626267
626317
626407
626416
626543
626609
626677
626725
626840
626980
627044
627150
627313
627328
627337
627373
627518
627662
627836
628210
628350
628785
628796
628827
629033
629069
629432
629870
630065
630239
630325
630366
630599
630606
630719
630761
630774
630983
631019
631045
631265
631383
631440
631443
631505
631565
631577
631637
632028
632084
632236
632269
632403
632460
632566
632579
632942
633189
633238
633344
633385
633396
633477
633644
633909
634190
634260
634328
634556
634564
634853
634871
634895
634929
635067
635395
635467
635518
636071
636109
636237
636361
636479
637313
637345
637380
637507
637577
637813
637913
637942
638091
638197
638219
638309
638392
638606
638647
638828
638910
639046
639342
639486
639493
639509
639687
639725
639916
639987
640089
640146
640350
640438
640564
640634
640770
640844
640930
641006
641078
641088
641199
641424
641652
641714
641863
641950
642068
642096
642521
642802
642979
643292
643304
643368
643693
643859
643931
644026
644382
644567
644883
644983
645083
645211
645384
645509
645566
645593
645710
645845
645980
646205
646380
646524
646746
646750
647268
647384
647524
647774
647777
647781
647933
648064
648100
648121
648127
648144
648145
648152
648232
648261
648334
648556
648702
648867
649110
649115
649141
649154
649167
649231
649324
649635
649716
649827
649928
650044
650089
650139
650310
650350
650384
650458
650487
650617
650637
650641
650844
650854
650855
650931
651027
651034
651039
651098
651123
651153
651169
651357
651438
651448
651629
651662
651895
651960
651962
652031
652142
652201
652250
652368
652608
652638
652659
652710
652731
652850
652882
653049
653174
653346
653376
653541
653614
653670
653713
653976
654245
654294
654465
654481
654492
654513
654849
654970
654981
655232
655290
655464
655544
655621
655658
655672
655705
655733
655991
656112
656331
656349
656436
656616
656682
656705
656763
656956
657141
657159
657174
657193
657241
657455
657605
657643
657653
657723
658300
658579
659102
659158
659227
659229
659306
659458
659804
659974
660006
660081
660094
660120
660156
660234
660349
660401
660441
660510
660608
660748
660751
660842
660913
660966
660990
661073
661100
661252
661331
661405
661485
661541
661706
661752
661783
661933
662235
662274
662371
662436
662458
662558
662623
662649
662660
662754
662904
662959
663365
663372
663949
664038
664103
664134
664194
664319
664345
664375
664845
665097
665163
665423
665442
665553
665704
665724
665845
665965
665994
666182
666385
666413
666773
666944
667014
667065
667092
667136
667637
667727
667730
667894
667972
668002
668121
668211
668240
668300
668398
668451
668568
668590
668844
668908
669115
669407
669482
669590
669704
669783
669819
669903
670052
670060
670278
670422
670638
670674
670713
670760
670866
670972
671224
671455
671502
671700
671789
671838
671922
672020
672297
672593
672603
672633
672648
672680
672790
672811
672841
672978
673324
673519
673779
673937
673973
674081
674094
674189
674239
674305
674349
674381
674487
674693
674718
675021
675071
675079
675121
675132
675273
675425
675434
675458
675493
675632
675657
675959
675995
676097
676220
676301
676336
676378
676467
676614
676776
676915
676962
676963
676998
677167
677270
677318
677701
678147
678185
678326
678396
678762
678962
678982
679052
679097
679099
679241
679595
679635
679785
679802
679909
679961
679980
680092
680283
680368
680418
680462
680477
680569
680727
680796
680818
680951
681093
681355
681378
681423
681645
681659
681715
681842
681856
681873
681942
682137
682198
682214
682223
682239
682509
682549
682581
682705
682770
682845
682914
682924
682940
683128
683301
683364
683662
683795
684030
684035
684040
684156
684495
684597
684654
684703
684823
684934
685194
685234
685267
685276
685403
685751
685878
685910
686039
686081
686086
686145
686205
686209
686225
686295
686339
686353
686504
686588
686882
686906
686997
687100
687161
687220
687306
687369
687387
687625
687718
687820
687828
687831
687972
688113
688285
688359
688366
688373
688417
688627
688741
688745
688837
688853
689063
689337
689490
689515
689597
689599
689717
689797
689852
689854
689917
689946
689964
690065
690190
690222
690391
690533
690544
690636
690931
691090
691135
691280
691307
691390
691437
691548
691821
691911
692152
692327
692337
692477
692545
692622
692660
692690
692727
692998
693019
693080
693106
693219
693633
693650
693782
693907
693911
693983
694044
694104
694122
694147
694180
694278
694342
694470
694508
694588
694769
694801
694834
694936
694995
695001
695242
695396
695507
695749
695796
695853
695873
695876
695905
696127
696264
696312
696329
696685
696692
696701
696746
696996
697040
697504
697602
697621
697980
698087
698221
698266
698267
698363
698639
698869
698964
698994
699558
699695
699728
699767
699773
700002
700023
700388
700398
700409
700427
700784
700849
700884
700991
701156
701181
701263
701265
701289
701319
701333
701730
701848
701889
701976
702058
702086
702514
702568
702729
702733
702781
702788
702922
703093
703365
703401
703407
703493
703816
703852
703950
704153
704279
704324
704430
704641
704691
704929
704964
704978
705044
705159
705186
705187
705688
705785
705932
705937
705940
706054
706132
706168
706310
706476
706624
706651
706749
706828
706865
706963
706981
707124
707125
707208
707258
707387
707582
707679
707702
707720
707925
707933
708046
708076
708378
708388
708504
708804
708810
708986
709062
709159
709235
709435
709465
709903
709936
710034
710092
710163
710298
710516
710581
711016
711018
711034
711050
711075
711177
711189
711195
711216
711448
711493
711570
711610
711638
711664
711709
711812
711815
711928
712338
712430
712602
712700
712997
713061
713295
713313
713490
713548
713577
713583
713601
713632
713641
713663
713682
713838
714033
714062
714255
714306
714353
714431
714485
714911
715035
715215
715325
715375
715389
715417
715470
715573
715664
715754
715871
715962
716051
716342
716346
716499
716699
717067
717074
717306
717915
717936
718092
718475
718490
718613
718710
718862
719058
719193
719338
719351
719474
719540
719833
719986
719989
720107
720150
720168
720203
720470
720618
720759
720912
720942
720962
721050
721659
721802
721902
721924
722241
722425
722468
722523
722541
722701
722811
722912
723015
723082
723333
723342
723451
723463
723613
723630
723704
723863
723943
724022
724086
724257
724476
724479
724559
724710
724825
724896
724998
725079
725162
725199
725223
725256
725277
725305
725334
725408
725481
725496
725588
725602
725682
725975
726061
726195
726407
726423
726460
726487
726509
726538
726572
726651
726712
726742
726779
726786
726907
726957
726963
727034
727036
727088
727089
727131
727350
727387
727478
727556
727598
727640
727745
727796
727842
727954
728012
728025
728269
728467
728533
728573
728684
728801
728833
728955
729096
729099
729250
729320
729341
729451
729536
729595
729627
729669
729671
729838
730219
730394
730934
731002
731034
731102
731267
731568
731752
731776
731817
731968
732240
732314
732449
732476
732740
732890
732954
733093
733135
733308
733445
733573
733806
734036
734083
734179
734247
734405
734437
734440
734567
734679
734790
734849
734995
735018
735072
735124
735400
735546
735704
735845
735987
736300
736374
736387
736603
736792
737150
737223
737283
737366
737408
737457
737535
737540
737541
737634
737694
737967
738098
738260
738336
738386
738535
738695
738718
738725
738735
738815
738822
738882
739067
739098
739150
739246
739319
739478
739496
739535
739580
739861
739938
740096
740209
740390
740719
740753
740860
740865
740911
740942
740945
741170
741316
741363
741399
741507
741572
741593
741671
741691
741932
742033
742037
742123
742171
742299
742472
742627
742632
742754
742765
742973
742989
743119
743123
743177
743694
743790
743796
743826
743934
744047
744210
744572
744600
744602
744820
744905
744938
744983
745259
745350
745357
745403
745459
745461
745597
745614
745676
745833
745928
746216
746272
746283
746441
746470
746507
746776
746793
746826
746845
747045
747148
747175
747319
747588
747744
747748
747752
747946
748042
748043
748309
748398
748412
748499
748747
748895
748905
749091
749258
749486
749504
749560
749592
749616
749744
749858
750063
750067
750074
750141
750147
750182
750209
750222
750550
750668
750673
750674
750682
750910
750951
751122
751224
751289
751385
751513
751708
751721
751765
751949
752080
752197
752247
752330
752411
752543
752558
752577
752609
752666
752732
752813
752824
752860
752952
753003
753009
753087
753166
753485
753550
753702
753791
753880
754178
754392
754486
754498
754722
754816
754834
754841
754948
755067
755159
755187
755452
755521
755657
755658
755688
755771
755825
756051
756119
756145
756182
756250
756287
756429
756531
756598
756710
756812
756915
756918
756964
757002
757022
757095
757129
757176
757252
757264
757447
757592
757751
757959
758042
758091
758180
758306
758366
758807
758847
758853
758938
758946
759092
759388
759444
759684
759783
759849
759942
759999
760232
760282
760288
760452
760509
760729
760852
760950
761024
761107
761114
761396
761596
761717
761815
761892
761954
762043
762143
762206
762226
762246
762589
762593
762655
762682
762717
762793
762818
762819
762877
762942
762955
763021
763086
763139
763153
763241
763248
763290
763341
763410
763459
763505
763583
763617
763664
763680
763989
764203
764233
764258
764655
764720
764762
764851
765051
765210
765306
765399
765687
765714
765969
766060
766150
766192
766222
766525
766740
767017
767032
767190
767207
767212
767297
767343
767345
767352
767560
767594
767608
767709
767880
767950
767983
768116
768508
768510
768559
768600
768695
768718
768993
769052
769066
769081
769126
769206
769373
769690
769745
769909
770077
770085
770126
770291
770350
770361
770709
770759
771034
771341
771448
771575
771835
771838
771842
771893
772033
772080
772192
772243
772265
772537
772686
772690
772829
772833
772857
773080
773091
773525
773593
773610
773868
773904
774001
774032
774035
774140
774337
774405
774610
774928
774946
775036
775059
775070
775139
775187
775318
775344
775406
775482
775550
775735
776495
776699
776848
777033
777079
777189
777243
777263
777344
777381
777443
777461
777480
777580
777689
777833
777893
777935
777956
778166
778273
778309
778323
778339
778407
778476
778691
778733
778763
778783
778834
778900
778947
778948
779235
779263
779291
779301
779383
779479
779534
779568
779636
779665
779820
780300
780423
780691
780732
780737
780817
780878
781009
781119
781269
781509
781586
781765
781915
782106
782129
782304
782338
782395
782649
782900
783172
783286
783291
783371
783423
783544
783547
783627
783826
783834
784533
784579
784628
784731
784737
784847
785005
785307
785363
785366
785702
785920
785971
786095
786161
786169
786350
786415
786575
786586
786607
786635
786684
786740
786782
786846
786869
786896
786972
787055
787081
787089
787230
787336
787376
787420
787424
787538
787832
787880
788162
788298
788419
788541
788557
788778
788796
789098
789147
789175
789334
789360
789449
789548
789671
789697
789724
790036
790056
790132
790334
790410
790458
790507
790562
790651
790706
790793
790798
790810
791041
791180
791212
791254
791270
791306
791324
791368
791372
791385
791387
791395
791451
791766
791962
792126
792248
792271
792413
792573
792692
792701
792703
793190
793194
793198
793261
793562
793574
793664
793673
793702
793703
793705
793733
793842
793844
793846
794018
794022
794030
794431
794481
794493
794573
794629
794786
794798
794910
794959
794979
794983
795110
795757
795765
795873
796029
796032
796226
796246
796304
796332
796462
796484
796569
796679
796860
796912
796934
796967
797015
797030
797079
797163
797270
797295
797311
797501
797525
797532
797541
797652
797656
797724
797733
797790
797845
797981
798020
798133
798136
798297
798409
798442
798813
798839
799040
799064
799266
799338
799548
799785
799828
799849
800120
800286
800353
800471
800483
800652
800674
800738
801024
801056
801467
801735
801810
801909
802024
802070
802074
802167
802194
802231
802232
802295
802427
802465
802542
802788
802801
802823
802912
802957
802994
803011
803019
803070
803131
803315
803436
803499
803511
803577
803686
803735
803983
804016
804069
804109
804247
804359
804392
804480
804796
804995
805093
805646
805785
805916
806058
806115
806171
806241
806348
806510
806904
806968
806975
807263
807526
807536
807634
807724
807922
807934
807988
808029
808099
808145
808179
808226
808237
808260
808306
808359
808388
808393
808546
808696
808806
808915
808927
809042
809050
809444
809487
809581
809707
809867
809967
810211
810244
810306
810341
810431
810535
810575
810592
810705
810831
810886
810945
811302
811365
811418
811609
811665
811704
811765
811889
811908
811958
812012
812322
812330
812518
812595
812740
812791
812842
812851
812935
813098
813132
813608
813707
813774
814126
814178
814360
814417
814433
814510
814555
814615
814686
814911
815063
815116
815206
815211
815219
815396
815486
815516
815747
815775
815805
815877
815970
816009
816165
816196
816223
816382
816458
816627
816644
816694
816714
816794
817003
817026
817129
817246
817443
817509
817588
817654
817788
817831
817863
818074
818130
818233
818234
818325
818377
818390
818426
818448
818497
818501
818713
818758
818764
819088
819207
819208
819258
819259
819388
819592
819640
819656
820074
820148
820184
820475
820491
820501
820565
820726
820792
820797
820990
820996
821200
821290
821414
821419
821442
821532
821648
821750
821986
822085
822091
822210
822233
822238
822321
822346
822438
822634
822680
822758
822932
823037
823215
823219
823336
823387
823487
823559
823623
823893
823898
823911
823976
823985
824015
824039
824057
824391
824458
824459
824465
824757
824997
825394
825507
825513
825518
825539
825657
825797
825960
826023
826100
826160
826168
826333
826353
826367
826488
826507
826745
826747
826794
826801
826834
826918
827026
827087
827115
827125
827330
827641
827756
827769
827911
827948
828044
828045
828259
828426
828569
828579
828652
828740
828843
828976
829069
829153
829219
829347
829350
829356
829552
829724
829766
829790
829797
829866
830102
830170
830231
830334
830380
830415
830804
830864
830899
831281
831398
831574
831624
831803
831836
831905
831973
832056
832068
832220
832335
832358
832381
832456
832648
832671
832686
832790
832894
832950
832965
832976
833059
833202
833464
833472
833531
833741
833928
833967
834010
834079
834272
834279
834388
834487
834502
834657
834713
834764
834871
834900
834922
835449
835690
835922
836005
836171
836410
836681
836710
836764
836769
836791
836930
837027
837089
837106
837160
837173
837201
837215
837638
837677
837743
837857
837900
837924
838010
838112
838197
838244
838385
838389
838452
838508
838572
838576
838593
838655
838683
838792
838825
838865
838880
839375
839544
839665
839670
839751
839766
840008
840061
840127
840192
840324
840573
840585
840605
840642
840647
840652
840836
840953
840965
841076
841188
841295
841332
841380
841399
841485
841582
841745
841896
841909
841978
842071
842152
842261
842394
842486
842902
842911
842937
843048
843113
843278
843294
843411
843442
843612
843627
843680
843707
844071
844106
844279
844311
844385
844852
844877
845010
845044
845095
845133
845142
845259
845284
845419
845519
845591
845605
845637
845909
845919
845967
845971
846290
846676
846681
846823
846946
847096
847516
847600
847605
847629
847699
847848
848008
848114
848124
848128
848299
848306
848309
848317
848377
848396
848444
848600
848622
848703
848713
848952
848958
849011
849013
849128
849205
849634
849770
849879
849910
849915
850043
850050
850154
850272
850318
850387
850429
850446
850898
851136
851148
851480
851484
851503
851694
851741
852137
852305
852329
852403
852430
852461
852560
852671
852817
852915
853087
853125
853127
853158
853320
853575
853602
853829
854169
854219
854265
854377
854639
854653
854768
854801
855301
855339
855364
855490
855541
855618
855685
855756
855790
856201
856219
856269
856275
856292
856390
856395
856399
856424
856554
856883
856921
856981
857072
857112
857149
857317
857543
857628
857726
857893
857935
858177
858359
858368
858786
858826
858917
859253
859357
859834
859931
859944
859966
860023
860102
860103
860129
860162
860415
860629
860728
860745
860761
860863
860892
861254
861519
861664
861867
862052
862100
862190
862309
862466
862645
862671
862716
862780
862879
863151
863175
863220
863276
863330
863534
863651
863733
863848
863888
864074
864108
864157
864158
864168
864276
864529
864531
864546
864626
864858
864867
864901
864912
865008
865028
865047
865183
865226
865267
865344
865385
865452
865558
865560
865603
865627
865995
866011
866018
866041
866085
866086
866107
866204
866245
866417
866459
866510
866886
867055
867065
867366
867484
867599
867685
867716
867750
867819
867828
867902
867910
868169
868223
868265
868381
868460
868477
868666
868754
868806
869081
869122
869145
869146
869230
869364
869417
869519
869536
869700
869727
869845
869983
870101
870133
870245
870338
870403
870490
870781
870784
870824
870832
870906
870979
871146
871218
871411
871446
871516
871534
871597
871608
871850
872206
872222
872277
872440
872494
872538
872561
872571
872588
872617
872660
872926
873093
873218
873351
873593
873757
873816
873831
873918
873970
874128
874231
874241
874449
874534
874594
874668
874940
875162
875166
875238
875344
875492
875493
875513
875553
875582
875670
875744
875799
875885
875962
875973
876029
876126
876134
876170
876277
876524
876860
877100
877479
877546
877760
877781
877904
878120
878227
878401
878520
878571
878692
878720
878733
879602
879620
879670
879685
879729
879770
880063
880065
880129
880143
880175
880268
880358
880496
880510
880809
880910
881193
881198
881299
881712
881827
881885
881943
882115
882293
882328
882450
882473
882566
882787
882891
882894
883057
883169
883179
883186
883201
883234
883370
883402
883411
883467
883583
883663
883775
883822
883988
884106
884211
884338
884373
884420
884770
884843
885022
885141
885159
885301
885309
885463
885584
885664
886121
886211
886413
886426
886430
886599
886785
886957
887139
887169
887201
887270
887271
887574
887590
887592
887675
887837
887944
887945
888042
888064
888120
888155
888258
888365
888481
888497
888598
888632
888644
888705
888714
888751
888902
888929
888952
888954
889125
889356
889449
889662
889751
889926
889946
890080
890285
890484
890505
890633
890646
890842
890896
890987
890991
891057
891254
891328
891417
891587
891644
891756
891775
891881
891949
892112
892143
892436
892541
892676
892719
892766
892783
892796
892926
893039
893195
893215
893335
893351
893433
893476
893554
893641
893709
893949
893955
893991
894024
894127
894658
894749
895048
895236
895288
895330
895396
895413
895436
895571
895950
896071
896114
896188
896437
896532
896544
896613
896896
897182
897228
897293
897486
897515
897536
897890
897909
897988
897992
898269
898428
898628
898665
898667
898697
898713
898851
898957
899001
899242
899243
899254
899255
899350
899393
899644
899735
900061
900080
900117
900525
901211
901295
901374
901399
901405
901483
901618
901651
902039
902154
902600
902625
902658
902684
902866
902893
903087
903099
903560
903655
903664
903708
903727
903852
903949
904162
904221
904406
904515
904583
904593
904655
904665
904717
904761
905159
905374
905426
905546
905598
905665
905759
905876
906087
906101
906136
906138
906190
906270
906276
906282
906419
906443
906513
906974
907026
907048
907089
907103
907156
907188
907352
907493
907498
907526
907681
907695
907701
907777
907785
907933
908284
908295
908300
908538
908854
908875
908882
908986
909122
909260
909298
909386
909614
909649
909656
909670
909693
909821
909907
910047
910051
910198
910255
910452
910510
910572
910642
910658
910884
910909
910953
911085
911128
911182
911355
911412
911426
911428
911528
911702
911713
911815
911968
912135
912239
912245
912288
912446
912530
912569
912760
912771
912775
912932
913014
913110
913213
913216
913367
913407
913498
913822
913834
914027
914049
914076
914107
914149
914206
914333
914653
914677
914713
914739
914817
915118
915224
915253
915412
915427
915433
915485
915515
915531
915660
915691
915825
915873
915924
915939
916179
916406
916422
916433
916478
916627
916706
916814
916863
916925
917018
917025
917286
917319
917320
917380
917457
917776
917835
917838
917902
917962
917972
918238
918268
918293
918307
918353
918360
918438
918698
918728
918774
919119
919258
919290
919653
919780
919999
920028
920065
920100
920140
920222
920386
920416
920613
920674
920758
920764
920844
920888
921129
921234
921294
921311
921743
921835
921841
922064
922209
922266
922331
922350
922360
922366
922382
922726
922881
923022
923139
923152
923297
923422
923434
923707
923808
923876
923945
924265
924272
924335
924371
924373
924375
924490
924572
924592
924973
925016
925276
925287
925336
925356
925578
925604
925804
925810
926028
926277
926412
926704
926738
926776
926852
927062
927212
927280
927340
927424
927702
927764
927837
927880
927900
928070
928144
928166
928179
928276
928278
928443
928546
928552
928671
928867
929034
929093
929155
929270
929314
929328
929346
929444
929503
929619
929733
929948
930020
930111
930189
930221
930306
930361
930439
930750
930755
930882
930904
931040
931061
931076
931212
931409
931434
931536
931576
931828
931857
931921
931927
932022
932090
932107
932208
932246
932279
932387
932420
932556
932904
932921
932944
933181
933224
933262
933299
933410
933470
933499
933682
933708
933788
933798
933901
933994
934020
934069
934169
934272
934287
934361
934441
934467
934663
934960
935050
935138
935214
935238
935349
935452
935473
935497
935687
935914
935927
936137
936138
936381
936578
936704
936831
936984
937292
937602
937758
937905
937995
938062
938084
938122
938277
938352
938408
938427
938748
938817
938983
939069
939082
939107
939157
939320
939364
939508
939681
939854
940065
940092
940159
940164
940364
940458
940634
940692
940720
940786
940806
940919
941006
941010
941200
941330
941680
941749
941885
941925
941992
942004
942005
942044
942189
942222
942330
942334
942414
942420
942631
942879
943009
943124
943144
943201
943303
943332
943362
943370
943407
943410
943605
943721
943743
943932
944001
944110
944115
944186
944226
944330
944462
944577
944682
944759
944783
944912
945041
945116
945559
945633
945681
945987
946116
946175
946353
946380
946513
946633
946751
946776
946823
946944
947012
947085
947489
947667
947673
947693
947833
947877
947879
948013
948192
948202
948684
948695
949066
949187
949271
949284
949377
949415
949416
949462
949465
949473
949512
949560
949610
949706
949811
949935
950080
950094
950125
950160
950312
950385
950733
950767
950791
950817
950963
951061
951087
951358
951520
951528
951560
951678
951703
951940
952100
952110
952247
952296
952440
952474
952556
952610
952749
952772
952914
953197
953304
953357
953536
953546
953549
953586
953703
953818
953839
953903
953905
953977
954052
954288
954316
954322
954496
954517
954542
954556
954573
954718
954719
954812
954839
954979
954984
955123
955201
955223
955449
955557
955613
955639
955675
955972
956145
956184
956245
956288
956306
956381
956462
956720
956812
956816
956880
957014
957050
957109
957157
957195
957208
957329
957418
957558
957590
957608
957675
957695
957872
957906
958001
958218
958265
958910
959245
959274
959493
959610
959754
959867
960079
960215
960312
960313
960317
960723
960820
960845
960935
960994
961044
961240
961331
961439
961633
961672
961764
962117
962137
962444
962536
962940
963441
963455
963493
963590
963608
963611
963840
963871
963915
963968
964067
964145
964231
964567
964874
964892
964911
964960
965002
965445
965447
965490
965828
965833
966288
966404
966473
966482
966500
966503
966669
966756
966768
966979
967101
967139
967143
967146
967193
967247
967282
967346
967463
967483
967550
967672
967685
967766
967790
967838
967852
967977
968115
968549
968840
969740
969744
969918
969926
969932
970095
970106
970350
970500
970728
970868
971212
971290
971295
971348
971520
971773
971902
971913
972015
972172
972497
972796
972802
972829
973005
973196
973247
973506
973531
973533
973541
973565
973577
973580
973584
973626
973809
973931
973939
974003
974066
974096
974118
974230
974261
974308
974334
974336
974457
974537
974547
974556
974627
974663
975103
975220
975394
975449
975777
975851
975862
975889
975931
975947
976269
976302
976497
976524
976525
976654
976703
976745
976843
976926
977413
977455
977508
977584
977661
977955
978203
978254
978280
978434
978806
979202
979238
979408
979634
979681
979712
979796
979849
980024
980042
980118
980170
980476
980925
981030
981049
981226
981415
981426
981533
981594
981642
981693
981739
981763
981798
981815
981854
981989
982166
982278
982412
982450
982453
982572
982576
982730
983021
983329
983497
983501
983711
983719
983766
983873
983878
983921
984127
984220
984234
984268
984298
984518
984961
984979
985069
985131
985209
985219
985264
985294
985468
985614
985723
985741
985782
985866
986068
986119
986239
986323
986324
986332
986391
986410
986583
986603
986634
986667
986760
986993
987160
987162
987322
987330
987426
987770
987851
987895
988098
988245
988411
988503
988527
988809
988810
988901
989101
989266
989312
989431
989469
989649
989823
990063
990112
990193
990210
990364
990532
990678
990687
990716
991027
991051
991269
991975
991995
992253
992341
992430
992587
992705
992731
992744
993094
993121
993267
993582
993655
993657
993729
993903
993923
994019
994042
994050
994240
994646
994715
994845
995199
995224
995318
995664
995694
995737
995832
995951
995987
996258
996305
996307
996389
996497
996563
996578
996755
997063
997521
997608
997618
997652
997680
997694
997879
998080
998105
998170
998233
998276
998308
998586
998652
998737
998809
998837
998921
998923
999452
999527
999545
999577
999886
