44
72
162
867
1002
1145
1212
1316
1527
1863
1886
1963
2077
2108
2113
2236
2247
2417
2506
2775
2952
2956
2979
3031
3034
3338
3354
3717
3796
3967
4213
4297
4362
4364
4368
4489
4581
4699
4733
4749
4895
4980
5045
5120
5253
5271
5328
5555
5600
5624
5661
5675
5782
5825
5923
6137
6146
6231
6605
6742
6772
6823
6914
7072
7155
7454
7749
7803
7886
8061
8070
8078
8319
8322
8420
8535
8536
8701
8732
9012
9201
9230
9250
9287
9329
9346
9453
9551
9627
9837
9881
9947
9993
10288
10342
10448
10457
10479
10491
10507
10731
10850
10978
11037
11061
11239
11272
11352
11359
11425
11439
11516
11559
11564
11703
11795
11909
11956
12130
12154
12630
12669
12774
12892
12934
13005
13295
13313
13323
13419
13448
13936
14104
14200
14642
14747
14754
14780
14917
14954
15022
15047
15217
15280
15387
15390
15418
15439
15555
15581
15706
15711
15779
15780
15917
15941
15952
15989
16057
16207
16323
16581
16614
16856
16860
16905
16965
17017
17037
17067
17138
17396
17430
17495
17648
17752
17922
18027
18084
18262
18295
18303
18340
18384
18392
18561
18694
18806
18862
19077
19146
19258
19394
19436
19476
19571
19595
19660
19788
20235
20285
20302
20445
20690
20735
21197
21273
21343
21630
21642
21738
21869
22092
22174
22189
22307
22337
22591
22597
22633
22776
22807
22833
23120
23121
23136
23153
23178
23251
23852
24098
24119
24150
24247
24329
24346
24370
24515
24804
24876
25033
25043
25392
25468
25534
25583
25608
25624
25687
25691
25696
25730
25824
25909
26110
26112
26220
26253
26350
26379
26403
26499
26546
26587
26650
26662
26673
26885
26909
27014
27060
27073
27078
27099
27329
27405
27462
27520
27537
27565
27826
28031
28095
28271
28303
28319
28492
28509
28512
28527
28557
28813
28820
28944
29142
29275
29322
29400
29427
29582
29595
29672
29687
29737
29848
29921
30240
30271
30293
30327
30570
30626
30632
30786
30996
31331
31388
31496
31520
32105
32107
32174
32367
32380
32415
32429
32454
32903
32960
33058
33083
33090
33148
33410
33435
33473
33683
33730
33732
33904
33966
34150
34237
34320
34342
34364
34564
34713
34752
34806
34965
35015
35020
35049
35099
35177
35218
35226
35263
35443
35471
35584
35586
35588
35661
35717
35761
35788
35823
35846
35847
35850
35965
35984
36259
36275
36343
36359
36393
36483
36484
36610
36890
37176
37286
37496
37567
37651
38042
38145
38206
38230
38258
38304
38364
38429
38644
38899
38964
39032
39141
39200
39223
39233
39278
39312
39501
39600
39693
39793
39868
39881
40064
40100
40104
40118
40198
40501
40667
40778
40781
40913
40953
41286
41513
41531
41538
41558
41780
41835
41846
41872
41947
41970
42082
42208
42254
42458
42532
42669
42803
42878
42881
43038
43109
43121
43212
43271
43286
43336
43453
43488
43556
43592
43790
43940
44110
44134
44147
44192
44769
44884
44906
45103
45128
45282
45285
45324
45448
45571
45676
45719
45901
45995
45997
46050
46130
46393
46501
46644
46663
46766
46789
47055
47065
47105
47141
47260
47268
47363
47425
47463
47515
47810
47856
48128
48190
48262
48390
48467
48472
48479
48523
48620
48809
48934
48995
49342
49393
49460
49590
49592
49705
49736
49738
50099
50298
50381
50385
50410
50495
50674
50828
50887
51014
51445
51644
51695
51758
51825
52132
52151
52355
52381
52401
52408
52813
52971
53061
53103
53159
53169
53204
53388
53427
53458
53630
53767
53925
53992
54131
54462
54477
54484
54584
54595
54967
55055
55064
55099
55164
55168
55224
55258
55268
55410
55413
55459
55706
55942
55953
55978
56023
56204
56405
56478
56574
56784
56865
56890
56899
56905
57036
57075
57096
57155
57195
57404
57745
57870
57915
58079
58099
58172
58728
58928
59015
59366
59895
59937
60126
60153
60288
60378
60405
60443
60476
60499
60822
61086
61187
61515
61719
61732
61798
61988
62004
62045
62182
62237
62271
62317
62459
62728
62855
62883
62886
62953
63107
63151
63251
63304
63320
63412
63415
63495
63660
63675
63683
63758
63766
63862
63915
64032
64105
64458
64474
64588
64891
64903
64926
65002
65042
65075
65373
65424
65645
65702
65744
65746
65766
65893
65967
66023
66046
66182
66376
66440
66512
66606
66628
66698
66849
66931
66941
67071
67117
67272
67279
67298
67348
67384
67452
67515
67536
67594
67646
67940
68251
68321
68335
68527
68611
68717
68768
68771
68887
69009
69017
69116
69297
69320
69373
69445
69455
69529
69574
69787
69821
69829
69916
69925
70009
70015
70040
70118
70136
70159
70209
70331
70407
70543
70609
70751
70769
70896
71005
71202
71221
71311
71420
71448
71483
71498
71508
71583
71602
71645
71673
71714
71754
71809
72160
72303
72372
72392
72404
72691
72768
72824
73172
73279
73286
73493
73498
73502
73690
73761
73807
73860
74007
74031
74255
74297
74375
74383
74453
74489
74653
74738
74762
74811
74951
74961
75184
75341
75390
75412
75414
75556
75605
75623
75627
75718
75769
76061
76321
76359
76393
76574
76595
76724
77117
77171
77292
77378
77388
77408
77410
77500
77547
77553
77567
77707
77711
77727
77903
77948
78132
78174
78221
78284
78366
78524
78707
78776
78798
78855
78993
79006
79025
79155
79170
79277
79304
79439
79475
79541
79662
79706
79737
79815
79945
79958
79975
80124
80171
80215
80282
80320
80364
80394
80686
80782
80838
80946
81199
81224
81390
81403
81416
81501
81629
81733
81743
81756
81802
81853
81897
82064
82089
82104
82536
82595
82671
82693
82741
82832
82861
83129
83335
83345
83455
83610
83649
83740
83751
83818
83882
83977
84150
84165
84272
84283
84349
84437
84496
84561
84668
84800
85026
85032
85079
85083
85201
85327
85359
85381
85632
85757
85804
85827
86024
86121
86173
86254
86276
86464
86631
86807
86883
86967
87159
87347
87478
87542
87760
87892
88017
88022
88045
88047
88196
88208
88269
88325
88344
88371
88390
88522
88630
88840
88998
89135
89154
89404
89644
89691
89698
89839
90036
90191
90265
90406
90483
90635
90763
90890
90905
90948
90964
91096
91157
91159
91178
91271
91275
91371
91388
91479
91610
91733
91821
91882
91918
92014
92024
92028
92052
92199
92250
92294
92468
92603
92734
92786
92791
93018
93079
93205
93338
94132
94135
94200
94504
94608
94621
94653
94706
94813
95027
95190
95297
95531
95851
95885
95902
95975
96038
96108
96234
96308
96746
97158
97165
97174
97178
97222
97253
97292
97337
97369
97588
97714
97737
97907
97980
98085
98215
98251
98279
98476
98496
98650
98664
98757
98823
98921
99167
99445
99646
100576
100744
100824
100888
101166
101179
101268
101414
101445
101480
101672
101746
101751
101799
102086
102191
102315
102404
102419
102601
102726
102766
102865
103046
103110
103349
103350
103357
103396
103663
103715
103721
104012
104125
104173
104305
104666
104854
105133
105175
105502
105513
105590
105659
105711
105886
105894
105995
106069
106117
106138
106177
106484
106552
106714
106959
106986
107091
107155
107201
107204
107350
107489
107620
107686
107696
107880
107882
108088
108175
108210
108320
108387
108466
108645
108772
108839
108870
108902
108909
108913
108968
109000
109056
109097
109108
109165
109177
109435
109438
109655
109665
109696
109778
109844
109906
109967
110016
110046
110284
110324
110364
110428
110724
110828
110923
111088
111128
111273
111508
111544
111632
111648
112005
112170
112254
112267
112269
112362
112577
112581
112726
112955
112968
112989
113143
113253
113306
113339
113410
113458
113463
113832
113911
113962
114095
114210
114225
114329
114387
114390
114528
114574
114790
115191
115248
115260
115284
115430
115526
115595
115722
115909
115975
116039
116384
116644
116793
116854
117008
117163
117328
117473
117625
117646
117834
118024
118047
118250
118344
118419
118663
118747
118835
118881
118911
118916
119360
119399
119439
119650
119823
120140
120178
120269
120275
120287
120559
120776
120806
120882
120939
120985
121143
121186
121205
121442
121443
121488
121489
121778
121994
122064
122086
122116
122207
122317
122380
122503
122601
122716
122725
122795
122853
123009
123117
123173
123220
123304
123313
123433
123460
123533
123574
123592
123611
123822
123869
123976
124036
124073
124155
124253
125081
125305
125473
125610
125638
125755
125774
125778
125928
125958
125998
126016
126369
126477
126551
126570
126780
126873
126881
126897
126966
127084
127117
127188
127203
127301
127576
127698
127743
127994
128108
128171
128207
128298
128333
128414
128503
128609
128656
128713
128768
128914
129018
129193
129470
129732
129962
130062
130226
130348
130354
130397
130410
130478
130527
130576
130582
130645
130731
130888
130932
131112
131190
131251
131254
131305
131341
131347
131731
132009
132187
132212
132233
132358
132395
132422
132466
132609
132621
132632
132680
132830
132906
132983
133241
133328
133493
133592
133647
133673
133710
133900
133905
134141
134384
134463
134717
135002
135040
135055
135186
135397
135449
135557
135609
135644
135649
135758
136024
136036
136095
136112
136118
136201
136228
136630
136767
136808
136865
136924
136986
137122
137137
137189
137204
137431
137618
137718
137859
137990
138173
138253
138288
138507
138553
138556
138595
138729
138766
138943
139003
139069
139148
139474
139485
139532
139681
139708
139870
139952
140106
140259
140498
140757
140886
140949
141042
141118
141171
141172
141274
141279
141381
141427
141428
141489
141529
141554
141570
141629
141652
141722
141806
142020
142485
142635
142665
142701
142748
142842
142949
142981
143115
143184
143234
143350
143413
143489
143585
143586
143587
143608
143689
143746
143779
143923
144002
144003
144007
144396
144508
144678
144777
144788
144965
144978
144990
144995
145059
145193
145282
145493
145627
145782
145975
146114
146128
146143
146241
146254
146264
146471
146491
146535
146680
146696
146722
147046
147247
147277
147459
147559
147744
147774
148065
148219
148260
148299
148317
148362
148521
148571
148582
148632
148638
148692
148725
148884
148896
149112
149181
149280
149312
149345
149493
149639
149642
149766
149809
149905
149923
150098
150249
150252
150328
150534
150570
150649
150757
150759
150778
150816
150923
150964
151130
151242
151321
151460
151465
151489
151635
151686
151702
151727
151756
151840
152144
152179
152200
152239
152318
152369
152482
152522
152548
152627
152867
152868
153023
153067
153084
153455
153495
153648
153813
153879
153936
154085
154165
154182
154267
154374
154482
154553
154575
154736
154814
154917
154980
155060
155316
155522
155599
155676
155800
155892
155926
156029
156050
156077
156307
156396
156426
156564
156610
156653
156703
156818
157013
157020
157046
157049
157090
157155
157244
157399
157487
157561
157563
157607
157608
157847
157877
158102
158114
158191
158220
158315
158346
158690
158737
158756
158765
158786
158866
158896
159013
159115
159333
159401
159811
159847
159870
159918
160113
160578
160603
160719
160744
161006
161088
161099
161149
161208
161214
161238
161517
161559
161743
161865
161992
162111
162157
162324
162350
162419
162451
162473
162516
162833
162899
162903
163250
163706
163751
163752
163807
164038
164057
164067
164120
164258
164271
164502
164557
164791
164851
164971
164984
165052
165053
165191
165349
165451
165627
165792
165839
165842
165925
166047
166093
166125
166272
166283
166364
166462
166534
166582
166590
166820
166831
167186
167204
167213
167635
167637
167655
167718
168019
168062
168071
168099
168203
168393
168591
168646
169058
169092
169220
169380
169481
169520
169570
169622
169711
169818
169843
169858
169898
169907
169950
170058
170162
170276
170322
170352
170576
170577
170579
170621
170694
170712
170797
170842
170847
170851
171026
171315
171319
171348
171470
171517
171536
171830
171886
171895
172019
172024
172043
172299
172357
172454
172575
172616
172769
172908
172964
172999
173027
173037
173121
173200
173212
173277
173299
173470
173478
173557
173660
173778
173982
174049
174203
174494
174592
174762
174827
174974
175195
175291
175355
175587
175630
175745
175797
175880
175950
176025
176206
176253
176289
176439
176448
176565
176614
176718
176766
176777
177120
177167
177312
177369
177382
177789
177851
178103
178185
178212
178218
178295
178389
178475
178573
178659
178837
179633
179697
179711
179727
179752
179791
179907
179919
180101
180117
180154
180173
180338
180384
180487
180522
180523
180651
180799
180800
180957
180980
181039
181110
181135
181304
181509
181559
181576
181741
181796
181836
181959
182009
182040
182175
182271
182309
182324
182341
182437
182446
182496
182870
182920
182941
182942
183192
183327
183341
183655
183715
183855
183892
183950
184167
184199
184325
184417
184560
184681
184918
184928
185103
185244
185391
185411
185675
185817
185859
185977
186541
186578
186635
186677
186962
187066
187115
187145
187352
187524
187559
187592
187607
187620
187663
187874
187875
188000
188096
188099
188222
188293
188308
188499
188573
188746
188769
188799
188897
188974
188975
189123
189126
189185
189564
189801
189810
189876
189915
189930
190076
190080
190134
190162
190191
190271
190342
190400
190451
190607
190624
190834
190947
191283
191339
191486
191507
191554
191569
191740
191845
192087
192223
192265
192467
192634
192725
192748
192848
192977
193020
193031
193234
193368
193404
193499
193518
193546
193649
193694
193719
193813
193819
193884
194027
194127
194215
194252
194287
194347
194401
194458
194567
194591
194694
194769
194806
194815
194834
194917
194928
195058
195136
195185
195395
195500
195834
195976
196051
196119
196182
196238
196279
196307
196333
196440
196454
196527
196813
197229
197284
197333
197337
197428
197525
197551
197590
197642
197720
197902
198008
198017
198037
198156
198200
198398
198456
198661
198821
198870
198912
198983
199131
199155
199206
199406
199447
199476
199621
199685
199686
199711
199776
199915
200154
200211
200237
200390
200402
200426
200773
200890
201138
201216
201258
201383
201428
201464
201492
201493
201663
201914
202058
202190
202458
202493
202504
202608
202730
202738
202851
202955
203053
203208
203272
203403
203463
203646
203820
203846
203875
203936
204366
204394
204616
204660
204673
204964
205047
205108
205243
205276
205374
205378
205405
205415
205416
205503
205634
205999
206049
206054
206089
206277
206296
206467
206720
206776
206802
206819
206872
206920
206924
206977
207282
207341
207386
207581
207736
207750
207767
207805
207850
208155
208168
208172
208443
208498
208612
208915
209078
209511
209553
209745
210032
210087
210099
210163
210167
210302
210802
210834
210839
210914
211204
211314
211425
211487
211565
211829
212116
212243
212338
212422
212584
212797
212866
212867
212874
212944
213020
213440
213447
213495
213597
213603
213635
213728
214200
214337
214398
214404
214559
214579
214607
214793
214859
214899
214964
215101
215177
215256
215334
215390
215491
215564
215602
215603
215734
215852
215965
215966
216058
216110
216134
216176
216207
216363
216437
216469
216689
216760
216807
216848
217319
217360
217426
217455
217504
217524
217622
217641
217674
217695
217714
217759
218037
218119
218130
218194
218265
218290
218294
218475
218528
218585
218714
218730
218771
218881
219048
219183
219251
219381
219437
219554
219608
219878
219927
220002
220009
220024
220092
220138
220144
220192
220269
220388
220427
220438
220481
220631
220683
220714
220821
221159
221298
221313
221344
221350
221646
221705
221787
221831
221872
222051
222228
222236
222360
222374
222383
222487
222558
222690
222697
222758
222857
222890
222903
223194
223406
223627
223682
223845
223928
224038
224057
224070
224180
224210
224624
224738
224793
224871
224919
225154
225177
225231
225249
225485
225871
226305
226472
226598
227244
227407
227478
227504
227615
227652
227774
227840
227882
228029
228034
228112
228154
228333
228441
228494
228744
229195
229780
229788
229983
230052
230142
230610
230762
230777
230911
230923
230928
231040
231305
231623
231688
231986
232170
232238
232260
232358
232477
232751
232788
232802
232849
232908
232957
232975
233242
233547
233603
233642
233646
233688
233980
234052
234067
234314
234422
234485
234539
234684
234818
235147
235196
235264
235374
235394
235551
235660
235669
235861
235883
235895
235970
236146
236410
236491
236502
236516
236582
236604
236610
236655
236842
236888
236975
237116
237211
237643
237671
237718
237780
237806
237957
238247
238376
238603
238812
238867
239233
239235
239248
239340
239352
239401
239563
239676
239688
239820
239852
239918
239948
240228
240371
240451
240532
240535
240577
240661
240667
240724
240884
240902
240908
240955
240998
241148
241174
241211
241314
241324
241495
241512
241532
241669
241686
241812
242131
242251
242278
242328
242406
242517
242541
242634
242685
243094
243118
243189
243297
243473
243511
243565
243677
243697
244149
244181
244310
244311
244327
244334
244569
244598
244661
244756
244776
244786
244837
244919
244985
245046
245211
245346
245539
245670
245684
245828
245861
245905
245959
245965
246007
246035
246190
246194
246298
246424
246491
246602
246629
246793
246828
246943
247047
247059
247211
247238
247324
247406
247608
247692
247855
247886
247929
248062
248074
248169
248194
248568
248733
248981
249067
249120
249571
249806
250004
250230
250363
250373
250475
250503
250533
250622
250811
250814
250914
250967
251073
251424
251459
251460
251550
251915
251935
252004
252014
252119
252140
252169
252357
252519
252560
252574
252609
252656
252707
252813
252855
252861
253192
253345
253350
253366
253394
253583
253733
253770
253930
254013
254028
254056
254151
254299
254321
254425
254480
254482
254632
254791
255002
255224
255431
255444
255451
255522
255591
255615
255699
255723
256224
256235
256268
256270
256344
256347
256359
256385
256510
256580
256583
256748
256756
256764
257041
257234
257353
257569
257721
257740
257781
257832
257957
258156
258157
258166
258210
258275
258388
258588
258632
258698
258726
258865
259084
259108
259178
259230
259279
259363
259513
259575
259603
259611
259647
259868
260134
260202
260214
260239
260383
260469
260483
260485
260695
260736
260773
260888
260976
261053
261309
261444
261564
261572
261696
261712
261727
261954
262136
262161
262329
262396
262540
262684
263084
263138
263261
263406
263411
263523
263532
263577
263602
263637
263732
263763
263811
263904
263945
263991
263998
264084
264088
264095
264106
264155
264168
264358
264469
264487
264703
264710
264736
264797
265039
265070
265113
265295
265410
265450
265502
265526
265675
265693
265712
265780
265835
265906
265986
266048
266089
266400
266422
266536
266818
266875
266973
267029
267142
267299
267368
267453
267667
267722
267777
267789
268118
268138
268140
268184
268241
268249
268305
268422
268973
269230
269258
269259
269274
269295
269593
269670
269802
269846
269900
269947
270188
270200
270208
270382
270390
270493
270519
270628
270633
270654
270674
270684
270856
270929
271097
271186
271296
271593
271733
271766
272019
272085
272143
272688
273128
273161
273332
273345
273629
273739
273750
273848
273878
273904
274017
274069
274149
274178
274411
274463
274479
274752
274789
274841
274906
274924
275017
275047
275123
275183
275187
275402
275404
275459
275472
275501
275600
275771
275834
275844
276015
276027
276280
276493
276666
276710
276777
276813
276870
276914
277188
277554
277574
277771
277823
278139
278207
278226
278264
278945
278977
279389
279798
279811
279952
280006
280099
280138
280141
280181
280268
280299
280326
280394
280684
281001
281090
281181
281183
281423
281525
281588
281625
281755
281821
281967
282085
282102
282196
282236
282250
282315
282324
282332
282339
282517
282630
282758
282804
282910
282957
283504
283519
283667
283670
283717
283877
283886
284031
284219
284226
284272
284319
284510
284578
284597
284611
284999
285098
285181
285239
285247
285272
285324
285354
285409
285677
285829
285887
286003
286134
286277
286283
286324
286388
286489
286502
286536
286605
286888
287005
287301
287309
287317
287389
287646
287658
287707
287738
287742
287763
287811
287814
287828
288226
288247
288374
288504
288546
288641
288652
288918
288983
288984
289038
289060
289188
289313
289374
289434
289681
289755
290451
290463
290632
290665
290695
290737
290744
290798
290818
290875
290926
290986
291035
291058
291114
291149
291331
291522
291702
291737
291820
292127
292134
292366
292617
292674
292935
293097
293492
293584
293617
293760
293809
293858
293859
293885
293968
294204
294214
294273
294536
294767
294873
294912
294961
295084
295189
295230
295538
295626
295660
295874
295917
295930
295976
296002
296017
296170
296370
296483
296524
297036
297057
297078
297166
297218
297245
297277
297363
297695
297797
298105
298641
298847
298849
298945
299163
299284
299309
299462
299473
299496
299506
299561
299623
299679
299687
299806
299851
300001
300036
300112
300134
300171
300433
300496
300777
300809
300863
300921
301064
301279
301489
301557
301643
301665
302052
302061
302166
302172
302304
302326
302368
302380
302451
302478
302731
302748
302761
302881
302952
303258
303359
303542
303761
303888
303900
304076
304166
304195
304202
304222
304282
304430
304677
304699
304705
304782
304863
304871
304917
305020
305197
305364
305406
305621
305685
305940
306084
306171
306228
306325
306390
306415
306515
306641
306734
306828
306868
307018
307025
307156
307280
307289
307438
307489
307501
307671
307711
307779
308244
308353
308492
308658
308664
308807
308810
308855
309056
309103
309117
309171
309298
309388
309459
309713
309795
309955
310208
310247
310317
310377
310416
310418
310438
310684
310888
310973
311359
311451
311493
311558
311633
311655
311698
311774
312000
312144
312178
312223
312293
312306
312355
312388
312457
312729
312906
312917
313186
313220
313318
313338
313342
313439
313504
313541
313758
313817
313843
314000
314095
314281
314381
314406
314490
314541
314624
314663
314872
314936
314957
315068
315108
315121
315129
315241
315390
315662
315796
316361
316423
316532
316579
316614
316727
316748
316766
316836
317219
317274
317303
317350
317398
317455
317476
317488
317497
317507
317594
317710
317787
317800
317893
317924
318103
318133
318386
318414
318441
318447
318760
318844
319124
319170
319225
319403
319550
319562
319690
319731
319895
319939
319978
319993
320276
320285
320492
320565
320687
320717
320785
320806
321049
321217
321394
321574
321948
321973
322014
322253
322281
322288
322324
322461
322556
322747
322986
323177
323262
323319
323509
323634
323907
323977
323996
323999
324164
324277
324574
324679
324745
325000
325004
325097
325122
325199
325245
325480
325532
325745
325832
325883
326024
326025
326031
326126
326153
326484
326518
326628
326718
326773
326902
327136
327253
327297
327378
327443
327528
327559
327791
327848
327996
328076
328118
328132
328150
328189
328330
328568
328819
328855
328960
329285
329481
329509
329516
329525
329553
329693
329703
330106
330118
330150
330184
330255
330266
330377
330459
330624
330750
330787
330817
330973
331093
331107
331199
331264
331383
331404
331572
331642
331877
332005
332135
332183
332197
332306
332572
332595
332664
332885
332970
332986
332992
333215
333218
333253
333417
333451
333688
333736
333855
334009
334039
334074
334083
334100
334219
334415
334478
334496
334547
334571
334682
334851
334985
335003
335223
335240
335392
335432
335653
335746
335847
335857
335929
336061
336073
336134
336246
336344
336653
336808
336851
336918
336960
337061
337083
337150
337175
337300
337431
337584
337703
337796
337860
337891
337931
338107
338163
338222
338539
338578
338662
338671
338744
338759
338780
338783
338832
338845
338868
339035
339053
339074
339079
339141
339260
339496
339600
339622
340086
340447
340747
340779
341009
341021
341028
341073
341223
341267
341283
341302
341330
341393
341618
341666
341752
341780
341788
341939
342391
342400
342466
342539
342577
342734
342755
342767
342833
342872
343015
343103
343154
343737
343817
343867
344204
344243
344255
344470
344514
344540
344647
344720
344741
344939
345013
345098
345138
345248
345310
345338
345421
345429
345547
345704
345851
346123
346224
346231
346469
346498
346649
346754
346816
346920
347063
347180
347219
347233
347239
347577
347663
347755
347758
347864
347931
347938
348048
348127
348212
348384
348454
348549
348637
348865
348876
348949
348965
348998
349043
349141
349224
349299
349331
349585
349662
349709
349790
349802
349845
350094
350132
350134
350149
350272
350324
350455
350615
350652
350724
351013
351094
351107
351418
351885
351925
352138
352216
352242
352274
352294
352323
352423
352516
352521
352529
352762
353025
353393
353472
353520
353610
353690
353702
353765
353845
354207
354396
354400
354818
355047
355080
355129
355422
355846
355850
356033
356108
356168
356439
356560
356568
356659
356739
356772
356947
357004
357202
357228
357281
357357
357555
357583
358145
358169
358463
358661
358851
358919
359048
359061
359106
359119
359136
359338
359342
359380
359476
359561
359988
360080
360085
360179
360212
360223
360657
360691
360835
360883
360973
361471
361473
361660
361755
361800
361957
362014
362031
362109
362158
362261
362385
362772
362945
363124
363129
363178
363183
363227
363294
363348
363360
363434
363470
363516
363746
363765
363785
363919
363936
364034
364169
364436
364758
364847
364922
364949
365092
365262
365382
365451
365470
365579
365638
365655
365793
365826
365833
365892
366158
366243
366355
366871
366908
366922
367167
367215
367416
367535
367656
367778
367865
367891
367986
368080
368284
368300
368436
368589
368967
369003
369093
369105
369189
369237
369383
369436
369480
369534
369673
369808
369826
369899
369916
369942
370102
370187
370215
370236
370287
370365
370439
370525
370548
370671
370739
370799
370829
370853
370958
371017
371094
371226
371260
371288
371693
371731
371737
371815
371830
371966
372035
372145
372172
372184
372221
372228
372446
372790
373066
373241
373279
373307
373383
373781
373843
373994
374044
374062
374325
374329
374378
374396
374406
374521
374573
374674
374735
374786
375396
375463
375577
375759
375867
375878
375947
376098
376556
376730
376786
377147
377239
377273
377406
377436
377561
377627
377686
377727
377930
377991
378048
378446
378673
378750
378918
378920
378974
378977
379099
379175
379183
379248
379281
379425
379505
379597
379626
379644
379992
380007
380033
380081
380171
380563
380610
380619
380663
380675
380970
381258
381301
381456
381557
381812
382204
382239
382254
382271
382386
382711
382714
382768
382915
383108
383133
383140
383169
383172
383321
383337
383469
383588
383733
383832
383874
383895
383908
383951
384649
384762
384778
384829
385008
385038
385063
385157
385187
385344
385486
385565
385622
385637
385927
385976
386036
386115
386225
386255
386523
386568
386617
386709
386763
386867
387081
387130
387143
387344
387431
387685
387709
387818
387830
388430
388854
389008
389130
389242
389256
389299
389376
389437
389473
389591
389649
389918
389944
390098
390137
390148
390169
390259
390412
390700
390797
391032
391034
391043
391175
391263
391333
391414
391511
391520
391696
391797
391841
391905
391909
391948
392163
392474
392501
392650
392667
392702
393031
393086
393104
393188
393412
393575
393640
393731
393847
393872
393982
394317
394384
394405
394461
394631
394837
394855
394908
394978
395173
395280
395368
395372
395428
395610
395637
395986
396197
396294
396326
396345
396367
396432
396463
396550
396556
396594
396746
396840
396843
396920
397011
397032
397253
397264
397361
397445
397458
397574
397593
397758
398267
398426
398462
398554
398683
398704
398775
398946
398970
399063
399229
399321
399365
399368
399401
399549
399556
399570
399997
400070
400117
400125
400162
400190
400292
400380
400444
400469
400552
400620
400940
401102
401186
401302
401339
401482
401632
401745
401765
402156
402389
402427
402593
402595
402798
402817
402910
402992
403039
403169
403288
403385
403406
403441
403459
403642
403750
403865
403930
404225
404305
404392
404541
404901
405046
405189
405431
405440
405509
405563
405785
405938
406040
406065
406067
406074
406192
406253
406373
406463
406474
406546
406595
406628
406938
407055
407067
407109
407121
407232
407243
407290
407444
407641
407813
408061
408080
408174
408345
408375
408431
408526
408722
408770
408947
409199
409329
409334
409498
409504
409742
409814
409871
409900
409922
409943
409948
409987
410063
410178
410214
410241
410339
410396
410442
410632
410930
411004
411079
411123
411171
411212
411258
411366
411400
411428
411445
411565
411602
411603
411639
411650
411739
411770
411797
411833
411904
411930
412034
412102
412201
412221
412642
412859
413005
413033
413043
413230
413298
413324
413394
413644
413670
413735
413866
413925
413953
413960
414160
414381
414536
414666
414792
415129
415185
415366
415465
415787
415854
415859
415929
416093
416099
416100
416109
416134
416227
416237
416238
416334
416486
416642
416788
416805
416909
416983
416984
417061
417065
417252
417270
417276
417440
417697
417740
417787
417863
418025
418092
418126
418357
418407
418546
418728
418733
418749
418870
419024
419243
419303
419609
419663
419720
419953
419987
420045
420055
420107
420212
420248
420261
420569
420670
420782
420854
420945
421033
421043
421058
421329
421406
421439
421445
421522
421531
421599
421628
421631
421678
421745
421891
421893
422104
422140
422171
422220
422277
422392
422422
422601
422788
422871
422919
422968
423043
423087
423090
423200
423483
423560
423688
423866
423967
423993
424077
424435
424479
424502
424550
424589
424703
424982
425003
425107
425151
425260
425274
425283
425311
425332
425386
425468
425519
425537
425695
425709
425880
425989
426170
426262
426429
426430
426597
426640
426748
426780
427111
427281
427308
427338
427353
427425
427488
427849
427986
427996
428321
428330
428552
428579
428586
428900
428906
429102
429108
429172
429339
429674
429709
429713
429847
429916
430075
430144
430229
430476
430723
430957
431079
431188
431570
431795
431857
431860
431892
432173
432277
432304
432320
432389
432397
432627
432730
432829
432932
432981
433012
433095
433112
433163
433194
433213
433247
433266
433351
433404
433707
433884
434071
434172
434194
434298
434387
434570
434641
434727
434823
434917
434985
435114
435135
435159
435180
435392
435606
435686
435879
436067
436102
436161
436266
436391
436425
436448
436457
436463
436470
436494
436535
436545
436631
436664
437106
437187
437202
437214
437228
437292
437464
437522
437756
437792
437795
438210
438220
438254
438353
438368
438536
438568
438586
438593
438615
438628
438710
438740
438787
439029
439285
439407
439429
439920
440137
440141
440224
440286
440314
440521
440539
440563
440627
440806
440922
441012
441245
441402
441429
441498
441507
441564
441618
441665
441912
441917
441920
442168
442169
442197
442287
442481
442544
442612
442637
442738
442826
442942
443125
443205
443273
443328
443420
443647
443686
443752
443883
443916
443947
443978
444153
444487
444535
444703
444822
444970
444980
445061
445379
445393
445460
445480
445605
445877
446016
446146
446147
446155
446177
446268
446280
446337
446378
446381
446467
446956
446980
447179
447269
447373
447502
447558
447623
447710
447733
448175
448248
448270
448400
448445
448606
448614
448705
448802
448921
449010
449194
449231
449304
449333
449537
449564
449684
449689
449707
449824
449929
449958
449999
450221
450273
450361
450551
450618
450812
450894
451035
451041
451052
451194
451215
451319
451520
451699
451703
451801
451971
452034
452264
452440
452646
452824
453021
453027
453130
453212
453376
453608
453789
453896
453992
454007
454064
454174
454244
454283
454469
454564
454666
454813
454864
454980
455126
455159
455203
455334
455366
455468
455533
455825
455843
455856
455867
455938
456052
456489
456517
456550
456574
456824
456856
456908
456911
457020
457059
457063
457244
457282
457303
457425
457587
457698
457832
457911
457924
458106
458255
458261
458419
458608
458693
458704
458927
458932
459000
459038
459047
459140
459353
459401
459453
459650
459881
459913
459965
459974
460186
460256
460382
460455
460706
460847
460848
461151
461180
461184
461252
461393
461527
461622
461662
461745
461896
461964
461999
462006
462314
462351
462473
462541
462543
462609
462735
462764
462796
462816
462929
462937
463002
463065
463091
463110
463180
463205
463295
463504
463619
463676
463681
463744
463778
463792
463855
464027
464113
464165
464440
464494
464550
464803
464846
465054
465175
465178
465241
465334
465449
466025
466088
466225
466389
466576
466604
466774
466796
466847
467220
467256
467288
467342
467605
467728
467900
467944
467962
468003
468098
468168
468325
468623
468639
468901
469034
469137
469259
469419
469439
469457
469513
469687
469728
469845
469848
469875
469996
470048
470134
470332
470525
470528
470568
470617
470668
470671
470695
470738
470846
470908
471215
471347
471603
471672
471775
471896
471913
471983
472050
472211
472244
472280
472408
472494
472509
472742
472825
472835
472885
472992
473102
473317
473346
473387
473416
473418
473552
473626
473963
474352
474373
474389
474496
474555
474656
475131
475169
475279
475311
475364
475377
475385
475660
475728
475754
475781
475926
476325
476471
476548
476663
476757
476804
476841
476946
477125
477233
477294
477423
477484
477489
477690
477833
477837
477873
477901
478136
478201
478233
478450
478700
478701
478725
478735
478843
478863
478895
479094
479174
479410
479442
479606
479704
479723
479933
480010
480151
480234
480253
480464
480611
480812
480877
480885
480892
480900
480936
480993
481331
481545
481735
481870
481889
482011
482187
482285
482541
482697
482836
482882
483040
483205
483215
483309
483325
483398
483442
483623
483766
483820
483860
483937
483969
484018
484045
484125
484533
484582
484759
484855
485010
485016
485043
485045
485054
485056
485159
485247
485351
485393
485414
485798
485982
485988
485992
486012
486035
486042
486043
486180
486189
486205
486234
486277
486278
486344
486597
486656
486712
486720
486790
486821
486881
487078
487236
487300
487302
487311
487349
487358
487361
487365
487689
487993
488021
488158
488193
488322
488486
488520
488537
488601
488863
488866
488887
489362
489412
489520
489529
489593
489755
489911
489965
490005
490280
490286
490386
490536
490641
490735
490746
491045
491211
491320
491442
491529
491577
491594
491609
491809
491888
491898
491945
492082
492092
492173
492305
492379
492447
492501
492537
492547
492642
492647
492806
492862
492929
492975
493037
493133
493157
493233
493332
493368
494091
494248
494256
494358
494460
494901
494964
495027
495109
495119
495120
495221
495237
495246
495251
495344
495550
495614
495640
495659
495780
495832
495978
496107
496218
496250
496428
496439
496459
496562
496612
496615
496685
496795
497062
497135
497148
497186
497455
497668
497697
497966
498094
498111
498228
498350
498359
498505
498529
498541
498564
498632
498670
498904
499456
499601
499649
499683
499712
500089
500204
500216
500278
500323
500343
500428
500489
500716
500853
501040
501108
501132
501321
501436
501540
501541
501562
501717
501804
501835
501845
501880
501887
501921
501947
501988
502031
502055
502071
502105
502193
502339
502495
502513
502653
502882
503116
503151
503417
503624
503979
504321
504345
504447
504644
504809
504888
504953
505132
505236
505245
505380
505447
505554
505683
505816
505934
505935
505989
506014
506273
506338
506341
506517
506544
506571
506612
506697
506747
506768
506789
506927
507022
507043
507175
507516
507520
507678
507765
507811
507842
507958
508177
508250
508300
508304
508346
508452
508555
508800
508950
509164
509165
509185
509233
509267
509373
509424
509571
509826
509843
510061
510083
510222
510351
510467
510508
510542
510705
510719
510767
511012
511163
511167
511175
511524
511534
511655
511764
511926
512049
512071
512092
512114
512260
512296
512321
512610
512823
512949
512964
512998
513002
513100
513137
513230
513236
513395
513464
513519
513521
513680
513788
513937
514150
514236
514256
514281
514457
514459
514536
514552
514704
514751
514990
515136
515237
515269
515424
515488
515822
516102
516170
516235
516291
516389
516593
516618
516719
516793
516842
517328
518055
518056
518225
518712
518722
518732
518747
518788
518844
519068
519095
519191
519219
519346
519460
519476
519503
519803
519875
519927
520009
520072
520164
520220
520257
520368
520505
520561
520588
520613
520697
520813
520942
520950
520955
521009
521166
521171
521360
521455
521500
521528
521544
521702
521738
521799
521804
522098
522196
522334
522371
522392
522471
522564
522592
522695
522697
522994
523046
523179
523197
523333
523407
523424
523744
523850
523909
523982
524060
524229
524284
524546
524678
524882
524888
524909
525020
525125
525138
525244
525268
525397
525486
525584
525618
525660
525782
525788
525861
526046
526200
526327
526341
526415
526559
526684
526779
526847
526878
526895
527081
527173
527210
527274
527308
527324
527360
527364
527398
527437
527510
527615
527669
527788
527937
528129
528235
528382
528412
528475
528534
528556
528734
528865
528875
528943
529031
529223
529279
529288
529368
529378
529386
529449
529519
529530
529556
529788
529822
530125
530247
530281
530605
530644
530659
530853
530927
530999
531108
531197
531297
531386
531508
531710
531896
531933
531943
531981
532054
532108
532277
532348
532352
532468
532583
532893
533393
533441
533591
533981
534001
534012
534155
534260
534292
534323
534402
534725
534761
534792
534797
534829
535099
535110
535185
535205
535260
535461
535527
535622
535737
535853
535897
535958
536007
536062
536139
536148
536255
536273
536289
536574
536837
536992
537101
537157
537499
537703
537926
537938
538091
538104
538126
538194
538337
538496
538787
538791
538905
539497
539713
540016
540061
540102
540144
540336
540374
540446
540532
540539
540601
540745
540924
541135
541155
541228
541366
541405
541577
541739
541744
541900
542107
542247
542487
542594
542621
542651
542689
542755
543112
543127
543345
543385
543689
544136
544176
544199
544238
544361
544404
544460
544629
544769
544772
544912
545017
545191
545242
545362
545370
545387
545458
545597
545743
545745
545968
546037
546096
546371
546399
546452
546507
547064
547314
547425
547522
547609
547671
547778
547831
547890
548111
548125
548322
548396
548675
548683
548745
548837
548911
548952
548982
548993
549030
549077
549188
549204
549275
549332
549601
549675
549792
549806
549872
549929
550016
550046
550076
550113
550249
550301
550360
550523
550604
550632
550743
550745
550768
550919
551218
551267
551351
551416
551430
551528
551606
551634
551691
551740
551752
551915
551982
552103
552361
552363
552400
552459
552503
552602
552890
552899
553016
553180
553267
553315
553343
553390
553667
553694
553880
553995
554144
554177
554188
554209
554301
554320
554710
554777
554816
554831
555205
555209
555285
555319
555344
555351
555436
555460
555464
555579
555625
555733
555758
555899
555967
555970
556152
556245
556311
556382
556522
556671
556714
556777
556973
557030
557135
557158
557190
557243
557283
557399
557414
557421
557429
557508
557614
557697
557840
557886
558081
558091
558097
558497
558579
558685
558829
558830
558957
558965
559096
559416
559507
559520
559615
559797
560119
560206
560347
560445
560486
560532
560632
560703
560854
560946
561097
561164
561248
561292
561324
561542
561940
562010
562265
562508
562592
562806
562871
562920
563425
563484
563509
563516
563890
564320
564506
564711
564899
564941
565071
565079
565329
565363
565387
565563
565587
565634
565972
566091
566342
566617
566671
566758
566798
566806
567163
567320
567367
567387
567408
567417
567458
567532
567678
567809
567918
567924
568004
568029
568081
568189
568394
568601
568637
568646
568776
568994
569076
569265
569463
569660
569799
570004
570031
570061
570115
570138
570247
570249
570398
570565
570582
570636
570864
571246
571340
571382
571403
571408
571621
571850
571891
571907
571951
571970
572078
572200
572327
572364
572537
572567
572597
572980
573016
573030
573153
573386
573415
573476
573952
574021
574128
574194
574247
574279
574290
574590
574708
574788
574928
574937
575007
575168
575185
575271
575377
575428
575589
575697
575811
575879
575941
576297
576304
576349
576467
576523
576783
576784
576895
577036
577057
577194
577236
577251
577365
577396
577472
577517
577682
577690
577695
577712
577768
577802
577883
577977
578111
578161
578417
578427
578628
578632
578711
578738
578769
578893
579003
579112
579278
579433
579542
579601
579641
579899
579967
579974
579992
580064
580091
580223
580384
580419
580454
580479
580704
580708
580775
580790
580818
581017
581027
581063
581126
581172
581221
581751
581782
581851
581941
582280
582297
582607
582623
582652
582666
582701
582731
582862
582973
582999
583220
583248
583380
583387
583461
583527
583908
583939
584036
584066
584164
584187
584240
584290
584341
584463
584624
584661
584842
584865
585005
585044
585052
585063
585072
585148
585279
585410
585452
585506
585518
585568
585608
585810
585992
585998
586137
586243
586460
586931
586953
586956
587147
587303
587380
587466
587489
587498
587535
587655
587820
587869
587881
587886
587928
588001
588076
588166
588271
588370
588394
588433
588438
588497
588805
588823
588961
589042
589043
589048
589236
589292
589346
589357
589416
589453
589773
589802
589828
589890
589983
590046
590104
590158
590191
590361
590365
590427
590549
590567
590571
590607
591018
591372
591686
591724
591748
591792
591829
591993
592107
592182
592199
592225
592251
592260
592305
592365
592427
592580
592585
592618
592837
592924
592944
593012
593117
593252
593316
593461
593735
593737
593949
593977
594150
594183
594186
594307
594506
594939
594979
595070
595125
595174
595223
595389
595395
595420
595466
595500
595545
595553
595674
595807
595819
596055
596121
596187
596199
596228
596337
596477
596488
596611
596651
596809
596952
597075
597096
597526
597604
597613
597666
597847
597859
597938
597961
597971
598071
598248
598477
598578
598806
598877
598949
598965
599071
599219
599251
599340
599372
599373
599511
599559
599572
599657
599747
599876
600354
600404
600443
600583
600609
600649
600718
600731
600818
600828
600832
601282
601358
601606
601826
601934
601948
602186
602378
602441
602707
602782
602795
602889
603005
603017
603560
603568
603659
603815
603882
604036
604064
604100
604151
604154
604167
604292
604379
604498
604542
604661
604684
604691
604709
604755
604784
605032
605041
605184
605409
605421
605553
605576
605711
605827
605865
605915
606060
606310
606343
606412
606475
606586
606690
606787
606797
606846
606858
606934
606966
606993
606994
607002
607124
607288
607376
607591
607680
607688
607705
607875
607933
608048
608158
608184
608190
608247
608310
608422
608581
608770
608848
608873
608896
608944
609002
609023
609249
609481
609675
609700
609767
609813
610002
610180
610471
610532
610625
610749
610903
610938
611023
611028
611043
611052
611088
611263
611319
611321
611376
612041
612045
612115
612181
612281
612306
612313
612327
612417
612545
612815
612836
612937
613015
613108
613219
613359
613430
613568
614156
614315
614419
614421
614467
614574
614588
614610
614627
614646
614648
614695
614738
614760
615088
615096
615120
615127
615181
615200
615223
615252
615417
615539
615603
615784
615822
616080
616098
616210
616281
616385
616570
616686
616758
616935
616967
617110
617526
617782
617918
617924
617993
618022
618024
618041
618067
618204
618208
618292
618303
618549
618619
618718
618831
618840
619227
619424
619466
619492
619877
619958
620201
620218
620254
620325
620768
621010
621027
621089
621138
621201
621392
621539
621601
621733
621786
621850
621904
622020
622103
622176
622308
622522
622551
622900
623049
623111
623154
623240
623431
623445
623493
623588
623592
623738
624030
624087
624227
624379
624391
624406
624713
625129
625268
625320
625351
625403
625422
625512
625591
625735
625883
625909
626337
626373
626554
626563
626688
626917
626990
627085
627304
627310
627391
627444
627502
627546
627576
627582
627998
628019
628022
628058
628304
628346
628383
628606
628665
628885
628898
628932
629043
629264
629359
629410
629516
629908
630250
630271
630276
630521
630690
630815
630982
631042
631211
631350
631436
631603
632122
632162
632218
632318
632470
632485
632641
632806
632823
632872
633091
633304
633469
633522
633611
633680
633750
633757
633760
633800
634024
634208
634406
634614
634664
634787
634854
634865
635034
635187
635217
635265
635482
635537
635552
635645
635696
635736
635811
635983
636031
636095
636173
636289
636366
636378
636597
636655
636664
636793
636849
636904
637005
637050
637061
637139
637152
637194
637299
637409
637533
637610
637630
637678
637692
637881
637963
637975
638043
638204
638398
638447
638448
638536
638555
638640
638674
639004
639148
639422
639612
639661
639834
639917
639920
639940
640058
640158
640171
640251
640410
640451
640623
640809
641116
641192
641261
641308
641526
641679
641886
642040
642059
642257
642344
642350
642534
642654
642680
642861
643029
643063
643179
643189
643190
643227
643379
643425
643603
643617
643636
643969
644078
644096
644195
644232
644352
644428
644439
644742
644744
644837
644924
644942
645005
645214
645532
645581
645989
646061
646066
646297
646401
646544
646564
646616
646855
646978
647290
647299
647393
647419
647474
647504
647702
647704
647710
647749
647808
648048
648103
648226
648355
648500
648536
648639
648841
649095
649101
649150
649188
649399
649482
649711
649737
649880
649948
650082
650091
650264
650366
650389
650392
650463
650517
650609
650676
650706
651112
651113
651144
651172
651250
651362
651400
651451
651602
651784
651829
651907
651909
651990
652021
652065
652149
652158
652377
652409
652468
652583
652801
652861
652886
652917
652961
653246
653430
653432
653433
653495
653567
653582
653606
653632
653734
653870
653875
653881
653930
653948
654205
654291
654409
654424
654443
654477
654623
654636
654705
654827
654987
655085
655187
655300
655501
655575
655828
655927
656200
656227
656250
656287
656414
656668
656669
656710
656857
656957
656959
657077
657199
657317
657528
657582
657599
657633
657710
657747
657822
657883
657908
657987
658036
658282
658355
658451
658462
658488
658596
658652
658900
659026
659062
659112
659168
659200
659463
659541
659599
659626
659665
659677
659735
659770
659783
659786
659958
659972
660090
660143
660179
660416
660606
660651
660661
660721
660769
661021
661224
661240
661500
661641
661654
661739
661823
661926
661995
662146
662258
662486
662555
662755
662819
662928
662968
663028
663111
663118
663133
663143
663341
663611
663649
663931
664252
664261
664389
664498
664593
664636
664652
664674
664714
664953
664999
665044
665644
665765
666074
666367
666510
666601
666654
666737
666749
666816
666888
666894
667112
667345
667400
667405
667483
667554
667571
667612
667679
667835
667859
668032
668213
668385
668420
668656
668779
668877
668883
668981
669205
669491
669605
669613
669816
669961
669965
670068
670095
670108
670175
670445
670460
670463
670628
670766
670813
670864
670903
670928
670947
670969
671152
671157
671193
671235
671324
671359
671398
671511
671549
671569
671571
671601
671895
672048
672061
672066
672234
672270
672551
672628
672634
672758
672792
672803
673210
673498
673548
673653
673675
673793
673969
674022
674107
674121
674360
674377
674464
674511
674522
674530
674761
674873
674979
675012
675043
675136
675554
675652
675696
675907
676068
676076
676101
676155
676343
676521
676636
676750
676860
676951
677380
677456
677548
677698
677817
677853
677908
678001
678036
678073
678106
678186
678218
678375
678558
678649
678652
678859
679034
679187
679500
679726
679950
680005
680193
680205
680504
680583
680640
680646
680771
680891
680906
680956
681110
681157
681191
681207
681234
681401
681520
681730
681797
681819
681994
682100
682288
682303
682426
682480
682774
682816
682964
682988
683090
683429
683575
683607
683638
683711
683778
683908
684161
684228
684306
684405
684472
684491
684647
684820
684842
684895
685044
685784
685816
685851
685968
686119
686121
686267
686349
686601
686761
686856
686886
687051
687052
687136
687207
687229
687492
687504
687518
687591
687806
687857
687878
687953
688237
688397
688605
688730
688748
688868
688886
688894
688974
689392
689429
689466
689533
689598
689645
689745
689928
689960
690243
690289
690488
690536
690585
690588
690869
690987
691165
691361
691409
691424
691555
691621
691732
691838
691909
691948
691982
692084
692250
692280
692396
692484
692544
692614
692692
692726
692753
692758
692780
692872
692920
693211
693583
693776
693933
693937
694016
694085
694090
694201
694332
694645
694691
694739
694762
694798
694846
694935
695066
695081
695083
695193
695249
695372
695456
695477
695514
695719
695791
695983
695991
696284
696357
696377
696756
696836
696912
696953
696979
697232
697242
697264
697297
697374
697376
697517
697589
697644
697837
697849
697947
698054
698202
698315
698542
698774
698780
698896
698922
698934
698955
698997
698999
699012
699108
699134
699275
699306
699339
699457
699610
699820
699834
700067
700125
700309
700336
700434
700530
700663
700795
701007
701083
701371
701506
701676
701752
701850
701854
701934
701980
702095
702145
702202
702215
702374
702418
702427
702672
702784
702880
702885
703026
703094
703104
703120
703185
703297
703466
703643
703682
703697
703705
703719
704238
704374
704411
704416
704444
704561
704567
704570
704618
704657
704858
704982
705125
705137
705156
705176
705253
705310
705433
705485
705542
705551
705561
705632
705761
705792
705976
706002
706005
706031
706038
706060
706109
706138
706153
706222
706348
706610
706773
706823
707273
707278
707322
707430
707441
707546
707584
708131
708222
708346
708400
708514
708571
708624
708808
708811
709081
709170
709240
709758
709837
709863
709904
709929
710073
710077
710112
710695
710752
710760
710813
710990
711053
711086
711319
711358
711596
711614
711669
711721
711895
712023
712056
712107
712168
712328
712359
712388
712543
712577
712591
712722
713148
713160
713161
713179
713315
713356
713357
713527
713561
713579
713907
713908
713990
714285
714302
714434
714751
714785
714989
715014
715123
715202
715337
715346
715619
715637
715681
715732
715747
715779
715828
715841
715993
716043
716063
716070
716100
716126
716136
716386
716387
716643
716717
716762
716893
717048
717198
717561
717595
717765
717862
718142
718165
718548
718560
718635
718663
718670
718840
718900
718953
719015
719067
719128
719535
719794
720054
720154
720215
720391
720403
720406
720465
720517
720666
720686
720700
720750
720935
720991
721058
721068
721116
721151
721167
721303
721359
721403
721774
721805
721876
721879
721988
722045
722112
722209
722264
722274
722401
722427
722477
722589
722596
722653
722659
722746
722760
722826
722851
722878
723140
723226
723267
723809
723817
723839
723975
724076
724120
724130
724165
724263
724423
724631
724699
725025
725087
725198
725238
725244
725399
725472
725534
725607
725792
725794
725825
726004
726011
726171
726191
726274
726402
726412
726504
726544
726555
726674
726756
726809
726943
727096
727167
727226
727304
727346
727388
727703
727748
727924
727990
727994
728021
728237
728268
728509
728650
728902
728908
729004
729292
729306
729481
730007
730022
730269
730387
730498
730655
731119
731162
731204
731418
731483
731589
731702
731888
731897
732101
732206
732246
732337
732430
732566
732603
733048
733061
733164
733264
733300
733349
733497
733855
733953
734028
734041
734066
734261
734279
734293
734418
734458
734552
734840
734842
734874
735197
735264
735378
735395
735404
735408
735428
735715
735743
735767
735770
735813
736204
736231
736239
736270
736487
736673
736685
736778
736784
736918
736993
737224
737232
737248
737438
737462
737502
737805
737855
737875
737886
737912
738102
738122
738203
738287
738394
738465
738614
738985
739084
739157
739221
739359
739373
739425
739456
739508
739548
739562
739577
739747
739910
740261
740340
740446
740653
740712
740747
740756
740804
740912
741096
741392
741462
741476
741491
741555
741768
742226
742294
742626
742678
742707
742843
742853
743018
743032
743133
743185
743307
743373
743403
743453
743597
743628
743908
743963
744170
744216
744278
744347
744468
744501
744645
744774
744892
744908
745524
745774
745873
745900
745906
745960
746018
746225
746542
746581
746597
746756
746777
746962
747015
747024
747721
747743
748270
748330
748441
748563
748745
748849
749199
749369
749539
749594
749758
749819
749965
750090
750315
750325
750845
750993
751110
751429
751431
751474
751629
751718
751736
751763
751922
752092
752302
752665
752815
752818
752869
752948
753008
753083
753100
753180
753242
753264
753381
753391
753395
753406
753516
753582
753751
753776
753801
753821
754297
754340
754350
754465
754684
754829
754842
754846
754851
754895
754963
755072
755096
755184
755500
755506
755582
755624
755758
755897
755960
756021
756066
756143
756231
756256
756365
756421
756532
756635
756783
756913
757081
757121
757345
757697
757706
757750
757773
757802
757886
758132
758225
758329
758449
758499
758693
758719
759069
759294
759410
759461
759747
759944
760095
760096
760123
760132
760553
760672
760698
760756
760775
760777
761439
761440
761473
761474
761571
761858
761878
761893
762000
762047
762192
762385
762455
762463
762499
762507
762537
762573
762628
762680
762754
762817
762823
762954
762990
763140
763170
763218
763234
763397
763647
763756
763757
763948
764369
764380
764414
764549
764912
765117
765419
765786
765816
765978
766033
766405
766409
766493
766496
766779
767122
767197
767222
767233
767253
767256
767505
767592
767666
767690
767696
767748
767914
768039
768052
768068
768154
768252
768423
768424
768466
768503
768676
768711
768743
768752
768864
769211
769383
769389
769393
769408
769525
769620
769712
769773
769804
769969
770069
770137
770248
770521
770634
770728
770845
770880
770892
770915
770958
770970
770987
770996
771215
771467
771542
771557
772043
772393
772408
772421
772787
773065
773179
773188
773283
773467
773739
773802
773866
774023
774058
774275
774352
774418
774547
774703
774773
774963
774983
775130
775578
775589
775622
775683
775804
775858
775904
775958
775975
776090
776153
776294
776358
776638
776660
776725
776795
776823
776837
776888
776997
777193
777482
777529
777530
777543
777726
777734
777912
778034
778120
778239
778269
778365
778369
778377
778406
778563
778588
778726
778784
778906
779074
779098
779106
779211
779214
779337
779397
779402
779410
779589
779595
779748
780025
780374
780437
780443
780467
780605
780631
780901
781023
781205
781316
781401
781459
781693
781984
782022
782215
782235
782481
782571
782628
782631
782668
782702
782735
782769
782890
782962
783086
783153
783176
783337
783379
783485
783501
783672
783910
784080
784195
784476
784551
784627
784789
784791
784827
784868
784909
784954
784969
784994
785062
785099
785161
785195
785217
785250
785353
785398
785449
785455
785680
785723
785870
785892
785953
786023
786026
786036
786053
786062
786258
786338
786651
786725
786850
786950
786973
787005
787039
787135
787164
787248
787396
787452
787753
787774
787992
788460
788575
788580
788673
788960
789210
789238
789495
789519
789783
789868
789884
789934
790052
790253
790318
790490
790548
790618
790628
791066
791125
791186
791353
791709
791754
791770
791810
791851
791861
791863
791974
792133
792309
792361
792383
792476
792493
792504
792546
792805
792940
793031
793053
793144
793228
793344
793548
793652
793759
793898
794034
794232
794348
794462
794497
794599
794727
794756
794778
794797
794832
794840
795200
795307
795467
795546
795751
795954
795996
796020
796101
796132
796179
796200
796245
796374
796401
796504
796585
796592
796652
796795
796864
796899
797036
797173
797187
797214
797296
797336
797591
797834
797938
797979
798005
798066
798123
798129
798225
798250
798329
798559
798608
798779
798800
798960
798988
798997
799008
799085
799241
799352
799402
799582
799643
799695
799972
799979
800090
800124
800296
800300
800320
800448
800533
800667
800740
800770
801036
801037
801172
801190
801215
801220
801314
801330
801574
802088
802134
802213
802240
802372
802439
802613
802644
802646
802664
802665
802683
802728
802736
802759
802942
803015
803359
803389
803536
803618
803700
803825
803832
803995
804042
804138
804357
804371
804447
804729
804808
804928
805008
805164
805191
805393
805443
805547
805683
805740
805798
806088
806154
806219
806268
806392
806610
806691
806751
806839
806928
806984
806993
807015
807042
807137
807580
807581
807707
807712
807866
807903
807989
808085
808175
808194
808258
808357
808391
808405
808491
808520
808551
808745
808777
808840
808936
808962
809032
809075
809110
809185
809227
809286
809301
809312
809434
809456
809491
809547
809567
809638
809947
810129
810180
810324
810359
810546
810602
810657
810809
810858
811207
811270
811348
811364
811430
811436
811504
811762
811783
811885
811972
812014
812072
812229
812533
812556
812582
812624
812661
812734
812954
813056
813172
813203
813215
813331
813553
813563
813585
813599
813639
814047
814112
814134
814141
814171
814177
814199
814215
814243
814472
814552
814587
814676
814690
815022
815115
815128
815191
815313
815513
815596
815658
815708
815744
815794
815798
815802
815973
815980
816034
816127
816136
816148
816174
816176
816269
816413
816595
816603
816709
816850
816944
816988
816993
817275
817308
817318
817381
817542
817591
817698
817883
818205
818345
818393
818792
818842
818997
819060
819135
819157
819204
819530
819650
819681
819722
819880
819893
819995
820053
820185
820368
820426
820439
820462
820619
820692
820783
820803
820847
820929
820963
821012
821062
821123
821164
821182
821329
821389
821484
821557
821679
821721
821979
821982
822018
822421
822571
822588
822602
822757
822774
822822
822850
823047
823067
823104
823127
823133
823355
823390
823431
823607
823640
823693
823737
823991
823996
824043
824064
824309
824359
824435
824565
824606
824755
824860
824919
824974
825030
825123
825244
825372
825416
825418
825505
825700
825767
825910
825914
825920
825951
826011
826031
826047
826125
826155
826187
826510
826580
826672
826694
826750
826804
826916
826944
826978
827002
827059
827106
827150
827162
827505
827586
827966
828000
828033
828401
828413
828834
828838
829003
829078
829079
829144
829156
829158
829253
829297
829433
829465
829543
829624
830067
830156
830262
830324
830344
830511
830522
830534
830747
830755
830847
830856
830865
830973
831074
831091
831134
831172
831244
831248
831368
831369
831384
831392
831558
831661
831679
831806
832098
832541
832588
832724
832766
832815
832893
833045
833206
833240
833287
833290
833391
833491
833508
833530
833568
833610
833626
833744
833896
833974
834397
834457
834592
834659
834667
834741
834761
834852
834862
834985
835602
835643
835699
835785
835827
835948
836319
836341
836438
836461
836488
836533
836691
836723
836732
836735
837008
837282
837324
837486
837501
837983
838011
838130
838242
838598
838971
839055
839120
839186
839602
839669
839778
839828
840211
840295
840333
840346
840405
840426
840560
840561
840823
840853
840869
840911
840933
841371
841401
841594
841692
841919
842004
842065
842102
842116
842150
842167
842358
842400
842470
842610
842614
842624
842721
842725
842737
842790
842798
842822
842829
842849
842903
843160
843495
843532
843606
843667
843705
843726
843780
843852
843866
843918
844013
844633
844693
844820
844991
845120
845321
845361
845397
845430
845489
845540
845756
845974
846197
846212
846244
846438
846522
846776
846847
847395
847442
847545
847565
847695
847730
847874
847969
847997
848157
848206
848222
848308
848426
848635
849027
849161
849372
849704
849850
849877
849878
849892
849931
849967
850170
850265
850364
850383
850402
850419
850426
850467
850579
850626
850676
850795
851062
851111
851134
851149
851310
851715
851917
851927
851950
852038
852317
852328
852400
852538
852680
852751
852758
852761
852814
852878
853367
853390
853435
853670
853818
853951
854264
854320
854344
854350
854356
854365
854459
854532
854669
854709
854765
854797
854983
854996
855156
855203
855213
855220
855242
855308
855309
855311
855745
855758
855875
855883
856049
856266
856343
856376
856404
856472
856612
856672
856690
856717
856750
856761
856880
856968
856993
857077
857402
857447
857458
857510
857755
857788
857802
857985
858034
858072
858088
858171
858174
858186
858268
858271
858281
858401
858418
858421
858425
858497
858499
858551
858634
858666
858882
859030
859254
859584
859599
859622
859641
859744
859813
859879
859993
860267
860294
860523
860627
860748
860768
860788
860823
860914
860929
861083
861175
861226
861307
861451
861566
861961
862127
862323
862395
862700
862956
863124
863259
863296
863323
863339
863342
863682
863743
863789
863870
863989
864023
864205
864257
864303
864309
864347
865470
865521
865582
865584
865662
865674
865701
865760
865877
866024
866031
866082
866279
866506
866546
867021
867069
867112
867170
867684
867803
868057
868235
868288
868389
868475
868538
868550
868551
868626
868877
868959
869023
869120
869258
869259
869284
869329
869430
869476
869636
869762
869971
869975
869981
869998
870149
870183
870191
870193
870377
870395
870415
870437
870526
870611
870652
870663
870872
870902
870921
870943
871049
871211
871215
871303
871364
871425
871490
871549
871550
871669
871951
871972
872044
872049
872167
872263
872283
872397
872599
872633
872653
872776
872810
872817
873108
873163
873170
873236
873312
873421
873558
873696
873775
873779
874229
874348
874647
874929
875172
875240
875450
875728
875937
875996
876150
876457
876542
876550
876567
876648
876668
876876
876940
877183
877201
877246
877283
877327
877350
877376
877401
877464
877618
877685
877774
877822
878066
878147
878383
878397
878459
878528
878591
878810
878815
878854
879030
879047
879131
879190
879437
879799
879869
879873
879881
879902
879919
880028
880076
880116
880144
880340
880443
880596
880680
880738
880741
880773
880816
881081
881213
881462
881699
881724
881918
882013
882313
882507
882639
882656
882659
882799
882899
882978
882986
883024
883081
883093
883154
883243
883591
883744
884148
884193
884318
884414
884534
884793
884820
884927
885097
885273
885422
885436
885560
885882
885934
886001
886027
886122
886197
886227
886271
886308
886313
886388
886423
886446
886453
886477
886545
886658
886768
886864
886877
886894
887158
887400
887455
887458
887519
887551
887554
887689
887799
887804
887845
887968
888165
888244
888334
888429
888552
888898
888990
889024
889052
889062
889076
889123
889251
889335
889369
889443
889464
889573
889963
889976
889984
890824
890969
891158
891191
891233
891267
891413
891664
891754
891812
891994
892298
892323
892328
892714
892721
892866
892874
892920
893639
893664
893672
893765
893932
894045
894065
894232
894488
894585
894700
895126
895183
895188
895746
895837
895846
895877
895902
895999
896208
896222
896245
896259
896349
896355
896356
896790
897144
897188
897262
897308
897379
897393
897413
897605
897913
897935
898161
898220
898530
899162
899530
899738
899821
899823
899924
899936
900214
900327
900334
900429
900534
900700
900926
900959
901007
901187
901283
901349
901571
901622
901637
901853
901876
901914
901999
902000
902041
902162
902393
902520
902587
902589
902680
903038
903103
903264
903295
903302
903306
903373
903492
903646
903682
903788
903914
904002
904067
904260
904486
904560
904577
904644
904668
904745
904773
904777
904778
904932
904960
905079
905330
905498
905612
905671
905683
905734
905795
905841
905877
905955
905988
906084
906107
906179
906342
906441
906479
906728
906866
906875
906934
907094
907227
907232
907314
907355
907358
907396
907411
907870
908016
908155
908238
908469
908494
908529
908629
908681
908755
908809
908824
908937
909027
909182
909311
909325
909365
909411
909466
909584
909680
909784
909887
909898
909929
910081
910134
910300
910594
910677
910933
911176
911196
911217
911236
911317
911320
911575
911781
912323
912349
912671
912765
912867
912899
913243
913472
913504
913661
913755
913927
914017
914034
914310
914315
914416
914435
914506
914667
914696
914865
914917
914929
914961
915142
915188
915371
915391
915490
915674
915713
915739
915988
916022
916108
916336
916403
916475
916476
916483
916543
916546
916658
916739
916757
916761
916962
917236
917245
917332
917345
917382
917387
917392
917468
917482
917501
917623
917703
917727
917981
918172
918273
918431
918455
918687
918725
918841
919056
919094
919234
919398
919747
919756
919839
919866
919967
919972
919997
920096
920172
920240
920319
920332
920374
920541
920587
920631
920637
920767
920794
920841
920906
920933
921010
921113
921134
921278
921308
921465
921601
921636
921773
921825
921861
922131
922475
922529
922660
923000
923037
923190
923379
923506
923584
923640
923758
923883
923907
923977
924117
924138
924208
924281
924485
924560
924704
924754
924816
924823
924837
924985
924996
925007
925017
925167
925197
925314
925385
925444
925739
925788
925935
926212
926547
926567
926674
926975
927075
927190
927397
927578
927583
927608
927745
927962
928102
928215
928269
928302
928309
928390
928495
928547
928781
929154
929242
929243
929286
929473
929490
929515
929605
929612
929652
929884
929931
929962
930017
930058
930083
930172
930347
930409
930449
930521
930553
930586
931035
931373
931406
931407
931435
931469
931593
931663
931686
931826
931840
931951
932073
932216
932254
932362
932378
932425
932428
932525
932554
932590
932743
932770
932890
933176
933204
933333
933653
933980
934007
934170
934315
934331
934628
934641
935104
935180
935480
935482
935558
935626
935634
935799
936168
936175
936196
936328
936387
936396
936410
936549
936665
936751
936873
937146
937325
937343
937454
937645
937715
937773
937822
937921
937925
938023
938152
938407
938987
939015
939031
939283
939466
939468
939509
939597
939693
939710
939996
940140
940166
940295
940305
940504
940523
940626
940688
940717
940758
940783
940789
940858
940888
940952
941457
941515
941535
941536
941553
941637
941679
941980
942072
942137
942170
942233
942350
942367
942708
942715
942789
942825
942828
942963
942970
943004
943042
943074
943183
943189
943224
943242
943448
943618
943668
944156
944183
944211
944423
944514
944535
944823
944825
944893
944972
945157
945341
945362
945631
945647
945800
945848
946243
946471
946563
946576
946626
946691
946694
946748
946790
946801
946929
946941
947130
947134
947216
947341
947346
947380
947389
947647
947715
947890
947982
948104
948129
948177
948330
948433
948467
948618
949056
949253
949444
949447
949467
949540
949625
949724
949764
949858
949892
949991
950224
950382
950550
950763
950770
950822
951290
951378
951523
951610
951736
951773
951808
951904
951999
952092
952220
952288
952499
952567
952637
952727
953011
953102
953126
953158
953185
953292
953451
953548
953631
953656
953775
953887
954036
954179
954239
954472
954816
955315
955431
955600
955698
955726
955878
955908
955991
955995
956025
956050
956171
956252
956456
956501
956627
956925
957005
957330
957632
957814
957976
958063
958100
958145
958179
958515
958521
958708
958778
958806
958859
958903
958923
958928
959077
959205
959263
959292
959348
959511
959550
959679
959913
959953
960006
960056
960076
960211
960247
960290
960366
960369
960410
960486
960569
960655
961277
961334
961397
961542
961621
961887
961999
962087
962168
962319
962524
963042
963095
963106
963160
963218
963329
963343
963497
963534
963621
963659
963825
963850
963989
964125
964324
964429
964479
964531
964983
965092
965231
965284
965326
965382
965448
965495
965629
965680
965737
965763
965984
965989
966048
966099
966170
966226
966329
966446
966534
966584
966652
966653
966676
966964
967073
967133
967156
967175
967251
967264
967291
967426
967479
967484
967503
967524
967580
967582
967682
967713
967765
967792
967794
967885
967896
968631
968758
968836
968994
969061
969228
969394
969471
969566
969732
969808
969996
970054
970056
970081
970357
970549
970650
970717
970780
970805
970904
970947
970956
971014
971043
971131
971176
971227
971286
971292
971344
971525
971661
971667
971705
971737
971829
971878
971966
971999
972018
972054
972104
972178
972299
972509
972531
972595
972771
972872
972900
973095
973240
973489
973716
973730
973766
973794
973849
973930
974163
974239
974319
974351
974370
974581
974662
974949
975021
975037
975123
975260
975275
975318
975384
975395
975536
975537
975552
975733
975891
975920
976063
976083
976193
976245
976315
976348
976448
976837
976931
977107
977118
977312
977359
977497
977512
977550
977617
977691
977813
977884
977924
978000
978451
978781
979131
979155
979205
979391
979435
979449
979800
979820
979836
979874
979964
979965
980166
980327
980483
980555
980690
980743
980999
981130
981156
981177
981188
981441
981764
981796
981819
981822
981870
981988
981997
982083
982511
982638
982705
982808
983084
983237
983302
983374
983412
983426
983490
983547
983730
983850
983961
983966
984033
984236
984274
984568
984608
984619
984621
984689
984769
984865
984876
984887
984894
984983
985118
985296
985453
985482
985601
985816
985830
985889
986279
986393
986551
986613
986699
986815
987021
987158
987558
987560
987733
988012
988047
988167
988195
988330
988337
988489
988703
988753
988895
988912
989238
989246
989308
989317
989445
989497
989577
989675
989803
990294
990472
990552
990602
990632
990741
990763
990862
990896
990979
991032
991099
991161
991276
991341
991434
991486
991571
991574
991657
991776
991821
991884
992019
992109
992213
992220
992422
992535
992685
992893
992917
993025
993069
993086
993107
993183
993224
993351
993538
993563
993608
993639
993843
994023
994034
994119
994438
994681
994707
994827
994902
994931
995065
995124
995285
995547
995593
995620
995885
995978
996065
996117
996149
996208
996373
996633
996745
996881
996926
997158
997511
997517
997522
997768
997904
998094
998128
998158
998318
998452
998636
998758
998787
998800
999024
999071
999141
999165
999174
999190
999201
999229
999241
999336
999391
999432
999528
999629
999648
999667
999707
999972
