97
98
110
183
202
524
548
571
654
1315
1432
1439
1498
1544
1734
1771
1953
2076
2116
2249
2279
2326
2411
2449
2474
2621
3066
3297
3345
3450
3570
3582
3922
3932
3940
4445
4469
4488
4596
4777
4793
4855
4956
5137
5286
5305
5513
5724
5726
5900
5961
6334
6630
6655
6807
6811
6841
6849
6888
7009
7015
7047
7048
7052
7056
7090
7244
7341
7514
7516
7529
7609
7639
7946
8108
8137
8272
8445
8542
8549
8610
8681
8813
8832
9020
9205
9217
9317
9359
9454
9621
9812
9900
10072
10106
10148
10284
10287
10489
10829
10925
10960
10963
10982
10999
11122
11214
11236
11291
11397
11421
11570
11658
11727
11738
11750
12069
12098
12208
12280
12451
12493
12830
13298
13349
13573
13628
13725
13730
13865
13886
13930
14122
14129
14199
14332
14417
14451
14547
14705
14822
15037
15093
15239
15323
15397
15399
15445
15696
15867
15902
15973
15987
16378
16449
16674
16783
16816
17010
17155
17160
17236
17524
17669
17936
18001
18146
18285
18366
18505
18529
19138
19384
19402
19498
19520
19606
19720
19936
20121
20270
20277
20364
20548
20602
20788
20870
21017
21126
21130
21350
21595
21620
21822
21833
21885
21917
22249
22256
22292
22437
22487
22546
22557
22805
22849
22939
22973
23006
23017
23123
23129
23264
23434
23474
23500
23559
23664
23702
23815
23870
24107
24174
24324
24327
24544
24651
24846
24862
25050
25205
25219
25274
25597
25737
25751
25773
25808
25811
25928
26166
26176
26189
26415
26485
26511
26581
26755
26861
26969
27012
27249
27729
27745
27848
27858
27908
28016
28178
28283
28321
28343
28424
28465
28467
28494
28500
28685
28721
28734
28942
29077
29078
29121
29164
29195
29211
29326
29339
29479
29575
29626
29713
29732
29832
29922
29939
30313
30762
30779
30814
30855
31100
31121
31135
31335
31370
31572
31640
31647
31679
31978
32120
32141
32296
32362
32427
32574
32662
32843
32931
32962
32974
33215
33314
33353
33694
33819
33968
34053
34176
34331
34475
34578
34604
34636
34726
34730
34758
34954
35285
35346
35383
35496
35521
35548
35573
35650
35738
35865
35877
35936
35994
36065
36146
36164
36436
36444
36636
36660
36715
36807
37400
37515
37599
37635
37657
37722
37757
37787
37812
37882
38284
38363
38814
38861
38886
39008
39018
39138
39195
39226
39234
39293
39328
39376
39392
39410
39425
39463
39526
39619
39975
40191
40398
40451
40479
40481
40698
40995
41011
41157
41163
41205
41299
41443
41472
41542
41577
41776
42206
42393
42584
42608
42627
42648
42681
42688
42887
42970
42971
43490
43704
43855
43895
44103
44453
44585
44823
44909
44941
44974
45008
45057
45059
45118
45214
45262
45410
45596
45599
45619
46009
46068
46100
46181
46484
46682
46764
46779
46817
47305
47396
47420
47606
47636
47659
47697
47710
48011
48227
48261
48392
48680
48759
48917
48936
49065
49163
49256
49325
49455
49647
49650
49799
49937
50135
50226
50519
50578
50582
50642
50756
50799
51208
51253
51269
51329
51515
51870
52063
52117
52547
52567
52571
52753
52792
52907
53205
53226
53265
53377
53409
53565
53752
53862
53971
54015
54108
54184
54195
54213
54253
54406
54425
54523
54726
54851
54930
54959
55017
55082
55101
55248
55423
55436
55485
56271
56457
56515
56560
56916
56936
57229
57243
57301
57403
57483
57607
57655
57680
57719
57937
57956
58027
58094
58143
58243
58373
58519
58556
58960
58974
59076
59147
59370
59465
59592
59613
59871
60118
60127
60152
60157
60187
60192
60332
60396
60448
60575
60600
60607
60751
60819
60910
60954
61060
61168
61562
61586
61736
61802
61887
62321
62396
62658
62792
63032
63116
63157
63169
63270
63303
63431
63558
63841
63882
63894
63996
64157
64180
64234
64393
64457
64508
64520
64605
64682
64754
65072
65134
65159
65186
65282
65432
65654
65665
65781
65866
65918
65995
66140
66162
66203
66226
66252
66338
66346
66349
66569
66875
67037
67048
67571
67584
67821
67823
67926
68151
68328
68374
68383
68486
68564
68639
68656
68906
68941
69069
69136
69283
69286
69395
69453
69459
69473
69544
69629
69638
69842
69899
69919
70107
70149
70295
70363
70420
70456
70556
70747
70799
71123
71140
71258
71318
71550
71618
71746
71752
71887
71940
72015
72113
72233
72384
72511
72526
72628
72652
72760
72863
72867
72918
72988
73085
73136
73379
73562
73689
73749
73911
73989
74115
74162
74368
74560
74563
74583
74677
74687
74903
75164
75404
75444
75535
75547
75653
75654
75681
75689
75695
75696
75782
75806
75836
75989
75996
75998
76093
76405
76553
76606
76714
76760
76961
77056
77066
77100
77169
77180
77205
77296
77465
77472
77531
77653
77754
78021
78063
78152
78262
78293
78319
78339
78633
78727
78947
78991
79007
79054
79490
79592
79614
79981
80099
80477
80637
80657
81038
81069
81206
81256
81284
81287
81379
81391
81512
81575
81591
81830
81855
81926
81929
82215
82271
82303
82406
82504
82584
82642
82673
82709
82790
82952
82990
83100
83145
83147
83200
83244
83281
83310
83327
83372
83569
83604
83905
84116
84234
84265
84279
84454
84473
84478
84584
84729
84882
84949
85017
85076
85145
85263
85353
85395
85467
85599
85636
85666
85687
85854
85914
85978
86049
86054
86125
86318
86327
86470
86576
86675
86726
87145
87158
87282
87327
87357
87403
87416
87551
87571
87575
87775
87838
88144
88247
88271
88274
88446
88524
88802
89178
89183
89318
89475
89542
89612
89646
89652
89682
89766
89836
89846
90741
91118
91134
91242
91468
91569
91600
91952
91956
92151
92316
92447
92732
92978
93034
93058
93277
93284
93356
93376
93385
93398
93556
93726
93817
93855
93881
93914
93970
94013
94071
94082
94137
94343
94438
94528
94550
94652
94701
94727
94736
94832
94899
94907
94981
95017
95365
95665
96031
96039
96105
96155
96201
96304
96727
96792
97040
97045
97149
97233
97375
97548
97596
97715
97745
97746
97769
97798
97817
97906
97952
98098
98188
98835
98958
98969
99016
99319
99403
99436
99449
99539
99864
100009
100087
100111
100195
100298
100332
100384
100428
100556
100652
100727
100923
101037
101045
101099
101222
101240
101483
101899
102148
102151
102169
102173
102322
102446
102470
102514
102805
103134
103149
103154
103393
103435
103640
103692
103900
103935
103974
104072
104315
104456
104481
104504
104613
104790
104805
104836
105526
105532
105642
105739
105759
106377
106462
106534
106767
106838
106849
106928
107152
107223
107239
107281
107319
107357
107415
107574
107626
107750
107831
107834
107911
107952
107990
108171
108185
108196
108297
108318
108625
108683
108959
109061
109064
109102
109104
109205
109296
109301
109361
109364
109408
109434
109466
109486
109584
109660
109819
109879
109896
109992
110011
110055
110155
110197
110217
110463
110474
110694
110700
111132
111351
111389
111398
111521
111553
111682
111744
111816
112056
112187
112438
112440
112453
112473
112527
112730
112780
113005
113110
113182
113205
113291
113354
113429
113484
113554
113588
113599
113643
113857
113864
113865
113991
114166
114171
114221
114374
114602
114626
114818
115087
115129
115311
115328
115364
115380
115580
115626
115748
115764
116022
116035
116089
116182
116186
116481
116525
116592
116759
116895
117081
117297
117309
117357
117359
117377
117493
117531
117622
117876
117894
117935
118124
118341
118350
118494
118654
118704
118874
118971
119030
119041
119066
119136
119146
119177
119185
119193
119210
119275
119312
119385
119404
119419
119506
119526
119692
119736
120192
120193
120451
120519
120546
120977
121007
121092
121724
121798
121906
121952
122023
122115
122223
122490
122820
122846
122849
122866
123073
123223
123238
123368
123563
124028
124060
124112
124138
124317
124434
124476
124981
125020
125032
125151
125276
125321
125328
125354
125535
125636
125683
125794
125822
125909
125927
125968
126292
126394
126407
126408
126456
126618
126849
126874
126943
126994
127086
127409
127437
127700
127717
127798
127903
127937
127952
128044
128069
128129
128185
128189
128212
128227
128322
128361
128410
128539
128561
128728
128827
129057
129230
129426
129525
129651
129751
129800
129895
130333
130344
130431
130515
130518
130564
130574
130717
130842
130845
130985
131069
131357
131464
131510
131570
131755
131816
131874
131875
131947
131977
132028
132044
132229
132246
132301
132380
132414
132426
132445
132450
132887
132927
132991
133020
133035
133059
133238
133255
133448
133490
133530
133729
133860
133898
133998
134404
134413
134722
134749
134878
135001
135024
135074
135245
135347
135436
135487
135710
135761
135795
135892
136073
136097
136268
136276
136308
136473
136508
136669
136686
136749
136890
136912
136944
136963
137107
137466
137467
137516
137528
137559
137695
137701
137757
137834
137879
137888
137951
137979
137989
138085
138154
138196
138317
138443
138635
138684
138751
138789
138842
138845
138993
139049
139052
139109
139124
139151
139234
139349
139414
139440
139459
139561
139606
139633
139678
139741
139751
139763
139967
139993
140004
140022
140359
140520
140561
140572
140600
140606
140720
140825
140883
141123
141304
141332
141393
141414
142277
142695
142839
142977
143001
143280
143575
143666
143727
143950
144035
144136
144294
144417
144584
144621
144759
145032
145086
145171
145297
145331
145645
145860
146057
146058
146253
146372
146403
146564
146565
146638
146681
146736
146812
146917
146956
147001
147012
147061
147071
147080
147097
147185
147419
147463
147534
147663
147695
147759
147858
147877
147919
147931
148009
148051
148087
148091
148300
148448
148460
148503
148507
148869
148952
148979
149063
149495
149590
149940
149992
150133
150349
150397
150404
150477
150768
150945
151196
151231
151332
151512
151530
151672
151829
152016
152054
152255
152315
152328
152350
152483
152519
152584
152614
152872
152942
152962
153024
153072
153270
153323
153443
153585
153729
153775
153790
153914
153968
154037
154067
154133
154220
154259
154284
154356
154551
154843
154941
154996
155281
155355
155403
155488
155531
155533
155543
156068
156073
156078
156081
156204
156505
156537
156574
156727
156787
156928
156971
157126
157235
157307
157324
157904
157930
157973
158053
158231
158385
158556
158763
158860
158941
159082
159218
159290
159322
159361
159598
159645
159735
159751
159832
159871
159933
160000
160022
160055
160184
160225
160249
160265
160370
160374
160474
160511
160862
160918
160938
160949
160969
161179
161234
161242
161254
161290
161578
161694
161707
161752
161770
161772
161899
161972
162147
162202
162651
162787
162939
162961
163066
163081
163125
163178
163301
163492
163918
164239
164471
164473
164615
164780
164790
164877
164921
165031
165063
165128
165139
165201
165227
165244
165254
165284
165333
165336
165524
165755
165774
165830
165884
165911
165948
166129
166136
166151
166466
166502
166504
166742
166972
167004
167287
167397
167493
167552
167665
167778
168039
168083
168179
168304
168367
168563
168819
168822
168847
168982
168991
169035
169069
169214
169340
169370
169461
169562
169668
169728
169792
169953
170014
170098
170458
170481
170490
170701
170771
170793
170844
170888
170912
171044
171058
171171
171290
171291
171444
171548
171680
171721
171809
171943
172018
172135
172414
172563
172602
172626
172732
172817
172939
173193
173197
173564
173670
173691
173764
173865
173962
173981
174084
174123
174128
174136
174201
174314
174389
174591
174602
175410
175555
175684
175958
175980
176136
176139
176207
176419
176464
176637
176773
177299
177550
177663
177773
177780
177944
178046
178058
178229
178234
178255
178256
178279
178321
178327
178387
178668
178683
178696
178717
178731
178779
178807
178810
179009
179010
179119
179141
179176
179234
179300
179515
179545
179570
179655
179808
179915
180118
180146
180217
180363
180705
180754
180760
180905
181066
181089
181470
181714
181727
181823
182223
182421
182523
182900
182954
182958
183002
183081
183099
183174
183273
183298
183312
183375
183541
183638
183764
183921
183956
183987
184066
184067
184100
184309
184371
184381
184403
184516
184641
184659
184662
184752
184755
184929
185144
185186
185188
185325
185459
185463
185528
185743
185748
185929
185938
185980
186036
186057
186085
186124
186320
186411
186613
186800
186885
186922
187060
187086
187180
187349
187391
187414
187518
187872
187880
187897
187919
188100
188137
188168
188327
188681
188949
189070
189084
189093
189143
189270
189325
189395
189814
189951
189973
190157
190209
190214
190216
190318
190649
190659
190718
191013
191174
191365
191428
191465
191481
191506
191518
191549
191730
191840
191955
191966
192151
192316
192342
192372
192480
192651
192917
193133
193142
193263
193264
193298
193302
193305
193420
193834
193856
193927
193929
193947
194044
194119
194181
194628
194658
194681
194791
194833
194915
194944
195005
195152
195264
195293
195441
195589
195658
196142
196190
196308
196420
196447
196463
196548
196709
196726
196809
196930
196947
197009
197028
197152
197267
197335
197472
197637
197940
198108
198112
198136
198591
198656
198755
199227
199297
199299
199365
199408
199444
199484
199501
199544
199555
199591
199632
199846
199977
200111
200306
200436
200463
200579
200639
200661
200691
200793
200808
200927
200990
201409
201473
201530
201692
201827
201931
202163
202179
202223
202249
202264
202428
202710
202729
202816
202834
202840
202899
202992
203132
203186
203264
203521
203619
203630
203686
203757
203942
204011
204018
204038
204120
204177
204350
204474
204508
204529
204574
204672
204716
204852
204856
204903
204928
204983
205004
205022
205058
205077
205087
205156
205212
205296
205563
205662
205791
205802
206080
206115
206162
206166
206234
206255
206428
206432
206470
206592
206718
206836
207062
207143
207188
207194
207207
207415
207496
207726
207825
207954
207998
208116
208145
208195
208201
208355
208395
208569
208609
208617
208649
208707
208732
208900
209113
209118
209141
209181
209357
209737
209751
209851
209988
210049
210130
210178
210312
210410
210450
210612
210644
210682
210731
210820
210881
210893
210951
211386
211540
211833
211886
211887
212159
212182
212260
212301
212757
212792
212958
212967
212994
213333
213420
213562
213639
213764
213796
213848
214049
214075
214091
214134
214195
214223
214227
214306
214620
214713
214726
214758
214772
214811
214854
215012
215032
215076
215150
215237
215266
215273
215353
215447
215450
215598
215773
215841
215853
215955
216020
216434
216515
216519
216746
216871
216903
216934
216940
217051
217058
217098
217281
217334
217352
217387
217439
218146
218411
218551
218612
218840
219140
219212
219367
219392
219552
219630
219676
219785
219817
219842
219930
219986
220019
220102
220191
220228
220237
220423
220436
220462
220474
220548
220676
220769
220961
221067
221211
221222
221305
221420
221582
221772
221827
221830
221916
222057
222087
222245
222250
222656
222681
222852
222869
223149
223676
223814
223890
224039
224170
224306
224319
224343
224402
224507
224562
224601
224843
224890
224947
224971
225587
225862
225901
225938
226011
226101
226181
226253
226293
226424
226539
226774
226881
226916
227113
227213
227219
227279
227320
227490
227650
227676
228126
228231
228235
228299
228372
228385
228420
228465
228625
228839
229062
229214
229636
229701
229723
229779
229809
229854
230081
230137
230186
230304
230325
230370
230722
230751
230778
230785
230879
230904
230964
231191
231335
231444
231457
231459
231645
231794
231949
232019
232199
232294
232327
232359
232681
232684
232731
232804
232945
233007
233066
233126
233170
233199
233203
233208
233260
233270
233320
233899
234148
234158
234473
234535
234576
234715
234871
234971
235069
235169
235190
235356
235480
235493
235532
235681
235685
235704
235751
235857
235903
235960
236104
236253
236446
236464
236599
236788
236855
236874
236970
236978
236985
237011
237040
237178
237326
237352
237362
237373
237509
237517
237583
237605
237704
237888
237962
237995
238023
238049
238177
238265
238282
238569
238578
238579
238613
238795
238857
238903
238983
239220
239283
239517
239520
239566
239607
239609
239702
239794
239838
239889
239983
239990
240222
240249
240447
240509
240623
240637
240663
240745
240833
240940
240944
241005
241046
241244
241491
241624
241731
241759
241887
242010
242193
242201
242374
242398
242477
242481
242509
242764
242780
242861
242889
242945
243343
243449
243726
244055
244464
244523
244532
244745
244764
244800
245019
245063
245168
245188
245698
245864
245955
246082
246331
246526
246546
246622
246720
246790
246905
246989
247252
247387
247652
247662
247684
247824
247880
247964
247965
248147
248545
248553
248606
248852
249073
249126
249291
249301
249335
249537
249778
249856
249893
249959
249975
250052
250101
250106
250187
250233
250234
250242
250264
250283
250306
250458
250633
250698
250945
250971
251102
251127
251137
251150
251565
251566
251603
251855
252027
252039
252069
252284
252681
252771
252819
253027
253031
253079
253108
253115
253212
253217
253247
253368
253455
253500
253707
253792
253992
254088
254325
254361
254442
254493
254622
254698
254699
254767
254856
255175
255243
255295
255463
255480
255878
255896
255903
256005
256122
256161
256271
256398
256419
256436
256529
256628
256767
256957
257089
257119
257130
257131
257322
257421
257463
257595
257913
257952
258194
258200
258264
258273
258313
258384
258500
258685
258737
258750
258899
259232
259461
259605
259702
259945
260000
260002
260034
260141
260292
260403
260414
260622
260832
260856
260904
260930
260953
260983
261028
261092
261236
261409
261853
261890
262200
262289
262301
262519
262600
262681
262705
262723
262800
263089
263306
263466
263481
263497
263510
263540
263728
263730
263735
263800
263933
264031
264094
264101
264236
264476
264558
264635
264716
264781
264829
264901
264936
265030
265063
265104
265112
265143
265169
265175
265291
265329
265419
265443
265730
265843
265872
265873
265935
266015
266093
266116
266249
266285
266313
266406
266427
266557
266573
266639
267085
267168
267215
267428
267509
267746
267829
267951
268035
268068
268084
268190
268209
268488
268714
268727
268752
268790
268793
269115
269317
269485
269516
269527
269588
269640
269682
269919
270013
270135
270158
270226
270402
270447
270537
270568
270735
270853
270876
271073
271095
271217
271306
271308
271347
271395
271413
271487
271491
271560
271562
271692
271815
271912
272118
272140
272315
272316
272395
272767
272844
272964
273157
273208
273293
273328
273344
273430
273513
273541
273576
273909
273917
274048
274054
274079
274116
274129
274155
274183
274282
274357
274436
274566
274593
274773
275254
275286
275333
275888
275965
276024
276107
276116
276138
276206
276210
276230
276352
276446
276498
276609
276618
276638
276668
276869
277091
277184
277230
277292
277396
277452
277626
277632
277664
277675
277704
278093
278136
278170
278172
278276
278298
278299
278634
278638
278706
278837
278972
279065
279101
279192
279278
279428
279435
279598
279681
279739
279859
279994
280033
280037
280081
280495
280528
280543
280592
280607
280788
280834
281152
281210
281213
281347
281356
281535
281610
281750
281810
282077
282352
282765
282772
282777
283000
283111
283197
283398
283467
283599
283658
283739
283839
283891
284115
284275
284365
284402
284471
284473
284563
284795
284948
284952
285058
285196
285204
285326
285534
285541
285565
285730
285742
285792
285794
285836
285849
286072
286130
286222
286353
286409
286446
286474
286481
286509
286551
286625
286725
286858
286957
287114
287183
287263
287415
287838
287925
288009
288101
288172
288180
288228
288237
288246
288254
288379
288672
288711
288723
288738
288885
288898
289237
289317
289341
289365
289371
289406
289436
289444
289635
289668
289737
289797
289991
290048
290246
290469
290637
290777
291014
291031
291041
291433
291730
291920
292165
292197
292215
292384
292619
292830
292877
292946
293010
293064
293120
293193
293245
293292
293326
293454
293466
293519
293587
293673
293824
293836
293920
294042
294293
294294
294306
294436
294494
294515
294682
294717
294859
294894
294922
295000
295077
295394
295637
295702
295836
295880
295981
296129
296131
296154
296198
296213
296331
296515
296523
296534
296690
296887
297211
297224
297348
297591
297609
297912
297944
298017
298128
298503
298558
298587
298717
298893
298894
299030
299113
299413
299429
299672
299927
299976
300077
300115
300272
300428
300688
300714
300822
300892
300894
300936
300992
300994
301118
301227
301234
301274
301333
301367
301393
301796
301841
301969
302216
302378
302406
302530
302582
302762
302861
303067
303093
303250
303289
303456
303707
303722
303981
304144
304214
304236
304244
304319
304410
304456
304491
304577
304595
304927
304987
304995
305062
305234
305286
305485
305582
305661
305764
305848
305863
305878
306042
306135
306162
306189
306234
306365
306371
306429
306435
306572
306602
306695
306774
306861
306961
306965
307145
307148
307424
307683
307906
307918
308138
308192
308358
308468
308822
308925
309069
309080
309246
309251
309287
309343
309415
309749
309816
309853
310076
310085
310107
310283
310294
310399
310471
310669
310843
311003
311017
311118
311213
311240
311257
311285
311297
311388
311549
311666
311668
311670
311706
311753
311778
311921
312336
312516
312582
312839
312994
313007
313017
313063
313097
313255
313437
313581
313848
313938
314137
314292
314331
314335
314399
314443
314507
314533
314536
314786
314817
314847
314856
314905
314992
315058
315117
315173
315239
315386
315490
315571
315574
315643
315690
315730
315754
315761
315903
315929
315930
315933
315939
315940
316255
316494
316756
316807
316854
316887
316944
316999
317000
317093
317252
317305
317397
317399
317479
317552
317856
318074
318288
318335
318341
318453
318484
318601
318671
319616
319874
320167
320357
320392
320454
320466
320552
320600
320691
320816
320932
320962
321060
321376
321448
321518
321720
321750
322137
322201
322342
322363
322563
322774
322942
322946
323138
323174
323283
323469
323536
323662
323822
323829
323840
323860
323903
323965
323987
324100
324147
324176
324200
324201
324666
324861
324924
325085
325215
325484
325567
325573
325637
325735
325978
326130
326224
326321
326416
326421
326605
326710
326808
326842
326846
327009
327143
327236
327265
327302
327472
327514
327531
327546
327660
327810
327851
327873
327911
327932
327961
328225
328325
328326
328384
328541
328550
328623
328704
328712
328720
328759
328771
328838
329095
329274
329465
329518
329600
329743
329932
330040
330136
330357
330604
330821
330883
330947
330964
331058
331311
331574
331610
331620
331665
331685
331693
331850
332034
332150
332284
332313
332416
332606
332856
332963
332982
332998
333064
333219
333408
333473
333862
334145
334240
334338
334359
334449
334515
334553
334740
334747
334801
334809
334828
335029
335129
335197
335427
335539
335638
335760
335794
335874
335897
335898
335924
336005
336106
336240
336253
336459
336467
336510
336539
336542
336559
336622
336761
336836
337014
337173
337189
337265
337309
337356
337385
337552
337989
338020
338103
338201
338419
338772
338932
338934
339046
339186
339240
339274
339374
339456
339592
339710
339781
339901
339902
339932
340033
340044
340149
340174
340191
340235
340274
340392
340610
340801
340915
340942
340964
341033
341057
341074
341139
341154
341169
341189
341259
341455
341515
341518
341565
341589
341891
342086
342234
342304
342332
342340
342561
342997
343065
343107
343209
343287
343559
343582
343734
343785
343787
343823
343845
344174
344234
344377
344453
344469
344519
344787
344792
344796
345006
345032
345474
345487
345779
346071
346248
346335
346392
346558
346769
346803
346841
346965
347067
347117
347230
347424
347443
347711
347811
348063
348068
348258
348290
348367
348377
348444
348532
348620
348759
348791
348982
348987
349098
349164
349237
349374
349472
349575
349665
349674
349813
349983
350014
350038
350090
350130
350175
350212
350304
350318
350357
350373
350413
350432
350515
350526
350598
350619
350709
350767
350867
350928
350958
351023
351197
351266
351283
351285
351334
351337
351417
351560
351590
351790
351946
352019
352062
352156
352184
352573
352645
352661
352753
352802
352871
352880
353096
353498
353504
353721
353792
353960
354127
354131
354219
354425
354472
354563
354823
354855
354862
355006
355169
355174
355211
355383
355784
355814
355914
356272
356445
356541
356546
356612
356686
356718
356794
356804
357001
357005
357052
357076
357101
357136
357163
357323
357332
357392
357412
357493
357521
357723
357777
357834
358117
358293
358314
358663
358749
358895
358982
359167
359424
359670
359673
359723
359845
359859
359885
359913
359920
359950
359962
360049
360303
360463
360648
360684
360889
361047
361068
361130
361533
361558
361606
361683
361709
361779
361833
362155
362208
362219
362412
362424
362558
362592
362659
362682
362705
362710
362800
362902
363109
363210
363284
363341
363390
363413
363484
363529
363637
363982
363999
364000
364234
364362
364400
364440
364483
364492
364611
364636
364775
364810
365178
365202
365322
365436
365624
365669
365728
365989
366061
366167
366228
366296
366663
366745
366778
366861
366893
366896
366967
367059
367224
367335
367351
367518
367705
367743
367844
367934
368066
368127
368179
368287
368429
368521
368571
368579
368800
368991
369155
369263
369347
369604
369926
369964
370158
370332
370363
370436
370588
370592
370877
370929
371032
371138
371151
371195
371213
371451
371500
371632
371645
371669
371708
371743
371985
372188
372273
372304
372428
372493
372605
372705
372755
372907
373039
373101
373203
373215
373222
373233
373242
373291
373389
373592
373717
373903
373930
373941
374356
374372
374475
374562
374629
374747
374882
374931
374986
375003
375132
375140
375164
375232
375389
375417
375453
375556
375570
375637
375825
375897
376008
376062
376257
376321
376368
376433
376527
376696
376780
376841
376928
376959
377095
377125
377136
377278
377402
377495
377506
377525
377620
377670
377828
377879
378097
378117
378238
378298
378420
378452
378559
378634
378641
378648
378686
378717
378729
378735
378969
378972
379004
379057
379060
379336
379389
379430
379480
379490
379620
379640
379654
379764
379902
379942
379947
380066
380324
380810
380866
381066
381075
381131
381158
381256
381332
381364
381521
381708
381738
381911
381919
382035
382097
382200
382266
382518
382665
382823
382941
383191
383217
383414
383416
383510
383634
383638
383729
383735
383796
383823
383905
383917
383919
383946
384249
384313
384411
384467
384484
384641
384650
384852
384876
384967
385029
385136
385273
385320
385358
385473
385701
385823
385835
385844
385920
385929
385932
385990
386009
386144
386200
386218
386444
386452
386636
386727
386776
386848
386858
387242
387484
387560
387570
387665
387729
387777
387815
387848
387902
388038
388054
388110
388184
388196
388514
388516
388649
388690
388729
388929
389026
389060
389088
389199
389806
390147
390224
390335
390514
390579
390604
390731
390859
391016
391160
391214
391313
391343
391369
391410
391691
391701
391747
391784
391843
391926
391933
392010
392242
392244
392258
392653
392826
392939
393141
393159
393178
393362
393406
393556
393592
393615
393627
393677
393695
393833
393852
393905
393914
394130
394132
394319
394322
394547
394888
394949
394984
395186
395463
395517
395519
395625
395652
395760
395812
395837
396154
396234
396251
396415
396822
396891
397098
397344
397346
397347
397454
397508
397657
397668
397677
397715
397948
397988
398328
398348
398373
398458
398497
398634
398753
398769
398809
399011
399088
399160
399338
399584
399643
399711
399799
399844
399923
399967
400065
400236
400536
400689
400713
400875
400878
400888
400947
401116
401122
401324
401458
401613
401699
401741
401989
402012
402048
402446
402567
402657
402787
402794
402891
402965
403096
403159
403193
403270
403318
403435
403517
403554
403594
403727
404100
404295
404673
405086
405233
405567
405610
405904
405907
405942
406294
406665
406710
406805
406850
407010
407106
407134
407210
407307
407391
407418
407434
407672
408023
408089
408175
408350
408385
408480
408610
408674
408688
408706
408787
408836
408843
408872
408979
409034
409115
409156
409177
409375
409690
409701
409776
409788
409881
409896
410037
410114
410149
410203
410222
410240
410277
410387
410392
410462
410515
410631
410634
410946
410954
410976
411017
411136
411208
411215
411800
411851
411933
411934
412132
412206
412297
412558
412768
412777
412941
413047
413171
413352
413353
413397
413626
413658
413665
413695
413817
414027
414230
414289
414290
414593
414701
414833
414908
414982
415104
415225
415377
415602
415648
415713
415729
415753
415822
415887
415931
416061
416070
416083
416240
416262
416315
416603
416724
416906
417047
417068
417119
417282
417306
417348
417369
417544
417546
417564
417708
417828
418048
418103
418144
418149
418398
418421
418440
418654
418939
418975
418983
419039
419228
419336
419353
419385
419387
419433
419570
419586
419753
419776
420069
420073
420289
420324
420336
420392
420459
420531
420656
420747
420762
420803
420928
420984
421028
421069
421073
421108
421185
421299
421334
421496
421671
421846
421878
421890
422072
422192
422202
422285
422381
422419
422449
422525
422735
422737
422809
423045
423084
423104
423165
423166
423231
423271
423306
423362
423407
423432
423520
423703
423890
423892
423965
424024
424027
424117
424216
424395
424524
424806
424950
424953
424996
425129
425263
425328
425381
425409
425452
425616
425655
425687
426007
426557
426559
426578
426817
426883
426944
427055
427086
427133
427143
427215
427286
427368
427448
427551
427667
427746
428071
428096
428329
428469
428619
428621
428691
428703
428824
428853
428860
428952
429125
429307
429369
429438
429449
429472
429544
429598
429644
429821
429959
430018
430157
430197
430225
430296
430307
430456
430532
430718
430926
431233
431306
431333
431340
431557
431612
431796
431909
431931
431981
432031
432175
432184
432222
432258
432263
432387
432407
432443
432864
432980
433068
433154
433203
433388
433431
433440
433676
433773
433802
433827
433997
434154
434286
434386
434470
434509
434715
434856
434931
435197
435273
435300
435413
435545
435564
435766
435785
435893
435894
435919
435969
435970
435998
436059
436217
436258
436323
436385
436476
436674
436803
436913
437013
437139
437164
437378
437393
437556
437574
437670
437974
438112
438121
438219
438355
438542
438558
438621
438677
438715
438757
438882
438888
439022
439067
439322
439450
439583
439608
439639
439688
439798
439830
439844
439851
439903
439905
439911
439923
440263
440264
440523
440624
440811
440825
440888
440995
441088
441161
441215
441224
441281
441409
441447
441736
441846
441994
442063
442137
442227
442440
442444
442609
442684
442737
442866
443020
443332
443438
443796
443841
443991
443998
444031
444199
444259
444286
444651
444706
444831
445182
445396
445540
445572
445747
446127
446437
446504
446652
446808
446843
446876
446919
446944
446983
447229
447306
447329
447372
447473
447503
447614
447620
447737
447993
447999
448018
448100
448413
448466
448681
448688
448727
449002
449060
449097
449164
449196
449234
449419
449431
449491
449636
449654
449683
449788
449851
449925
450022
450101
450446
450504
450764
450797
450837
450967
451016
451023
451026
451063
451425
451511
451571
451631
451648
451667
451765
451772
451863
451892
451910
451929
451965
451969
452041
452069
452195
452233
452335
452400
452403
452481
452747
452913
452914
452993
453299
453699
453790
453825
453858
453891
453893
453993
454259
454277
454344
454395
454414
454454
454495
454601
454622
454723
454729
454855
454900
454927
455066
455089
455187
455284
455290
455357
455382
455391
455449
455928
456056
456194
456243
456269
456328
456487
456572
456599
456670
456691
456694
456709
456727
456778
457095
457104
457137
457300
457520
457618
457655
457682
457684
457691
457701
457735
457800
457804
457922
457937
458114
458197
458201
458294
458296
458344
458554
458567
458673
458692
458707
458780
458804
458897
458989
458990
459202
459239
459454
459510
459905
459942
460064
460142
460334
460401
460467
460577
460708
460782
460802
460807
460891
460990
460995
461095
461300
461307
461330
461361
461625
461716
461743
461811
462182
462308
462446
462461
462645
462841
462869
462915
463006
463015
463051
463053
463090
463139
463373
463491
463789
463985
464687
464720
464763
464793
464835
464879
464883
465019
465159
465218
465227
465247
465294
465405
465433
465437
465545
465633
465726
465763
465765
465820
465859
465920
466115
466155
466220
466517
466541
466618
466806
466851
466895
466905
466986
467125
467166
467181
467231
467499
467747
467748
467833
468224
468245
468280
468348
468519
468652
468714
468868
468939
468971
469097
469109
469243
469247
469272
469280
469311
469376
469470
469516
469719
469803
469867
470029
470077
470087
470103
470119
470290
470412
470505
470679
470723
470884
470889
470973
471076
471107
471127
471238
471250
471321
471383
471427
471547
471646
471729
471857
472134
472214
472400
472453
472530
472768
473018
473058
473174
473224
473332
473425
473439
473469
473559
473674
473798
473813
473972
474024
474068
474115
474155
474444
474498
474505
474515
474532
474661
474684
475028
475032
475234
475297
475370
475460
475495
475524
475702
476066
476073
476197
476497
476544
476692
476762
476774
476844
476894
477035
477056
477103
477447
477572
477579
477775
477856
478089
478105
478118
478181
478205
478235
478304
478342
478387
478557
478781
478792
478795
478859
478994
479266
479368
479420
479474
479569
479841
480160
480189
480310
480352
480419
480428
480559
480589
480688
480762
480952
481152
481169
481225
481498
481509
481546
481586
481662
482028
482057
482092
482171
482679
482739
482746
483032
483105
483206
483349
483373
483444
483546
483582
483598
483624
483660
483690
483842
484153
484270
484312
484556
484613
484659
484677
484706
484741
484917
485047
485079
485110
485118
485510
485883
486013
486107
486261
486401
486427
486511
486517
486686
486697
486747
486748
486794
486820
486912
486930
487063
487148
487212
487288
487339
487357
487424
487445
487618
487793
487851
487998
488189
488297
488377
488412
488446
488598
488704
488734
488888
489339
489489
489562
489771
490020
490090
490162
490397
490689
490776
490836
490960
491077
491166
491181
491231
491378
491582
491591
491694
491787
491792
491845
491859
492023
492149
492204
492296
492317
492408
492417
492535
492869
493340
493596
493738
493830
493874
493920
493978
494014
494066
494359
494369
494606
495163
495202
495292
495310
495402
495533
495549
495599
495672
495684
495706
495770
495823
496052
496125
496207
496238
496305
496368
496613
496649
496659
496968
497034
497045
497281
497426
497466
497613
497717
497988
498014
498030
498117
498432
498434
498456
498461
498742
498897
499088
499143
499257
499270
499282
499320
499368
499402
499444
499447
499564
499637
499651
499822
499908
499998
500100
500157
500196
500338
500415
500829
500874
500902
500995
501177
501345
501733
501833
501888
501967
502015
502119
502164
502306
502511
502544
502727
502774
502836
502854
502859
502878
502984
502989
503034
503155
503191
503212
503338
503364
503387
503503
503589
503972
503998
504025
504029
504093
504415
504462
504688
505020
505041
505095
505275
505379
505410
505439
505451
505604
505845
505964
506145
506147
506193
506220
506334
506349
506626
506665
506690
506810
506920
506979
507140
507163
507265
507317
507327
507724
507980
508236
508238
508511
508549
508702
508902
508913
508915
508978
509089
509486
509628
509801
509895
509957
509971
510122
510220
510368
510573
511058
511561
511591
511639
511647
511705
511767
511878
512070
512142
512184
512440
512720
512730
512895
513085
513126
513197
513330
513347
513465
513553
513618
513700
513749
513795
514231
514240
514540
514638
514701
514706
514900
515013
515116
515143
515209
515437
515552
515688
515763
515865
515890
515913
515942
516042
516187
516214
516233
516307
516324
516379
516469
516614
516709
516769
516872
517171
517295
517352
517717
517723
517958
517983
518005
518227
518407
518416
518496
518695
518734
518845
518894
519039
519187
519304
519365
519393
519396
519406
519414
519434
519551
519736
519746
519821
519971
520022
520158
520244
520319
520410
520461
520618
520677
520709
520748
520810
520849
520966
520990
521069
521592
521823
521899
521937
522349
522365
522384
522502
522504
522653
522931
523143
523174
523225
523379
523519
523712
523825
523832
523981
524056
524105
524157
524158
524238
524308
524630
524692
524843
524914
525137
525387
525579
525694
525862
525887
525956
526066
526115
526133
526268
526295
526330
526356
526460
526470
526577
526702
526940
527138
527241
527386
527719
527773
527792
527806
527940
528326
528335
528486
528494
528557
528672
528767
528886
529008
529039
529247
529264
529307
529308
529341
529497
529585
529722
529734
529749
529870
529922
530135
530160
530626
530750
530810
530889
530908
530990
531072
531286
531676
531732
531738
531782
531827
531978
532041
532244
532392
532448
532482
532491
532504
532728
532748
532750
532957
532968
533009
533102
533117
533406
533528
533579
533778
533832
534091
534316
534320
534350
534354
534406
534494
534669
534784
534788
534877
534938
535056
535094
535131
535139
535211
535230
535298
535337
535357
535464
535485
535509
535660
535694
535903
536211
536677
536702
536767
536889
536999
537149
537189
537238
537380
537767
537942
538076
538211
538258
538364
538386
538402
538512
538513
538523
538636
538685
538773
538783
539007
539056
539063
539064
539283
539342
539531
539601
539691
539911
539977
539978
540088
540130
540273
540447
540460
540562
540771
540796
540818
540934
540943
541165
541355
541450
541730
541873
541928
541998
542024
542120
542204
542390
542422
542430
542500
542655
542761
542855
543071
543163
543246
543262
543285
543537
543675
543738
543746
543753
543926
543963
544001
544007
544071
544128
544145
544193
544227
544279
544320
544419
544541
544816
544827
544833
544932
545627
545699
545792
545948
546065
546124
546161
546212
546282
546328
546746
546760
546949
547088
547187
547257
547730
547956
547994
548037
548533
548567
548667
548747
548763
548785
548949
549300
549460
549512
549718
550150
550237
550348
550411
551096
551122
551131
551258
551532
551587
551588
551697
551899
551997
552145
552165
552463
552568
552633
552685
552696
552719
552795
552802
552881
552914
552934
552964
552980
553014
553019
553126
553402
553477
553521
553542
553551
553698
553773
553994
554038
554075
554120
554124
554214
554260
554330
554334
554393
554473
554476
554482
554725
554788
554792
554855
554993
555030
555179
555185
555260
555343
555586
555588
555835
555838
555934
556048
556053
556232
556389
556413
556467
556568
556601
556673
556790
556803
556826
557034
557087
557114
557227
557263
557264
557477
557527
557641
557903
558056
558168
558289
558494
558896
559026
559091
559123
559177
559234
559260
559418
559425
559686
559714
559775
559812
559985
560064
560244
560262
560296
560461
560608
560675
560811
560839
560914
560985
561115
561182
561272
561279
561472
561543
561545
561861
561944
562276
562522
562623
562711
562914
563043
563058
563133
563238
563288
563482
563545
563753
563766
563880
564139
564165
564297
564327
564470
564790
564793
564874
564975
565030
565148
565262
565464
565508
565712
565766
565882
565889
565892
565942
566036
566127
566379
566829
566856
566910
566954
567111
567290
567333
567375
567575
567756
567873
567932
568016
568112
568184
568452
568549
568570
568600
568790
568829
568836
568915
569045
569499
569556
569696
569795
569811
570013
570052
570166
570323
570569
570656
570740
570800
570904
571162
571414
571452
571472
571613
571751
571817
571827
572779
572992
573094
573199
573357
573370
573398
573472
573511
573593
573635
573660
574163
574170
574293
574364
574378
574422
574661
574759
574935
575091
575123
575159
575213
575484
575503
575521
575570
575595
575648
575722
575833
575999
576028
576088
576418
576489
576504
576514
576537
576647
576908
576968
577366
577377
577547
577573
577798
578088
578095
578189
578198
578241
578318
578377
578859
578959
579006
579028
579074
579173
579320
579367
579534
579799
579851
579871
579910
579919
579952
579959
579960
580194
580383
580600
581018
581252
581259
581267
581314
581484
581487
581636
581738
581742
581759
581801
582091
582108
582250
582540
582565
582571
582780
582787
582861
583025
583183
583205
583261
583355
583419
583528
583599
583715
583792
583937
584155
584368
584396
584469
584487
584583
584627
584724
584781
584901
584907
585006
585099
585100
585115
585242
585275
585310
585503
585709
585907
585977
586080
586188
586255
586377
586592
586628
586632
586675
586837
586858
587009
587075
587195
587201
587241
587296
587333
587371
587501
587526
587553
587584
587701
588005
588027
588081
588093
588132
588206
588244
588312
588351
588421
588708
588744
588769
588771
589003
589006
589018
589194
589256
589268
589331
589340
589511
589548
589726
589735
589751
589848
589898
590003
590162
590170
590176
590219
590384
590515
590627
590661
590771
590821
590836
590877
590938
590963
591189
591448
591506
591569
591755
591863
592017
592108
592306
592307
592358
593053
593092
593113
593158
593306
593309
593389
593432
593690
593776
593807
593847
593862
593932
594041
594064
594111
594153
594245
594280
594366
594374
594662
594712
594837
594996
595196
595232
595258
595333
595377
595425
595568
595622
595634
595719
595777
595786
595857
595955
595976
596197
596203
596292
596310
596313
596463
596656
596665
597213
597278
597631
597648
597958
598135
598200
598219
598264
598265
598269
598309
598314
598509
598757
598832
598887
598891
598955
599247
599452
599458
599539
599588
599593
599835
599894
599914
599944
599950
599985
600007
600037
600085
600198
600254
600786
600802
600827
600891
600941
601030
601069
601096
601113
601174
601270
601631
601716
601812
601989
602028
602048
602430
602701
602732
602831
602885
602897
602911
602950
603057
603096
603195
603210
603306
603324
603376
603409
603462
603515
603559
603616
603678
603934
604101
604121
604134
604676
604788
604904
604939
604975
605007
605186
605451
605529
605593
605694
605784
605828
605867
605971
606084
606227
606314
606377
606395
606516
606599
606641
606810
607005
607140
607149
607181
607315
607336
608007
608161
608177
608262
608311
608319
608353
608383
608386
608486
608857
608920
608934
608975
609064
609089
609134
609177
609500
609506
609572
609579
609660
609694
609901
609949
610114
610152
610198
610269
610518
610698
610725
610743
610972
611158
611259
611408
611536
611562
611625
611685
611817
611882
612064
612187
612316
612331
612421
612469
612512
612541
612647
612793
613225
613278
613311
613318
613507
613708
613731
613842
613942
614167
614168
614312
614388
614401
614567
614887
614974
615022
615124
615138
615210
615271
615479
615506
615600
615613
615663
615806
615996
616039
616145
616176
616353
616398
616461
616538
616660
616709
616775
616863
617263
617271
617436
617509
617671
617753
617920
617974
618084
618211
618311
618319
618365
618616
618653
618839
618898
618999
619066
619083
619134
619206
619391
619430
619457
619620
619628
619741
619857
619968
620001
620145
620213
620378
620429
621030
621037
621193
621324
621343
621404
621530
621575
621624
621643
621744
621788
621840
621937
621968
622043
622491
622583
622592
622611
622637
622696
622714
622715
622785
623006
623010
623044
623090
623099
623515
623604
623608
623630
623641
623797
623993
624108
624261
624283
624334
624460
624484
624583
624676
624740
624776
624935
625058
625080
625111
625133
625145
625170
625261
625338
625367
625463
625554
625590
625719
625737
625891
625949
625985
626079
626257
626501
626547
626683
626774
627012
627033
627227
627331
627409
627486
627544
627688
627758
627822
627829
628055
628066
628080
628315
628320
628537
628625
628703
628891
628997
629009
629030
629255
629508
629566
629568
629603
629872
630495
630574
630602
630608
630806
630813
630863
630970
631022
631038
631126
631160
631224
631264
631277
631482
631676
631762
632013
632072
632136
632247
632408
632415
632493
632543
632578
632602
632644
632649
632743
633098
633123
633159
633478
633487
633503
633647
633667
633834
633984
634400
634451
634538
634622
634627
634684
634860
634917
634924
634940
635076
635101
635245
635478
635485
635547
635653
635685
635707
635746
635854
635884
636043
636113
636217
636397
636415
636425
636570
636692
636796
636814
636847
636951
637358
637379
637644
637803
637864
638010
638041
638160
638210
638244
638624
638672
638692
638859
638987
638995
639140
639226
639265
639299
639637
639648
640003
640207
640231
640233
640322
640446
640509
640677
640685
641011
641100
641151
641366
641479
641610
641654
641756
641922
641963
642196
642222
642363
642460
642632
642726
642839
643001
643084
643128
643180
643201
643339
643424
643467
643493
643537
643727
643934
643944
643999
644171
644335
644430
644483
644711
644719
644979
645067
645132
645218
645416
645424
645437
645554
645568
645751
645942
646038
646256
646344
646364
646508
646543
646975
647017
647431
647556
647646
647672
647679
647731
647830
647919
647972
648187
648257
648352
648424
648640
648670
648842
648954
648971
649218
649384
649702
650164
650198
650379
650425
650442
650545
650565
650762
650778
650991
651064
651289
651372
651768
652214
652305
652323
652385
652609
652652
652698
652722
652912
653312
653425
653465
653619
653641
653771
653805
653808
653842
653864
654157
654282
654383
654436
654438
654484
654637
654702
654804
654943
654993
655051
655072
655173
655306
655520
655679
655685
655700
655770
655818
655881
655961
655987
656097
656113
656129
656195
656214
656270
656407
656434
656450
656463
656739
656765
656907
657093
657165
657295
657302
657309
657322
657445
657733
657841
658118
658135
658340
658349
658748
658894
659056
659060
659264
659550
659592
659593
659663
659830
659855
659883
659984
660513
660532
660635
660691
660754
660790
660901
660983
661075
661181
661234
661246
661323
661360
661375
661446
661873
661875
662012
662056
662099
662212
662306
662365
662390
662396
662417
662689
662695
662813
662920
662923
662996
662999
663050
663117
663329
663533
663587
663609
663683
663689
663691
663719
663724
663807
663848
664018
664167
664177
664197
664285
664408
664506
664649
664668
664712
664903
664928
665062
665114
665153
665166
665258
665280
665323
665361
665507
665584
665748
665774
665795
665822
665830
665882
665893
665919
665925
665971
666037
666095
666224
666317
666345
666426
666446
666482
666568
666604
666641
666681
666822
666880
667242
667374
667385
667424
667503
667507
667515
667525
667581
667644
667770
667783
667941
667998
668022
668044
668202
668248
668301
668350
668578
668621
668717
668848
668849
668878
668893
669020
669054
669062
669088
669372
669404
669706
669747
669910
670004
670061
670120
670121
670197
670220
670300
670360
670416
670538
670669
670795
670798
670842
670875
670962
671311
671427
671448
671458
671529
671747
671947
671954
672245
672325
672536
672661
672753
672844
672979
673100
673145
673239
673613
673748
674158
674348
674357
674388
674594
674607
674649
674763
675096
675101
675206
675324
675363
675384
675394
675492
675502
675536
675574
675668
675842
675855
675910
676197
676201
676442
676452
676630
676701
676760
676840
676914
676959
676980
677106
677144
677161
677926
678027
678066
678093
678165
678778
678790
679151
679192
679423
679458
679591
679683
679779
679849
679996
680015
680026
680196
680556
680760
680778
680838
680849
680867
681026
681200
681295
681338
681399
681469
681564
681569
681649
681733
681807
681825
682145
682164
682179
682209
682300
682356
682388
682465
682570
682627
682639
682733
683011
683030
683131
683194
683247
683248
683307
683379
683383
683508
683513
683623
683640
683788
683887
683912
683995
684014
684252
684282
684471
684477
684539
684553
684728
684829
684889
684914
685074
685560
685594
685901
686190
686215
686330
686414
686498
686503
686568
686677
686746
686872
686983
687204
687212
687217
687224
687269
687286
687340
687433
687499
687597
687771
687832
687836
687861
687936
688166
688206
688287
688476
688585
688742
688751
688780
688982
689037
689118
689176
689249
689381
689401
689438
689547
689608
689619
689725
689798
689892
690045
690181
690200
690217
690275
690319
690353
690414
690559
690627
690776
690847
690958
691023
691188
691364
691532
691538
691556
691739
691845
691875
691954
691973
692135
692137
692248
692356
692398
692442
692734
692903
693115
693365
693369
693383
693454
693552
693665
693678
693994
693999
694194
694205
694424
694784
694919
695006
695072
695082
695500
695646
695743
695805
695856
695970
696001
696015
696219
696236
696273
696343
696382
696483
696640
696827
696850
696866
697482
697512
697536
697542
697642
697668
697811
698088
698228
698252
698372
698486
698758
698849
698991
699022
699125
699245
699299
699304
699319
699575
699850
699895
699903
699947
699990
700014
700020
700061
700220
700379
700444
700480
700694
700714
700788
700879
700930
701032
701069
701074
701180
701349
701394
701518
701558
701960
702088
702189
702223
702274
702412
702603
702643
702674
702688
702714
702762
702764
703014
703041
703092
703191
703314
703373
703514
703517
703541
703586
703776
703859
703965
704051
704150
704198
704264
704346
704365
704404
704579
704742
704815
704851
704923
704952
705006
705300
705330
705371
705375
705406
705492
705511
705535
705678
705732
705834
705864
706083
706154
706185
706254
706300
706309
706436
706583
706675
706745
706932
707010
707340
707375
707675
707697
707857
707901
708097
708211
708215
708308
708354
708429
708533
708775
708828
708987
708999
709028
709316
709454
709456
709502
709611
709620
709727
709773
709787
709934
710107
710193
710354
710558
710802
710967
710970
711283
711373
711425
711495
711547
711553
711594
711599
711673
711695
711719
711753
711798
712082
712240
712254
712424
712558
712724
712754
712928
713027
713032
713040
713123
713125
713216
713268
713327
713349
713480
713493
713638
713680
713834
713840
713932
714126
714146
714205
714281
714356
714506
714509
714586
714592
714608
714663
714671
714890
714904
714913
714964
715103
715203
715436
715472
715524
715663
715727
715859
716225
716619
716673
716690
716797
716807
716890
716925
716929
717044
717054
717202
717214
717290
717410
717650
717743
717951
717979
718010
718069
718210
718264
718389
718891
718928
718966
718990
719061
719064
719081
719206
719340
719420
719452
719625
719874
719897
719906
720015
720276
720373
720693
721067
721139
721205
721229
721495
721508
721544
721591
721624
721639
721663
721726
721758
721778
721845
721934
721999
722441
722459
722515
722553
722650
722718
722753
722779
722846
722935
722957
723138
723197
723275
723321
723354
723437
723567
723632
723819
724002
724048
724152
724187
724499
724503
724543
724646
724684
725132
725143
725200
725282
725302
725400
725535
725609
725665
725723
725997
726110
726199
726227
726271
726305
726617
726688
726713
726801
727053
727063
727098
727118
727257
727477
727525
727659
727697
727756
727786
727835
728001
728070
728128
728266
728313
728374
728405
728651
729201
729245
729408
729504
729563
729565
729640
729876
729938
730060
730068
730108
730205
730223
730282
730344
730592
730646
730708
730776
731139
731156
731186
731254
731304
731308
731419
731463
731694
731849
731996
732087
732111
732442
732650
732835
732869
733004
733143
733235
733241
733356
733404
733413
733479
733515
733530
733541
733555
733599
733947
733989
734074
734174
734230
734241
734285
734306
734338
734419
734495
734558
734622
734672
734777
735012
735032
735149
735248
735303
735314
735331
735445
735560
735642
735739
735746
735825
735879
735916
736111
736181
736341
736463
736587
736688
736960
737040
737183
737220
737293
737327
737335
737401
737459
737528
737570
737578
737686
737768
737821
737968
738014
738130
738137
738249
738299
738368
738618
738620
738778
739012
739302
739390
739454
739710
740061
740233
740256
740286
740313
740382
740482
740638
740674
740728
740863
740879
740968
740980
741063
741163
741207
741221
741310
741408
741813
741972
742035
742174
742213
742283
742314
742458
742466
742614
742668
742780
743043
743108
743206
743220
743228
743269
743354
743446
743646
743664
743740
743759
743763
743845
743931
743937
744027
744051
744300
744324
744705
744878
744932
745044
745115
745123
745225
745252
745512
745536
745626
745815
745898
745968
745972
745992
746125
746289
746326
746609
746715
746763
746885
746956
746960
746970
747076
747094
747119
747184
747475
747510
747512
747728
747745
747746
747779
747997
748056
748175
748332
748472
748639
748750
748797
748955
749006
749029
749049
749254
749281
749372
749619
749847
749952
749991
750000
750024
750077
750124
750174
750181
750419
750426
750503
750870
750962
750985
751299
751472
751533
751561
751742
751966
752057
752276
752328
752355
752405
752492
752539
752746
752843
752901
752923
752982
753048
753067
753126
753133
753258
753365
753467
753503
753614
753627
753646
753753
753773
753802
753977
754110
754119
754264
754290
754331
754387
754426
754437
754462
754609
754691
754704
754769
754935
755061
755381
755773
755883
755885
755932
756026
756152
756249
756583
756584
756666
756795
757072
757075
757128
757181
757297
757298
757620
757754
757864
757903
757921
757951
758012
758176
758217
758575
758675
758755
758861
758957
759035
759176
759218
759291
759321
759329
759564
759592
759619
759688
759724
759742
759815
759929
760024
760128
760216
760273
760309
760431
760469
760615
760654
760796
760853
760902
760952
761032
761045
761052
761059
761160
761166
761308
761480
761554
761567
761754
761800
761923
762012
762184
762263
762272
762313
762370
762491
762634
762984
763005
763235
763252
763399
763471
763501
763506
763533
763569
763688
763711
763764
763830
763921
763983
764092
764142
764222
764396
764484
764553
764704
764865
764891
764909
765006
765282
765567
765597
765649
765901
765965
766028
766043
766052
766105
766134
766191
766328
766378
766396
766474
766492
766825
766985
767095
767204
767399
767464
767751
767826
767955
767956
767961
768005
768067
768312
768351
768395
768417
768523
768605
768629
768677
768699
768719
768783
768821
768944
769098
769148
769218
769227
769281
769349
769586
769753
769797
769865
770022
770036
770243
770409
770452
770472
770503
770541
770752
770906
771045
771182
771197
771423
771524
772128
772144
772157
772290
772449
772471
772556
772569
772612
772621
772738
772752
772790
772865
772915
772956
773280
773315
773546
773613
773726
773733
773769
773806
774114
774157
774214
774250
774324
774338
774624
774678
774772
774869
774920
774949
775028
775151
775410
775489
775498
775644
775798
775939
776007
776123
776277
776286
776307
776402
776478
776503
776676
776681
776881
776898
777029
777050
777200
777205
777290
777310
777318
777321
777551
777591
777633
777848
777883
777933
777988
778236
779038
779417
779433
779481
779513
779514
779601
779606
779621
779674
779717
779784
779812
779937
780097
780233
780393
780439
780607
780917
780929
781028
781144
781308
781328
781341
781378
781610
781669
782016
782084
782384
782386
782455
782497
782725
782765
782809
783024
783241
783444
783459
783679
783781
783876
783923
783951
784052
784268
784326
784478
784495
784553
784600
784623
784745
784778
784782
784820
784960
785223
785355
785406
785426
785541
785759
785894
785910
786130
786467
786558
786606
786687
786864
786935
786968
787110
787319
787383
787525
787670
787730
787885
787909
787976
788060
788082
788118
788154
788247
788563
788578
788741
788839
788853
788907
788929
788949
789131
789301
789369
789371
789401
789412
789609
789610
789622
789752
789806
789929
789953
790060
790064
790436
790532
790566
790675
790828
790855
790931
790938
790962
790964
791004
791333
791445
791557
791563
791627
791629
791653
791660
792026
792114
792142
792149
792176
792188
792536
792661
792741
792795
792806
792827
792885
792895
792954
792967
793011
793022
793237
793337
793465
793555
793748
793757
793895
793921
793952
794072
794208
794248
794300
794349
794594
794596
794604
794627
794762
795018
795074
795082
795252
795390
795541
795778
795925
795989
796163
796333
796402
796434
796525
796621
796657
796707
796715
796817
796901
796950
796965
797068
797105
797196
797215
797251
797328
797356
797447
797489
797739
797802
797989
798072
798185
798736
798956
799001
799112
799198
799312
799328
799510
799805
799852
800205
800245
800379
800486
800569
800743
800861
801015
801034
801111
801126
801218
801326
801459
801554
801740
801804
802044
802150
802215
802233
802259
802352
802460
802549
802667
802681
802713
802740
802858
803253
803274
803323
803438
803439
803453
803551
803595
803672
803704
803772
803821
803849
803862
803870
804088
804442
804538
804552
804603
804762
804809
804893
805006
805033
805062
805066
805079
805242
805280
805315
805655
805691
805809
805810
805937
805941
805955
805968
806021
806039
806069
806143
806188
806235
806385
806438
806546
806560
806628
806665
806692
806738
806767
806833
806870
806899
807242
807411
807492
807709
807752
807769
807916
808103
808183
808305
808323
808476
808535
808567
808737
808920
808959
808978
808994
809151
809212
809296
809354
809362
809449
809522
809884
810024
810036
810155
810277
810390
810510
810560
810650
810676
810883
810942
810950
811158
811228
811298
811374
811548
811627
811660
811671
811938
811952
812115
812253
812262
812265
812325
812453
812458
812495
812548
812633
812932
813069
813090
813092
813117
813169
813184
813190
813376
813486
813510
813517
813576
813591
813638
813673
813798
813838
813963
814031
814042
814206
814436
814478
814642
814667
814798
814854
815039
815371
815399
815499
815655
815670
815810
816124
816213
816378
816763
816859
816949
817341
817348
817422
817502
817707
817914
817932
818039
818061
818288
818581
818724
818795
818924
819071
819079
819574
819716
819986
820006
820367
820677
820689
820707
820761
820950
821090
821187
821270
821298
821359
821403
821726
821793
821927
822032
822086
822462
822473
822840
822970
823002
823025
823096
823326
823365
823370
823396
823520
823621
823769
823882
823927
824024
824141
824199
824268
824370
824481
824624
824653
824812
824857
824875
825024
825293
825386
825405
825422
825428
825442
825455
825472
825527
825710
825711
825744
825845
825937
825992
826001
826067
826276
826345
826374
826568
826866
826867
826876
827312
827403
827498
827543
827671
827752
827773
827815
827820
827842
827912
827949
827956
828071
828146
828214
828455
828524
828636
828659
828719
828940
828977
829135
829199
829202
829264
829336
829363
829554
829582
829593
829602
830161
830211
830348
830368
830443
830464
830629
830940
831164
831182
831336
831348
831578
831610
831631
831632
831770
831825
832072
832076
832156
832219
832286
832415
832454
832673
832675
832820
833020
833031
833167
833214
833236
833796
833823
833836
833914
833929
834025
834409
834429
834496
834522
834609
834670
834769
834793
835022
835272
835284
835285
835392
835662
835745
835765
835769
835886
835985
835991
836056
836150
836152
836288
836652
836662
836686
836758
836804
836865
836924
836959
837000
837012
837294
837319
837405
837467
837537
837655
837710
837786
838021
838071
838224
838373
838417
838444
838639
838707
838720
839118
839147
839247
839384
840096
840266
840292
840417
840507
840595
840662
841146
841311
841314
841316
841538
841691
841788
841817
841976
842342
842467
842516
842531
842560
842561
842705
842726
842730
842748
842835
842930
843053
843100
843169
843200
843211
843303
843309
843496
843531
843608
843735
843826
843832
843838
843907
843939
843941
844026
844181
844281
844429
844542
844579
844582
844730
844784
844839
844970
844973
845111
845208
845217
845219
845256
845340
845471
845546
845817
845836
845848
845903
846007
846020
846122
846279
846748
847142
847149
847381
847818
847829
848088
848119
848271
848283
848379
848388
848459
848521
848678
848754
848761
848798
848832
848942
848962
849078
849119
849135
849167
849262
849351
849479
849517
849524
849552
849631
849668
849865
849906
849979
850012
850030
850036
850075
850080
850206
850256
850263
850313
850326
850392
850422
850459
850549
850604
850617
850812
850821
850839
850912
850964
851036
851054
851112
851210
851488
851644
851821
851903
851999
852021
852062
852469
852544
852593
852809
852863
852900
853113
853309
853374
853427
853452
853866
854026
854194
854338
854360
854427
854600
854727
855080
855125
855183
855259
855347
855597
855816
855896
855955
855991
856121
856147
856226
856429
856622
856741
856839
856844
857151
857259
857371
857523
857530
857559
857717
857894
857947
857974
858023
858108
858179
858197
858251
858252
858636
858708
858768
858808
858825
859127
859363
859714
859715
859722
859734
859758
860460
860543
860560
860591
860719
860762
860859
860897
861151
861197
861349
861518
861574
861598
861695
861721
861893
862038
862200
862232
862547
862578
862584
862608
862858
863340
863398
863505
863566
863905
863918
864015
864126
864321
864351
864658
864836
865251
865276
865388
865427
865570
865587
865656
865745
866113
866356
866392
866487
866875
866879
867187
867199
867205
867282
867345
867914
868030
868055
868114
868315
868316
868335
868365
868415
868557
868607
868665
868925
868938
869048
869068
869165
869246
869273
869276
869432
869457
869527
869549
869644
869656
869811
870053
870184
870470
870634
870718
870799
870816
870879
870984
871069
871277
871484
871600
871621
871827
871913
871935
871950
872271
872293
872324
872441
872644
872683
872795
872802
872851
873050
873052
873201
873242
873369
873559
873612
873707
873896
874051
874062
874163
874249
874608
874681
874749
874811
874818
874850
874852
874958
874986
875044
875292
875487
875507
875589
875631
875643
875652
875697
876221
876361
876402
876799
876861
876984
877057
877185
877648
877679
877688
877772
877780
877889
877994
878014
878219
878404
878532
878566
878602
878666
878690
879059
879078
879098
879322
879493
879548
880017
880070
880112
880202
880211
880270
880285
880311
880374
880634
880689
880705
880832
880888
880957
881072
881143
881286
881369
881544
881760
881784
881857
881860
881868
881913
882020
882041
882080
882098
882123
882163
882189
882641
882679
882682
882719
882826
882915
882963
883331
883512
883608
883696
883814
883875
883968
884028
884111
884341
884344
884400
884407
884544
884579
884663
884702
884736
884802
884811
884907
884946
885198
885306
885568
885605
885816
885917
885937
886016
886098
886190
886191
886607
886767
886988
887081
887149
887205
887252
887470
887507
887578
887731
887977
888192
888266
888276
888295
888333
888451
888535
888571
888599
888671
888707
888734
888736
888936
889204
889450
889726
889750
889989
890052
890138
890203
890250
890452
890674
891145
891217
891277
891327
891435
891448
891656
891898
891987
892006
892011
892048
892146
892321
892346
892356
892373
892630
892638
892688
892695
892697
892775
893032
893083
893111
893296
893369
893385
893470
893473
893706
893748
893813
893874
893945
894039
894118
894119
894331
894409
894445
894727
894861
894972
895163
895446
895553
895596
895814
895949
895956
896185
896198
896351
896621
896709
896844
896865
896908
896920
896997
897394
897425
897460
897678
897783
897942
898062
898075
898355
898372
898613
898771
898787
899149
899229
899234
899293
899395
899484
899539
899912
900000
900507
900563
900572
900748
900761
900858
900867
900944
900978
901140
901141
901147
901217
901234
901296
901308
901393
901570
901616
901623
901684
901727
901864
901902
901929
901980
902009
902057
902096
902229
902338
902397
902479
902687
902810
902900
903091
903093
903136
903506
903608
903735
903747
903909
903957
904114
904132
904136
904208
904223
904240
904294
904521
904561
904588
904696
904864
904866
905083
905150
905327
905419
905474
905520
905544
905673
905709
905846
905866
906058
906192
906227
906310
906368
906412
906542
906559
906692
906764
906795
906843
906893
907010
907071
907167
907179
907299
907378
907432
907450
907505
907554
907636
907638
907639
907715
907752
907805
907824
907924
907940
908002
908088
908124
908326
908389
908660
908886
909053
909128
909269
909475
909500
909578
909733
909793
909926
910008
910016
910106
910192
910335
910426
910441
910656
910690
910780
910801
910830
910855
910930
911298
911352
911380
911480
911555
911681
911795
911849
911938
911993
911995
912061
912306
912604
912860
912952
913089
913134
913294
913362
913378
913496
913637
913762
913770
913839
913879
913950
914048
914054
914254
914420
914592
914614
914631
914837
914855
915419
915532
915629
915643
915717
915770
915794
915882
915920
915927
915937
915972
916188
916240
916314
916417
916518
916784
917043
917061
917195
917217
917594
917615
917622
917739
917784
918123
918166
918253
918284
918323
918432
918637
918674
918785
918950
918965
918987
919130
919189
919204
919226
919278
919340
919423
919467
919578
919898
919966
920202
920269
920434
920572
920665
920710
920712
920735
920887
921095
921110
921265
921437
921560
921734
921845
921946
922021
922160
922257
922315
922489
922491
922727
922758
922901
922950
922952
922996
923245
923436
923455
923475
923498
923582
923730
924006
924063
924085
924171
924190
924224
924420
924501
924531
924615
924672
924949
925255
925451
925586
925607
925762
925768
925785
926180
926184
926241
926452
926455
926471
926472
926511
926527
926637
926719
926809
926850
926954
927001
927258
927449
927582
927668
927727
927895
928111
928190
928202
928429
928653
928946
928986
929026
929097
929104
929139
929167
929240
929304
929382
929532
929579
929765
929835
930028
930123
930355
930383
930520
930621
930679
930765
930767
930908
930963
930971
931056
931245
931252
931300
931416
931538
931628
931691
931791
931831
931954
932032
932182
932252
932269
932451
932452
932630
932739
932740
932979
933168
933271
933381
933403
933557
933558
933683
933898
934184
934306
934358
934671
934684
934840
934873
935181
935384
935398
935584
935607
935688
935745
935752
935825
935884
935910
936056
936060
936088
936174
936194
936482
936497
936595
936930
937003
937194
937257
937484
937574
937651
937786
937836
937870
937939
938037
938046
938077
938363
938581
938633
938655
938738
939033
939041
939045
939114
939431
939605
939661
939669
939698
939718
939760
939845
939867
939928
939963
940169
940255
940291
940372
940450
940567
940653
940800
940956
940980
940990
941376
941431
941467
941526
941667
941742
941765
941769
941934
942108
942118
942183
942325
942354
942390
942413
942666
942838
943280
943302
943339
943452
943459
943711
943716
943766
943827
944191
944500
944559
944748
944797
944842
944875
944958
945149
945315
945543
945666
945746
945883
946283
946308
946401
946456
946601
946741
946848
946864
946905
946928
946967
946980
947039
947041
947197
947501
947834
947946
948056
948152
948208
948370
948405
948493
948760
948855
948927
949015
949081
949193
949299
949311
949529
949558
949564
949639
949742
949942
949974
949977
950178
950323
950642
950768
950769
950855
951079
951140
951179
951295
951324
951380
951568
951583
951594
951915
952018
952484
952747
952750
952891
953111
953308
953512
953723
953730
953849
953889
953969
953984
953993
954011
954158
954213
954236
954406
954453
954681
955133
955160
955417
955538
955648
955736
955775
955946
955980
955981
956090
956321
956346
956357
956564
956639
956657
956788
956841
956974
957092
957178
957187
957355
957529
957548
957642
957669
957794
957987
957999
958213
958231
958439
958461
958532
958547
958607
958611
958626
958686
958724
958744
958852
959051
959061
959134
959226
959229
959445
959484
959637
959744
959752
959864
960047
960208
960554
960643
960737
960770
960773
960783
960952
961039
961045
961047
961306
961596
962116
962274
962279
962318
962457
962511
962748
962787
962789
963063
963283
963299
963308
963443
963676
963707
963824
963924
964138
964163
964415
964549
964584
964697
964746
964971
965066
965085
965200
965406
965464
965597
965729
965971
966026
966266
966366
966435
966486
966507
966644
966660
966704
966859
966905
967078
967257
967615
967670
967693
967841
967911
968078
968093
968114
968139
968141
968215
968264
968336
968388
968469
968495
968642
968698
968702
968713
968720
969159
969217
969281
969292
969396
969459
969498
969519
969596
969640
969788
969853
969901
970068
970173
970179
970181
970277
970355
970463
970580
970608
970647
970665
970743
970747
970845
970857
970880
970948
970992
971004
971123
971271
971393
971554
971670
971885
971940
972029
972248
972310
972725
972905
972947
973060
973305
973527
973572
973588
973640
973658
973773
973824
973960
973989
974137
974197
974300
974432
974440
974557
974686
974829
974871
974898
974965
975102
975162
975214
975416
975470
975566
975654
975677
975836
975837
975886
976042
976129
976131
976243
976266
976392
976502
976555
976761
976805
976838
976919
976945
976969
977025
977131
977357
977371
977847
978086
978159
978234
978295
978343
978345
978467
978559
978651
978780
978809
978811
978837
978947
979001
979031
979057
979183
979257
979386
979510
979578
979801
979994
980147
980264
980291
980439
980487
980509
980583
980704
981027
981222
981602
982031
982046
982100
982180
982570
982619
982741
982772
982787
982852
982879
982908
983097
983153
983213
983382
983589
983659
983689
983733
983754
983802
983883
984112
984241
984247
984304
984323
984367
984398
984652
984662
984763
984791
984833
984852
985123
985170
985211
985432
985540
985623
985940
986013
986089
986346
986416
986514
986550
986574
986880
986980
987124
987223
987317
987432
987436
987693
987695
987911
988001
988120
988424
988553
988579
988697
988749
988819
988830
988844
988867
988876
989025
989031
989108
989233
989272
989411
989433
989440
989449
989531
989580
989642
989728
989792
989797
990075
990168
990400
990484
990517
990649
990767
991036
991037
991038
991231
991330
991345
991349
991547
991604
991663
991696
991718
991894
991967
992107
992352
992509
992529
992560
992566
992577
992715
992796
992875
992956
992995
993032
993072
993113
993168
993175
993197
993236
993270
993275
993307
993402
993875
993971
993978
994032
994052
994131
994464
994505
994513
994577
994764
994834
994842
994852
994854
994888
994994
995056
995242
995340
995452
995580
995583
995702
995718
995725
995734
995776
995871
995887
995925
995975
996006
996192
996263
996265
996314
996365
996400
996447
996788
996842
996864
997122
997214
997461
997554
997635
997772
997843
997872
998022
998224
998250
998363
998390
998521
998546
998617
998760
998770
998967
999074
999222
999307
999322
999518
999630
999639
999701
999816
