179
283
334
610
666
678
694
771
809
882
1040
1110
1132
1223
1358
1409
1415
1431
1470
1522
1611
1640
1845
1978
2034
2452
2481
2520
2561
2782
2825
2920
3413
3478
3479
3532
3540
3652
3843
3907
3920
4357
4360
4430
4494
4609
4804
4931
4965
5032
5101
5143
5207
5211
5254
5307
5331
5649
5667
5745
5780
5831
5903
6131
6368
6446
6526
6618
6627
6758
6900
6904
6920
7021
7046
7356
7547
7759
8058
8139
8189
8191
8332
8421
8492
8837
8888
8915
8948
8949
9054
9254
9267
9280
9306
9446
9868
9871
9873
9875
9970
10028
10109
10275
10347
10437
10523
10623
10624
10639
10668
11097
11178
11193
11199
11202
11308
11373
11511
11561
11605
11637
12046
12047
12124
12141
12201
12221
12269
12293
12312
12328
12372
12546
12652
12682
12695
12804
12900
12954
13031
13093
13139
13228
13232
13283
13302
13398
13442
13641
13749
13766
13876
13992
14004
14125
14381
14397
14541
14572
14587
14837
15111
15147
15156
15290
15499
15504
15567
15649
15670
15969
15974
16082
16267
16419
16435
16745
16997
17056
17107
17224
17320
17383
17803
17871
17970
17999
18042
18053
18110
18127
18163
18182
18200
18256
18406
19043
19453
19514
19521
19599
19773
19935
20271
20304
20619
20830
21121
21154
21234
21418
21430
21468
21566
21638
21666
21722
21934
21973
22122
22162
22571
22645
22714
22953
22958
23060
23064
23159
23187
23198
23285
23403
23597
23798
23979
24070
24350
24754
24769
24773
25171
25469
25560
25666
25680
25801
25882
25956
26000
26016
26035
26065
26373
26447
26618
26636
26834
26873
26880
26881
26922
27055
27598
27620
27733
27946
28083
28087
28117
28209
28313
28370
28489
28525
28611
28656
28667
28852
28912
28925
28985
29004
29091
29233
29377
29416
29448
29583
29587
29589
29653
29691
29746
29806
30344
30356
30392
30793
30852
30906
30934
31247
31344
31506
31515
31523
31547
31694
31775
31786
31796
31908
32103
32147
32204
32226
32247
32249
32335
32365
32406
32638
32732
32761
32767
32790
32796
33013
33028
33155
33173
33305
33428
33501
33719
33852
33858
33999
34255
34334
34362
34442
34553
34584
34605
34641
34654
34675
35001
35046
35133
35678
35938
35989
36064
36238
36245
36260
36501
36518
36633
37025
37094
37192
37228
37252
37353
37386
37403
37560
37628
37766
37964
37992
38255
38556
38727
38732
38739
38812
38818
38845
38996
39136
39148
39156
39170
39189
39301
39478
39487
39584
39598
39678
39860
39921
40135
40175
40397
40408
40435
40492
40547
40553
40611
40665
40670
40675
40682
40720
40819
40822
40918
40921
40948
40974
41072
41152
41174
41188
41225
41238
41265
41435
41524
41716
41858
42013
42026
42067
42163
42256
42279
42337
42360
42383
42410
42476
42588
42732
42990
43036
43200
43206
43220
43262
43264
43320
43478
43594
43615
43630
43652
43716
43841
43949
43981
43984
44079
44423
44574
44659
45083
45132
45292
45357
45412
45477
45494
45616
45722
45797
45899
45963
46074
46123
46190
46352
46407
46566
46638
46772
47042
47061
47171
47247
47335
47655
47753
47770
47774
48040
48086
48252
48287
48361
48468
48685
48918
48978
49043
49168
49199
49260
49307
49405
49484
49516
49663
49675
49751
49898
49902
49907
49910
49931
49985
50139
50276
50399
50471
50501
50553
50591
50647
50683
50691
50788
50818
50927
51049
51091
51200
51239
51250
51293
51308
51416
51480
51599
51631
51693
51768
51788
51897
51953
52029
52435
52520
52543
52544
52606
52639
52649
52770
52789
52819
52872
52876
52932
52952
53050
53142
53221
53240
53490
53508
53561
53608
53674
53724
53755
53888
53897
53905
53928
53997
54030
54120
54363
54445
54640
54973
55047
55190
55217
55298
55346
55396
55400
55474
55613
55839
55925
56011
56053
56100
56381
56491
56839
56866
56920
56997
57083
57281
57329
57525
57597
57824
57879
58203
58204
58212
58390
58415
58689
58699
58748
58990
58998
59055
59073
59095
59162
59182
59233
59326
59541
59549
59567
59671
60083
60120
60243
60455
60478
60649
60687
60775
60972
61111
61214
61221
61260
61356
61402
61926
62142
62159
62235
62352
62394
62514
62781
62800
62804
62817
63008
63138
63375
63551
63591
63751
63761
63829
63861
63907
64078
64191
64260
64313
64327
64364
64366
64506
64535
64599
64681
64709
64816
64944
64991
65150
65170
65288
65356
65448
65559
65601
65613
65657
65730
65934
65972
65991
66043
66082
66090
66150
66259
66436
66772
66876
66935
66990
67167
67315
67324
67367
67491
67510
67626
67641
67812
67976
68066
68090
68156
68191
68262
68366
68551
68758
68889
68899
68993
69196
69275
69389
69476
69700
69866
69918
70080
70111
70211
70221
70303
70622
70859
70933
70951
71050
71091
71144
71213
71230
71300
71459
71474
71736
71802
71807
71813
71995
72006
72063
72075
72089
72162
72379
72433
72696
72723
73232
73327
73335
73349
73359
73551
73594
73631
73639
73851
73956
73974
74055
74151
74181
74186
74303
74491
74732
74736
74988
75157
75263
75275
75380
75773
75914
76219
76302
76303
76305
76392
76456
76499
76622
76727
76953
76956
77218
77386
77631
77905
78273
78286
78443
78719
78726
78816
78837
78888
78969
79172
79237
79381
79383
79748
80164
80395
80524
80538
80603
80716
80841
81047
81216
81261
81502
81600
81603
81703
81821
81836
81843
82232
82260
82319
82552
82599
82754
83033
83184
83225
83275
83607
83644
83728
83789
84111
84172
84180
84255
84308
84407
84481
84548
84566
84730
84776
84842
84915
85021
85162
85166
85354
85465
85510
85653
85751
86190
86312
86446
86453
86676
86783
86949
86959
87048
87068
87091
87141
87164
87177
87345
87427
87486
87499
87507
87608
87615
87739
87744
87765
87850
88082
88149
88263
88393
88429
88601
89108
89126
89267
89339
89363
89365
89410
89456
89467
89759
89774
89816
89867
89930
89974
90400
90570
90966
91436
91636
91650
91719
91766
91770
91852
91859
91863
91958
91983
92203
92306
92422
92430
92431
92448
92541
92634
92678
92715
92910
93073
93118
93276
93441
93594
93644
93727
93872
94001
94153
94167
94359
94396
94835
94857
94872
94963
94988
95157
95538
95692
95698
95905
96100
96172
96214
96299
96381
96421
96444
96468
96503
96536
96775
96830
96849
96870
96971
97017
97034
97107
97286
97367
97426
97458
97498
97544
97581
97640
97970
98115
98147
98351
98361
98418
98502
98734
98831
98849
98897
99014
99270
99322
99340
99412
99442
99448
99626
99748
99852
99879
99968
100160
100307
100454
100831
100849
100852
100866
101192
101234
101249
101281
101308
101332
101374
101415
101584
101593
101709
101808
101829
101959
102150
102266
102382
102479
102523
102708
103097
103129
103246
103251
103295
103299
103389
103440
103841
103843
103943
104233
104238
104524
104557
104576
104627
105043
105113
105215
105252
105351
105378
105386
105475
105624
105661
105748
105809
106019
106126
106221
106226
106256
106398
106426
106455
106477
106771
107022
107143
107265
107453
107625
107679
107748
107935
108437
108503
108644
108649
108757
108800
108965
109103
109183
109200
109250
109365
109388
109416
109481
109507
109554
109710
109920
110045
110656
110698
110731
110785
110835
110854
110930
110944
110964
111138
111170
111310
111318
111348
111362
111489
111837
111941
112032
112141
112456
112715
112760
113109
113228
113396
113597
113695
113747
114085
114124
114242
114495
114541
114799
114842
114863
114897
114981
115728
115768
115780
115784
115869
116024
116295
116495
116509
116523
116573
116861
116977
117038
117048
117196
117205
117207
117272
117629
117663
117754
118014
118028
118036
118164
118241
118310
118315
118664
118792
118866
118877
118917
118937
119054
119769
119810
119818
120009
120329
120344
120372
121002
121310
121356
121357
121394
121423
121607
121638
121701
121737
121820
121874
122005
122013
122101
122143
122300
122409
122453
122456
122880
123102
123194
123239
123471
123487
123500
123551
123564
123807
123892
123973
123982
124022
124080
124123
124142
124148
124186
124374
124389
124461
124595
124691
124893
124897
124900
125359
125472
125542
125829
126173
126218
126289
126391
126410
126518
126752
126772
126789
126822
126878
126984
127484
127786
127874
128150
128306
128531
128623
128688
128757
128771
128775
128800
129113
129478
129645
129696
129758
129823
129977
130125
130201
130210
130328
130442
130502
130559
130769
130798
130984
130990
131041
131083
131084
131161
131268
131318
131338
131551
131601
131631
131677
131689
131719
131899
132069
132083
132295
132350
132375
132447
132480
132494
132545
132668
132687
132790
132852
132870
132966
133071
133263
133310
133343
133425
133435
133609
133920
134220
134286
134418
134578
134620
134699
134884
135103
135117
135135
135144
135223
135301
135317
135461
135741
135747
135931
135985
136154
136161
136530
136599
136667
136756
136768
136911
137005
137007
137015
137016
137138
137199
137220
137318
137452
137558
137570
137648
137671
137681
137686
137728
137865
137884
138143
138250
138264
138441
138458
138471
138823
138848
139056
139276
139357
139463
139599
139657
139740
139758
139912
139961
140136
140275
140298
140354
140402
140604
140873
141149
141192
141237
141347
141441
141478
141500
141550
141617
141781
141895
141911
141925
141951
141956
141970
142070
142122
142234
142254
142361
142532
143281
143581
143604
143821
143877
143936
144008
144058
144061
144075
144203
144425
144579
144645
144742
144862
144974
145062
145121
145339
145381
145414
145471
145492
145717
145761
145982
146111
146401
146484
146713
146750
147003
147126
147389
147394
147433
147491
147547
147572
147837
147978
148017
148103
148188
148407
148422
148576
148631
148750
148855
148981
148989
149191
149193
149303
149528
149661
149832
149982
150004
150036
150064
150068
150182
150187
150254
150352
150501
150551
150591
150803
150896
151076
151095
151145
151252
151381
151470
151477
151542
151682
151694
151735
151809
151812
151828
151927
152416
152690
152752
152792
152865
152958
153071
153082
153161
153222
153328
153342
153383
153429
153491
153692
153898
153904
154041
154052
154230
154317
154347
154412
154506
154508
154543
154623
154668
154745
154859
154882
155008
155181
155384
155436
155458
155493
155542
155829
155980
156056
156113
156482
156500
156669
156689
156861
156932
156941
157249
157354
157450
157464
157479
157525
157890
157893
157894
158081
158111
158152
158203
158270
158297
158306
158375
158534
158610
158734
158844
158867
159014
159133
159139
159577
159630
159753
160016
160217
160227
160340
160545
160590
160654
160724
160934
161012
161017
161058
161164
161348
161494
161728
161828
161904
162036
162070
162113
162184
162206
162395
162677
162716
162985
163070
163152
163418
163463
163567
163572
163880
163883
163987
164017
164044
164129
164219
164376
164426
164431
164584
164623
164704
164707
164732
164841
164938
164983
165159
165176
165183
165790
165810
165836
165873
166110
166291
166348
166477
166485
166554
166583
166720
166739
166801
166970
167003
167006
167034
167176
167278
167551
167570
167573
167587
167599
167654
168012
168216
168276
168279
168280
168454
168617
168790
168947
168961
169020
169052
169076
169111
169235
169250
169305
169382
169395
169447
169476
169491
169621
169657
169774
169795
169863
170064
170086
170096
170217
170260
170273
170307
170409
170421
170610
170768
170808
170918
171045
171095
171214
171427
171746
171909
172000
172097
172134
172178
172229
172251
172384
172413
172717
172858
172946
172979
173066
173210
173398
173463
173579
174042
174222
174269
174912
174918
174939
175203
175392
175404
175629
175675
175703
175793
175831
175962
175988
176112
176117
176230
176243
176309
176398
176499
176570
176579
176611
176660
176754
176776
176972
176981
176991
177027
177169
177367
177573
177585
177837
177935
177937
177943
178063
178094
178312
178451
178760
178797
178858
179004
179105
179114
179146
179315
179364
179399
179434
179474
179656
179673
179923
179924
179939
180052
180073
180207
180247
180329
180548
180642
180682
180812
180821
180881
180923
180958
180983
181028
181467
181711
181890
182196
182276
182422
182551
182556
182680
182740
182844
182894
182923
182996
183089
183159
183214
183247
183374
183462
183506
183645
183981
184088
184116
184148
184165
184307
184375
184446
184610
184756
184785
184807
184811
184886
184888
185107
185209
185234
185238
185423
185466
185531
185659
185727
185943
185966
185971
186010
186022
186092
186131
186209
186321
186391
186395
186438
186445
186628
186731
186771
186865
186991
187344
187473
187510
187545
187948
187964
187973
187987
188030
188054
188065
188071
188196
188198
188305
188332
188468
188559
188955
189018
189136
189199
189226
189237
189241
189296
189428
189721
189935
190148
190396
190421
190584
190585
190596
190746
190932
190952
191049
191105
191154
191289
191391
191435
191556
191753
191902
191923
191935
191952
192314
192343
192780
192798
193173
193193
193266
193331
193464
193520
193543
193551
193910
194114
194171
194303
194357
194724
195168
195219
195235
195415
195682
195746
195778
195821
195835
195932
195970
195987
196034
196089
196111
196160
196339
196509
196510
196570
196778
196842
196867
196877
196882
196944
196966
197089
197094
197125
197126
197192
197439
197577
197582
197741
197776
197929
198014
198044
198122
198188
198189
198257
198337
198378
198432
198643
198677
198698
198720
198906
199062
199100
199211
199278
199370
199671
199684
199753
199911
200045
200149
200158
200167
200171
200206
200452
200469
200478
200772
200909
201165
201206
201508
201732
201936
202016
202073
202122
202131
202307
202415
202582
202720
202862
203101
203119
203416
203439
203710
203738
203766
203894
204140
204157
204202
204386
204399
204420
204586
204696
204753
204780
204789
205082
205453
205573
205581
205627
205726
205822
205825
205858
206065
206077
206198
206226
206249
206400
206409
206816
206851
206890
206905
206922
207001
207008
207043
207082
207268
207302
207376
207664
208237
208444
208455
208625
208699
208713
208714
208828
208949
209091
209102
209139
209145
209289
209387
209403
209409
209411
209508
209570
209593
209594
209615
209618
209641
209651
209665
209667
209769
209854
210325
210496
210604
210712
210759
210814
210903
210956
210997
211000
211002
211263
211292
211332
211463
211467
211472
211523
211542
211596
211867
211868
211892
211925
211967
211998
212014
212018
212066
212212
212312
212544
212600
212996
213375
213458
213571
213621
213907
213942
214125
214290
214591
214662
214789
214810
214865
214942
215007
215209
215546
215575
215605
215673
215821
215849
215867
215934
216029
216203
216243
216478
216510
216645
216646
216704
216811
216867
216877
216969
217004
217046
217435
217493
217506
217717
217844
217932
217950
218019
218176
218369
218408
218425
218468
218486
218530
219034
219058
219136
219447
219492
219613
219646
219796
219951
219979
220279
220298
220308
220327
220345
220593
220806
220910
220949
221008
221013
221099
221104
221194
221200
221262
221364
221388
221694
221808
221848
221902
221924
221941
222069
222197
222209
222212
222337
222351
222431
222453
222572
223183
223470
223685
223746
223837
223911
223926
224078
224329
224361
224397
224457
224683
224728
224973
225000
225083
225101
225380
225384
225479
225649
225775
225789
226017
226070
226236
226265
226297
226333
226464
226497
226499
226609
226741
226757
226896
227089
227225
227364
227659
227972
228030
228050
228174
228274
228358
228361
228418
228448
228634
228648
228679
228687
228717
228824
228898
228970
228987
229225
229510
229745
229775
229797
229909
230062
230105
230220
230248
230402
230481
230715
230837
230854
230998
231036
231046
231319
231349
231496
231544
231608
231692
231798
231825
231828
231893
231899
231996
232006
232028
232055
232266
232305
232392
232522
232749
232826
232838
233059
233272
233368
233447
233487
233521
233565
233683
233770
233921
233988
234011
234081
234084
234138
234157
234237
234386
234399
234443
234674
234700
234886
235265
235328
235338
235840
235848
236025
236080
236100
236164
236317
236322
236376
236393
236472
236555
236745
236808
236909
236945
237108
237180
237231
237288
237346
237409
237416
237481
237498
237501
237696
237798
237840
237881
237971
238067
238396
238406
238449
238592
238622
238638
238701
238946
239047
239196
239250
239365
239524
239528
239572
239627
239743
240123
240175
240196
240561
240743
240750
241082
241121
241206
241261
241262
241415
241423
241857
241891
242048
242087
242300
242476
242532
242649
242786
242834
242888
242904
242929
242938
242958
242988
242994
243039
243126
243242
243256
243260
243351
243354
243642
243784
243804
243841
243931
244701
244829
244986
245034
245042
245066
245169
245257
245291
245400
245487
245617
245704
245748
245820
245919
245945
246167
246310
246539
246686
246747
246812
246908
247056
247149
247247
247279
247501
247520
247530
247567
247578
247622
247629
247823
247896
247986
248029
248381
248440
248505
248604
248677
248922
248959
249047
249102
249145
249161
249295
249419
249463
249505
249560
249711
249811
249835
250049
250205
250439
250549
250756
250785
251207
251300
251410
251499
251819
251899
252082
252267
252396
252526
252582
252648
252706
252764
252833
253029
253169
253301
253389
253448
253458
253520
253560
253975
253981
254114
254180
254340
254392
254527
254532
254726
254956
255162
255191
255329
255338
255359
255496
255503
255730
255746
255862
255875
255967
256011
256099
256227
256313
256339
256403
256443
256484
256505
256578
256744
256998
257061
257071
257107
257189
257263
257541
257599
257750
257831
257904
257942
257992
258006
258060
258331
258410
258535
258590
258634
258922
258951
258999
259038
259125
259222
259234
259289
259488
259591
259601
259632
259749
259791
259833
259954
260287
260291
260301
260327
260355
260380
260394
260634
260677
260684
260716
260745
260749
260754
260823
260828
260864
260999
261104
261334
261405
261434
261487
261557
261611
261952
261955
261967
262362
262388
262420
262524
262594
262861
262900
262951
262999
263029
263083
263147
263161
263172
263333
263614
263630
263643
263940
264303
264313
264474
264492
264520
264755
264783
264831
264900
265196
265219
265283
265458
265664
265832
265896
266054
266090
266094
266237
266432
266534
266743
266794
266812
266863
266900
266932
267107
267141
267158
267159
267165
267170
267189
267258
267309
267511
267551
267562
267626
267681
267790
267830
267876
267949
267956
268182
268341
268543
268626
268651
268671
268713
268737
268747
268774
268950
269012
269060
269070
269120
269194
269308
269372
269434
269488
269512
269545
269614
269852
269926
269983
270060
270098
270101
270159
270164
270175
270326
270471
270570
270885
271021
271058
271160
271451
271566
271641
271874
271875
271918
272004
272013
272071
272162
272184
272400
272685
272686
272698
272792
272827
273023
273398
273465
273521
273535
273639
273666
273737
274073
274124
274233
274237
274255
274283
274335
274437
274535
274589
274606
274665
274793
274798
274970
274979
275087
275150
275199
275293
275487
275542
275627
275630
275776
275795
276030
276036
276379
276387
276586
276588
276837
276840
277154
277215
277280
277384
277404
277746
278026
278073
278175
278225
278396
278602
278713
278714
278768
278809
278924
278948
279011
279056
279121
279199
279207
279216
279290
279421
279583
279712
279753
279898
279939
280355
280402
280436
280510
280654
280759
280802
281008
281042
281046
281056
281352
281409
281444
281790
281879
282107
282110
282160
282390
282413
282471
282686
282695
282845
282911
283020
283144
283241
283309
283613
283761
283857
284308
284317
284421
284566
284743
284754
284886
284997
285108
285117
285488
285511
285772
285816
285940
285964
285978
286029
286192
286234
286259
286463
286579
286586
286847
286870
287035
287052
287116
287237
287324
287466
287599
287916
288026
288251
288283
288410
288415
288433
288459
288529
288565
288611
288646
288681
288746
288772
288778
288820
288965
288972
289092
289150
289175
289182
289290
289309
289515
289642
289718
289735
289777
289862
289988
290012
290089
290248
290403
290459
290494
290525
290539
290661
290782
290828
290847
290889
290930
291015
291150
291175
291405
291470
291572
291608
291670
291673
291828
291849
291895
292041
292324
292337
292454
292521
292727
292785
292836
292931
292952
292979
293178
293359
293418
293442
293704
293964
294114
294252
294317
294402
294517
294646
294651
294747
294766
294917
294934
295036
295097
295182
295205
295341
295368
295481
295630
295634
295803
295911
296151
296505
296647
296667
296805
296861
296966
297303
297438
297467
297475
297490
297520
297706
297839
298010
298110
298129
298151
298198
298253
298447
298501
298578
298716
298752
298810
298912
299118
299133
299251
299254
299337
299572
299711
299833
299855
300059
300121
300123
300166
300202
300332
300503
300848
300968
301283
301285
301436
301596
301655
301672
301692
301782
302008
302157
302269
302340
302389
302542
302708
302832
302918
303000
303118
303119
303150
303241
303385
303412
303451
303649
303792
303832
303994
303999
304029
304055
304080
304122
304148
304312
304373
304387
304461
304574
304724
304978
305029
305340
305402
305465
305487
305559
305606
305647
305957
306218
306237
306447
306478
306619
306718
306812
306821
306824
307135
307179
307254
307294
307321
307462
307579
307643
307901
307942
308032
308141
308683
308703
308836
308849
309014
309199
309201
309224
309471
309481
309518
309626
309790
309947
310047
310360
310378
310420
310590
310733
310760
310789
310923
310983
311272
311389
311521
311527
311643
311648
311752
311795
311905
311954
312273
312286
312400
312472
312863
313103
313293
313323
313523
313532
313590
313602
313604
313630
313740
313828
313974
314167
314240
314286
314412
314463
314633
314634
314646
314657
314857
314971
315116
315142
315146
315165
315421
315518
315973
316151
316166
316249
316291
316514
316722
316961
317043
317044
317217
317224
317290
317892
317990
318107
318113
318148
318225
318563
318623
318695
318731
318791
318944
319040
319091
319293
319524
319654
319669
319707
319823
319880
320075
320116
320162
320360
320388
320408
320428
320528
320786
320803
320851
320975
320997
321140
321157
321216
321349
321404
321406
321476
321596
321635
321648
321808
321912
321961
321974
321983
322001
322167
322296
322447
322614
322660
322690
322886
322901
322916
322967
323163
323170
323340
323345
323347
323531
323577
323685
323699
323728
323770
324126
324158
324281
324317
324412
324564
324569
324601
324793
324858
324958
325105
325123
325251
325344
325444
325449
325823
325875
326030
326059
326154
326194
326199
326379
326488
326608
326723
326950
327048
327177
327332
327366
327416
327464
327471
327504
327575
327620
327703
327728
327769
327825
327889
328337
328377
328413
328533
328615
328713
328871
329015
329049
329107
329187
329287
329437
329565
329642
329672
329721
330079
330120
330164
330339
330454
330495
330930
330979
331036
331205
331487
331672
331846
332038
332126
332155
332185
332236
332261
332349
332476
332599
332645
332855
333036
333136
333243
333367
333686
333715
333980
333984
333991
334118
334139
334164
334256
334311
334328
334348
334392
334567
334577
334589
334663
334720
334856
335015
335026
335076
335086
335296
335305
335344
335388
335571
335589
335631
335719
336413
336482
336597
336786
336846
336881
337097
337203
337346
337456
337485
337550
337596
337603
337623
337711
337728
337940
338251
338386
338457
338482
338758
339154
339533
339619
339641
339701
339722
339747
339877
339966
340147
340206
340236
340631
340730
340858
340893
340937
341068
341122
341195
341235
341313
341407
341426
341448
341500
341594
341702
341798
341840
342213
342246
342334
342360
342443
342547
342625
342635
342783
342914
342974
342998
343152
343217
343252
343428
343629
343779
343860
343896
344105
344171
344209
344478
344565
344673
344845
344849
344914
345024
345141
345202
345281
345304
345316
345324
345350
345376
345748
345896
346034
346250
346410
346518
346543
346626
346653
346826
346832
346933
347004
347021
347124
347204
347237
347363
347480
347555
347829
347952
348075
348154
348244
348408
348411
348665
348687
348880
348941
348980
348983
349021
349087
349232
349297
349313
349452
349518
349610
349653
349780
349859
350002
350087
350156
350875
350956
350964
350996
351115
351151
351168
351171
351312
351475
351652
351741
351929
352139
352364
352365
352522
352627
352759
352777
352832
352881
352948
353043
353264
353348
353377
353383
353609
353753
353999
354052
354218
354395
354442
354467
354532
354557
354576
354809
355000
355167
355335
355362
355450
355633
355672
355694
355748
355775
355778
355832
355958
356006
356056
356142
356148
356254
356330
356537
356751
356764
356779
357062
357109
357135
357217
357253
357264
357419
357529
357672
357755
358162
358224
358431
358558
358710
358723
358772
359165
359177
359213
359258
359331
359392
359394
359518
359553
359815
359892
359992
360089
360110
360285
360343
360352
360524
360736
360871
360903
360930
361144
361252
361316
361350
361457
361506
361573
361583
361639
361732
361771
361772
361949
361958
362047
362180
362262
362275
362281
362286
362405
362530
362555
362712
362824
362837
362893
362954
362991
363111
363398
363403
363410
363536
363874
363975
364154
364231
364297
364317
364563
364565
364567
364604
364749
364835
364917
364972
365111
365144
365182
365441
365501
365581
365611
365681
365707
365815
365827
365829
365943
366140
366282
366305
366367
366476
366544
366558
366605
366688
366691
366739
366909
367231
367366
367550
367582
367684
368038
368045
368075
368274
368406
368757
368837
368839
368869
368901
369248
369336
369338
369406
369489
369549
369731
369760
369904
369921
369924
370076
370084
370088
370177
370651
370896
370899
370915
370918
370944
371030
371174
371183
371417
371470
371795
371810
371911
371950
372049
372123
372339
372358
372439
372662
372797
372866
373209
373218
373369
373470
373581
373711
373982
374056
374190
374191
374240
374352
374362
374464
374468
374516
374548
374642
374721
374728
374843
374896
374897
374922
375259
375323
375384
375474
375644
375762
375920
375922
375975
376177
376212
376227
376425
376614
376680
376699
376712
376855
376879
376884
377065
377140
377339
377602
377720
377751
378133
378234
378289
378326
378332
378369
378487
378502
378516
378518
378537
378545
378764
378777
378778
379005
379006
379131
379426
379657
379738
379845
379849
379874
379997
380014
380135
380305
380325
380542
380572
380882
380965
381032
381468
381593
381618
381626
381638
381889
381963
382065
382109
382146
382245
382283
382580
382618
382630
382985
383831
383858
383871
384081
384299
384502
384516
384602
384736
384750
385058
385074
385124
385220
385432
385530
385836
385890
386021
386095
386208
386294
386391
386436
386545
386576
386653
386693
386951
386988
387213
387423
387543
387602
387656
387789
387969
388124
388140
388324
388381
388388
388552
388671
388688
388793
388799
388837
388937
388947
388977
388993
389015
389425
389463
389489
389518
389585
389664
389720
389754
390333
390372
390613
390680
390739
390845
390953
391142
391180
391188
391237
391404
391534
391561
391583
391604
391657
391993
392025
392130
392151
392197
392340
392463
392489
392508
392678
392696
392733
393106
393183
393459
393679
393789
393890
393975
394059
394098
394248
394252
394409
394644
394722
394750
394776
394784
394860
395012
395029
395126
395165
395285
396024
396362
396663
396765
396790
397151
397246
397297
397462
397918
398116
398287
398298
398350
398519
398578
398735
398842
399042
399060
399098
399212
399367
399469
399529
399622
399851
399996
400043
400072
400108
400169
400238
400436
400449
400580
400587
400642
400679
400685
400826
400976
401134
401228
401418
401440
401505
401571
401874
402014
402135
402165
402188
402235
402265
402267
402406
402486
402692
402694
402720
402767
402825
402879
402897
403019
403038
403084
403101
403110
403268
403274
403275
403291
403292
403320
403330
403377
403513
403580
403630
403761
403820
403958
404127
404397
404429
404496
404500
404503
404511
404521
404830
404840
404967
405060
405510
405578
405626
405764
405804
405825
405828
405872
405916
405972
406024
406026
406091
406162
406178
406281
406319
406425
406596
406777
406965
407033
407056
407186
407404
407432
407551
407620
407755
407794
407815
407942
407943
407955
407991
407994
408178
408191
408216
408227
408369
408376
408437
408465
408583
408600
408761
408795
408818
408971
409052
409088
409093
409223
409244
409396
409405
409502
409581
409810
410005
410238
410242
410266
410271
410282
410328
410585
410591
410703
411377
411481
411675
411960
411995
412259
412631
412653
412729
412865
413083
413124
413310
413344
413399
413464
413616
413837
413917
413981
414010
414622
414809
414849
415085
415107
415154
415241
415336
415398
415449
415469
415528
415603
415751
415833
415944
415996
416073
416094
416181
416340
416367
416391
416652
416689
417011
417015
417364
417410
417439
417610
417809
418023
418221
418512
418590
418635
418711
418846
418968
418973
419051
419132
419155
419179
419225
419286
419324
419407
419634
419700
419721
419819
420053
420110
420254
420679
420897
421009
421045
421498
421500
421567
421837
421866
422030
422060
422125
422136
422604
422639
423015
423359
423426
423503
423557
423614
423715
423747
423780
423909
423919
424012
424108
424347
424398
424455
424499
424547
424557
424561
424644
424678
424691
424821
424919
424929
425116
425123
425208
425215
425217
425242
425436
425463
425466
425569
425841
425948
426006
426060
426154
426194
426467
426575
426719
426785
427018
427044
427108
427136
427211
427226
427298
427320
427326
427347
427348
427396
427841
427875
428140
428190
428433
428485
428542
428569
428736
428768
428794
428876
428884
428894
428918
428989
429092
429349
429497
429628
429673
429685
429687
429770
429777
430055
430214
430406
430422
430597
430742
430829
430900
430942
430995
431060
431067
431147
431169
431342
431555
431624
431648
431653
431684
431836
432169
432272
432285
432319
432480
432797
433120
433159
433295
433648
433701
433900
433926
434196
434221
434432
434513
434725
434788
434847
434900
434971
435038
435073
435230
435264
435483
435540
435617
435678
435693
435719
435852
436147
436208
436288
436447
436586
436825
436882
437097
437170
437230
437259
437328
437422
437428
437545
437594
437739
437884
437887
437915
437983
437993
438081
438120
438396
438482
438609
438640
438987
439110
439373
439425
439493
439596
439644
439665
439744
439746
439826
439827
439837
439875
439960
440004
440102
440499
440596
440902
440978
440980
441015
441074
441103
441177
441373
441453
441595
441688
441729
441733
441843
441859
441908
442053
442242
442274
442378
442471
442601
442619
442685
442960
443001
443155
443287
443291
443750
443839
444065
444172
444287
444489
444767
445000
445011
445035
445055
445195
445247
445258
445598
445632
445782
445880
446025
446191
446303
446319
446460
446583
446649
446660
446682
446703
446775
446838
446849
446895
447041
447164
447218
447313
447501
447535
447658
447734
447795
448023
448058
448163
448182
448308
448680
448791
448991
449049
449052
449166
449192
449280
449281
449305
449311
449325
449489
449492
449609
449667
449708
449722
449785
449798
449858
450018
450029
450114
450137
450177
450194
450209
450325
450365
450682
450903
450990
451001
451170
451210
451329
451434
451452
451456
451486
451532
451572
451594
451862
451908
452192
452207
452298
452534
452556
452644
452790
452816
452959
453014
453031
453106
453125
453216
453400
453486
453510
453532
453536
453545
453922
454019
454028
454029
454148
454532
454556
454712
454826
454958
454977
455070
455095
455177
455395
455476
455574
455601
455609
455701
455708
455723
455862
455886
456093
456512
456682
456689
456800
456834
456864
456881
456904
457155
457183
457249
457343
457430
457522
457524
457642
457666
457913
457976
458225
458234
458350
458411
458515
458578
458811
459009
459035
459306
459391
459670
459737
459899
459926
460093
460098
460170
460232
460278
460293
460317
460328
460684
460700
460740
460770
460955
461129
461189
461340
461342
461385
461437
461445
461470
461537
461633
461705
461810
461856
462000
462157
462296
462300
462671
462842
462881
463022
463183
463221
463359
463408
463618
463720
463826
463922
463964
464003
464031
464206
464367
464453
464985
465025
465179
465206
465374
465404
465504
465571
465603
465692
465772
465803
465887
465947
465955
465976
466151
466629
466640
466724
466747
466752
466861
466871
466880
466935
467068
467077
467365
467469
467503
467542
467571
467657
467806
467855
467889
467891
467942
468035
468197
468259
468279
468303
468353
468395
468422
468774
468795
468969
468970
469043
469086
469153
469182
469387
469632
469733
469780
469849
469880
470208
470264
470287
470376
470423
470630
470648
470724
470822
470835
471138
471397
471480
471629
471709
471824
471828
471853
471875
471921
472229
472282
472343
472392
472487
472721
472763
472988
473010
473028
473228
473281
473578
473609
473613
473683
473885
473920
473949
473984
474000
474081
474184
474248
474539
474674
474708
474877
474974
474982
475136
475386
475435
475509
475664
475788
475866
476146
476440
476499
476541
476575
476709
476753
476912
476921
476970
476990
477022
477037
477237
477252
477494
477520
477891
478113
478257
478609
478635
478654
478722
478727
478763
478854
478907
478928
479290
479750
479948
480165
480531
480566
480693
480807
480958
481021
481048
481060
481086
481207
481380
481465
481468
481543
481643
481729
481748
481790
481869
481907
482113
482150
482289
482424
482434
482492
482589
482595
482683
482928
482980
482988
483035
483062
483190
483211
483227
483320
483362
483469
483551
483617
483651
483804
483904
484044
484130
484369
484512
484673
484747
484912
484956
485006
485072
485084
485132
485191
485234
485281
485302
485471
485478
485514
485572
485580
485693
485964
485980
486025
486083
486098
486121
486137
486144
486350
486466
486625
486760
486852
486945
486962
487035
487114
487162
487207
487282
487371
487452
487480
487482
487514
487529
487581
487583
487719
487801
488027
488029
488040
488090
488138
488371
488654
488747
489002
489091
489156
489236
489249
489333
489484
489560
489570
489681
489718
489916
490333
490470
490503
490541
490884
490935
491145
491178
491189
491273
491296
491429
491430
491474
491477
491655
491701
491843
491927
492124
492161
492232
492321
492336
492524
492753
492801
492836
492996
493050
493119
493269
493298
493386
493599
493607
493642
493892
494102
494279
494356
494421
494542
494551
494611
494994
494999
495374
495474
495745
495765
495834
496203
496270
496307
496535
496628
496662
496670
496790
496984
497057
497227
497347
497417
497495
497552
497603
497763
497968
498062
498619
498779
498826
498827
498894
498978
499095
499336
499463
499572
499584
499636
499739
499824
499845
500148
500305
500373
500390
500394
500466
500520
500547
500635
500897
500999
501189
501337
501718
501757
502138
502223
502289
502377
502490
502517
502527
502569
502617
502651
502897
502923
502966
502985
503141
503241
503661
503793
503939
504098
504153
504205
504305
504392
504483
504588
504877
504985
504988
505003
505034
505035
505077
505223
505244
505250
505324
505393
505437
505488
505693
505821
505904
505956
505980
506106
506253
506329
506342
506370
506461
506499
506558
506575
506591
506748
506793
506846
506851
506856
506915
506932
507068
507177
507292
507316
507428
507435
507563
507631
507634
507734
508128
508303
508458
508519
508894
509039
509243
509371
509439
509557
509820
509842
509862
510039
510041
510059
510073
510235
510426
510565
510570
510578
510962
511148
511378
511462
511627
511635
511715
511824
511974
512014
512048
512054
512078
512402
512525
512562
512589
512625
512687
512700
512713
512794
512929
513353
513411
513415
513603
513693
513716
513730
513760
513960
514305
514352
514385
514388
514454
514686
514733
514757
514874
514941
514991
515198
515202
515476
515512
515619
515621
515781
515807
515877
515971
516197
516204
516285
516490
516511
516836
516922
517037
517184
517206
517236
517246
517334
517739
517862
518063
518218
518409
518418
518458
518460
518486
518624
518756
518931
519004
519014
519060
519075
519101
519352
519356
519624
519684
519805
519839
519845
520051
520079
520348
520432
520589
520611
520740
520752
520876
521004
521152
521573
521594
521704
521743
521793
521952
521991
522303
522739
522748
522802
522827
523267
523343
523374
523504
523521
523572
523705
523763
523814
524227
524291
524351
524418
524518
524540
524783
524795
524806
525193
525371
525852
525913
525919
526035
526150
526226
526267
526353
526447
526491
526709
526737
526831
526838
526870
527034
527152
527508
527541
527575
527724
527769
527951
527966
528396
528420
528499
528518
528705
528745
529021
529141
529153
529401
529593
529602
529662
529768
529861
529965
529979
530141
530459
530492
530677
530877
531065
531101
531379
531406
531449
531497
531973
532012
532051
532081
532147
532204
532268
532315
532326
532451
532604
532684
532710
532726
532806
532990
533130
533172
533418
533563
533733
533873
533878
534150
534586
534719
534728
534778
534901
534914
534948
534958
535020
535253
535290
535424
535458
535631
535827
535924
535928
535952
535982
536022
536128
536215
536227
536267
536280
536473
536556
536693
536730
536898
536954
537019
537027
537170
537253
537560
537886
537906
538403
538482
538805
539058
539148
539405
539465
539516
539543
539700
539736
539850
539899
539952
539999
540011
540012
540079
540112
540138
540159
540444
540566
540687
540752
540768
540881
540884
540892
540907
541133
541446
541581
541693
542173
542197
542237
542493
542773
542794
542871
542976
542991
543012
543041
543088
543169
543205
543527
543565
543606
543863
543927
544069
544226
544356
544366
544432
544437
544543
544558
544562
544588
544661
544730
544745
544782
544830
544871
544982
545091
545265
545311
545366
545514
545976
546009
546147
546243
546279
546307
546366
546446
546567
546673
546789
547066
547338
547350
547442
547469
547510
547697
547821
547832
547837
547893
548003
548056
548138
548231
548408
548416
548431
548471
548501
548522
548551
548741
548746
548842
549108
549199
549245
549496
549550
549597
549896
549968
550079
550082
550397
550550
550613
550624
550719
550784
550865
550939
551045
551163
551166
551363
551420
551500
551523
551584
551735
551945
551947
551978
552005
552011
552040
552051
552233
552236
552434
552469
552514
552631
552920
552996
553011
553114
553290
553513
553626
553791
554109
554500
554508
554574
554616
554671
554744
555127
555137
555214
555443
555762
555786
555824
555833
555849
556009
556061
556106
556140
556194
556392
556437
556525
556533
556703
556705
556719
556728
556875
556878
556911
557022
557104
557109
557380
557426
557485
557618
557726
557880
557958
558032
558199
558234
558544
558611
558694
558776
558789
558832
558895
558943
559076
559262
559359
559361
559464
559562
559657
559940
559947
559997
560068
560168
560173
560186
560270
560289
560619
560647
560731
560750
560781
560819
560993
561033
561237
561252
561315
561331
561384
561433
561492
561559
561644
561711
561780
561898
562055
562059
562099
562323
562358
562414
562449
562494
562497
562513
562555
562615
562795
562863
563111
563194
563214
563232
563261
563269
563388
563400
563485
563708
563881
563896
564009
564140
564331
564477
564579
564681
564764
564834
565506
565590
565786
565876
565907
566037
566050
566081
566173
566262
566263
566345
566366
566403
566437
566461
566482
566495
566543
566598
566631
566699
567094
567153
567183
567212
567336
567407
567451
567857
567936
567994
568012
568220
568251
568299
568364
568523
568691
568705
568968
568975
569342
569348
569535
569610
569709
569972
569997
570034
570188
570232
570267
570418
570444
570522
570537
570799
570894
570944
570962
571022
571333
571691
571741
571771
571776
571802
571843
571875
571944
572343
572524
572629
573005
573032
573318
573322
573413
573468
573557
573564
573567
573580
573696
573745
573757
574074
574087
574130
574263
574384
574455
574552
574731
574859
574938
575179
575353
575399
575415
575651
575693
575726
575781
575814
575881
575884
576204
576291
576294
576334
576351
576361
576365
576394
576480
576597
576698
576855
577083
577118
577147
577162
577169
577286
577434
577446
577655
577704
577710
577760
577919
577940
578270
578332
578348
578453
578601
578690
578894
578950
578993
579151
579211
579298
579513
579712
579829
579894
579902
579998
580002
580062
580095
580102
580123
580290
580422
580687
580752
580979
580999
581036
581056
581227
581300
581667
581768
581902
582043
582226
582279
582330
582379
582641
582715
582728
582911
582935
582977
583047
583057
583290
583326
583336
583492
583697
583739
584200
584561
584589
584615
584860
584912
584916
584957
585000
585037
585096
585163
585189
585212
585424
585431
585432
585490
585521
585675
585737
585770
586021
586048
586090
586452
586558
586568
586581
586773
586839
586881
586935
587093
587140
587152
587336
587543
587753
587782
587838
588047
588062
588219
588263
588320
588472
588840
588844
589164
589177
589392
589664
589767
589791
589867
589904
589957
590110
590112
590165
590197
590325
590428
590476
590501
590623
590851
591183
591241
591285
591303
591316
591426
591451
591489
591627
591628
591756
591937
591998
592190
592292
592390
592665
592743
592780
592896
592922
592971
593019
593067
593290
593315
593321
593449
593472
593591
593915
593927
594032
594085
594132
594188
594311
594565
594567
594594
594698
594832
594943
594945
595076
595150
595323
595369
595401
595483
595556
595597
595675
595676
595681
595724
595741
595912
595966
595992
596092
596244
596270
596345
596740
596989
597264
597370
597406
597417
597663
597670
597842
597930
597994
598018
598024
598077
598380
598398
598568
598596
598646
598687
598695
598715
598837
599016
599061
599067
599097
599100
599243
599250
599316
599386
599582
599754
599765
599791
599853
599967
600001
600255
600580
600719
600743
600761
600948
601056
601061
601136
601198
601240
601361
601377
601553
601699
601828
601864
601873
602042
602085
602208
602339
602397
602438
602568
602680
602697
602812
602863
602871
603038
603068
603069
603129
603224
603231
603284
603294
603479
603574
603634
603797
603939
604526
604797
604816
604835
604923
604952
604994
605018
605075
605091
605176
605196
605286
605401
605434
605699
605772
606178
606210
606271
606427
606521
606562
606592
606847
606907
607138
607178
607342
607671
607707
607722
607768
607994
608009
608084
608126
608211
608289
608734
609285
609351
609445
609507
609521
609566
609710
609890
609917
610196
610214
610346
610523
610645
610762
611072
611121
611166
611241
611299
611422
611499
611692
611713
611870
612049
612058
612128
612151
612256
612352
612363
612403
612612
612775
612920
612951
613032
613355
613361
613422
613481
613623
613635
613974
614097
614191
614194
614197
614286
614348
614362
614456
614510
614529
614534
614608
614753
614874
614884
614981
615062
615135
615298
615311
615415
615580
615581
615728
615769
615907
615988
616029
616368
616694
617151
617172
617265
617285
617393
617428
617702
617755
617816
617894
618016
618021
618134
618230
618414
618420
618584
618585
618686
618763
618794
618821
618923
618981
619155
619220
619364
619422
619471
619486
619575
619587
619591
619678
619745
619882
620042
620123
620227
620234
620520
620528
620556
620598
620825
620964
621078
621088
621090
621115
621139
621224
621240
621488
621527
621552
621564
621566
621730
621780
621820
621885
621973
621993
622051
622079
622102
622132
622194
622314
622425
622534
622694
622695
622990
623051
623065
623103
623193
623218
623305
623389
623440
623535
623574
623593
623607
623830
623867
623882
623926
624755
624946
625008
625054
625091
625156
625433
625481
625490
625567
625694
625777
626024
626056
626736
626809
626837
626878
626885
626886
626890
626907
626947
626966
627034
627045
627071
627074
627086
627286
627338
627394
627745
627786
627951
627974
628151
628261
628271
628681
628857
628896
628987
629209
629320
629348
629365
629414
629441
629465
629522
629800
629815
629862
629864
629897
629990
630081
630103
630206
630331
630431
630463
630470
630648
630756
630766
630933
631033
631105
631118
631192
631200
631209
631335
631559
631886
631979
632125
632137
632197
632271
632432
632509
632594
632630
632684
632734
632766
632780
633070
633221
633287
633383
633443
633637
633649
633755
633763
633866
633899
633969
634252
634294
634346
634446
634516
634528
634659
634677
634747
634788
635054
635308
635322
635497
635593
635610
635654
635719
635800
635973
636097
636110
636326
636484
636511
636565
636625
636629
636702
636736
636797
636911
636954
637076
637159
637164
637390
637603
637755
637903
637941
638025
638140
638373
638374
638399
638505
638747
638853
638871
638895
639000
639001
639195
639257
639328
639340
639385
639438
639546
639584
639721
639825
639856
639910
639958
640524
640537
640656
640757
640784
641175
641217
641237
641303
641483
641510
641633
641661
641703
641772
641854
641900
641951
641999
642247
642301
642326
642500
642701
642719
643085
643115
643266
643321
643385
643428
643513
643664
643666
643682
643743
643827
643925
644020
644314
644385
644759
644880
644909
645233
645247
645315
645490
645650
645824
645891
645895
645946
646032
646045
646376
646500
646539
646719
646871
646992
647029
647460
647555
647673
647715
647787
648050
648174
648347
648360
648371
648394
648501
648607
648654
648703
648732
648800
648878
649164
649290
649427
649459
649505
649588
649652
649714
649795
649831
649942
650017
650284
650382
650432
650580
650671
650945
651066
651093
651139
651150
651175
651560
651621
651746
651878
651879
652271
652423
652448
652530
652531
652648
652762
652843
652869
652991
653010
653120
653121
653124
653231
653245
653405
653546
653589
653636
653668
653949
654046
654196
654373
654606
654736
655126
655238
655272
655305
655310
655434
655458
655571
655637
655708
656005
656028
656046
656272
656356
656440
656584
656591
656717
656744
656752
656888
656989
657053
657427
657549
657918
657925
658211
658234
658359
658376
658495
658715
658780
658800
658804
658841
658856
658879
658886
658940
659126
659135
659180
659188
659196
659303
659679
659681
659741
659768
660257
660411
660609
660684
660695
660747
660771
660814
661077
661096
661257
661539
661778
661815
661840
661892
661903
662291
662508
662674
662732
662740
662848
662905
662912
663033
663181
663478
663521
663626
663634
663841
663915
664035
664124
664165
664259
664302
664335
664370
664419
664443
664449
664456
664620
664669
664890
665049
665148
665438
665778
665826
666016
666101
666442
666547
666577
666714
666755
666774
666837
666905
667010
667137
667288
667332
667589
667693
667706
667719
667734
667852
667991
668019
668210
668232
668403
668563
668817
668852
668924
669033
669259
669309
669377
669582
669584
669782
670018
670212
670316
670364
670396
670522
670732
670758
670771
670911
670963
671021
671207
671236
671337
671341
671383
671418
671618
671858
671911
672034
672145
672187
672241
672248
672306
672406
672528
672626
673053
673221
673298
673328
673333
673369
673442
673444
673502
673590
673770
673994
674096
674333
674334
674528
674696
674762
674771
674858
674938
674981
674983
675065
675098
675195
675224
675278
675282
675319
675350
675364
675466
675481
675567
675571
675691
675743
675817
675851
675860
675868
676158
676166
676572
677068
677128
677206
677276
677278
677480
677687
677706
677756
677808
677833
677834
678079
678398
678410
678441
678501
678865
678950
679140
679200
679446
679466
679519
679658
680062
680473
680596
680730
680851
681126
681337
681356
681454
681779
681795
681804
681828
682001
682061
682134
682367
682434
682476
682546
682635
682649
682772
682986
683047
683168
683290
683622
683685
683758
683776
683786
683826
683845
683876
684006
684017
684085
684086
684291
684430
684687
684855
685033
685085
685275
685300
685306
685325
685351
685505
685541
685596
686068
686290
686313
686482
686543
686607
686632
686640
686662
686895
686914
686948
686967
686981
687450
687590
687778
687785
687856
687971
688033
688060
688484
688614
688641
688820
688829
688906
688959
689073
689079
689114
689301
689447
689694
689750
689859
690014
690151
690174
690191
690231
690258
690265
690407
690408
690448
690449
690459
690767
691008
691284
691531
691594
691629
691682
691993
692110
692193
692230
692293
692340
692701
692789
692820
692851
692880
692901
692921
692975
693143
693227
693241
693418
693420
693431
693601
693753
693950
694017
694021
694024
694073
694091
694119
694156
694166
694269
694326
694340
694402
694427
694535
694682
694781
694806
694810
694918
695153
695374
695378
695496
695616
695717
695762
695769
695772
696005
696023
696092
696143
696304
696362
696395
696845
696873
696917
697042
697270
697335
697339
697461
697505
697650
697717
697778
697823
697836
697883
697923
697963
698271
698283
698298
698397
698658
698704
698742
698890
698951
698957
699024
699032
699194
699280
699313
699390
699491
699588
699676
699715
699856
699915
699937
699972
700149
700153
700206
700504
700507
700511
700673
700726
700775
700945
701026
701039
701053
701114
701146
701198
701239
701325
701396
701600
701698
701759
701813
701875
701987
702178
702228
702358
702361
702449
702547
702580
702602
702624
702710
702724
702760
702803
702812
702835
702852
702908
703054
703248
703259
703769
703847
703902
704067
704219
704301
704375
704421
704543
704607
704697
704750
704767
704780
705066
705075
705127
705152
705161
705249
705429
705504
705601
705620
705796
705830
705858
705933
706004
706039
706173
706212
706284
706364
706383
706412
706458
706490
706495
707156
707171
707385
707479
707569
707589
707743
707758
707800
707840
707984
708113
708406
708420
708553
708614
708853
708938
709033
709202
709232
709282
709345
709392
709404
709428
709512
709557
709590
709879
710014
710037
710158
710170
710236
710276
710295
710348
710383
710388
710603
710779
710834
710904
710912
710950
710969
711078
711113
711754
711770
711811
711915
711919
711950
711987
712034
712245
712298
712319
712364
712374
712379
712471
712649
712893
712925
713058
713099
713133
713199
713311
713461
713544
713611
713889
714073
714311
714428
714464
714520
714593
714632
714666
714711
714906
715027
715082
715142
715231
715430
715432
715516
715595
715616
715814
716020
716110
716347
716586
716692
716844
716906
716995
717004
717161
717245
717263
717446
717539
717592
717682
717732
717857
718119
718278
718292
718329
718529
718822
718980
718986
719060
719163
719237
719330
719488
719585
719599
719693
719726
719785
719869
719886
719915
720047
720049
720051
720139
720329
720453
720471
720538
720670
720678
720695
720790
720956
720977
721010
721145
721182
721240
721256
721375
721408
721411
721475
721543
721552
721577
721598
721748
722080
722217
722219
722223
722319
722379
722887
723199
723276
723367
723477
723516
723532
723650
723674
723699
723916
724044
724052
724136
724514
724754
724872
724909
725220
725291
725428
725590
725900
725934
726018
726124
726242
726280
726507
726725
726856
726881
726919
727108
727205
727258
727293
727330
727349
727403
727532
727548
727586
727605
727612
727616
727648
727776
727873
727881
727970
728056
728156
728477
729190
729398
729483
729491
729513
729592
729713
729834
729841
730008
730079
730168
730264
730379
730402
730405
730552
730614
730662
730679
730680
730786
730810
731052
731066
731138
731149
731190
731206
731246
731369
731370
731473
731501
731523
731789
731850
732046
732055
732132
732498
732602
732698
732732
732862
732932
732973
733000
733096
733396
733626
733660
733675
733679
733754
733820
733841
733906
733915
733924
734105
734196
734259
734298
734395
734540
734565
734594
734671
734697
734750
734856
734897
734979
735099
735186
735271
735298
735357
735416
735481
735508
735669
735869
736125
736234
736331
736397
736503
736541
736839
737137
737157
737185
737194
737202
737358
737726
737747
737835
737859
737889
737957
738160
738304
738310
738355
738431
738599
738833
738848
738980
739049
739052
739155
739379
739393
739844
740135
740175
740234
740318
740361
740389
740441
740459
740609
740624
740625
740711
740817
741184
741187
741460
741690
741816
741835
741844
742167
742228
742244
742427
742663
742673
742698
742721
743136
743204
743266
743543
743608
743622
743727
743933
743999
744013
744034
744043
744121
744192
744269
744621
744653
744702
744860
745128
745173
745334
745496
745517
745708
745776
745848
745869
745871
745896
746102
746270
746383
746409
746427
746482
746573
746580
746591
746735
746737
746751
746928
746992
747012
747167
747397
747425
747520
747537
747608
747683
747722
747734
747760
747775
747803
747929
747976
748240
748274
748296
748485
748604
748653
748839
748884
748894
749010
749081
749138
749413
749500
749630
749701
749713
749765
749800
749863
749993
750129
750211
750408
750505
750603
750743
750805
750833
751020
751119
751147
751183
751188
751248
751293
751310
751591
751804
751866
751892
752032
752134
752312
752366
752416
752482
752738
752762
752805
752887
752909
752985
753151
753347
753548
753634
753854
753875
753970
753989
754115
754247
754581
754584
754585
754597
754598
754719
754748
754754
754793
754902
754932
754956
755098
755217
755248
755365
755458
755530
755543
755557
755564
755677
755779
755909
756042
756136
756304
756458
756492
756641
756748
756859
756957
757020
757082
757106
757143
757209
757317
757434
757548
757714
757830
757912
758071
758246
758285
758320
758356
758536
758539
758547
758662
758844
758977
759022
759033
759152
759229
759310
759601
759609
759665
759833
759927
760047
760108
760464
760512
760545
760634
761143
761182
761239
761243
761516
761528
761694
761990
762017
762090
762145
762147
762208
762227
762274
762280
762317
762394
762608
763207
763267
763273
763455
763702
763937
763958
764067
764103
764174
764312
764515
764694
764983
765062
765300
765391
765572
765669
765709
765763
766006
766012
766130
766342
766451
766469
766734
766752
767013
767100
767290
767340
767527
767699
767718
767753
767774
767883
767918
767934
768049
768189
768499
768531
768567
768571
768646
768862
768962
769061
769162
769249
769321
769391
769487
769501
769710
769761
769918
770136
770197
770306
770385
770434
770523
770545
770707
770834
770905
770989
771025
771036
771340
771344
771356
771390
771432
771455
771564
771647
771710
771732
771815
771904
771998
772059
772221
772285
772490
772511
772602
772706
772876
772887
772896
772942
772948
773066
773067
773262
773278
773499
773553
773588
773829
773876
773938
774018
774102
774103
774357
774446
774471
774691
774699
774702
775067
775085
775243
775631
775668
775672
775771
775786
776087
776248
776258
776335
776619
776908
777006
777062
777445
777587
777670
777702
777741
777889
777997
778206
778298
778366
778441
778481
778560
778762
778954
778987
779162
779191
779505
779564
779647
779853
780045
780168
780327
780379
780432
780449
780513
780550
780581
780604
780619
780757
780851
781002
781110
781114
781122
781774
781782
781827
781853
781995
782030
782046
782097
782252
782283
782370
782500
782723
782955
782988
783068
783131
783181
783338
783346
783436
783613
783762
783792
783819
783957
783990
784118
784142
784159
784223
784245
784255
784325
784462
784568
784597
784622
784647
785130
785279
785628
785737
785752
785883
785906
785995
785999
786071
786299
786307
786308
786494
786532
786619
786655
786693
786755
786779
787072
787279
787298
787459
787686
787818
787865
788040
788112
788132
788437
788521
788526
788648
788718
788742
788879
788880
788945
789030
789199
789306
789344
789390
789424
789778
789852
789976
790107
790194
790627
790690
790811
790927
791003
791108
791192
791327
791393
791455
791577
791602
791677
791741
791757
791915
791982
791996
792202
792520
792575
792721
792863
792928
792996
793157
793177
793241
793300
793438
793541
793580
793585
793863
793943
794004
794027
794090
794347
794412
794533
794656
794681
794694
794704
794742
794837
794881
794900
794944
795030
795152
795188
795490
795601
795616
795681
795829
795878
795884
795910
795928
796019
796141
796196
796197
796317
796418
796511
796537
796739
796776
796803
796808
797057
797102
797170
797176
797243
797402
797732
797755
797820
797847
798003
798026
798164
798196
798197
798224
798330
798400
798415
798628
798652
798825
799256
799344
799359
799385
799443
799452
799511
799640
799676
799704
799722
799826
799943
799965
799970
799971
799997
800014
800136
800138
800213
800216
800231
800297
800455
800617
800640
800641
800690
800970
800997
801158
801297
801329
801391
801609
801730
801928
802097
802109
802275
802345
802457
802462
802504
802626
802657
802703
802813
802826
803075
803143
803271
803458
803477
803758
803771
803846
803990
804034
804180
804261
804319
804341
804450
804498
804525
804592
804611
804795
805024
805116
805274
805304
805381
805529
805819
806022
806059
806068
806121
806245
806542
806723
806832
806877
806896
806955
807018
807229
807277
807410
807570
807604
807845
808211
808373
808395
808398
808559
808660
808749
808878
809419
809655
809658
809761
809796
810329
810388
810394
810434
810509
810812
810885
811545
811661
811852
812215
812220
812353
812547
812561
812736
812798
812892
812900
812990
812997
813041
813044
813080
813081
813083
813385
813423
813441
813474
813491
813555
813654
813682
813712
813773
813788
813944
814151
814233
814502
814507
814522
814564
814591
814797
814828
814876
814889
815132
815173
815220
815309
815391
815406
815458
815689
815833
815915
815937
816014
816029
816091
816186
816471
816643
816678
816745
817125
817199
817243
817337
817441
817557
817593
817634
817815
818063
818116
818163
818299
818350
818565
818652
818678
818771
818852
819027
819028
819037
819108
819174
819298
819373
819397
819428
819436
819830
819838
819894
819945
819982
819987
820003
820115
820277
820292
820342
820356
820359
820660
820693
820727
820785
821042
821188
821191
821204
821269
821314
821376
821458
821491
821643
821786
821836
822022
822084
822332
822397
822471
822472
822545
822551
822590
822597
822639
822785
822789
822851
822892
823003
823094
823146
823205
823562
823579
823628
823683
823807
823831
823891
823923
823963
823973
823974
824334
824432
824433
824649
824932
825067
825086
825232
825246
825461
825478
825741
826066
826196
826320
826375
826409
826422
827030
827220
827248
827280
827294
827609
827628
827655
827790
827801
827936
827955
827965
828183
828205
828281
828332
828421
828464
828635
828775
828841
828998
829085
829128
829354
829617
829684
829804
829871
829900
829902
829934
830041
830339
830349
830994
831041
831243
831500
831512
831530
831705
831709
831852
831861
831909
831995
832022
832127
832147
832193
832581
832644
832665
832711
832753
832770
832774
832847
832865
832889
833475
833548
833556
833561
833609
833621
833685
833800
834165
834218
834509
834527
834559
834605
834635
834680
834698
834728
834918
834946
834953
835129
835189
835223
835231
835255
835488
835650
835664
835754
836104
836208
836241
836447
836467
836489
836536
836620
836643
836678
836829
836926
837002
837015
837045
837164
837368
837385
837776
837795
837826
837911
837963
838032
838293
838458
838465
838481
838685
838690
838706
839066
839138
839215
839341
839462
839526
839983
840070
840085
840090
840097
840173
840176
840343
840645
840812
840819
840899
840985
841056
841104
841194
841259
841264
841265
841306
841368
841483
841694
841806
842043
842106
842292
842332
842352
842353
842378
842446
842547
842549
842645
842758
842782
842804
842856
842951
843061
843209
843216
843500
843511
843620
843662
843665
843800
843887
843947
843967
844035
844056
844144
844158
844331
844443
844444
844610
844678
844777
845280
845371
845512
845670
845674
845926
846049
846173
846202
846266
846353
846412
846486
846583
846613
846841
847254
847293
847556
847594
847638
847733
847747
847798
847799
848168
848312
848539
848552
848632
848675
848790
848917
848928
849198
849257
849290
849294
849298
849322
849534
849593
849655
849803
849805
849810
849835
849952
850108
850329
850439
850443
850514
850572
850726
850779
850861
850864
850970
851005
851055
851057
851246
851265
851419
851535
851759
851853
852025
852105
852267
852521
852542
852575
852598
852620
852706
852725
852798
852824
852918
852937
853232
853462
853506
853528
853681
853741
853791
853892
854243
854293
854308
854443
854720
854788
854860
854882
854906
855424
855498
855556
855751
855771
855809
855935
855989
856089
856171
856192
856244
856308
856338
856347
856361
857000
857204
857424
857683
857920
858082
858238
858278
858380
858411
858540
858668
858730
859136
859420
859491
859547
859562
859578
859592
859613
859629
859718
859728
859817
859818
859855
859856
859922
859976
860002
860155
860195
860354
860380
860490
860608
860647
860871
861124
861171
861439
861528
861547
861712
861719
861808
861959
862381
862518
862568
862636
862679
862875
862892
862978
862986
863040
863043
863598
863626
863745
863762
863766
863818
863948
863968
864239
864346
864363
864492
864793
864896
864908
864934
865014
865090
865358
865431
865561
865634
865837
865859
865887
865927
866186
866193
866202
866275
866327
866403
866465
866570
866626
866719
866798
866836
866911
867031
867068
867094
867156
867212
867298
867617
867830
867853
867875
868013
868117
868188
868270
868355
868379
868463
868584
868643
868699
868701
868746
869189
869306
869389
869521
869692
869706
869731
869903
869989
870062
870079
870148
870550
870749
870871
870988
871068
871222
871311
871439
871488
871503
871632
871642
871709
871939
871942
872033
872057
872068
872225
872504
872626
872658
872715
872920
872990
873055
873065
873104
873144
873180
873186
873361
873472
873549
873705
873722
873734
873787
873799
873815
873880
874004
874180
874256
874271
874493
874533
874585
874655
874658
874683
874998
875055
875190
875191
875267
875269
875306
875323
875360
875434
875464
875588
875718
875920
876088
876102
876403
876443
876682
877012
877047
877074
877288
877372
877795
877835
877974
878054
878097
878176
878233
878474
878698
878760
878794
878836
878921
879002
879296
879484
879570
879654
879748
879812
879849
879986
880005
880041
880088
880090
880185
880240
880253
880326
880535
880564
880640
880692
880750
880755
880895
880905
880916
881088
881346
881354
881379
881427
881547
881561
881576
881646
881651
881766
881779
881886
881952
881980
881997
882159
882236
882387
882568
882579
882855
882954
883090
883092
883224
883261
883475
883480
883482
883580
883628
883812
883866
884092
884186
884449
884484
884604
884698
884708
884826
884863
884899
885017
885118
885176
885215
885360
885449
885472
885508
885697
885707
885776
885806
885865
886075
886490
886804
886840
886903
886966
887044
887199
887376
887456
887461
887583
887659
887782
887928
888101
888111
888232
888275
888377
888501
888508
888631
888687
888729
888923
889099
889355
889696
890002
890151
890199
890370
890544
890598
890689
890738
890808
890814
890839
890895
890976
891011
891091
891096
891268
891345
891450
891489
891683
891807
891882
891900
892243
892377
892378
892403
892493
892632
892689
892696
892699
892774
892884
892927
893044
893089
893168
893214
893494
893543
893583
893630
893704
893805
894133
894374
894532
894570
894776
894784
894993
895137
895214
895250
895289
895492
895516
895544
895771
895906
896119
896329
896776
896873
896917
897022
897237
897318
897490
897573
897609
897658
897732
897842
898096
898125
898236
898305
898336
898367
898389
898468
898480
898541
898547
898840
898862
898882
898999
899005
899053
899110
899346
899492
899577
899661
899672
899704
899749
899834
899978
900148
900329
900449
900571
900614
900682
900740
900840
900934
900971
901035
901049
901202
901280
901339
901419
901482
901493
901502
901543
901650
901755
901836
901843
902034
902072
902359
902360
902724
902848
902952
902980
902994
903037
903054
903201
903398
903438
903561
903641
903670
903683
903808
903813
903828
903920
904183
904256
904413
904625
904835
905430
905455
905528
905565
905582
905726
905728
905730
905752
905845
906039
906085
906145
906306
906345
906442
906654
906661
906767
906838
906841
906954
907008
907061
907192
907496
907538
907578
907613
907689
907793
907832
907971
908274
908431
908519
908567
908672
908777
908793
909261
909280
909389
909433
909438
909516
909707
909789
909815
909857
909863
909888
910018
910146
910204
910276
910280
910511
910669
910679
910753
910790
910793
910831
910977
911070
911103
911110
911161
911265
911295
911449
911618
911639
911803
911816
911826
911883
912106
912113
912167
912215
912225
912238
912242
912279
912427
912582
912634
912768
912917
912929
913036
913058
913106
913135
913163
913601
913623
913864
913876
913882
914105
914121
914177
914605
914630
914647
914772
914844
914871
914872
914893
914993
915201
915236
915299
915347
915368
915387
915435
915470
915788
915917
915918
916315
916469
916492
916572
916674
916781
916837
916841
916844
916905
916982
916986
917016
917041
917192
917215
917366
917372
917476
917504
917597
917715
918101
918131
918312
918543
918590
918597
918640
918643
918713
918753
918809
918813
918919
919080
919113
919126
919207
919284
919324
919353
919611
919698
919977
920030
920038
920217
920311
920348
920423
920550
920565
920597
920732
920847
920858
920890
920926
921180
921225
921468
921489
921502
921517
921633
921657
921725
921745
921763
921791
921804
921817
921871
921896
921990
922157
922379
922454
922457
922542
922614
922673
922816
922827
922906
922959
923021
923121
923184
923410
923461
923552
923593
923724
923828
923940
923985
924051
924199
924312
924316
924366
924432
924597
924611
924671
925050
925151
925284
925301
925513
926240
926413
926450
926502
926533
926621
926788
926884
927084
927429
927482
927557
927661
927676
927751
927926
928056
928073
928101
928127
928174
928186
928194
928325
928439
928487
928491
928511
928566
928570
928582
928655
928808
928812
928953
928980
928991
929135
929244
929339
929361
929507
929723
929730
929762
929787
929807
929882
929975
930209
930366
930406
930548
930930
931045
931063
931542
931674
931767
931796
932381
932493
932613
932746
932895
933019
933032
933060
933149
933767
933814
933847
933863
933864
934023
934115
934121
934348
934427
934600
934604
934605
934667
934717
934827
934847
934850
934856
934883
934939
934973
935002
935098
935374
935588
935674
935694
935716
935773
935849
935885
935912
935931
935979
936025
936033
936072
936251
936360
936510
936583
936705
936900
936917
936948
936958
936966
936983
937034
937145
937180
937256
937498
937592
937687
937693
937702
937823
938115
938314
938351
938382
938482
938669
939037
939043
939062
939077
939189
939194
939231
939349
939414
939548
939706
939746
939838
939938
939955
940051
940162
940207
940302
940620
940781
940895
940913
941023
941261
941279
941479
941956
942016
942034
942096
942227
942232
942514
942598
942620
942663
942865
942961
943180
943263
943382
943527
943545
943589
944088
944092
944112
944205
944369
944488
944742
944755
944854
944973
944990
945020
945067
945097
945117
945371
945402
945484
945503
945634
945806
945837
945925
946025
946222
946248
946277
946336
946377
946406
946498
946553
946652
946810
946972
947187
947371
947517
947704
947746
947850
948102
948111
948386
948387
948390
948435
948516
948584
948622
948663
948837
948950
949146
949147
949437
949441
949626
949700
949714
949739
949760
949763
949832
950033
950127
950152
950174
950298
950342
950515
950828
950945
951119
951161
951501
951549
951588
951814
951817
951970
952055
952210
952454
952463
952476
952482
952654
952655
952668
952691
952731
952841
952937
953144
953149
953220
953274
953284
953613
953617
953637
953733
953780
953897
953909
953957
954077
954182
954307
954343
954365
954432
954480
954493
954628
954754
954755
954766
954893
954916
954945
955067
955108
955145
955182
955340
955452
955466
955951
955970
956122
956291
956405
956489
956534
956652
956784
957185
957248
957257
957386
957391
957438
957470
957557
957579
957765
958017
958119
958252
958780
958878
958916
959005
959048
959105
959154
959300
959345
959467
959671
959846
959964
959999
960008
960067
960111
960165
960640
960809
960871
960959
961359
961728
962281
962331
962350
962560
962660
962767
962779
962837
963087
963125
963171
963241
963354
963399
963558
963931
963983
964012
964103
964288
964295
964313
964319
964439
964624
964685
964751
964755
964808
964848
964962
965135
965370
965426
965463
965715
965766
965798
965806
965879
966415
966443
966765
966810
967069
967092
967102
967124
967201
967331
967336
967358
967474
967590
967633
968028
968042
968071
968279
968321
968583
968679
968719
968733
968969
969053
969161
969215
969350
969422
969560
969648
970049
970112
970189
970223
970239
970272
970400
970806
971179
971244
971298
971375
971552
971607
971783
971921
971954
972075
972149
972213
972214
972451
972464
972662
972749
972780
972988
973165
973342
973410
973530
973576
973590
973611
973643
973703
973906
973929
974210
974243
974299
974484
974516
974572
974671
974737
974754
974854
974888
974899
975078
975172
975249
975380
975546
975691
975918
976289
976474
976627
976682
976774
976864
976865
977005
977029
977129
977327
977438
977566
977775
977785
977810
978173
978379
978384
978431
978498
978612
978631
979127
979179
979222
979462
979479
979550
979557
979652
979788
979871
979904
980243
980389
980414
980671
980682
980894
980906
980956
980962
981097
981152
981308
981373
981491
981546
981567
981635
981675
981848
981871
982124
982130
982135
982252
982320
982324
982436
982527
982563
982566
982590
982898
983007
983060
983123
983204
983573
983831
983860
983902
983914
984150
984204
984270
984297
984361
984417
984476
984524
984527
984558
984607
984610
984617
984781
984821
984834
985010
985187
985263
985288
985406
985541
985595
985637
985777
985794
985842
985920
986063
986209
986303
986333
986340
986458
986582
986796
986856
986875
986900
987221
987247
987622
988304
988619
988633
988773
988826
988915
989093
989483
989524
989570
989753
989789
989892
989962
990057
990107
990131
990353
990434
990619
990856
990897
990937
990996
991256
991409
991432
991444
991816
991826
991919
991956
991981
992021
992170
992187
992268
992319
992375
992567
992618
992660
992760
993017
993126
993134
993151
993341
993343
993362
993462
993478
993493
993726
993937
993941
993959
994163
994500
994510
994515
994531
994706
994730
995071
995207
995319
995391
995395
995676
995716
995756
995775
995805
995833
995862
995945
996039
996189
996291
996342
996431
996484
996912
997012
997056
997081
997090
997237
997294
997341
997374
997486
997553
997965
998098
998183
998274
998364
998405
998466
998483
998511
998726
998744
998771
998885
998938
998972
999041
999129
999173
999216
999257
999297
999430
999480
999541
999553
999771
999778
