50
66
92
102
174
203
310
407
641
664
713
947
964
1042
1063
1127
1235
1250
1403
1472
1628
1702
1799
1804
1807
1836
1883
1960
2196
2760
2796
2862
2888
2919
3058
3072
3324
3362
3432
3541
3890
4227
4423
4464
4493
4502
4665
4704
4792
4889
4905
4923
5042
5097
5112
5165
5208
5392
5506
5718
5796
5913
5998
6157
6307
6384
6387
6467
6497
6501
6634
6793
6812
6872
7044
7109
7112
7138
7213
7323
7403
7419
7540
7586
7633
7641
7775
7891
7910
7929
7987
8025
8269
8290
8461
8538
8568
8589
8629
8718
8868
8902
9078
9234
9335
9434
9462
9514
9581
9710
9746
9924
9931
10066
10354
10376
10391
10450
10732
10785
10857
10860
11096
11133
11147
11215
11233
11507
11705
11785
11827
11982
12013
12084
12251
12252
12343
12448
12523
12562
12637
12872
12917
12945
13280
13376
13441
13446
13488
13561
13659
13924
13945
13999
14025
14179
14210
14326
14335
14412
14458
14490
14539
14544
14700
14871
14899
14973
15227
15230
15405
15449
15457
15655
15741
15790
15997
16027
16143
16208
16259
16417
16505
16512
16712
16771
16791
16861
17063
17231
17420
17459
17814
17817
18040
18046
18180
18221
18229
18380
18621
18728
18798
19042
19134
19156
19263
19587
19619
19726
19753
19778
19877
20088
20345
20455
20555
20779
20913
20918
20924
20942
20993
21096
21118
21132
21341
21492
21526
21637
21682
21810
21923
22184
22241
22297
22335
22448
22521
22548
22619
22701
22726
22727
22837
22999
23105
23787
23802
24000
24020
24139
24141
24172
24231
24242
25032
25128
25184
25295
25389
25456
25719
25721
25749
25789
25844
25957
26053
26260
26269
26398
26597
26737
26810
26961
27019
27041
27102
27167
27875
27934
27970
27987
28476
28593
28849
28940
28986
29062
29181
29260
29269
29301
29502
29538
29590
29941
30109
30132
30199
30308
30331
30362
30431
30514
30562
30689
30725
30962
31120
31156
31201
31587
31618
31625
31988
32057
32122
32246
32298
32300
32456
32514
32642
32663
32699
32742
32782
32885
33072
33240
33287
33325
33718
33793
33794
33821
33971
34030
34131
34233
34240
34260
34410
34479
34587
34619
34708
34717
34816
34915
35118
35251
35316
35557
35565
35711
35820
36076
36088
36174
36304
36416
36429
36439
36791
36878
36973
37266
37362
37387
37744
37809
37927
37986
38057
38137
38305
38693
38902
38970
38995
39085
39207
39258
39393
39549
39576
39627
39763
39924
40144
40146
40156
40209
40221
40358
40392
40412
40447
40736
40742
40814
40827
40923
41044
41058
41203
41214
41253
41329
41334
41370
41374
41544
41573
41799
41804
41817
41836
41877
41879
42001
42108
42250
42435
42564
42668
42703
42779
42832
42931
43073
43089
43217
43282
43354
43408
43586
43696
44223
44435
44479
44592
44815
44847
44869
44912
44987
45130
45170
45281
45353
45360
45600
45664
45731
46111
46174
46220
46427
46573
46604
46669
46959
46995
47043
47054
47477
47546
47648
47737
47844
47864
48029
48031
48041
48180
48229
48240
48368
48448
48450
48492
48496
48584
48655
48774
48795
49045
49095
49177
49322
49412
49429
49471
49485
49570
49894
49899
49953
49981
50362
50487
50520
50797
50849
50857
50933
51057
51119
51568
51608
51627
51668
51680
51700
51990
52119
52130
52257
52259
52325
52634
52877
52935
53145
53197
53264
53619
53624
53659
53810
53838
54102
54160
54204
54235
54342
54789
54892
54934
55210
55277
55437
55562
55636
55753
55931
56240
56283
56366
56513
56534
56810
56921
57287
57327
57423
57431
57506
57656
57667
57675
57718
57789
57930
57933
57960
58292
58536
58579
58673
58736
59056
59098
59156
59184
59224
59735
59856
59863
60036
60253
60425
60505
60513
60526
60571
60657
60768
61320
61609
61714
61858
62002
62042
62076
62154
62263
62651
62681
62736
62799
62887
63007
63262
63399
63436
63513
63694
63837
63900
64008
64096
64280
64379
64465
64545
64669
64712
64734
64737
64751
64802
64895
65084
65220
65481
65589
65693
66037
66039
66173
66187
66290
66365
66443
66500
66570
66594
66627
66690
66699
66766
66867
66870
67086
67116
67327
67360
67408
67566
67673
67804
67928
68053
68079
68087
68152
68228
68257
68317
68476
68482
68650
68766
68976
69204
69219
69239
69277
69584
69613
69750
69784
69883
70078
70143
70259
70345
70425
70498
70504
70530
70781
70929
70977
71113
71406
71410
71659
71683
71952
71956
72126
72183
72188
72276
72487
72610
72648
72941
72947
72953
73075
73219
73223
73318
73376
73398
73400
73439
73471
73602
73714
73840
73862
73875
73889
73919
74232
74234
74257
74277
74426
74432
74451
74597
74761
74812
74987
75186
75241
75268
75415
75453
75465
75519
75529
75580
75655
75921
76049
76102
76250
76497
77002
77027
77316
77339
77518
77843
77861
77968
78034
78208
78232
78329
78358
78433
78455
78607
78653
78695
78835
78887
78939
78952
79103
79317
79518
79575
79842
79932
79940
80010
80400
80434
80472
80493
80510
80572
80619
80724
81045
81086
81098
81218
81298
81415
81449
81676
81899
82004
82143
82152
82229
82344
82687
82729
82760
82848
82908
82935
83125
83153
83169
83203
83317
83336
83494
83511
83538
83653
83656
83845
84083
84153
84190
84391
84916
85020
85226
85308
85444
85737
85774
85859
85908
85974
86072
86337
86566
86611
86777
86874
87080
87108
87119
87337
87343
87388
87429
87441
87522
87582
87620
87626
87638
87668
87670
87738
87743
87796
87803
87895
87989
88073
88304
88493
88567
88636
88718
88860
88909
89012
89146
89163
89187
89188
89236
89252
89448
89563
89850
89880
89915
89995
90024
90154
90180
90223
90243
90281
90424
90446
90504
90551
90694
90765
90773
90780
90803
90817
90842
90922
90983
90986
91163
91397
91444
91570
91577
91775
92051
92059
92062
92067
92177
92229
92252
92366
92388
92522
92580
92624
92842
92843
92871
92983
92991
93002
93060
93131
93236
93370
93529
93590
94128
94143
94185
94235
94266
94339
94437
94718
94726
94732
94755
94779
94928
95049
95063
95169
95253
95271
95392
95517
95590
95602
95640
95645
95822
96057
96097
96387
96456
96529
96784
96813
96816
96821
96877
97007
97037
97069
97126
97141
97247
97418
97890
98045
98082
98157
98207
98276
98305
98332
98394
98429
98506
98526
98611
98621
98768
98771
98984
98997
99011
99040
99061
99209
99295
99320
99337
99387
99430
99598
99640
100039
100144
100156
100191
100318
100415
100536
100706
100721
100753
100999
101062
101067
101075
101128
101251
101461
101543
102017
102145
102181
102348
102484
102533
102536
102570
102642
103215
103236
103513
103628
103768
103825
103973
104162
104421
104879
105132
105271
105343
105360
105395
105565
105823
105875
105935
106167
106473
106650
106685
106773
106953
107047
107370
107637
107713
107764
107772
107823
107993
108155
108160
108204
108216
108242
108430
108513
108617
108760
108789
108912
108916
109027
109072
109216
109351
109540
109582
109708
109816
109854
110008
110017
110112
110141
110249
110379
110839
110841
110879
110963
111071
111085
111216
111374
111384
111496
111552
111642
111678
111716
111972
112272
112431
112468
112481
113097
113252
113321
113338
113366
113394
113431
113474
113600
113671
113672
113795
113820
113903
114043
114080
114107
114141
114247
114284
114295
114308
114349
114359
114467
114553
114852
114894
114978
115197
115213
115230
115252
115336
115363
115494
115590
115925
115954
115996
116017
116150
116251
116330
116498
116536
116717
116745
116761
116823
116884
116916
116975
116991
117172
117449
117492
117517
117522
117615
117617
117745
117748
117849
118016
118052
118072
118102
118126
118145
118180
118220
118239
118357
118391
118524
118541
118572
118577
118706
118974
118982
119052
119074
119091
119097
119107
119196
119259
119332
119357
119394
119412
119632
119781
120143
120149
120157
120305
120667
120693
120705
120718
120721
121017
121048
121054
121176
121355
121363
121374
121377
121502
121509
121566
121585
121632
121663
121678
121693
121753
121882
121981
121985
122057
122098
122123
122149
122154
122170
122252
122587
122600
122710
122841
122939
122945
122948
123274
123314
123437
123502
123552
123709
123745
123779
123964
124025
124175
124200
124319
124515
124619
124651
124955
125014
125187
125288
125290
125402
125538
125580
125701
125758
125926
125945
126086
126222
126362
126512
126686
126696
126919
127217
127247
127258
127435
127516
127549
127644
127783
127810
127917
127981
128022
128084
128126
128133
128149
128271
128365
128434
128526
128607
128715
128720
129184
129364
129445
129491
129701
129705
129791
129876
130041
130152
130175
130224
130347
130370
130683
130753
130791
130824
130830
130930
130960
131022
131034
131103
131108
131222
131460
131650
131775
131810
132270
132319
132360
132562
132673
132674
132719
133046
133122
133186
133391
133491
133532
133628
133632
133641
133652
133745
133764
133978
134275
134279
134294
134318
134351
134377
134408
134410
134459
134859
134889
134901
135039
135122
135154
135455
135528
135601
135638
135778
135792
135889
136080
136242
136353
136414
136437
136617
136839
136961
137603
137713
137841
137893
137952
138024
138045
138242
138469
138519
138584
138881
138891
139010
139138
139623
139705
139715
139747
139774
140018
140035
140172
140320
140340
140436
140474
140541
140608
140750
140925
141071
141098
141125
141161
141175
141303
141469
141486
141547
141553
141616
141680
141686
141824
141855
141884
142000
142064
142121
142128
142161
142167
142238
142430
142486
142578
142684
142830
143046
143059
143064
143226
143239
143296
143306
143363
143444
143494
143551
143555
143801
144095
144164
144182
144189
144363
144455
144468
144529
144641
144664
144721
144771
144870
144939
145129
145321
145338
145639
145697
145701
145786
145829
145836
145911
146404
146477
146481
146633
146672
146723
146795
146834
146886
147018
147079
147110
147296
147298
147478
147556
147581
147810
147930
148047
148101
148152
148445
148749
148752
148835
148909
148934
149001
149079
149156
149175
149231
149409
149594
149653
149873
149970
150151
150229
150235
150375
150390
150533
150569
150703
150748
150836
150913
150970
151067
151083
151101
151129
151142
151232
151304
151399
151450
151482
151693
152061
152264
152356
152436
152492
152497
152641
152832
152858
152863
152882
152963
152996
153058
153265
153438
153519
153533
153635
153701
153742
153800
153815
153858
154068
154152
154193
154330
154424
154644
154702
154741
154789
154874
155136
155163
155294
155441
155494
155762
155778
156130
156215
156415
156489
156491
156521
156557
156617
156630
156643
156665
156725
156739
157018
157240
157549
157621
157704
157742
157787
158059
158135
158348
158360
158364
158590
158630
158639
159000
159076
159087
159130
159238
159471
159570
159596
159671
159725
159757
159824
159992
160007
160186
160219
160386
160393
160425
160509
160577
160622
160749
160792
160852
161009
161126
161275
161412
161598
161721
161731
161739
161812
162024
162367
162371
162520
162528
162640
162955
162999
163032
163387
163476
163478
163506
163515
163522
163669
163726
163741
163988
163999
164119
164262
164403
164667
164728
164890
164939
164954
165062
165067
165113
165198
165199
165213
165239
165392
165630
165656
165770
165977
166063
166284
166497
166515
166768
166771
167008
167013
167058
167110
167196
167310
167380
167742
167755
167766
167948
168013
168052
168095
168158
168189
168208
168523
168587
168590
168638
168767
168783
169041
169183
169401
169462
169511
169624
169688
169730
169807
169924
169941
170034
170127
170142
170287
170357
170384
170471
170472
170652
170671
170683
170865
170925
170988
171111
171213
171225
171257
171298
171624
171753
172064
172259
172336
172412
172579
172587
172653
172750
172821
173102
173103
173300
173306
173582
173663
173671
173730
174003
174014
174038
174105
174388
174485
174512
174521
174546
174959
174997
175017
175020
175030
175320
175440
175458
175473
175484
175584
175615
175834
175995
176066
176074
176089
176383
176395
176409
176410
176478
176524
176554
176556
176572
176870
177073
177100
177123
177399
177481
177482
177519
177528
177537
177603
177604
177676
178096
178121
178143
178196
178202
178285
178413
178439
178904
178985
179117
179187
179415
179694
179747
179763
179780
179802
180012
180215
180340
180349
180446
180566
180785
180836
181009
181075
181090
181293
181435
181519
181557
181717
181792
181844
182013
182032
182188
182484
182771
183010
183063
183242
183482
183595
183919
183958
183993
184013
184159
184348
184366
184379
184400
184428
184459
184552
184625
184789
184858
185119
185170
185447
185618
185729
185919
186030
186054
186097
186194
186624
186709
186804
186845
186934
186944
186964
187020
187237
187238
187372
187456
187469
187596
187793
187846
187860
187932
188037
188064
188474
188622
188675
188694
188718
188934
188989
189007
189091
189202
189259
189282
189368
189424
189529
189728
189812
190140
190402
190418
190436
190549
190589
190782
190810
191017
191038
191054
191203
191349
191550
191707
191723
191826
191838
191921
192041
192178
192228
192245
192328
192462
192470
192511
192650
192697
192706
192731
192972
193071
193141
193192
193311
193316
193347
193355
193473
193622
193664
193735
193742
193867
193871
193907
193922
194087
194109
194111
194192
194214
194292
194522
194723
194757
194874
194968
195011
195044
195066
195228
195322
195488
195503
195605
195657
195671
195691
195820
196129
196455
196687
196737
196890
196990
197005
197142
197415
197421
197556
197576
197691
197730
197751
197838
197878
197887
197888
197950
197959
197991
198019
198059
198071
198130
198274
198486
198493
198519
198599
198658
198826
198872
198913
199021
199092
199127
199194
199243
199246
199266
199593
199646
199662
199680
199682
199734
199763
199800
199806
199870
199932
200189
200267
200300
200380
200412
200454
200486
200526
200922
200946
200980
201009
201035
201105
201244
201280
201295
201377
201463
201527
201674
201681
201807
201877
202136
202151
202189
202266
202329
202363
202414
202457
202472
202485
202554
202558
202743
202751
202755
202849
202962
202995
203009
203355
203437
203592
203627
203702
203750
203782
203939
204048
204098
204191
204348
204871
204891
205003
205008
205036
205059
205248
205295
205520
205566
205778
205837
205847
206445
206449
206627
206643
206716
206754
206757
206817
206826
206843
207119
207163
207165
207221
207388
207395
207497
207644
207795
207847
207893
207974
208100
208128
208154
208200
208215
208243
208394
208516
208538
208613
208718
208857
208893
208989
209004
209071
209164
209319
209420
209704
209733
209738
209798
210056
210113
210215
210475
210563
210824
210901
210915
211013
211047
211052
211099
211190
211358
211681
211700
211866
211928
211954
211955
211977
212146
212183
212196
212237
212364
212416
212522
212590
212718
212725
212729
213007
213114
213156
213182
213350
213377
213383
213488
213516
213543
213720
213730
213784
213806
213809
213854
213952
214021
214039
214045
214073
214358
214406
214572
214740
214982
215062
215162
215250
215281
215429
215558
215748
215908
215925
216021
216042
216054
216084
216200
216298
216343
216351
216597
216712
217059
217110
217129
217279
217303
217421
217476
217581
217644
217773
217881
218206
218273
218274
218381
218474
218520
218524
218536
218557
218570
218590
218800
218936
218975
219013
219080
219116
219166
219177
219501
219503
219537
219564
219635
219689
219874
219959
219980
220302
220543
220630
220717
220819
221201
221275
221472
221556
221561
221858
221868
222191
222537
222647
222649
222862
222945
222980
223115
223513
223539
223550
223556
223626
223678
223849
223874
224061
224071
224355
224810
224883
224904
224990
225004
225097
225185
225335
225527
225560
225883
226059
226077
226141
226250
226392
226469
226494
226554
226726
226947
226959
227103
227278
227374
227424
227582
227592
227635
228178
228195
228332
228451
228504
228620
228651
228840
228885
228995
229003
229032
229112
229136
229159
229230
229241
229379
229583
229614
229871
229907
229997
230179
230206
230314
230338
230365
230392
230409
230468
230661
231332
231333
231472
231498
231564
231640
231710
231726
231867
231886
231923
231945
232103
232291
232304
232328
232640
232716
232829
232884
233018
233235
233350
233784
233804
233823
233856
233910
233947
234080
234160
234282
234592
234629
234720
234808
234850
234862
235267
235269
235310
235405
235458
235545
235613
235703
235769
235844
235852
235987
236258
236632
236844
237061
237092
237337
237442
237642
237779
237844
237934
238212
238390
238475
238543
239025
239049
239171
239299
239366
239503
239562
239665
239672
239828
239861
239924
240022
240034
240241
240264
240300
240307
240467
240598
240621
240679
240714
240773
240841
240971
240988
241054
241089
241269
241328
241475
241541
241727
241836
242136
242207
242248
242313
242529
242739
242980
243057
243146
243154
243334
243349
243463
243466
243716
243744
243805
243907
243920
244110
244168
244271
244315
244316
244588
244766
244797
244805
244874
245078
245087
245103
245329
245595
245659
245683
245701
245742
245771
245785
245831
245877
245896
245986
246068
246102
246163
246186
246440
246559
246603
246620
246644
246734
246829
246885
247250
247267
247492
247760
247827
248121
248158
248361
248433
248484
248514
248523
248528
248831
248834
248983
249257
249311
249338
249376
249387
249464
249500
249655
249794
249865
250125
250149
250212
250297
250333
250431
250435
250594
250758
250805
250874
250900
250956
251007
251101
251406
251618
251620
251966
252032
252080
252147
252174
252316
252623
252642
252685
252716
252761
252919
252960
253090
253098
253428
253691
253785
253906
254000
254073
254239
254498
254668
254753
254908
254978
255113
255272
255385
255556
255785
255930
256110
256193
256404
256626
256688
256702
256715
256734
256899
257103
257151
257172
257379
257737
257834
257857
257933
257968
258024
258212
258622
258678
258745
258787
258849
258919
259023
259028
259100
259294
259453
259514
259519
259717
259788
259812
259865
259991
260188
260319
260459
260463
260475
260482
260569
260573
260594
260598
260648
260673
260840
260994
261077
261276
261356
261427
261529
261566
261570
261590
261759
261772
261800
261865
261899
261961
262063
262233
262347
262448
262549
262619
262728
262920
263322
263345
263371
263418
263610
263839
263970
264009
264579
264805
264847
264929
265019
265137
265247
265362
265375
265540
265562
265684
265825
265912
266103
266135
266211
266290
266421
266500
266510
266617
266803
266985
267087
267207
267255
267332
267354
267375
267417
267520
267594
267607
267690
267700
267714
267716
267828
267903
268371
268388
268398
268665
268832
268903
269276
269310
269332
269676
269743
270022
270094
270116
270178
270250
270329
270393
270411
270460
270556
270671
271307
271328
271435
271488
271546
271927
271946
272264
272338
272347
272521
272586
272714
272738
272833
273009
273029
273052
273171
273383
273410
273431
273436
273446
273502
273597
273745
273885
273934
274002
274111
274299
274546
274905
274925
275092
275125
275186
275241
275299
275315
275359
275364
275371
275376
275452
275461
275471
275546
275624
275662
275779
275807
275831
275901
275968
276166
276233
276307
276335
276338
276611
276615
276700
276725
276925
276962
277245
277422
277533
277595
277624
277900
277934
277940
278191
278462
278464
278540
278578
278944
278951
279191
279348
279510
279553
279571
279706
279899
279998
280048
280131
280230
280251
280324
280669
280930
280933
281128
281206
281303
281348
281391
281630
282053
282104
282245
282260
282266
282268
282426
282540
282596
282657
282778
282896
282930
283127
283188
283377
283476
283816
283847
283972
284032
284284
284552
284561
284630
284729
284775
284837
284972
285140
285322
285662
285728
286004
286103
286112
286269
286366
286370
286458
286622
286685
286924
286991
287215
287221
287238
287312
287376
287436
287526
287548
287564
287616
287627
287895
288173
288194
288456
288691
288770
288777
288794
288909
288982
289013
289051
289105
289160
289191
289259
289314
289519
289529
289594
289610
289650
289747
289750
289778
289863
289874
289894
289992
290024
290043
290052
290174
290190
290276
290310
290453
290474
290551
290604
290655
290715
290724
290807
290982
291065
291070
291123
291128
291255
291400
291427
291544
291630
291761
291812
291929
291988
292009
292509
292574
292628
292689
292758
292783
292918
292947
293099
293249
293376
294209
294260
294399
294458
294530
294618
294899
295023
295080
295176
295184
295223
295386
295499
295531
295586
295651
295682
295710
295968
295986
296325
296396
296422
296476
296516
296624
296710
296717
296745
296797
296883
297137
297461
297574
297588
297827
297988
298226
298400
298497
298780
298955
298975
299055
299057
299114
299250
299277
299282
299638
299907
299946
300165
300355
300534
300740
300843
300858
301037
301225
301345
301346
301465
301494
301513
301538
301670
301675
301708
301711
301763
301767
301798
301814
302055
302095
302400
302578
302617
302653
302746
302912
302965
303026
303074
303091
303173
303192
303406
303453
303544
303666
303755
303821
303889
303971
303975
304109
304127
304164
304191
304514
304599
304686
304728
304734
304822
304867
304905
304929
305053
305091
305259
305354
305533
305626
305638
305671
305776
305822
305902
305922
305949
306054
306180
306322
306353
306486
306806
306813
306854
306873
306915
306982
307032
307055
307093
307138
307159
307180
307183
307215
307226
307251
307566
307752
307801
307972
308011
308189
308251
308572
308600
308620
308711
308728
308739
308754
308842
308931
308988
309089
309326
309389
309465
309517
309615
309842
309848
309889
309950
310215
310444
310701
310909
310931
311277
311294
311296
311660
311743
311747
311791
312146
312285
312328
312334
312344
312354
312398
312411
312417
312466
312710
312727
312820
313082
313271
313443
313474
313475
313482
313684
313790
313795
313898
314062
314094
314149
314215
314255
314296
314324
314341
314343
314425
314498
314581
314696
314785
314806
314934
315048
315119
315192
315332
315602
315787
315964
315990
315997
316056
316061
316160
316463
316497
316510
316572
316624
316845
316866
316903
317047
317062
317107
317146
317377
317385
317442
317558
317675
317829
317927
317937
317973
318059
318127
318142
318201
318437
318475
318577
318579
318661
318923
318968
319007
319034
319036
319099
319112
319231
319260
319355
319385
319529
319625
319642
319643
319662
319680
319752
319795
319798
319905
320195
320298
320348
320373
320411
320510
320557
320571
320824
320826
320903
320928
320991
321023
321033
321087
321359
321400
321415
321513
321567
321678
321805
321853
321926
321940
321969
322154
322389
322406
322445
322477
322487
322836
322889
323037
323070
323372
323431
323489
323726
323799
323800
323804
323877
324035
324219
324221
324298
324355
324405
324439
324554
324762
324848
324991
325102
325451
325703
325752
326043
326048
326180
326730
326968
326980
327096
327124
327165
327328
327478
327534
327539
327745
327995
328082
328146
328177
328251
328419
328696
328746
328801
328836
329245
329258
329341
329354
329412
329463
329572
329663
329676
329770
329854
329920
330149
330208
330394
330542
330647
330716
330890
330918
331161
331181
331464
331471
331479
331555
331568
331601
331611
331710
331779
331961
332188
332199
332234
332463
332662
332678
332831
333017
333101
333131
333153
333323
333370
333390
333407
333429
333479
333604
333619
333661
333806
333841
333966
334133
334140
334335
334454
334458
334499
334502
334797
334799
334822
334869
335100
335136
335245
335384
335560
335718
336003
336057
336177
336252
336261
336314
336607
336608
336903
336953
336964
337007
337058
337268
337318
337451
337790
337869
338047
338387
338397
338422
338442
338545
338563
338748
338843
338943
339014
339146
339152
339261
339301
339356
339360
339370
339435
339527
339554
340088
340138
340255
340341
340356
340357
340533
340699
340700
340977
341121
341196
341408
341716
341814
341895
341915
341956
341992
342029
342035
342236
342352
342469
342522
342720
342813
342865
342953
342972
343021
343119
343327
343332
343371
343532
343586
343772
343832
343951
343980
344264
344498
344535
344613
344717
345069
345242
345285
345362
345475
345492
345496
345528
345725
345782
345872
346010
346391
346458
346546
346602
346707
346733
346796
346923
347133
347329
347608
347700
347709
347803
347824
347935
348029
348125
348132
348152
348370
348449
348513
348757
348957
348973
348989
349000
349016
349048
349093
349104
349247
349325
349501
349529
349573
349609
349671
349820
350012
350105
350251
350284
350298
350467
350582
350753
350754
350881
350987
350998
351089
351091
351225
351226
351378
351416
351511
351685
351721
351754
351767
351886
352290
352865
353390
353467
353530
353604
353625
354163
354242
354428
354454
354589
354609
354679
354713
354827
354843
354928
354935
354949
355181
355393
355442
355485
355493
355547
355568
355589
355700
355713
355745
355750
355913
355915
355997
356065
356073
356220
356242
356259
356282
356294
356377
356418
356815
356850
357123
357355
357435
357491
357578
357625
357701
357757
357758
357800
357934
358035
358046
358119
358159
358184
358338
358344
358381
358426
358441
358512
358671
358806
358977
359139
359184
359208
359366
359481
359594
359688
359689
359722
359866
359916
360087
360127
360361
360498
360831
360923
360950
361035
361229
361464
361515
361578
361702
361774
361882
361906
361983
362140
362253
362359
362384
362475
362483
362495
362500
362502
362554
362617
362627
362656
362833
362960
363004
363306
363362
363397
363617
363675
363728
363794
363877
364215
364236
364238
364433
364585
364609
364614
364670
365335
365483
365492
365526
365530
365560
365696
365765
365773
365798
365825
365849
365938
366007
366236
366362
366681
366696
366796
366813
366866
367218
367321
367387
367498
367648
367739
367759
367921
367924
368061
368099
368174
368275
368657
368978
369023
369077
369102
369227
369250
369522
369551
369575
369578
369608
369740
369759
369813
369892
370030
370041
370055
370186
370352
370572
370713
370839
370900
370959
370988
371001
371169
371265
371269
371421
371459
371518
371718
371735
371814
371944
371945
372037
372062
372201
372264
372274
372326
372386
372399
372460
372502
372528
372564
372585
372849
372916
372940
373173
373204
373228
373748
373810
373929
373999
374156
374373
374467
374471
374519
374569
374598
374610
374657
374665
374769
374840
374883
374903
375081
375298
375409
375431
375532
375858
376165
376276
376382
376399
376486
376525
376553
376643
376649
376694
376711
376806
376808
376844
376878
376907
377010
377059
377109
377173
377213
377221
377451
377458
377548
377558
377564
377604
377671
377805
377807
377819
378010
378067
378182
378291
378314
378348
378349
378397
378429
378546
378573
378623
378687
378696
378823
379077
379182
379296
379420
379489
379537
379855
380091
380236
380259
380272
380308
380362
380373
380452
380506
380791
380847
380930
381047
381059
381477
381651
381721
381755
381764
381778
381790
381823
381921
381995
382009
382203
382373
382422
382682
382692
382738
382761
382846
382909
382971
383119
383221
383242
383282
383284
383334
383385
383408
383602
383622
383700
383723
383784
383813
383898
383930
383964
384098
384186
384276
384344
384394
384640
384711
384743
385069
385128
385148
385230
385234
385277
385364
385507
385541
385603
385658
385712
385957
386003
386010
386072
386191
386313
386335
386337
386388
386465
386549
386557
386584
386650
386764
386771
386785
386859
386894
386950
386990
386996
387067
387094
387230
387384
387521
387724
387816
388346
388360
388437
388524
388581
388609
388630
388647
388693
388964
389118
389330
389616
389787
389879
389956
390024
390305
390325
390644
390808
390817
390946
391138
391139
391146
391400
391437
391556
391576
391580
391621
391647
391663
391683
391758
392009
392040
392057
392085
392252
392411
392662
392861
392926
392958
393057
393168
393245
393356
393375
393461
393585
393767
393818
394053
394173
394231
394367
394407
394419
394491
394702
394881
394890
394914
395059
395114
395139
395369
395398
395435
395478
395559
395633
395659
395911
396159
396289
396630
396736
396764
396766
396805
397181
397219
397638
397819
397827
398163
398363
398389
398405
398432
398482
398774
398984
398999
399017
399230
399429
399484
399525
399540
399559
399668
399731
399753
399784
399824
399993
400015
400067
400110
400340
400433
400532
400769
400883
400990
401003
401137
401141
401241
401373
401430
401468
401474
401546
401684
401687
401725
401791
401875
401883
401968
402113
402171
402466
402813
403060
403080
403090
403211
403386
403688
403809
403907
404122
404155
404162
404320
404337
404364
404391
404394
404520
404688
404765
404768
404792
404807
404827
404989
405095
405144
405214
405375
405422
405541
405710
405721
405730
406035
406058
406097
406306
406345
406447
406630
406661
406708
406774
406924
407039
407046
407173
407216
407240
407506
407631
407857
408205
408302
408312
408378
408673
408699
408946
408989
409043
409070
409167
409187
409214
409484
409491
409704
410022
410093
410142
410374
410981
411066
411313
411331
411372
411500
411721
411733
412001
412505
412587
412590
412596
412610
412650
412665
412690
412867
412978
413076
413119
413267
413373
413418
413536
413580
413671
413748
414018
414052
414136
414197
414238
414411
414508
414969
415265
415288
415321
415343
415345
415367
415400
415503
415574
415586
415594
415706
415915
415953
416023
416124
416210
416428
416442
416579
416699
416739
417102
417222
417230
417542
417616
417659
417819
417835
417985
418044
418100
418241
418302
418445
418673
418710
418724
418739
418750
418769
418772
418777
418898
418962
419232
419373
419404
419647
419785
419805
419939
420027
420071
420340
420443
420491
420527
420690
420709
421093
421280
421284
421296
421357
421485
421529
421627
421798
421813
421835
421979
421995
422008
422046
422120
422147
422223
422364
422540
422718
422720
422758
422941
422986
423082
423109
423224
423323
423400
423642
423711
423753
423810
424066
424112
424552
424593
424616
424742
424826
424922
424963
425236
425280
425288
425317
425374
425407
425630
425820
425916
426001
426149
426158
426474
426477
426702
426730
426935
426959
427017
427054
427140
427316
427405
427426
427432
427568
427668
427675
427688
427970
428182
428196
428325
428339
428372
428540
428545
428599
428667
428723
428839
428895
429021
429138
429193
429211
429241
429342
429409
429457
429468
429531
429618
429750
429762
429932
429977
430038
430050
430232
430507
430568
430652
430831
430855
430984
431012
431175
431193
431235
431402
431474
431513
431600
431607
431657
431700
431756
431777
432035
432041
432060
432084
432148
432265
432449
432450
432509
432521
432566
432597
432904
432952
432954
433025
433188
433287
433322
433409
433410
433491
433651
433655
433821
433865
434028
434107
434189
434356
434362
434421
434487
434660
434757
434781
434803
434902
435080
435082
435297
435607
435676
435720
435743
435977
435983
436138
436186
436190
436229
436619
436776
437156
437347
437502
437838
437954
438173
438211
438249
438284
438336
438343
438385
438516
438788
438918
438926
438964
439060
439069
439112
439181
439242
439394
439457
439497
439592
439630
439657
439716
440016
440084
440268
440298
440463
440468
440602
440651
440676
440703
440740
441072
441096
441308
441321
441375
441567
441738
441893
442201
442291
442362
442693
442767
442931
443131
443176
443184
443258
443659
443681
443685
443719
443738
443858
444173
444424
444440
444469
444514
444666
444714
444736
444915
445099
445161
445183
445443
445523
445575
445618
445640
445710
445731
445945
446118
446184
446618
446630
446673
446806
447118
447163
447548
447629
447803
447813
447820
447908
448121
448356
448397
448409
448469
448497
448832
448833
449054
449131
449342
449428
449449
449497
449620
449727
449805
449899
450088
450102
450232
450295
450629
450709
450809
450842
450863
450963
450982
451089
451117
451254
451399
451458
451543
451547
451633
451827
451942
451967
452020
452036
452088
452100
452408
452584
452637
452654
452676
453219
453231
453401
453517
453534
453542
453759
453761
453766
453805
453941
453986
454158
454276
454310
454367
454486
454754
454760
454868
455031
455191
455510
455608
455655
455949
456312
456348
456433
456437
456484
456563
456569
456822
456851
457075
457148
457394
457434
457435
457443
457750
457809
457849
457850
458007
458051
458107
458121
458138
458230
458355
458401
458440
458657
458886
458976
459025
459041
459064
459117
459205
459310
459389
459532
459595
459657
459816
459948
459960
460010
460044
460071
460081
460336
460378
460722
460753
460800
460876
461017
461020
461028
461060
461134
461302
461455
461493
461564
461664
461887
462009
462033
462035
462081
462104
462148
462269
462283
462379
462402
462403
462491
462512
462548
462575
462589
462753
462767
462774
462837
462967
463061
463146
463204
463210
463366
463724
463812
463882
463886
464039
464124
464299
464482
464637
464753
464806
465137
465275
465324
465435
465460
465578
465592
466027
466039
466154
466388
466404
466412
466491
466529
466656
466736
466762
466911
466915
467162
467206
467262
467433
467461
467580
467689
467813
467816
468004
468012
468165
468215
468254
468365
468435
468488
468501
468587
468655
468710
468713
468875
468882
468967
469010
469023
469189
469197
469222
469382
469383
469571
469592
469662
469709
469857
470125
470150
470298
470310
470410
470470
470564
470919
470939
470982
471429
471445
471704
471781
471798
471870
471885
471897
471964
472002
472135
472475
472537
472569
472628
472781
472895
472934
472935
473006
473071
473113
473264
473328
473389
473393
473433
473534
473581
473620
473845
473877
473880
473928
474042
474126
474330
474367
474416
474439
474509
474542
474843
475153
475173
475197
475246
475450
476124
476294
476711
476908
476909
476937
477161
477328
477340
477511
477536
477626
477681
477691
477728
477808
478042
478049
478150
478198
478315
478475
478484
478783
478824
478828
479093
479342
479376
479386
479451
479517
479755
479816
479958
480048
480104
480112
480155
480178
480357
480484
480545
480564
480581
480634
480644
480686
480724
480741
480760
481057
481119
481141
481227
481412
481521
481522
481569
481744
481925
481998
482005
482236
482305
482312
482322
482472
482486
482496
482542
482616
482625
482742
482763
482801
482820
482826
482871
482893
482996
483031
483039
483047
483140
483204
483214
483333
483505
483548
483592
483825
483885
483894
483917
483946
483990
484010
484075
484116
484156
484193
484232
484281
484288
484302
484306
484351
484616
484761
484872
484922
484954
484998
484999
485070
485139
485229
485369
485444
485489
485635
485709
485720
485745
485920
485987
486007
486287
486330
486340
486525
486572
486603
486715
486915
487070
487103
487217
487651
487709
488046
488086
488378
488382
488474
488543
488595
488998
489148
489527
489697
489762
489823
489864
489870
489922
490044
490071
490161
490164
490230
490338
490465
490489
490661
490696
490713
490771
490883
490885
490938
490971
491082
491292
491299
491331
491355
491359
491658
491685
491876
492102
492237
492274
492279
492343
492433
492465
492691
492826
492854
493252
493261
493266
493448
493621
493639
493796
493812
493916
493924
493963
494103
494130
494155
494290
494433
494699
494875
494922
495029
495104
495149
495280
495323
495368
495470
495521
495717
495753
495788
495813
495875
495929
496018
496148
496318
496335
496355
496371
496407
496567
496593
496726
496876
496953
497146
497274
497534
497788
497916
497974
497999
498089
498192
498262
498302
498309
498339
498402
498431
498433
498467
498566
498629
498667
498697
498840
498844
498847
499048
499399
499400
499427
499620
499692
499755
499761
499811
499980
500047
500103
500171
500336
500401
500413
500481
500540
500546
500553
500615
500656
500819
500916
501094
501130
501203
501265
501332
501349
501362
501587
501614
501831
501862
501905
501937
502253
502258
502300
502324
502346
502391
502491
502493
502615
502694
502886
503004
503461
503540
503648
503657
503743
503806
503832
504087
504151
504344
504374
504377
504390
504556
504627
504782
504946
504996
505181
505295
505336
505446
505653
505733
505803
506042
506099
506293
506336
506354
506378
506415
506427
506446
506463
506946
507090
507121
507158
507302
507507
507514
507543
507625
507709
507903
507964
507967
508054
508219
508262
508298
508301
508389
508854
509042
509144
509304
509367
509474
509776
509905
509929
509982
510007
510028
510079
510113
510263
510388
510421
510456
510564
510829
510864
510912
510983
511002
511297
511373
511428
511667
511719
511723
511737
511908
511936
512019
512021
512113
512413
512449
512867
512905
513037
513175
513274
513343
513379
513401
513820
513969
513970
513998
514131
514178
514211
514343
514381
514386
514409
514477
514705
514758
514906
514989
515044
515327
515384
515414
515439
515584
515617
515662
515715
515914
516161
516575
516780
516788
516958
517190
517355
517427
517478
517519
517577
517639
517671
517708
517924
518094
518259
518293
518384
518571
518578
518594
518655
518749
518753
519035
519160
519181
519318
519339
519464
519513
519514
519571
519587
519765
519766
519918
519969
520103
520119
520123
520168
520196
520300
520333
520345
520390
520502
520584
520623
520624
520699
520757
520920
520961
521008
521075
521258
521259
521407
521569
521616
521691
521714
521851
521919
521996
522041
522402
522556
523003
523190
523467
523601
523628
523665
523672
523692
523695
523721
523755
523781
523791
523883
523956
523971
524197
524255
524545
524596
524688
524866
524881
524905
525074
525264
525362
525494
525532
525624
525706
525716
525803
525814
525851
525890
526043
526107
526158
526217
526245
526257
526340
526368
526469
526699
526824
526871
526890
526958
527068
527475
527506
527680
527810
527877
527895
528082
528265
528288
528418
528603
528607
528739
528780
528939
528969
528985
529059
529137
529176
529287
529474
529560
529564
529627
529892
529894
529937
529956
530214
530336
530390
530654
530732
530902
531004
531130
531146
531237
531282
531368
531442
531499
531504
531567
531606
531654
531679
531740
531743
531793
531995
532140
532176
532197
532432
532535
532548
532731
532745
532891
532939
532960
533052
533072
533364
533381
533643
533905
534163
534192
534321
535007
535130
535165
535351
535360
535501
535985
536000
536057
536176
536205
536342
536545
536633
536724
536958
536975
537008
537139
537203
537285
537296
537298
537310
537311
537441
537588
537620
537639
537774
537779
537823
538045
538087
538132
538136
538466
538554
538655
538670
538857
538924
538981
539167
539170
539458
539569
539577
539620
539646
539779
539786
539793
539795
539823
540059
540141
540240
540309
540433
540540
540560
540608
540647
540657
540732
540828
541070
541108
541173
541291
541461
541518
541580
541596
541621
541913
541977
542026
542195
542226
542245
542313
542372
542491
542778
543003
543053
543086
543142
543199
543485
543519
543579
543594
543604
543650
543673
543747
543811
544020
544244
544442
544539
544619
544664
544672
544705
544708
544735
544762
544820
545003
545039
545104
545189
545357
545588
545625
545633
545684
545774
545910
546074
546090
546123
546168
546489
546550
546573
546747
546779
546908
547186
547301
547517
547693
547807
547839
547908
547937
547999
548085
548207
548255
548280
548335
548340
548491
548515
548548
548654
548751
548879
549007
549163
549208
549672
549776
550120
550197
550274
550563
550649
550857
550870
550882
551036
551245
551302
551736
551772
551801
551835
551969
551975
551980
552015
552106
552282
552348
552422
552443
552473
552575
552581
552598
552701
552728
552768
552772
552894
552895
552982
552983
553013
553175
553527
553550
553591
553765
553790
553807
553851
553960
553984
554068
554071
554171
554257
554358
554364
554433
554539
554944
554950
554987
555087
555123
555160
555188
555334
555518
555655
555713
555734
555760
555820
555850
555856
555985
555988
556322
556336
556498
556501
556539
556672
556773
556852
556930
556971
556989
557074
557088
557136
557245
557254
557277
557713
557783
557866
557870
558037
558109
558302
558480
558539
558678
558753
558793
558824
558920
558937
559281
559378
559379
559456
559576
559700
559852
559959
560006
560050
560220
560224
560299
560358
560434
560460
560504
560549
560550
560846
560900
560941
561000
561025
561043
561066
561072
561157
561201
561215
561228
561344
561355
561657
561844
561890
561959
562077
562284
562312
562453
562505
562527
562617
562694
562754
563001
563024
563145
563221
563240
563340
563431
563595
563640
563659
563698
563727
563752
563864
563921
563982
564099
564235
564248
564386
564399
564499
564617
564736
564830
564905
564922
564990
565328
565383
565391
565443
565498
565535
565721
565799
565974
565985
566000
566525
566713
566750
566765
566831
566837
566864
566880
566894
567135
567186
567267
567419
567503
567508
567522
567523
567528
567590
567718
567770
567773
567831
567879
568034
568090
568151
568160
568194
568355
568380
568456
568492
568510
568599
568704
568708
568822
568921
569104
569127
569156
569338
569360
569487
569534
569581
569623
569637
569675
569761
569882
569968
570203
570586
570595
570714
570725
570803
570887
570923
570934
570967
571207
571323
571349
571386
571429
571663
571685
571715
571901
571902
572073
572123
572171
572273
572483
572665
572897
572913
572951
573133
573253
573460
573550
573658
573727
573750
573773
573778
573872
573914
574005
574032
574167
574388
574494
574523
574602
574644
574668
574700
574945
574957
575019
575037
575067
575078
575231
575303
575431
575476
575531
575869
575901
575952
576428
576686
576765
577136
577521
577714
577925
578119
578152
578232
578242
578346
578591
578623
578639
578705
578759
578826
578875
579095
579161
579225
579232
579257
579453
579483
579838
580109
580149
580447
580613
580701
581074
581157
581185
581320
581337
581390
581436
581470
581525
581665
581702
581737
581793
581921
581991
582425
582651
582707
582753
582817
582922
582958
583015
583049
583106
583122
583151
583181
583188
583358
583367
583370
583564
583630
583958
583989
584089
584614
584620
584700
584701
584735
584802
584888
584917
584948
585208
585226
585367
585440
585596
585708
585715
585840
585874
585938
585955
586171
586213
586331
586390
586613
586648
586990
586996
587020
587050
587126
587169
587361
587520
587608
587637
587722
587766
587879
587979
587980
588158
588181
588291
588322
588493
588537
588544
588613
588741
588787
588841
589096
589544
589561
589620
589686
589706
589832
589910
590035
590100
590109
590142
590174
590204
590280
590376
590454
590551
590837
590888
590923
591056
591061
591069
591093
591099
591201
591296
591412
591435
591581
591813
591921
592023
592270
592421
592513
592573
592820
592822
592863
592933
592969
593358
593363
593368
593419
593477
593515
593711
593759
593920
593976
594058
594177
594278
594309
594388
594472
594479
594486
594527
594667
594729
594780
594808
594846
594852
595069
595094
595172
595340
595363
595515
595669
595711
595735
595769
595853
595945
596219
596223
596291
596447
596504
596534
596545
596552
596678
596831
596863
596891
596947
596959
597069
597093
597203
597344
597770
598010
598060
598185
598316
598360
598369
598856
598942
598943
599133
599367
599402
599829
600083
600122
600392
600421
600501
600551
600748
600893
600988
600997
601091
601208
601280
601664
601672
601988
602079
602222
602286
602358
602380
602804
602817
602823
602910
602981
603180
603252
603339
603381
603420
603523
603556
603572
603632
603656
604082
604087
604452
604488
604609
604781
604910
605005
605078
605134
605302
605372
605439
605613
605625
605643
605720
605737
605918
605934
606104
606115
606136
606152
606320
606381
606514
606570
606699
606708
606836
606873
606889
607077
607668
607957
607987
608010
608049
608446
608509
608773
608831
608970
609093
609261
609464
609467
609477
609750
610354
610579
610733
610779
610826
610884
611042
611131
611341
611353
611361
611465
611506
611811
611821
611919
611954
612077
612278
612556
612595
612596
612697
612706
612743
612756
612868
612966
613050
613142
613273
613323
613362
613413
613431
613554
613602
613620
613695
613840
613950
614050
614084
614095
614268
614420
614429
614462
614478
614508
614575
614713
614768
614794
614813
614871
614955
615133
615159
615222
615607
615720
615727
615803
615998
616030
616067
616195
616225
616243
616297
616540
616602
616648
616698
616730
616960
617181
617233
617244
617327
617388
617427
617443
617478
617497
617756
617769
617995
618185
618305
618367
618617
618654
618669
618677
618724
618741
619103
619174
619274
619314
619354
619458
619496
619503
619574
619771
620088
620209
620241
620285
620609
620620
620662
620686
620757
621060
621134
621228
621282
621523
621538
621608
621723
621916
621989
622187
622357
622524
622538
622750
622845
622910
622912
623033
623036
623048
623264
623275
623332
623404
623776
623809
623932
624122
624235
624475
624496
624534
624554
624616
624677
624729
624745
624790
625127
625218
625438
625831
625946
625954
626019
626175
626251
626386
626498
626502
626507
626645
626744
626755
626798
626849
626997
627067
627098
627166
627176
627238
627433
627479
627515
627549
627708
627844
628193
628498
628556
628672
628714
628726
628731
628775
628804
628844
628938
629027
629055
629347
629358
629513
629615
629964
630056
630104
630263
630329
630338
630384
630419
630504
630570
630677
630792
630881
630946
630966
630973
631012
631037
631051
631187
631245
631274
631325
631412
631470
631842
631940
632244
632338
632396
632402
632650
632845
632906
633112
633301
633305
633325
633372
633540
633565
633622
633691
633694
633823
633895
634047
634088
634203
634215
634307
634336
634350
634372
634471
634521
634527
634615
634654
634800
634939
635527
635642
635692
635732
635733
635840
635851
635855
635907
635938
636077
636214
636236
636649
636794
636979
637162
637167
637183
637295
637347
637376
637425
637583
637747
637822
637927
637971
638205
638297
638597
638607
638697
638882
639011
639039
639242
639243
639277
639301
639308
639323
639410
639550
639568
639608
639633
640132
640135
640393
640437
640551
640712
640735
640749
640778
641146
641229
641419
641476
641513
641529
641564
641625
641634
641833
641916
642035
642084
642150
642392
642600
642668
642678
642823
642880
643095
643111
643138
643185
643209
643217
643237
643250
643663
643739
643752
643842
643886
643954
644117
644140
644146
644157
644176
644359
644363
644449
644519
644717
644732
644785
644822
644828
645003
645084
645123
645191
645410
645432
645547
645609
645793
646098
646152
646211
646337
646369
646448
646594
647037
647091
647205
647208
647245
647297
647326
647437
647470
647529
647657
647671
647695
647726
647793
647805
647823
647996
648075
648229
648251
648266
648339
648428
648491
648622
648708
649032
649034
649209
649434
649663
649753
649797
649922
649930
649961
649969
649980
650071
650166
650250
650266
650472
650603
650721
650728
650753
650866
650877
650910
650938
650967
651060
651087
651168
651218
651330
651390
651415
651497
651508
651733
651770
651800
651815
652006
652056
652098
652281
652499
652501
652871
653060
653175
653287
653317
653388
653401
653634
653673
653678
653714
653720
653827
653920
654027
654220
654287
654300
654315
654479
654685
654777
654877
654995
655524
655567
655641
655655
656125
656127
656173
656210
656285
656409
656524
656538
656551
656610
656928
656953
657067
657186
657201
657637
657770
657781
657789
657809
658076
658128
658137
658223
658281
658288
658303
658315
658389
658422
658519
658521
658534
658543
658598
658643
658991
659025
659098
659210
659409
659478
659517
659643
659722
659802
659810
659861
659955
660011
660036
660041
660428
660483
660528
660719
660937
660945
661044
661051
661202
661326
661339
661426
661535
661718
661771
661831
662034
662296
662427
662576
662626
662667
662703
662774
663075
663079
663211
663252
663437
663522
663788
663814
663816
663856
663893
664137
664265
664275
664427
664451
664623
664716
664746
664789
665069
665225
665270
665300
665320
665458
665483
665537
665575
665671
665677
665811
665843
665955
666085
666114
666160
666239
666240
666309
666494
666515
666519
666561
666876
666883
667329
667375
667380
667524
667690
667762
667977
668094
668184
668236
668319
668383
668421
668603
668867
669036
669082
669085
669240
669261
669319
669329
669367
669374
669509
669576
669609
669630
669817
669845
669900
669957
670118
670253
670465
670517
670756
670785
670820
671089
671099
671146
671155
671221
671239
671355
671358
671362
671406
671424
671559
671632
671703
671721
671782
671846
671850
672009
672120
672273
672316
672513
672535
672548
672582
673016
673021
673111
673242
673522
673594
673738
673798
673885
673978
673987
674013
674044
674129
674230
674286
674382
674449
674454
674546
674667
674700
674970
675005
675076
675341
675422
675516
675584
675663
675815
675852
675896
676104
676187
676359
676400
676455
676461
676563
676781
676835
676895
677017
677125
677154
677202
677339
677406
677408
677413
677423
677445
677507
677983
678248
678256
678267
678286
678356
678518
678566
678755
678807
678820
679048
679092
679142
679261
679310
679568
679604
679667
679747
679764
679772
679932
679940
679965
680034
680059
680105
680106
680540
680567
680795
680827
680871
680942
681020
681041
681112
681119
681171
681302
681354
681538
681545
682074
682080
682241
682358
682724
682752
682805
683010
683110
683141
683205
683254
683387
683428
683488
683554
683669
683686
683696
683698
683742
683775
683930
684048
684099
684135
684171
684198
684240
684374
684409
684641
684702
684762
684790
684804
684951
684971
685116
685237
685292
685307
685339
685399
685468
685598
685671
685830
685976
686030
686264
686319
686687
686693
686727
686911
687112
687253
687367
687389
687445
687682
687754
687802
687903
687908
687932
688067
688190
688239
688294
688307
688317
688521
688580
688724
688726
688860
688897
688971
689165
689334
689339
689613
689863
690047
690471
690718
690788
690860
690891
691003
691083
691109
691155
691411
691534
691566
691570
691617
691664
691817
691839
691861
691901
692083
692217
692279
692297
692663
692832
692868
692888
692914
692917
693090
693111
693206
693545
693577
693681
693780
693830
693961
693993
694112
694175
694224
694329
694417
694475
694567
694598
694613
694655
694728
694832
694841
694956
694991
695024
695095
695097
695171
695355
695511
695556
695566
695806
695818
695830
695898
696068
696080
696171
696197
696210
696380
697045
697100
697144
697169
697193
697276
697333
697582
697938
697951
698038
698152
698287
698359
698403
698424
698574
698579
698600
698609
698812
698832
699156
699179
699210
699367
699370
699489
699548
699590
699657
699738
699746
699821
700021
700096
700119
700457
700484
700529
700577
700730
700854
700858
701256
701418
701799
701831
701884
701912
701971
702117
702182
702362
702656
702712
702915
703236
703244
703304
703428
703656
703696
703700
703701
703730
703857
703862
704107
704136
704542
704593
704632
704679
704902
705022
705206
705355
705902
706042
706059
706094
706121
706150
706206
706286
706340
706358
706391
706473
706478
706638
706692
706752
706776
706802
706861
706943
706977
706988
707338
707347
707422
707594
707736
707786
707888
707923
708073
708880
709321
709482
709533
709656
709816
709980
710019
710046
710203
710232
710449
710565
710809
710833
710911
710964
711247
711573
711574
711626
711687
711769
711802
711972
712041
712081
712150
712152
712324
712346
712413
712465
712675
712852
713046
713354
713660
713674
714209
714221
714283
714327
714442
714459
714511
714597
714676
714709
714714
714783
714851
714996
715119
715167
715172
715188
715253
715419
715503
715618
715636
715670
715803
716008
716088
716574
716635
716671
716755
716830
716876
716981
717023
717024
717312
717444
717484
717494
717530
717531
717607
717729
717755
717779
718129
718162
718242
718281
718291
718328
718704
718752
718867
718935
718956
718959
719172
719226
719275
719333
719349
719408
719497
719812
719834
719875
719889
719925
720085
720091
720116
720291
720506
720519
720525
720808
720842
720859
720875
721078
721271
721278
721491
721780
721790
721852
721911
721952
721956
722154
722278
722321
722556
722614
722759
722787
722857
722862
722944
723450
723475
723502
723525
723675
723814
724021
724073
724270
724425
724461
724480
724500
724562
724563
724674
724694
724718
724813
724850
724854
725288
725336
725520
725580
725585
725591
725660
725769
725776
725809
725824
725946
725949
726027
726144
726331
726473
726553
726623
726654
726705
726879
726980
727154
727187
727399
727550
727677
727732
728096
728179
728299
728381
728415
728675
728716
728718
728862
728879
728934
728946
728997
729088
729639
729850
729888
729900
729912
729936
729941
729981
729990
730030
730073
730161
730174
730233
730372
730395
730466
730481
730570
730698
730834
730981
731013
731048
731099
731118
731472
731521
731775
731862
732072
732118
732275
732338
732444
732457
732464
732598
732606
732626
732639
732660
732711
732759
732892
732916
733005
733051
733146
733151
733166
733293
733301
733370
733433
733502
733519
733834
733850
733967
734108
734123
734278
734340
734350
734454
734736
734744
734804
734811
734818
734948
735102
735160
735200
735317
735622
735694
735858
735870
736004
736132
736339
736418
736522
736551
736667
736684
736823
736884
736970
737072
737490
737544
737572
737684
737807
737810
737817
737883
737932
737951
738047
738092
738105
738149
738306
738343
738373
738437
738448
738468
738549
738595
738691
738900
738967
739111
739120
739271
739323
739680
739791
739812
740046
740180
740205
740208
740309
740535
740734
740796
741128
741334
741340
741348
741580
741806
741815
741857
741867
742150
742284
742747
742928
742970
743002
743089
743224
743291
743368
743394
743593
743606
743741
743844
743897
744174
744217
744296
744419
744456
744530
744678
744956
745100
745206
745258
745482
745548
745553
745585
745665
745703
745724
745749
745769
745823
745860
745994
746236
746467
746801
746854
746964
747042
747298
747461
747596
747605
747633
747709
747762
747969
748016
748025
748053
748070
748327
748351
748397
748411
748510
748637
748807
748850
748876
748913
748934
748946
749105
749127
749185
749310
749576
749714
749852
749893
749973
750007
750097
750218
750261
750293
750510
750540
750552
750693
750818
750948
751135
751314
751348
751415
751445
751505
751537
751625
751738
751747
751828
751857
752192
752229
752266
752406
752541
752604
752632
752845
752884
753028
753426
753466
753486
753536
753698
753818
753837
754039
754047
754220
754425
754455
754593
754802
754901
754928
754983
754990
755086
755131
755200
755287
755318
755375
755466
755532
755549
755604
755644
755651
755713
755881
755976
756031
756034
756104
756204
756239
756240
756312
756450
756486
756534
756582
756593
756651
756693
756697
756986
757120
757350
757356
757579
757628
757791
758086
758170
758288
758295
758565
758661
758722
758728
758820
758825
758841
759086
759182
759304
759389
759432
759527
759607
759803
760058
760212
760351
760548
760693
760862
761085
761126
761218
761320
761372
761435
761541
761610
761644
761866
761994
762044
762257
762312
762383
762502
762525
762584
762602
762638
762649
762746
762757
762828
762836
763031
763047
763077
763422
763436
763457
763463
763479
763484
763554
763589
763659
763770
763867
763893
763995
764030
764032
764033
764042
764196
764279
764418
764503
764603
764838
764841
764859
764886
764898
764928
765240
765253
765363
765365
765487
765496
765539
765662
765999
766031
766210
766259
766319
766352
766418
766513
766871
766972
767203
767219
767281
767306
767405
767506
767574
767585
767611
767613
767693
767832
767845
767910
767964
768022
768237
768411
768501
768597
768649
768717
768773
769073
769170
769177
769357
769491
769539
769609
769643
769791
769821
769827
769883
769985
770130
770174
770232
770484
770485
770719
770829
770904
771225
771294
771335
771354
771593
772048
772254
772475
772552
772563
772682
772776
772812
772824
772850
772888
773045
773053
773269
773289
773395
773401
773474
773559
773641
773655
773703
773846
773862
773959
773991
773993
774137
774211
774283
774354
774416
774474
774506
774638
774641
774766
774855
774950
775191
775202
775378
775425
775461
775493
775522
775548
775658
775679
775846
775890
776084
776342
776601
776633
776695
776808
776913
776915
777195
777356
777462
777497
777672
777824
777938
777985
778338
778382
778392
778415
778558
778576
778605
778607
778670
778848
779012
779053
779078
779159
779186
779245
779454
779972
780163
780404
780409
780509
780551
780684
780708
780926
781018
781090
781132
781212
781237
781492
781496
781556
781595
781611
781717
781896
781921
782020
782108
782534
782699
783099
783198
783428
783443
783498
783554
783635
783867
784172
784236
784258
784270
784524
784672
784809
784834
784886
784946
785079
785102
785257
785275
785338
785567
785879
785882
785968
786141
786167
786198
786508
786664
786844
786880
786907
786942
786948
786949
787006
787064
787165
787332
787335
787365
787422
787634
787688
787740
787824
787933
788088
788106
788199
788202
788261
788332
788393
788448
788492
788776
788799
788816
788886
788906
788912
789146
789258
789260
789319
789485
789565
789593
789765
790127
790243
790288
790400
790408
790492
790526
790587
790739
790755
790897
790902
791077
791121
791255
791441
791733
791778
791809
791994
791995
792001
792044
792089
792099
792104
792337
792363
792423
792527
792745
792760
792854
793057
793061
793397
793536
793566
793630
793657
793772
793784
793984
793985
794088
794132
794173
794200
794301
794313
794359
794367
794437
794606
794779
795203
795224
795305
795321
795743
795772
795830
795883
795909
796083
796175
796184
796210
796214
796263
796348
796415
796502
797410
797506
797570
797608
797669
797815
797872
797930
797956
798000
798142
798218
798534
798726
798908
799184
799194
799370
799377
799466
799556
799585
799749
799823
799830
799875
800019
800069
800086
800306
800399
800432
800527
800554
800555
800595
800605
800702
800714
800945
801017
801134
801199
801251
801290
801402
801679
801708
802011
802027
802039
802176
802307
802438
802735
802832
802840
802971
803041
803054
803102
803125
803232
803435
803470
803600
803885
803898
803944
804046
804210
804221
804287
804840
804901
804963
805017
805133
805152
805184
805208
805240
805331
805392
805460
805659
805688
805790
805796
805844
805917
805975
806091
806395
806443
806459
806468
806650
806848
806851
807029
807047
807243
807258
807280
807459
807947
808084
808193
808330
808516
808526
808579
808621
808629
808685
808901
809023
809063
809187
809317
809333
809379
809424
809539
809550
809618
809661
809693
809788
809900
810530
810581
810742
810744
811083
811183
811471
811482
811565
811629
811736
811769
812013
812064
812080
812180
812517
812557
812659
812810
812821
812836
813151
813222
813255
813268
813367
813428
813544
813605
813607
813614
813617
813805
813853
814221
814268
814342
814560
814579
814609
814759
814767
814915
815079
815150
815450
815632
815699
815762
815795
816163
816479
816531
816553
816781
816851
816948
817127
817221
817299
817771
817780
817805
817808
818062
818148
818268
818289
818431
818914
818978
819082
819144
819164
819394
819447
819544
819647
819825
819933
820194
820293
820448
820808
820888
820902
820976
820998
821276
821301
821353
821464
821471
821618
821692
821760
821873
821902
822075
822176
822182
822202
822279
822705
822772
823343
823510
823573
823602
823631
823702
823800
823828
823836
824006
824079
824106
824200
824281
824294
824559
824687
824694
824773
824986
825258
825271
825346
825377
825454
825662
825753
825760
825848
826238
826593
826605
826782
826784
826967
827094
827121
827174
827265
827413
827464
827538
827865
827871
827891
827975
827995
828020
828396
828432
828475
828511
828668
828705
828736
828756
828883
829025
829142
829161
829195
829220
829274
829344
829454
829843
829873
829916
830021
830080
830097
830140
830222
830383
830484
830503
830634
830720
830732
830881
830892
830920
830924
830963
831028
831034
831127
831145
831262
831426
831523
831665
831717
831767
831919
831938
832021
832634
833283
833496
833519
833579
833625
833789
833801
833831
834121
834671
834888
834890
834966
835027
835173
835365
835649
835759
835768
835793
835959
836033
836153
836174
836289
836393
836421
836712
836753
836767
836808
837003
837138
837206
837283
837404
837623
837830
838042
838195
838278
838365
838379
838524
838556
838602
838851
839008
839228
839318
839509
839667
839773
839777
840068
840271
840315
840329
840673
840719
840866
840884
840956
841130
841180
841227
841270
841331
841377
841386
841394
841414
841478
841545
841591
841670
841696
841914
841927
842077
842110
842204
842340
842360
842414
842692
842755
843084
843094
843099
843106
843386
843395
843668
843850
843945
844028
844080
844084
844085
844302
844329
844502
844906
845225
845373
845533
845889
845901
845959
846003
846194
846286
846612
846622
846624
846661
846704
846707
847218
847240
847273
847337
847420
847657
847677
847788
847948
847956
848002
848017
848510
848571
848696
848727
848784
848808
848838
848862
848898
848973
848994
849010
849209
849220
849226
849229
849251
849302
849329
849349
849390
849415
849443
849695
849888
849918
850093
850107
850184
850221
850325
850448
850466
850551
850585
850600
850608
850667
850843
850930
851093
851094
851281
851375
851394
851717
851740
851911
852219
852282
852369
852375
852446
852563
852703
852749
852897
852939
852940
853032
853149
853192
853519
853601
853723
853742
853826
853935
853945
853970
854170
854188
854210
854285
854364
854523
854733
854811
855026
855073
855136
855181
855307
855345
855358
855423
855778
855941
855951
855973
856066
856178
856411
856565
856793
856855
856868
856949
857094
857128
857248
857305
857308
857357
857363
857405
857451
857537
857554
857766
857883
857910
858123
858270
858379
858403
858787
859235
859277
859380
859426
859459
859461
859528
859597
859791
859822
859824
859939
859949
860022
860429
860474
860579
860684
860700
860736
860738
860783
860786
860936
860962
860981
861017
861082
861118
861136
861167
861252
861320
861327
861372
861381
861509
861559
861605
861678
861690
861806
861928
862033
862090
862094
862146
862150
862345
862483
862604
862744
862795
862870
862945
863107
863172
863258
863419
863532
863591
863600
864032
864348
864396
864525
864715
864874
865114
865144
865192
865242
865442
865453
865488
865639
865640
865930
866103
866121
866360
866361
866386
866488
866621
866687
866780
866784
866852
867214
867238
867259
867269
867352
867502
867557
867931
867995
868091
868218
868402
868453
868469
868919
868940
869123
869140
869155
869406
869468
869483
869491
869660
869744
869788
869886
869890
869907
869909
870014
870085
870122
870152
870231
870281
870321
870336
870404
870706
870763
870793
870805
870858
871095
871181
871203
871228
871260
871274
871339
871498
871564
871576
871686
871732
872082
872084
872149
872198
872465
872541
872556
872706
872893
873056
873096
873107
873145
873258
873265
873299
873376
873379
873404
873526
873624
873720
873872
873914
873985
873987
874044
874153
874421
874439
874458
874489
874636
874641
874800
874862
874887
874901
874909
875330
875428
875560
875566
875734
876057
876231
876281
876414
876432
876523
876657
876676
876679
876716
876719
876765
876780
876864
876947
876964
877314
877423
877465
877485
877533
877548
877567
877642
877923
877953
878003
878059
878245
878426
878517
878558
878640
878687
878783
878839
878892
878959
879022
879279
879335
879359
879461
879515
879614
879766
880000
880039
880201
880255
880321
880385
880436
880476
880526
880556
880874
880945
881123
881233
881412
881583
881593
881645
881942
881951
881969
882076
882114
882230
882270
882417
882432
882462
882574
882811
882867
883066
883283
883417
883446
883673
884123
884286
884320
884505
884549
884728
884835
884948
885098
885131
885161
885185
885238
885428
885451
885501
885570
885578
885658
885673
885701
885965
886178
886212
886630
886634
886650
886674
887008
887037
887173
887224
887354
887429
887464
887552
887697
887934
888079
888355
888418
888577
888702
888757
888802
888825
888917
888946
889049
889214
889348
889350
889358
889433
889548
889732
890037
890127
890173
890180
890194
890256
890308
890419
890656
890664
890906
890970
891042
891156
891244
891282
891368
891372
891374
891440
891502
891517
891852
891887
891928
891934
891997
892023
892043
892067
892082
892096
892306
892577
892602
892900
892912
892985
893034
893050
893101
893147
893285
893297
893302
893317
893423
893713
893717
893775
893795
893966
894163
894215
894257
894500
894505
894595
894688
894956
895167
895206
895208
895355
895388
895415
895521
895683
895695
895774
896007
896236
896246
896413
896456
897127
897210
897275
897290
897456
897458
897473
897707
897774
897790
897808
897967
897989
898122
898464
898605
898633
898680
898728
898890
899042
899203
899241
899425
899610
899619
899654
899697
900151
900222
900313
900452
900483
900812
900818
901206
901266
901525
901542
901659
901850
901867
902208
902234
902262
902356
902420
902581
902607
902696
902779
902789
902982
903006
903591
903846
904001
904065
904102
904156
904218
904227
904270
904282
904476
904796
904862
905023
905046
905100
905126
905128
905138
905169
905363
905470
905511
905883
905889
906354
906461
906487
906529
906555
906769
906885
907091
907150
907198
907205
907280
907297
907655
907685
908049
908070
908123
908223
908333
908360
908418
908451
908493
908547
908570
908607
908686
908969
908982
909235
909282
909470
909480
909664
909728
909912
910315
910382
910541
910758
910819
910878
911046
911127
911149
911235
911238
911327
911331
911389
911462
911506
911727
912003
912187
912281
912307
912369
912373
912408
912429
912688
912695
913157
913161
913258
913282
913315
913355
913510
913518
913621
913713
913718
913782
913785
913841
913990
914236
914547
914932
915041
915193
915230
915303
915540
915710
915746
915751
915994
916016
916239
916247
916405
916418
916545
916719
916873
917014
917098
917102
917201
917375
917579
917899
918017
918092
918097
918115
918119
918198
918447
918477
918570
918644
918808
919136
919154
919256
919320
919360
919393
919469
919570
919629
919709
919743
919799
919890
919899
919964
919969
920012
920105
920392
920626
920715
921047
921078
921190
921233
921442
921565
921582
921760
921799
921866
921957
922105
922117
922387
922538
922570
922599
922613
922735
922745
922753
922894
922951
922980
923030
923066
923075
923103
923249
923252
923264
923324
923347
923405
923619
923648
923666
923679
923768
923925
923967
924009
924064
924078
924161
924211
924280
924287
924537
924626
924700
924787
924832
924894
924939
925235
925308
925371
925642
925790
925914
925955
926004
926023
926163
926168
926297
926319
926358
926380
926438
926493
926518
926625
926661
926702
927081
927098
927208
927238
927301
927308
927341
927346
927399
927681
927701
927711
927916
927919
927927
928095
928324
928451
928503
928569
928729
928910
928933
929379
929407
929447
929470
929536
929560
929600
929803
929955
930025
930052
930072
930073
930112
930155
930333
930396
930418
930484
930524
930542
930701
930726
930846
930912
930977
931054
931097
931153
931174
931328
931780
932007
932092
932161
932459
932648
932878
933082
933229
933248
933318
933471
933546
933690
933896
933900
933905
934010
934034
934095
934146
934166
934188
934227
934365
934607
934731
935127
935133
935166
935174
935201
935204
935288
935458
935763
935896
935936
936096
936111
936186
936202
936211
936466
936509
936617
936647
936713
936821
936918
937032
937066
937149
937184
937193
937245
937324
937430
937985
938047
938123
938262
938263
938264
938720
938733
938798
938828
938839
938974
939146
939158
939273
939313
939314
939454
939520
939552
939553
939592
939680
939786
939932
939939
940246
940261
940270
940274
940507
940544
940569
940573
940575
940580
940714
941095
941347
941409
941417
941547
941630
941649
941923
942198
942306
942326
942384
942588
943087
943118
943214
943271
943349
943456
943461
943655
943799
943896
943906
944250
944300
944360
944465
944626
944717
944910
944923
944952
945330
945577
945763
945798
945861
945943
946050
946302
946323
946539
946556
946594
946608
946677
946854
946893
946959
947025
947188
947241
947408
947423
947702
947740
947826
947896
947973
948015
948077
948193
948291
948383
948470
948472
948648
948803
948814
948968
949005
949064
949099
949128
949148
949167
949218
949653
949788
949814
950114
950279
950334
950602
950786
950793
950868
950980
951259
951419
951425
951456
951503
951599
951663
951881
951991
952021
952045
952077
952406
952955
953174
953243
953332
953371
953424
953431
953667
953714
953817
953877
953879
954162
954321
954337
954708
954861
954870
954971
954997
955251
955371
955450
955498
955552
955576
955623
955834
955866
955879
955935
956055
956060
956099
956318
956356
956427
956482
956831
957062
957491
957878
957969
958306
958488
958516
958566
958603
958617
958634
958650
958699
958809
958912
958932
958934
959098
959108
959125
959216
959225
959266
959509
959554
959588
959601
959607
959640
959841
959878
959987
960045
960125
960132
960278
960284
960306
960329
960489
960490
960673
960785
960907
960929
961137
961168
961177
961289
961595
961688
961744
961778
961801
961814
961870
961950
962081
962197
962370
962376
962564
962741
963010
963159
963327
963505
963624
963746
963794
963970
964007
964040
964148
964173
964274
964388
964400
964442
964506
964681
964817
964868
964985
965354
965368
965415
965438
965557
965669
965674
965784
965801
965853
965930
966122
966281
966375
966411
966442
966461
966478
966520
966536
966542
966559
966740
966763
966917
966946
967000
967091
967112
967197
967234
967266
967299
967387
967491
967521
967530
967556
967651
967771
967857
967890
967897
967998
968049
968498
968625
968639
968727
968741
968865
968963
969076
969260
969342
969573
969667
969718
969766
969806
969935
969983
970010
970202
970268
970300
970348
970430
970537
970565
970574
970605
970792
970876
970899
970972
971070
971115
971317
971382
971469
971539
971716
971728
971730
971733
971847
971860
972277
972384
972419
972572
972672
972758
973009
973016
973087
973131
973679
973818
973837
974133
974304
974310
974316
974540
974611
974715
974788
974824
974831
974933
974967
975011
975112
975223
975392
975490
975515
975571
975791
976405
976472
976512
976546
976566
976671
976696
976709
976730
976874
976877
976971
977112
977174
977211
977353
977426
977492
977544
977633
977653
977948
977990
978099
978176
978500
978838
978842
979091
979139
979140
979237
979355
979841
979882
979939
980009
980281
980283
980335
980429
980465
980533
980577
980729
980771
980863
980890
980948
980974
981316
981392
981437
981476
981489
981523
981548
981646
981737
981747
981799
981844
981865
981908
981930
982037
982355
982411
982586
982735
982969
982974
982983
982991
983119
983354
983422
983503
983600
983622
983814
983881
983916
983934
983969
984016
984042
984248
984256
984257
984406
984525
984547
984643
984672
984713
984811
984939
985018
985046
985252
985492
985531
985578
985763
985779
985838
985839
985885
985985
986432
986512
986595
986598
986716
986774
986800
986893
986914
987416
987479
987526
987685
987736
987764
987800
987933
988028
988089
988200
988206
988254
988320
988348
988428
988436
988477
988483
988563
988567
988747
988781
988869
988928
989089
989194
989568
989853
989894
989911
989952
990202
990254
990275
990279
990307
990437
990765
990994
991021
991088
991125
991166
991254
991328
991336
991440
991483
991672
991675
991765
992237
992313
992551
992558
992579
992745
993041
993059
993136
993298
993333
993377
993381
993907
993920
993930
993975
994096
994132
994145
994169
994258
994291
994296
994297
994559
994786
994970
995096
995143
995194
995253
995330
995398
995562
995618
995667
995938
996010
996080
996087
996089
996110
996303
996719
996737
996821
997058
997092
997325
997340
997436
997509
997519
997738
997883
998026
998101
998129
998255
998350
998461
998463
998482
998518
998555
998567
998819
999003
999117
999127
999211
999214
999256
999317
999337
999340
999364
999498
999612
999624
999674
999891
