152
486
567
590
832
1085
1321
1363
1449
1485
1566
1778
1814
2010
2319
2332
2347
2383
2634
2636
2793
2822
2847
2916
3067
3191
3220
3316
3481
3523
3525
3678
3699
3723
3929
3938
4094
4153
4193
4248
4453
4607
4906
4997
5011
5018
5088
5182
5202
5322
5476
5494
5621
5670
5771
5986
6037
6383
6586
6608
6700
6704
6750
6906
6987
7689
7712
7809
7818
7903
8002
8003
8119
8509
8513
8514
8525
8575
8834
9027
9073
9178
9274
9549
9678
9776
9778
9799
9902
9927
9944
10012
10029
10030
10230
10307
10443
10525
10659
10744
11153
11231
11266
11448
11520
11624
11649
11697
11851
11865
11923
11965
12001
12078
12083
12287
12307
12330
12446
12515
12676
12711
12800
12863
12904
12951
13158
13219
13356
13485
13608
13728
13759
13836
14088
14240
14467
14508
14583
14617
14745
14796
14824
14915
14998
15101
15135
15158
15223
15233
15312
15409
15460
15469
15683
15778
15785
15814
15876
16026
16039
16040
16050
16053
16350
16356
16441
16474
16480
16504
16626
16693
16777
16857
16895
17197
17326
17334
17429
17508
17554
17584
17612
17717
18109
18191
18210
18476
18682
18685
18819
18833
19024
19040
19053
19095
19345
19504
19517
19519
19716
19840
19904
19923
19973
20012
20055
20062
20084
20139
20197
20228
20306
20450
20480
20713
20835
20848
20856
20975
21047
21079
21122
21267
21280
21479
21610
21646
21681
21693
21713
21794
21929
22025
22081
22359
22397
22436
22622
22630
22723
22811
22821
22879
22884
23005
23081
23171
23233
23395
23586
23623
23657
23726
23851
23887
23995
24023
24085
24254
24513
24546
24602
24889
24902
24903
24932
24967
25003
25055
25318
25409
25546
25590
25647
25677
25712
25714
25753
25781
25813
25862
26250
26477
26811
26980
27006
27032
27054
27142
27184
27512
27582
27666
27746
27808
27893
27944
27995
28510
28866
29173
29190
29206
29306
29314
29364
29476
29500
29560
29819
30069
30084
30437
30531
30579
30831
30868
30929
30930
31117
31283
31351
31428
31557
31653
31707
31861
31935
31955
32027
32168
32379
32391
32788
32793
32836
32911
33035
33089
33167
33283
33337
33377
33931
33936
33950
34090
34214
34252
34345
34474
34531
34542
34625
34680
34757
34787
35305
35415
35465
35559
35569
35574
35662
35786
35881
35883
35884
35937
36058
36101
36376
36811
36937
37106
37337
37441
37504
37517
37749
37753
37970
38189
38672
38728
38757
38922
38951
38957
39157
39159
39214
39289
39578
39673
39849
39918
39937
40067
40120
40172
40201
40331
40351
40374
40387
40428
40457
40640
40922
41143
41226
41233
41325
41339
41345
41488
41617
41861
41931
42120
42200
42263
42444
42520
42638
42831
42963
43112
43227
43540
43675
43912
43957
44304
44328
44371
44389
44421
44456
44564
45032
45070
45188
45347
45572
45615
45874
45894
45905
45967
46094
46282
46517
46531
46545
46748
46782
46870
46963
46971
47382
47478
47523
47665
47808
47893
47976
48165
48218
48395
48485
48538
48550
48556
48622
48661
48683
48747
48787
48811
48852
48867
48899
48915
49040
49046
49088
49100
49233
49252
49319
49346
49532
49585
49596
49620
49681
49903
49920
49925
50233
50456
50617
50672
50801
50810
50896
50922
51147
51290
51370
51719
51926
51937
52118
52178
52233
52238
52376
52507
52545
52574
52760
52812
52956
52992
53006
53047
53083
53183
53209
53332
53405
53496
53521
53671
54068
54129
54179
54243
54383
54396
54424
54660
54720
54838
54878
54909
55040
55165
55193
55254
55327
55387
55551
55584
55670
55692
55876
55939
56045
56081
56088
56106
56135
56376
56447
56466
56628
56677
56707
57070
57320
57505
57613
57687
57830
57926
57929
58213
58446
58542
58568
58626
58754
58923
59062
59091
59150
59222
59229
59263
59355
59634
59643
59668
59812
59833
59963
60207
60208
60296
60538
60593
60880
61018
61162
61378
61385
61427
61480
61553
61614
61637
61638
61673
61831
61850
61853
61951
62192
62287
62375
62457
62597
62822
62841
63234
63310
63315
63434
63582
63586
63657
63770
63834
64265
64417
64503
64626
64673
64838
64873
64879
65222
65274
65284
65349
65418
65473
65710
65919
65940
65962
65982
66431
66509
66579
66659
66730
66750
66794
66796
66863
67386
67488
67611
67797
68013
68027
68230
68246
68435
68532
68623
68624
68653
68750
68769
68776
68869
69043
69236
69253
69369
69653
69817
69898
69933
69945
70320
70322
70390
70603
70671
70876
70993
71093
71246
71276
71374
71375
71485
71620
71769
71805
72060
72121
72200
72668
72683
72703
72807
72859
72955
73111
73119
73154
73155
73297
73372
73389
73524
73810
73930
73969
74074
74510
74570
74923
74945
75200
75587
75960
76029
76110
76137
76171
76212
76215
76333
76425
76494
76570
76746
76750
76772
76807
76913
77021
77064
77188
77271
77702
77724
77782
77970
78077
78120
78402
78518
78623
78768
78790
78857
78930
79064
79136
79238
79286
79412
79527
79725
80057
80077
80404
80505
80509
80544
80675
80761
80780
80880
80956
81225
81597
81745
81839
81862
81881
81973
82066
82156
82244
82248
82256
82793
83242
83386
83401
83403
83437
83503
83674
83913
83934
84189
84450
84519
84765
84898
84927
85113
85315
85321
85659
85949
85979
86023
86366
86652
86861
86955
87002
87275
87430
87487
87550
87560
87601
87671
87751
88097
88153
88186
88206
88223
88264
88310
88575
88613
88645
88661
88746
88858
88980
89216
89286
89401
89426
89724
89838
89893
90273
90284
90407
90443
90571
90575
90705
90708
90806
90811
90914
90955
90963
91121
91128
91135
91303
91473
91519
91559
91579
91640
91776
91827
91890
91901
91945
92120
92254
92442
92467
92608
92784
92905
92942
93089
93110
93216
93286
93331
93354
93359
93399
93427
93487
93637
93640
93664
93676
94061
94300
94321
94352
94493
94741
94853
94977
95036
95137
95206
95322
95381
95459
95584
95587
95595
95700
95713
95758
95869
95878
96076
96144
96352
96369
96548
96611
96680
96722
96860
96996
97176
97235
97260
97335
97659
97669
97679
97712
97758
97874
98044
98131
98233
98296
98407
98520
98585
98783
99107
99213
99434
99498
99608
100180
100327
100457
100488
100887
100915
100964
101133
101207
101306
101572
101787
101843
101907
101914
102039
102066
102182
102213
102276
102513
102531
102664
102739
102802
102864
102986
103014
103102
103141
103146
103180
103208
103388
103493
103567
103574
103638
103639
103681
103735
103947
103963
104183
104201
104205
104291
104309
104375
104404
104595
104617
104626
104653
104828
104923
105053
105096
105150
105464
105679
105697
105728
105752
105786
105832
105939
106228
106232
106257
106358
106438
106505
106508
106604
106877
106898
106933
107118
107197
107298
107344
107433
107499
107520
107720
107804
107960
108069
108442
108573
108662
108686
108925
108940
108986
109111
109195
109251
109289
109316
109332
109345
109527
109559
109639
109713
109759
109833
109874
109938
109946
110052
110246
110262
110512
110560
110761
110765
110788
110905
111294
111446
111511
111667
111734
111811
111897
111910
111987
112019
112093
112240
112405
112482
112498
112611
112970
112972
112976
112994
113093
113161
113367
113393
113415
113446
113477
113513
113716
113885
113947
113988
114051
114059
114062
114335
114425
114461
114475
114518
114537
114645
114648
114713
114829
114935
115062
115303
115309
115324
115327
115355
115359
115512
115568
115634
115698
115774
115892
115894
116034
116046
116062
116117
116261
116348
116360
116444
116489
116531
116556
116569
116654
116842
116873
116909
116986
117013
117064
117194
117287
117388
117436
117451
117485
117685
118037
118191
118276
118285
118372
118400
118456
118610
118698
118798
118800
118862
118940
119068
119239
119304
119545
119695
119791
119874
120002
120061
120120
120267
120317
120320
120424
120531
120563
120608
120664
120673
120675
120751
121221
121245
121295
121398
121530
121630
121677
121761
121846
121891
121944
122024
122132
122212
122291
122482
122926
122983
122986
123060
123119
123296
123346
123562
123624
123679
123894
124122
124326
124369
124566
124804
124854
125029
125382
125660
125680
125905
126211
126304
126375
126389
126498
126667
126693
126721
126973
127065
127187
127363
127489
127559
127578
127733
127864
127960
127977
128094
128097
128222
128280
128295
128312
128460
128489
128611
128723
128776
128859
128875
128889
129094
129124
129260
129796
129882
129906
129935
130025
130304
130512
130592
130666
130714
130716
130779
130940
131036
131060
131317
131474
131489
131502
131642
132186
132236
132287
132344
132462
132504
132689
132822
133061
133088
133158
133322
133326
133744
133948
133969
134113
134193
134239
134264
134518
134523
134654
134696
134729
134806
135069
135076
135087
135106
135164
135361
135372
135471
135533
135672
135729
135754
135759
135785
135838
135857
135965
135996
135997
136037
136059
136184
136192
136298
136334
136376
136507
136526
136559
136565
136569
136690
136691
136819
136941
136987
137098
137108
137269
137360
137367
137372
137429
137482
137560
137594
137693
137709
137717
137811
137819
137840
138017
138066
138098
138102
138145
138260
138426
138455
138562
138580
138590
138620
138625
138666
138720
138822
138833
138841
138932
139087
139129
139233
139271
139412
139454
139530
139689
139727
140296
140348
140416
140571
140581
140640
140652
140868
140924
141001
141181
141301
141379
141645
141649
141706
141787
141803
141988
142040
142208
142290
142294
142444
142468
142580
143026
143216
143218
143271
143570
143930
144218
144633
144724
144766
144840
144934
145040
145089
145093
145101
145137
145151
145162
145335
145428
145577
145586
145643
146031
146159
146284
146288
146413
146499
146507
146556
146800
146805
146911
147039
147073
147078
147283
147477
147483
147485
147625
147844
148014
148085
148205
148211
148247
148333
148335
148380
148469
148487
148659
148705
148757
149051
149115
149123
149144
149282
149517
149573
149591
149774
149822
150024
150263
150403
150431
150536
150556
150587
150907
151079
151177
151417
151434
151473
151498
151653
151772
152000
152012
152411
152689
152750
152944
152950
153100
153142
153314
153425
153435
153502
153506
153507
153509
153534
153803
154004
154108
154225
154300
154469
154747
154802
155050
155103
155204
155206
155269
155301
155464
155506
155867
155910
156169
156247
156349
156429
156629
156631
156742
156748
156859
156914
157098
157338
157475
157746
157790
157864
157915
157987
158050
158087
158184
158421
158468
158472
158480
158632
158676
158716
158735
158834
158933
158957
159058
159131
159204
159467
159616
159686
159688
159873
159906
159913
159969
159975
160155
160325
160338
160429
160479
160823
161146
161166
161326
161392
161516
161639
161688
161757
161801
161900
161954
162019
162062
162079
162109
162175
162341
162663
162825
162859
163029
163374
163499
163520
163710
163796
163847
163885
163910
164028
164031
164056
164062
164213
164218
164257
164379
164498
164688
164815
164820
164865
164898
164901
164986
165091
165276
165280
165591
165612
165798
165859
166037
166115
166174
166449
166575
166834
166907
167037
167041
167065
167147
167226
167271
167277
167389
167480
167556
167561
167568
167878
167926
168055
168087
168142
168148
168467
168489
168644
168684
168747
168765
168789
168824
169000
169015
169100
169129
169196
169512
169752
169982
170128
170192
170330
170521
170840
170916
170993
170994
171013
171197
171215
171234
171286
171418
171565
171646
171725
171842
172021
172248
172458
172697
172714
172902
172925
173099
173125
173360
173472
173548
173786
173849
173983
174012
174194
174204
174320
174616
174660
174726
174769
174910
175104
175118
175213
175248
175285
175417
175445
175461
175600
175658
175798
175878
176099
176147
176325
176486
176491
176685
176693
176791
176844
176911
177735
177744
177805
177829
177905
177957
178245
178457
178496
178545
178746
178765
178799
178859
178971
179069
179174
179242
179479
179516
179566
179813
180071
180103
180107
180206
180310
180360
180621
180686
180703
180743
180751
180822
180918
181119
181294
181315
181370
181374
181398
181536
181539
181825
182028
182036
182264
182313
182527
182689
182721
182873
183066
183289
183533
183889
183910
184229
184273
184426
184466
184619
184682
184729
184784
184835
185010
185128
185271
185323
185342
185399
185579
185615
185688
185689
185733
185777
185898
185926
186062
186115
186162
186236
186267
186284
186328
186520
186523
186571
186688
186700
186722
186911
186947
187105
187139
187257
187289
187311
187363
187602
187637
187642
187654
187825
187831
187849
187921
187926
187983
188181
188200
188201
188237
188283
188319
188348
188495
188519
188523
188530
188596
188866
188925
189062
189163
189212
189235
189601
189622
189630
189818
189843
189962
189966
189985
190002
190237
190390
190426
190446
190664
190717
191016
191093
191116
191196
191223
191293
191300
191385
191470
191580
191593
191721
192119
192160
192167
192221
192242
192287
192553
192618
192716
192812
192943
192990
193082
193093
193249
193484
193501
193549
193740
193792
193798
193805
193825
193996
194046
194177
194307
194637
194722
194776
194882
195025
195057
195079
195153
195458
195524
195556
195577
195693
195827
195871
196088
196109
196158
196194
196265
196400
196428
196483
196561
196635
196808
196925
196974
196977
197044
197135
197225
197302
197445
197546
197609
197664
197696
197756
197895
198214
198222
198256
198450
198683
198780
199074
199096
199134
199567
199935
200072
200100
200230
200344
200361
200421
200533
200537
200556
200616
200652
200904
200917
201193
201212
201214
201351
201444
201462
201589
201646
201905
202021
202144
202366
202714
202999
203008
203066
203073
203107
203284
203288
203342
203356
203504
203533
203614
203703
203854
203905
204179
204230
204262
204267
204472
204513
204846
204862
205006
205054
205073
205116
205402
205534
205548
205599
205704
205721
205771
205807
205953
205964
206023
206157
206191
206293
206396
206519
206563
206623
206674
206677
206742
207046
207057
207209
207411
207422
207461
207569
207570
207578
207630
207649
207755
207862
208262
208342
208359
208366
208367
208415
208447
208536
208596
208704
209018
209073
209150
209157
209161
209204
209296
209458
209506
209525
209613
209766
209804
210101
210118
210466
210630
210690
211392
211940
212132
212157
212488
212492
212531
212611
213022
213095
213142
213154
213187
213276
213339
213721
213744
213749
213792
213851
213885
214076
214405
214430
214465
214653
214903
214962
215134
215203
215240
215435
215442
215477
215498
215636
215651
215747
215800
216325
216566
216624
216675
216685
216731
216762
216832
216995
217396
217624
217628
217710
218046
218125
218126
218142
218147
218155
218253
218353
218370
218531
218649
218658
218703
218755
218801
218917
218920
219230
219345
219433
219471
219610
219754
219837
219913
220118
220120
220194
220221
220335
220827
220830
220912
221125
221286
221632
221674
221755
221935
221977
221994
222122
222262
222271
222389
222547
222555
222644
222700
222719
222908
222944
222975
223084
223200
223421
223426
223465
223499
223575
223641
223943
224121
224243
224321
224552
224566
225258
225613
226019
226052
226054
226085
226164
226176
226216
226231
226438
226578
226620
226887
227086
227120
227224
227402
227432
227433
227463
227678
228053
228125
228212
228239
228256
228264
228317
228341
228384
228502
228607
228667
228701
228704
228733
228779
228789
229289
229351
229374
229671
229758
229763
229833
229953
229966
230205
230255
230262
230331
230369
230403
230509
230805
230957
230984
231003
231050
231097
231177
231275
231323
231360
231370
231533
231542
231754
231797
231851
231925
231941
232038
232126
232243
232422
232465
232470
232582
232586
233043
233082
233083
233130
233332
233346
233451
233637
233641
233648
233689
233748
233788
233876
234056
234074
234161
234200
234216
234290
234593
234611
234641
234707
234751
234759
234849
234965
235071
235216
235340
235400
235608
235609
235967
236031
236082
236083
236156
236344
236455
236524
236554
236612
236674
236832
236839
236936
236963
236972
237016
237034
237198
237350
237420
237536
237609
237713
237808
237833
237883
237983
238003
238266
238276
238286
238599
238600
238718
238772
238966
239057
239124
239141
239178
239193
239247
239261
239512
239653
239892
239937
239939
240048
240244
240267
240481
240652
240757
240777
240925
240992
241001
241154
241218
241413
241674
241743
241788
241902
241966
242177
242504
242855
243128
243421
243459
243658
243865
244128
244201
244350
244390
244635
244719
244847
245074
245150
245164
245189
245317
245538
245619
245682
245822
245936
245941
245979
246181
246361
246522
246560
246566
246655
246827
247009
247110
247298
247311
247409
247480
247543
247554
247882
248208
248283
248368
248375
248507
248628
248706
248973
249159
249231
249279
249479
249501
249545
249705
249838
249871
250165
250177
250191
250696
250751
250826
251036
251063
251107
251184
251302
251329
251702
251810
252011
252061
252376
252456
252564
252811
252830
252845
252987
253325
253446
253640
253662
253676
253837
254091
254165
254177
254383
254577
254588
254691
254857
254935
254998
255107
255180
255188
255215
255318
255400
255421
255447
255488
255713
255837
255980
255999
256062
256109
256197
256245
256255
256256
256452
256487
256498
256508
256616
256654
256671
256884
256939
257010
257047
257113
257239
257378
257543
257641
257770
257905
258047
258077
258142
258255
258262
258430
258668
258677
258686
258915
258933
258984
259256
259337
259707
259803
259821
259952
260152
260219
260277
260279
260493
260494
260529
260907
260933
260990
261266
261267
261438
261740
261786
261788
261985
262506
262642
262695
262757
262763
263030
263095
263196
263396
263477
263486
263625
263670
263677
263760
263790
263803
263833
263865
264078
264081
264124
264214
264294
264325
264375
264457
264571
264792
265041
265068
265092
265478
265549
265623
265810
266017
266320
266447
266468
266524
266552
266599
266662
266720
266764
266898
267225
267233
267384
267424
267485
267598
267614
267617
267659
267822
267901
267977
268038
268226
268245
268264
268351
268541
268712
268724
268886
268965
269056
269270
269719
269809
269829
269830
269928
270035
270085
270259
270336
270378
270400
270463
270548
270730
270772
270895
270896
270926
271040
271072
271091
271193
271245
271256
271362
271600
271610
271612
271685
271786
271816
271881
272052
272158
272286
272491
272532
272533
272668
272812
273230
273306
273322
273420
273438
273445
273593
273606
273623
273670
273717
273774
273950
274040
274052
274085
274377
274588
274656
274671
274832
275078
275191
275193
275269
275448
275568
275581
275728
275793
275907
275963
276071
276244
276283
276327
276457
276512
276639
277047
277284
277311
277337
277551
277587
277610
277706
277747
277781
277813
277897
278034
278141
278204
278211
278393
278439
278489
278590
278597
278750
278849
278888
278931
279093
279210
279214
279222
279263
279277
279396
279450
279621
279911
279931
279948
280032
280297
280372
280382
280397
280633
280755
280852
281250
281331
281541
281664
282061
282567
282578
282786
282815
282948
282992
283342
283431
283470
283536
283592
283720
283928
283952
283981
284008
284055
284189
284206
284377
284424
284441
284449
284554
284644
284753
284926
284937
284941
285143
285308
285338
285345
285436
285566
285916
285966
285988
285998
286190
286231
286354
286422
286493
286513
286867
287130
287168
287409
287428
287501
287508
287595
287602
287955
287999
288060
288828
288973
289043
289045
289049
289078
289132
289242
289283
289327
289328
289353
289608
289665
289709
289811
289876
290008
290030
290210
290338
290359
290384
290408
290481
290489
290584
290628
290918
290938
291038
291524
291541
291555
291593
291602
291826
291906
291925
291941
292001
292114
292128
292146
292180
292235
292349
292378
292393
292513
292518
292630
292666
292677
292764
292766
292801
292908
292924
292933
292937
292941
292980
293013
293202
293275
293462
293524
293600
293794
293854
293889
293947
293989
294078
294161
294263
294409
294440
294543
294744
294811
294964
295197
295203
295289
295417
295510
295548
295563
295574
295587
295883
295898
295928
296427
296435
296506
296539
296631
296666
296831
296937
296959
297122
297369
297516
297557
297565
297615
297798
297849
297853
297889
297903
298216
298290
298328
298374
298401
298424
298427
298745
298820
299153
299324
299365
299455
299593
299594
299748
299758
299859
300207
300215
300280
300359
300376
300512
300634
300872
301205
301266
301290
301314
301449
301486
301827
302161
302258
302327
302592
302868
302968
303203
303219
303233
303397
303413
303752
303842
304102
304145
304253
304265
304339
304359
304413
304420
304646
304652
304984
305004
305044
305276
305490
305724
305744
305813
305825
305853
306195
306339
306387
306496
306620
306754
306811
306863
306889
306925
307235
307316
307335
307553
307675
307932
308097
308257
308470
308483
308713
308798
308819
308829
308954
309046
309066
309213
309397
309399
309440
309503
309566
309634
309799
309825
309850
309859
309860
309912
310054
310266
310296
310319
310355
310372
310501
310566
310641
310723
310784
310801
310811
310870
310960
311052
311314
311348
311651
311833
311988
312014
312078
312095
312279
312289
312307
312362
312406
312634
312697
312806
312865
312869
312911
312921
313019
313109
313111
313139
313184
313307
313517
313673
313827
313912
313971
314100
314110
314153
314242
314309
314333
314430
314471
314493
314497
314529
314535
314580
314674
314688
314794
314913
314948
315028
315150
315220
315273
315282
315313
315399
315615
315747
316018
316094
316125
316336
316445
316513
316573
316674
316753
316774
317074
317171
317243
317360
317391
317424
317463
317513
317579
317805
317859
317870
317939
318082
318097
318182
318256
318379
318692
318734
318937
318994
319148
319180
319416
319419
319477
319741
319870
320090
320340
320406
320410
320779
320801
321009
321090
321135
321194
321237
321239
321256
321514
321636
321643
321784
321809
321918
321986
322142
322431
322436
322677
322698
322711
322792
322817
322897
323008
323165
323264
323391
323526
323630
323640
323785
324003
324017
324088
324103
324292
324432
324514
324626
324715
324811
324832
324903
325101
325189
325201
325224
325256
325384
325500
325551
325679
325808
325820
325833
325853
325892
325961
326046
326079
326148
326193
326281
326382
326508
326570
326835
326905
326947
327099
327148
327370
327507
327527
327596
327701
327715
327739
327837
327845
327904
328154
328240
328392
328473
328493
328563
328786
328798
328840
328859
328879
329055
329088
329092
329146
329184
329379
329653
329709
329772
329842
329962
330132
330160
330189
330299
330505
330544
330651
331068
331220
331251
331279
331365
331463
331563
331676
331680
331761
331903
332184
332221
332282
332356
332561
332702
333229
333240
333371
333872
333948
334182
334270
334357
334369
334621
334781
334805
335119
335162
335164
335252
335272
335311
335333
335395
335553
335592
335803
335829
335959
335985
336015
336174
336229
336264
336317
336334
336381
336592
336598
336615
336751
336909
337063
337126
337269
337331
337391
337621
337633
337671
337678
337697
337762
337938
338090
338147
338323
338352
338446
338451
338480
338602
338612
338637
338715
339017
339153
339288
339537
339552
339590
339720
339733
339779
339892
339987
340137
340165
340171
340181
340194
340203
340355
340453
340659
340674
340688
340708
341226
341318
341319
341390
341562
341675
341903
341914
341993
342078
342216
342270
342284
342293
342414
342473
342538
343074
343079
343106
343159
343236
343311
343348
343455
343478
343487
343675
343709
343897
343935
344123
344206
344298
344363
344403
344444
344585
344639
344749
344869
344974
345071
345085
345170
345256
345498
345568
345613
345711
345751
345789
345937
346070
346139
346293
346431
346441
346682
346800
346862
346902
347044
347050
347071
347221
347236
347333
347418
347554
347706
347745
347843
347873
347929
348032
348074
348091
348238
348302
348330
348420
348530
348624
348655
348674
348718
348820
348884
348908
349063
349065
349136
349138
349260
349292
349312
349547
349554
349566
349595
349688
349743
349923
349976
350021
350133
350383
350497
350535
350688
350698
350699
350777
350835
350936
350999
351010
351184
351313
351383
351394
351459
351468
351579
351620
351651
351938
351975
352004
352193
352255
352272
352721
352749
352913
352996
353081
353116
353125
353145
353199
353313
353322
353335
353605
353738
353826
353915
353923
353952
353994
354004
354109
354343
354578
354683
354972
354980
354982
355013
355104
355256
355556
355709
355764
356050
356100
356143
356147
356197
356279
356403
356490
356542
356551
356578
356585
356639
356840
356920
356988
356993
356996
357060
357083
357316
357434
357499
357501
357504
357635
357644
357787
358157
358237
358434
358469
358477
358517
358725
358727
358774
358821
359055
359069
359281
359316
359383
359468
359493
359679
359743
359825
359849
359872
360111
360168
360205
360435
360481
360587
360616
361156
361194
361286
361292
361386
361468
361581
361604
361613
361663
361831
362072
362081
362315
362618
362915
362969
363006
363038
363042
363104
363310
363349
363534
363836
363847
363924
364007
364043
364223
364395
364621
364747
364761
364786
364899
365090
365189
365206
365246
365380
365502
365519
365520
365534
365633
365875
365879
365959
366070
366072
366300
366329
366427
366830
366874
366919
366973
367022
367051
367083
367163
367181
367398
367474
367543
367589
367714
367798
367808
367990
367993
368632
368645
368799
368870
369100
369134
369410
369411
369616
369703
369883
369934
370294
370312
370372
370520
370663
370794
370857
371207
371227
371594
371848
371942
372074
372283
372285
372375
372435
372440
372534
372649
373154
373185
373301
373498
373554
373600
373664
373706
373883
373893
373947
374000
374019
374103
374124
374187
374250
374332
374337
374458
374498
374527
374662
374720
374885
374894
375090
375168
375404
375614
375740
375743
375785
375907
375942
376032
376245
376295
376379
376438
376530
376540
376662
376717
376763
377113
377124
377151
377245
377612
377888
377903
378078
378161
378758
378850
378925
378962
378999
379075
379187
379536
379719
379757
379770
379987
380065
380138
380241
380292
380332
380342
380347
380374
380487
380526
380555
380749
380784
380991
381061
381167
381264
381349
381549
381571
381759
381967
382019
382124
382207
382562
382568
382683
382700
382886
383104
383157
383194
383373
383560
383679
383694
383699
383769
383999
384054
384087
384122
384625
384805
384806
385032
385117
385125
385134
385198
385210
385223
385244
385327
385338
385423
385539
385642
385787
385864
386011
386081
386112
386159
386166
386264
386405
386593
386621
386753
386820
387248
387283
387318
387369
387382
387444
387939
387991
388004
388237
388411
388428
388476
388488
388562
388594
388614
388623
388871
388948
389002
389066
389079
389172
389191
389223
389579
389705
389714
389833
389859
390198
390264
390459
390469
390684
390699
390777
390924
391013
391070
391309
391505
391528
391597
391598
391737
391774
391928
392007
392055
392101
392270
392385
392504
392505
392617
392888
392988
393011
393043
393181
393210
393227
393396
393460
393474
393539
393657
393661
393933
394026
394673
394716
394790
394841
394955
395110
395174
395175
395200
395238
395240
395334
395441
395536
395755
396002
396025
396061
396124
396275
396512
396589
396616
396632
396723
396776
396855
396958
396984
397162
397330
397389
397457
397460
397500
397564
397993
398080
398145
398644
398797
398839
398892
398941
398982
399073
399097
399111
399205
399210
399259
399276
399358
399811
399840
399890
399990
400077
400304
400345
400455
400467
400537
400610
400643
400645
400668
400737
400856
400971
400978
401391
401479
401607
401669
401695
401734
401802
401838
401847
401853
401888
401943
402026
402030
402062
402108
402205
402212
402273
402315
402335
402352
402496
402721
402830
403045
403183
403310
403419
403620
403628
404017
404205
404349
404374
404566
404649
404711
404789
404822
404826
404872
404940
404996
405136
405151
405209
405339
405393
405402
405403
405463
405679
405694
405766
405792
405832
405903
405926
405971
406314
406334
406354
406523
406669
406888
407080
407263
407343
407446
407523
407726
407764
407769
407809
407844
408022
408134
408200
408211
408234
408246
408253
408304
408373
408401
408411
408509
408750
408779
408833
408834
408902
408948
409218
409506
409524
409564
409565
409599
409667
409717
409719
409843
409932
409996
410017
410119
410270
410283
410307
410327
410334
410373
410503
410510
410519
410758
411390
411419
411536
411594
411621
411743
411762
411776
412046
412097
412126
412266
412463
412605
412614
412687
412723
412813
412973
412987
412994
413027
413028
413149
413305
413510
413727
413904
413913
414005
414031
414178
414309
414361
414366
414393
414532
414591
414625
414870
414921
414950
415184
415203
415372
415572
415679
415692
415754
415843
415876
415922
416242
416267
416467
416477
416525
416677
416713
416842
416843
416898
417097
417136
417241
417436
417484
417540
417563
417909
417921
417936
417993
418284
418310
418359
418458
418607
419223
419438
419440
419566
419589
419673
419708
419857
419993
420127
420161
420234
420265
420415
420439
420561
420676
420740
420970
421015
421052
421165
421215
421605
421608
421808
421843
421919
422132
422153
422165
422363
422376
422523
422599
422627
422638
422699
422785
422812
422943
422955
423121
423381
423384
423397
423410
423842
423850
423856
423857
423877
423908
424038
424039
424062
424064
424276
424310
424391
424454
424526
424581
424591
424621
424643
424668
424790
424909
425112
425134
425232
425258
425389
425404
425531
425666
425766
425805
425862
425872
425888
425929
425933
425991
426033
426058
426199
426216
426271
426382
426437
426537
426634
426750
426807
427129
427549
427555
427571
427770
427946
428245
428248
428384
428451
428503
428520
428604
428671
428673
428712
428734
428745
428936
428940
429162
429306
429365
429474
429506
429769
429785
429964
430016
430043
430062
430177
430344
430427
430475
430569
430610
430651
430669
430694
430767
430776
430906
431135
431149
431173
431326
431540
431659
431971
432293
432391
432497
432542
432593
432661
432768
432775
432885
432898
433054
433179
433274
433393
433763
433795
433809
433908
433922
434158
434297
434310
434364
434438
434475
434476
434596
434802
434814
434817
434934
435024
435033
435136
435298
435329
435519
435640
435856
435912
435952
436025
436061
436064
436103
436113
436216
436301
436344
436415
436473
436506
436507
436568
436635
436682
436686
436735
436902
436944
437084
437149
437157
437171
437208
437357
437548
437551
437590
437615
437686
437691
437764
437785
437858
437960
438117
438146
438217
438240
438276
438429
438472
438535
438726
438727
438886
438963
439202
439207
439275
439292
439663
439704
439773
439992
440026
440134
440485
440609
440692
440713
440725
440792
440815
440829
440840
440847
441108
441273
441352
441378
441436
441558
441829
441883
441913
441972
442192
442202
442244
442267
442396
442410
442417
442501
442708
442766
442998
443094
443163
443351
443434
443451
443517
443635
443840
443925
443956
444205
444244
444282
444354
444383
444390
444517
444631
444793
444796
444803
445053
445092
445190
445268
445526
445740
445870
445899
446052
446136
446142
446199
446309
446521
446622
446676
447017
447234
447255
447339
447443
447570
447577
447724
447876
447965
448099
448136
448212
448311
448323
448455
448468
448506
448571
448590
448607
448788
448912
448914
448982
449043
449051
449070
449075
449105
449154
449197
449255
449556
449592
449833
449860
450049
450063
450180
450242
450284
450549
450553
450630
450655
450819
450942
451000
451068
451155
451233
451270
451294
451318
451346
451395
451462
451536
451684
451750
451793
451802
451924
451948
452147
452188
452214
452234
452271
452291
452322
452357
452373
452409
452530
452545
452652
452756
452798
452884
452938
453277
453328
453423
453569
453630
453758
453764
453842
453954
453965
453971
453991
454067
454179
454201
454636
454649
455008
455021
455072
455253
455539
455565
455626
455692
455726
455732
455796
456053
456084
456193
456290
456499
456543
456646
456844
456992
457163
457389
457439
457454
457510
457739
457989
458086
458335
458456
458778
458795
459273
459349
459659
459723
459731
459765
459879
459923
459927
460023
460288
460341
460368
460472
460484
460547
460585
460806
460879
460882
460966
461088
461121
461217
461253
461262
461283
461350
461370
461402
461419
461749
461768
461978
462119
462258
462334
462415
462453
462572
462751
462790
463013
463055
463100
463301
463388
463393
463462
463475
463579
463649
463687
463902
463987
464083
464356
464542
464777
464931
464942
465007
465024
465081
465116
465141
465149
465184
465290
465293
465318
465381
465432
465490
465536
465562
465591
465609
465707
465812
465827
466644
466792
466821
467114
467167
467287
467421
467475
467938
467970
468028
468117
468177
468223
468319
468434
468526
468550
468651
468703
468770
468859
468864
468902
468975
469120
469162
469250
469258
469285
469371
469533
469616
469625
469729
469763
469782
469796
470100
470183
470185
470188
470246
470336
470405
470483
470539
470622
470777
471534
471770
471785
472279
472443
472544
472631
472658
472682
472745
472754
472818
472892
472924
472927
473046
473130
473239
473330
473589
473644
473645
473742
473822
473909
473933
473969
474049
474160
474178
474236
474240
474307
474333
474420
474506
474544
474548
474557
474588
474847
474918
474934
475042
475132
475378
475816
476213
476331
476358
476429
476474
476619
476646
476694
476699
476703
476896
476904
476976
477167
477267
477278
477404
477657
477682
477798
477915
477941
478104
478154
478694
478742
478756
478759
478760
478865
478893
479071
479097
479143
479193
479214
479457
479499
479500
479702
479705
479878
479946
480026
480262
480304
480424
480439
480455
480477
480537
480562
480590
480692
481068
481386
481471
481484
481489
481535
481600
481794
481966
482037
482084
482134
482284
482287
482317
482702
482864
482870
482952
483041
483263
483272
483643
483764
483815
483862
484088
484108
484136
484340
484765
484851
484882
484915
484953
484965
485017
485133
485162
485278
485360
485574
485668
485686
485877
485889
485962
486023
486100
486104
486185
486225
486353
486400
486477
486497
486499
486615
486647
486764
486884
487092
487125
487273
487325
487369
487382
487492
487552
487628
487631
487638
487749
487757
487862
487886
488144
488243
488263
488361
488452
488588
488617
488644
488963
489193
489213
489310
489315
489458
489727
489848
489949
490056
490144
490147
490172
490179
490368
490563
490573
490612
490810
490923
490952
491132
491241
491243
491317
491380
491409
491439
491586
491598
491670
491683
491824
491900
491956
492065
492077
492215
492275
492634
492681
492700
492846
492913
492923
492966
493024
493127
493356
493382
493563
493572
493730
493898
494185
494341
494482
494483
494639
494866
494979
495273
495303
495383
495609
495952
496200
496246
496376
496379
496609
496973
497172
497229
497330
497527
497761
498042
498167
498203
498308
498315
498519
498640
498767
499041
499052
499153
499163
499377
499574
499652
499860
499972
500041
500060
500222
500400
500436
500500
500762
500790
501223
501584
501591
501741
501746
501932
502166
502188
502241
502265
502278
502787
502870
502928
503026
503044
503056
503086
503095
503237
503279
503489
503547
503790
503926
503976
504018
504035
504054
504145
504167
504303
504561
504648
504785
504786
504806
505006
505094
505346
505486
505729
505785
505834
505953
505984
505996
506077
506154
506289
506311
506340
506408
506487
506507
506549
506599
506731
506742
506798
506998
507184
507350
507408
507462
507478
507660
507685
507748
507787
507929
508171
508265
508810
508857
509041
509202
509258
509349
509385
509738
509851
509856
509963
510103
510124
510130
510150
510249
510261
510311
510409
510488
510546
510553
510604
510655
510792
510884
510895
510907
511298
511434
511489
511535
511546
511595
511611
511628
511709
511937
511977
512010
512148
512180
512241
512372
512459
512488
512636
512692
512775
512791
512883
513260
513310
513479
513649
513661
513756
513835
514036
514205
514254
514334
514344
514398
514433
514506
514664
514722
514788
514818
514884
515259
515270
515272
515287
515348
515402
515604
515898
515956
516115
516250
516295
516355
516392
516452
516474
516850
517013
517098
517101
517106
517259
517263
517296
517326
517550
517628
517677
517902
517922
517977
517999
518007
518246
518622
518629
518639
518737
518770
519031
519257
519348
519516
519735
519860
519864
520008
520339
520351
520652
520680
520804
521019
521111
521173
521182
521237
521526
521609
521676
521760
521836
521847
521860
521869
522281
522403
522517
522895
523061
523135
523149
523240
523346
523395
523653
523691
523718
523902
523950
524038
524095
524324
524347
524469
524626
524686
524792
524895
524932
525107
525225
525255
525297
525340
525427
525671
525710
525770
525845
526032
526207
526455
526510
526653
526668
526780
526913
527063
527198
527199
527284
527335
527348
527382
527417
527435
527686
527959
528003
528114
528262
528331
528393
528478
528527
528573
528904
528922
529055
529071
529108
529159
529286
529313
529390
529425
529634
529663
529702
529760
529907
529999
530168
530229
530408
530496
530512
530707
530762
530823
530890
530951
530967
530969
531009
531092
531512
531519
531529
531715
531877
531905
532009
532021
532055
532162
532243
532293
532426
532540
532811
532815
532966
532975
532981
533081
533227
533295
533306
533318
533434
533541
533774
533827
533853
533914
533943
534123
534208
534219
534244
534300
534400
534849
534858
534956
535113
535206
535207
535421
535439
535565
535595
535743
535749
535778
535826
535949
536136
536187
536192
536231
536261
536285
536400
536578
536640
536670
536792
536891
536927
536995
537072
537115
537509
537646
537668
537725
537944
538099
538140
538229
538476
538492
538515
538528
538536
538583
538591
538593
539036
539102
539252
539707
539825
539898
539954
539990
540124
540389
540477
540596
540611
540712
540901
541060
541146
541163
541217
541540
541743
541776
541811
541961
542038
542424
542649
542677
542685
542697
542704
542843
542881
543066
543070
543236
543258
543261
543384
543458
543555
543618
543973
544242
544246
544435
544482
544596
544604
544906
544989
545149
545154
545181
545261
545494
545668
545830
545928
546032
546126
546278
546351
546488
546536
546623
546666
546696
546722
546756
547155
547160
547245
547479
547868
547914
548395
548500
548538
548628
548637
548651
548896
549141
549201
549248
549618
549699
549892
549951
549995
550001
550080
550178
550193
550405
550492
550608
550653
550765
550807
550876
550998
551003
551052
551104
551141
551428
551609
551617
551643
551803
551941
552053
552065
552082
552196
552225
552367
552408
552419
552462
552561
553147
553174
553184
553293
553389
553491
553588
553609
553610
553662
553738
553974
554145
554286
554414
554480
554540
554579
554595
554686
554790
554841
555069
555177
555361
555590
555805
555978
556164
556193
556233
556289
556372
556395
556509
556772
556814
556993
556995
557025
557194
557311
557330
557715
557765
557790
557986
558006
558060
558075
558118
558175
558251
559056
559122
559219
559251
559318
559352
559644
559727
559749
559762
559766
560145
560170
560176
560275
560718
560800
560836
560859
560915
561144
561148
561203
561533
561568
561593
561690
561724
561752
562045
562201
562310
562413
562498
562674
562739
562782
562788
562790
562857
562859
562924
562954
563039
563123
563180
563466
563594
563648
563671
563740
563815
563835
563922
563980
564111
564113
564280
564445
564540
564555
564699
564737
564857
565190
565198
565519
565589
566008
566088
566214
566419
566463
566540
566589
566624
566719
566797
566857
566995
567008
567303
567331
567346
567347
567602
567683
567750
567769
567824
567878
567920
567950
567967
568027
568063
568065
568085
568135
568162
568215
568229
568302
568333
568408
568618
569048
569142
569151
569159
569330
569452
569466
569600
569632
569734
569946
570044
570070
570111
570141
570256
570523
570545
570722
570855
570901
571219
571254
571311
571493
571498
571510
571573
571638
571906
571971
572074
572201
572296
572475
572562
572625
572680
572747
572878
572967
573123
573335
573383
573434
573452
573754
573895
573907
573928
574053
574371
574411
574482
574870
574889
575013
575014
575057
575090
575189
575220
575286
575605
575638
575641
575810
576143
576347
576352
576586
576732
576734
576891
577021
577222
577423
577622
577698
578023
578044
578274
578281
578571
578642
578697
578707
578785
578910
579033
579102
579218
579238
579580
579749
579929
579940
579984
579986
580050
580503
580873
580927
581200
581285
581311
581631
581810
581930
581993
582201
582258
582369
582381
582432
582500
582514
582575
582576
582714
582724
582857
582882
582949
583026
583098
583138
583146
583221
583282
583347
583396
583436
583578
583808
583911
584000
584028
584038
584148
584335
584417
584528
584531
584655
584670
584788
584793
584960
585026
585133
585717
585720
585787
586001
586018
586053
586097
586319
586337
586427
586637
586667
586698
586987
587143
587293
587362
587386
587393
587469
587470
587486
587533
587630
587710
587739
587878
588066
588119
588189
588227
588249
588326
588396
588581
588605
588627
588645
588713
588824
588826
588847
588879
588994
589067
589100
589312
589371
589472
589603
589627
589733
589864
589967
590105
590188
590226
590313
590389
590391
590393
590456
590517
590541
590670
590717
590744
590867
591187
591339
591698
591705
591803
592026
592123
592350
592644
592669
592686
592703
592736
592857
592917
593025
593074
593297
593586
593654
593755
593813
593841
594017
594199
594256
594343
594346
594398
594412
594719
594822
594893
594953
594974
595147
595164
595283
595417
595550
595572
595656
595887
595954
595991
596005
596134
596267
596335
596355
596493
596522
596719
596765
596859
596880
596910
597018
597030
597134
597359
597390
597531
597785
597901
597990
598097
598217
598240
598399
598526
598867
598892
598906
598909
598912
599187
599404
599528
599579
599670
599774
600003
600010
600081
600164
600191
600232
600544
600557
600560
600622
600675
600809
600927
601017
601147
601271
601298
601330
601364
601385
601706
601771
601862
601908
601945
601977
602010
602103
602135
602137
602204
602259
602370
602465
602469
602546
602662
602703
603023
603124
603206
603600
603673
603727
603802
603992
604060
604073
604092
604192
604462
604508
604637
604875
604998
605050
605250
605307
605373
605425
605568
605677
605946
606013
606330
606336
606446
606948
607125
607161
607404
607412
607474
607783
607807
607861
608085
608146
608225
608277
608296
608605
609050
609165
609274
609367
609368
609388
609493
609580
609658
609739
609827
609847
610075
610131
610135
610165
610220
610671
610681
610810
610975
610998
611351
611358
611529
611586
611653
611691
611771
612028
612092
612275
612291
612445
612575
612604
612675
612731
612749
612760
612921
612939
613006
613104
613163
613164
613165
613189
613195
613539
613920
614096
614150
614242
614250
614261
614329
614330
614497
614600
614631
614772
614782
614851
614912
615388
615435
615560
615719
615992
616013
616159
616464
616485
616568
616922
616995
617006
617029
617166
617167
617200
617228
617368
617475
617500
617714
617771
617811
617935
617998
618026
618037
618044
618075
618079
618184
618209
618308
618347
618369
618376
618474
618516
618532
618548
618720
618769
618856
619160
619540
619705
619724
619816
620308
620993
621373
621421
621545
621778
622055
622090
622184
622288
622355
622840
622890
622954
622955
623249
623345
623365
623509
623698
623910
623916
624126
624207
624211
624255
624464
624524
624622
624800
625056
625121
625153
625172
625254
625281
625415
625484
625513
625535
625629
625666
625768
625819
625851
626021
626043
626093
626483
626565
626570
626617
626916
627050
627056
627096
627152
627315
627324
627414
627459
627510
627627
627757
627782
627791
627797
627936
627938
627948
627949
628089
628288
628330
628424
628594
628687
628732
628979
628986
629080
629157
629539
629752
629795
629821
629920
629948
630049
630520
630531
630622
630875
630965
631338
631368
631401
631632
631640
632002
632029
632115
632169
632179
632456
632461
632532
632577
632596
632601
632618
632669
632710
632727
632819
632848
633047
633165
633187
633197
633306
633311
633363
633411
633428
633445
633525
633672
633989
634006
634134
634160
634594
634634
634688
634781
634790
634814
634835
634960
635133
635393
635423
635444
635480
635546
635575
635581
635816
635837
635921
635936
636029
636079
636364
636391
636536
636566
636820
636841
636857
636924
636983
637111
637165
637202
637284
637344
637497
637527
637611
637700
637764
637861
637948
637987
638057
638086
638200
638237
638325
638468
638559
638585
638676
638981
639246
639394
639591
639638
639798
639971
640065
640081
640147
640162
640222
640317
640351
640433
640482
640529
640772
640773
640796
641162
641353
641412
641676
641925
641934
641935
641986
642032
642077
642189
642275
642282
642319
642403
642527
642559
642589
642615
642660
642972
643057
643093
643273
643278
643313
643413
643463
643924
643967
644281
644339
644358
644550
644614
644616
644620
644956
645036
645059
645070
645251
645335
645371
645630
645806
645831
645935
645969
646200
646313
646504
646570
646843
646906
647099
647408
647511
647560
647626
647664
647894
647914
648023
648033
648136
648224
648244
648268
648467
648713
648844
648894
648932
649176
649197
649310
649769
649904
649958
650047
650048
650058
650115
650156
650279
650305
650308
650444
650846
651080
651130
651162
651229
651452
651481
651484
651511
651838
651902
651975
652011
652018
652269
652279
652282
652304
652398
652408
652464
652626
652661
652705
652798
652864
652880
653098
653243
653403
653724
653814
653852
653883
653888
653900
654041
654077
654133
654429
654585
654786
654794
654883
654979
655392
655399
655408
655457
655826
655906
655913
656047
656064
656269
656400
656521
656639
656759
656831
656880
656949
656980
657021
657119
657196
657335
657544
657755
657804
657891
658058
658136
658473
658668
658806
659189
659269
659298
659332
659473
659533
659587
659609
659645
659753
659834
659868
659884
659894
660204
660212
660390
660476
660484
660550
660699
660715
660752
660959
661040
661056
661057
661185
661191
661419
661508
661636
661655
661656
661818
661939
661947
662039
662071
662175
662228
662266
662269
662444
662528
662560
662629
662677
663041
663055
663514
663758
663787
663878
663930
663962
664113
664118
664144
664201
664530
664615
664768
664913
665241
665279
665366
665520
665563
666043
666204
666249
666253
666472
666546
666722
666784
667042
667247
667351
667613
667620
667642
667659
667703
667748
667844
668393
668412
668427
668469
668528
668560
668626
668637
668648
668682
668749
668900
668943
669031
669089
669393
669600
669617
669658
669866
669901
670136
670208
670232
670260
670389
670574
670918
671068
671110
671163
671228
671564
671585
671623
671667
671766
671776
671881
671904
672374
672511
672512
672906
672935
672953
673121
673137
673139
673192
673236
673265
673277
673436
673565
673633
673650
673692
673730
673751
673763
674132
674144
674257
674328
674363
674405
674497
674547
674562
674675
674740
674819
674947
675118
675237
675284
675361
675473
675641
675920
675942
676055
676219
676235
676279
676325
676373
676574
676581
676663
676668
676743
677021
677091
677111
677123
677135
677140
677234
677238
677299
677411
677502
677887
677952
677954
678125
678131
678198
678237
678322
678352
678485
678623
678716
678874
679069
679087
679135
679288
679516
679542
679652
679665
679715
679731
679968
679995
680006
680282
680285
680297
680402
680792
680987
680998
681016
681087
681144
681357
681386
681481
681924
681983
682048
682062
682073
682128
682332
682505
682839
683065
683407
683481
683550
683713
683747
683943
683997
684337
684345
684425
684591
684601
684730
684835
684904
685141
685156
685203
685699
685881
685905
686138
686279
686302
686304
686488
686500
686502
686561
686595
686765
686840
686880
687094
687181
687222
687230
687455
687482
687604
687662
687905
688054
688278
688371
688412
688474
688581
688595
688609
688735
688821
689358
689433
689629
689662
689686
689763
689857
689876
689895
689957
690006
690223
690322
690362
690380
690475
690506
690583
690628
690761
690794
690884
690944
691038
691039
691120
691190
691241
691273
691358
691535
691680
691690
691772
691854
691988
692022
692058
692342
692434
692447
692646
692699
692725
692865
692919
692950
693028
693059
693077
693092
693174
693187
693512
693631
693772
694001
694094
694213
694217
694297
694350
694381
694576
694581
694585
694811
694986
695014
695134
695387
695404
695824
695861
695963
695975
695988
696114
696168
696184
696310
696314
696413
696433
696573
696959
696981
697139
697398
697429
697581
697592
697708
697737
697847
697914
698136
698242
698279
698288
698446
698505
698638
698707
698733
698961
699116
699430
699470
699500
699524
699709
699712
699742
699828
699922
699941
700182
700210
700216
700224
700410
700688
700910
700971
701152
701214
701270
701302
701426
701468
701535
701555
701579
701642
701650
701743
701851
702053
702161
702260
702308
702365
702470
702477
702533
702578
702620
702635
702687
702734
702770
702802
702855
702856
702983
703096
703098
703203
703265
703271
703510
703625
703749
703768
704245
704321
704406
704484
704501
704625
704670
704932
705071
705276
705495
705515
705604
705634
705648
705721
705729
705769
705794
705846
705892
705920
705956
705984
706030
706156
706376
706377
706557
706689
707172
707201
707235
707248
707346
707440
707651
707667
707803
707963
707992
708006
708053
708233
708252
708423
709040
709054
709089
709156
709161
709210
709305
709363
709411
709508
709627
709832
709890
709939
709973
710226
710244
710367
710484
710746
710781
710962
711006
711080
711234
711237
711529
711592
711656
711783
711808
711809
712003
712094
712181
712194
712243
712252
712512
712544
712655
712750
712772
712840
712918
712964
713004
713208
713266
713301
713389
713554
713695
713778
713790
713813
713872
714294
714303
714331
714358
714578
714661
714712
714737
715140
715217
715223
715320
715352
715363
715541
715563
715711
715776
715902
715951
715956
716080
716113
716450
716508
716567
716590
716740
716843
716856
717021
717030
717305
717422
717499
717657
717673
717687
717754
718038
718202
718271
718314
718515
718603
718629
718685
718695
718963
719039
719124
719146
719295
719305
719314
719404
719769
719810
719818
720145
720270
720436
720665
721026
721169
721172
721181
721204
721223
721230
721352
721542
721569
721620
721742
721849
721912
722012
722095
722238
722317
722338
722435
722461
722562
722876
722929
722942
723070
723078
723122
723238
723346
723418
723420
723430
723438
723482
723595
723606
723654
723702
723739
724093
724304
724400
724435
724593
724703
724797
724800
724892
724920
724933
725063
725117
725212
725404
725729
725905
726075
726141
726264
726296
726457
726476
726510
726515
726533
726656
726737
726851
726854
726904
726912
726973
727010
727047
727147
727231
727690
727855
728042
728163
728173
728197
728305
728326
728437
728440
728516
728544
728585
728625
728663
728763
728776
728864
728913
728919
728965
728971
729150
729163
729235
729279
729286
729520
729567
729651
729902
730034
730050
730072
730450
730743
730748
730887
730893
730996
731094
731195
731315
731351
731464
731593
731610
731779
731883
731962
732061
732128
732261
732292
732306
732329
732529
732601
732717
732728
732746
732840
732876
732968
733111
733152
733227
733262
733427
733613
733646
733899
733987
734258
734283
734367
734375
734446
734663
734753
734763
734783
734789
734875
735196
735242
735289
735322
735477
735531
735532
735610
735714
736010
736068
736157
736178
736210
736248
736274
736320
736340
736382
736403
736578
736765
737001
737004
737140
737241
737310
737346
737450
737476
737933
737977
737983
737991
738045
738096
738123
738179
738188
738214
738227
738248
738480
738537
738551
738564
738945
739161
739176
739251
739289
739307
739334
739465
739552
739600
739721
739774
739877
739935
739940
740009
740080
740239
740270
740328
740391
740580
740633
740641
740983
741088
741097
741253
741321
741367
741508
741556
741664
741901
742401
742451
742725
743227
743528
743537
743554
743565
743728
743769
743828
743865
743910
743916
743948
744145
744155
744427
744546
744753
744925
744991
744992
745020
745288
745622
745643
745786
745816
745969
746002
746017
746127
746287
746290
746316
746337
746500
746615
746892
747026
747320
747338
747563
747757
748484
748504
748554
748622
748831
748941
748974
749003
749037
749197
749202
749492
749550
749556
749675
749681
749998
750001
750056
750150
750398
750409
750493
750575
750595
750631
750698
750773
751096
751205
751274
751478
751887
751951
751959
752039
752128
752132
752168
752185
752382
752560
752671
752840
752955
753055
753117
753231
753442
753465
753523
753555
753755
753787
753901
753922
754055
754202
754273
754283
754503
754588
754679
754827
755155
755250
755306
755763
755860
755973
755981
756053
756109
756321
756378
756392
756427
756469
756646
756704
756794
756881
756893
757040
757307
757376
757388
757470
757512
757569
757613
757807
758111
758141
758203
758206
758222
758267
758403
758431
758436
758610
758745
758790
758829
758951
759059
759097
759136
759287
759317
759318
759382
759591
759810
759817
759883
759980
760100
760164
760230
760254
760300
760307
760322
760399
760440
760519
760543
760559
760755
760815
760831
760837
760975
761051
761056
761202
761337
761409
761501
761546
761634
762410
762542
762632
763055
763155
763246
763315
763452
763527
763567
763612
763635
763709
763744
763776
763795
763945
763993
763998
764109
764158
764167
764172
764321
764350
764364
764476
764494
764686
764799
764817
764877
764884
764885
764991
765050
765121
765268
765472
765604
765721
765738
765775
765870
766030
766039
766112
766138
766162
766169
766293
766312
766413
766426
766546
766742
766881
767030
767078
767175
767221
767288
767541
767712
767742
767782
767789
767805
767909
768321
768463
768482
768498
768525
768535
768583
768729
768733
768825
768888
768948
768994
769398
769503
769605
769829
769899
769901
769935
769973
770007
770072
770141
770180
770496
770504
770515
770622
770663
770702
770705
770742
770882
770894
770920
771170
771187
771258
771260
771290
771579
771631
771716
771806
771874
771889
771937
772161
772198
772339
772340
772401
772523
772688
772918
773089
773327
773336
773355
773394
773508
773520
773595
773671
773689
773700
773708
773720
773723
773820
773946
773997
774091
774307
774308
774495
774646
774670
774731
774828
774994
775103
775262
775349
775529
775641
776017
776272
776566
776607
776786
776836
776868
777066
777124
777170
777190
777331
777336
777566
777581
777608
777664
777669
777743
777838
777888
778009
778044
778119
778142
778149
778156
778173
778445
778610
778614
778659
778740
778742
778745
778775
778796
778811
778838
778971
779090
779473
779508
779693
779694
779747
779769
779779
779802
779844
779898
779914
779930
779992
780119
780156
780243
780310
780420
780462
780646
780830
780910
781056
781074
781134
781206
781249
781301
781679
781803
781931
782009
782048
782112
782996
783150
783212
783266
783355
783457
783515
783665
783712
783833
783862
783944
784020
784180
784189
784617
784625
784919
784965
785159
785221
785249
785296
785592
785672
785796
785972
785993
786083
786255
786313
786499
786595
786617
786707
786801
786821
786867
786889
786957
787180
787246
787455
787711
787781
787837
787871
787968
788009
788148
788171
788225
788326
788374
788482
788562
788586
788651
788664
788695
788706
788819
788860
788939
788946
789187
789277
789384
789551
789564
789839
789926
789941
790005
790295
790322
790382
790430
790468
790509
790557
790568
790623
790711
790772
790914
790917
791021
791120
791428
791506
791527
791689
791796
791856
791919
791924
792450
792631
792997
793133
793346
793487
793597
793713
793827
793837
793997
794017
794141
794177
794220
794291
794294
794457
794617
794810
794858
795053
795096
795376
795405
795441
795528
795598
795622
795784
795845
795941
796254
796272
796322
796347
796370
797110
797210
797220
797228
797492
797671
797953
797988
798025
798065
798177
798190
798938
798992
799049
799175
799228
799267
799461
799495
799539
799617
799762
800049
800221
800254
800498
800726
800810
800846
801068
801093
801107
801175
801507
801534
801573
801616
801640
801790
801966
801990
802163
802174
802208
802256
802341
802461
802615
802649
802931
803033
803138
803219
803507
803543
803547
803747
803761
803851
804066
804239
804249
804323
804380
804458
804723
804822
804829
804835
804971
805049
805076
805092
805246
805299
805314
805343
805385
805481
805551
805587
805719
805972
806124
806160
806210
806220
806350
806372
806474
806529
806733
806792
806806
806854
807125
807154
807642
807721
807749
807837
807920
807931
807948
808051
808159
808229
808264
808390
808414
808522
808539
808728
808736
808780
808824
808931
808950
809146
809174
809330
809421
809536
809676
809687
809826
809853
809908
809909
810035
810065
810238
810251
810452
810464
810763
811202
811250
811366
811407
811415
811421
811502
811687
811774
811857
811894
812011
812084
812140
812206
812359
812374
812449
812546
812792
812953
813005
813158
813191
813205
813241
813332
813463
813588
813627
813642
813784
813809
813912
813949
814090
814183
814202
814256
814284
814388
814396
814541
814733
814903
814935
815003
815042
815151
815209
815258
815304
815425
815756
815786
815987
815996
816089
816288
816535
816586
816620
816659
816764
816975
817048
817105
817111
817133
817329
817346
817393
817484
817534
817571
817592
817627
817656
817690
817970
817998
818098
818243
818270
818521
818531
818553
818646
818689
818723
818768
818877
818894
819217
819384
819424
819507
819540
819590
819594
819599
819633
819797
819819
819905
819969
819970
820069
820191
820217
820265
820315
820458
820504
820742
820776
820822
820842
821108
821267
821282
821283
821308
821392
821603
821615
821627
821744
821753
821845
821867
821937
822349
822408
822653
822709
823022
823198
823375
823463
823471
823636
823734
823740
823741
823822
823825
823944
824461
824566
824764
824999
825117
825137
825435
825466
825732
825883
825902
825924
825943
826222
826250
826351
826501
826757
826760
826877
826930
827023
827085
827120
827504
827606
827612
827776
827843
827893
828025
828176
828269
828331
828406
828461
828721
828854
828939
829101
829541
829565
829662
829723
829796
829844
829892
829937
829945
830149
830236
830270
830282
830459
830471
830647
831089
831255
831283
831290
831349
831399
831487
831630
831669
832038
832046
832055
832307
832449
832474
832577
832803
833105
833110
833126
833129
833133
833169
833196
833241
833367
833375
833383
833434
833492
833582
833599
833616
833617
833657
833859
833923
834094
834115
834350
834444
834649
834725
834766
834896
834967
835211
835220
835251
835256
835327
835473
835665
835713
835799
835879
835884
835998
836063
836117
836406
836495
836584
836645
836864
836867
837034
837219
837333
837511
837646
837653
837853
837940
837959
838103
838146
838229
838361
838384
838406
838448
838552
838579
838667
838826
838844
838981
839110
839181
839406
839749
839770
840122
840234
840413
840671
840741
840770
840796
840975
841011
841304
841432
841548
841639
841680
841689
841821
841855
841863
841883
841899
841923
842075
842123
842137
842188
842239
842244
842247
842275
842276
842297
842372
842537
842586
842670
842805
842893
842897
842900
842993
843005
843023
843075
843165
843220
843624
843743
843747
843750
843777
843865
843883
843913
844062
844145
844171
844401
844496
844689
844887
844924
844940
844960
845164
845189
845483
845912
846227
846541
846569
846694
846752
846804
846901
846960
847089
847187
847197
847238
847255
847470
847563
847684
847945
847987
848009
848021
848106
848253
848405
848477
848591
848795
848907
848944
848947
848974
849276
849301
849447
849750
849759
850007
850095
850172
850207
850335
850381
850654
850700
850791
850921
850923
851097
851119
851172
851214
851247
851258
851409
851448
851523
851622
851732
851760
851805
852179
852192
852262
852287
852357
852362
852481
852530
852643
853004
853051
853065
853117
853263
853272
853758
853767
854005
854153
854246
854284
854307
854355
854401
854485
855483
855676
855732
856039
856375
856451
856496
856774
856846
856852
857189
857201
857205
857260
857309
857362
857370
857437
857647
857809
857852
857874
857987
858029
858498
858570
858658
858780
858807
859099
859161
859176
859237
859275
859410
859457
859522
859538
859559
859589
859741
859876
859904
860094
860150
860224
860357
860458
860533
860799
860895
860998
861026
861086
861295
861323
861479
861849
861909
861931
862031
862134
862160
862198
862209
862328
862432
862500
862609
862687
862910
863027
863168
863321
863353
863718
863788
863830
864319
864415
864585
864641
864740
864766
865000
865015
865017
865058
865174
865200
865360
865417
865464
865471
865538
865549
865610
865658
865876
865908
865918
865954
865994
866055
866119
866190
866255
866277
866441
866495
866635
866724
866787
866919
867000
867017
867083
867379
867495
867543
867598
867818
867988
868074
868108
868116
868382
868450
868482
868495
868862
868945
869042
869086
869151
869166
869235
869292
869367
869369
869394
869473
869475
869537
869582
869605
869781
869813
869825
869921
869965
869985
870050
870074
870206
870269
870300
870366
870517
870552
870720
870739
870746
870953
871001
871256
871289
871348
871634
871795
871807
871856
872138
872169
872290
872510
872547
872641
872679
872877
873002
873147
873177
873365
873665
873767
873827
873864
873958
874073
874148
874207
874214
874572
874707
874719
875179
875193
875211
875639
875746
876100
876145
876195
876251
876584
876638
876828
876938
876957
877018
877051
877098
877258
877338
877474
877631
877775
877867
877871
877890
878042
878107
878125
878134
878231
878315
878339
878421
878470
878497
878513
878624
878674
878785
878856
879118
879219
879449
879519
879524
879613
879806
879998
880055
880097
880229
880435
880504
880563
880617
880671
880903
881008
881066
881333
881356
881416
881543
881668
881715
881732
881782
881855
882109
882167
882211
882301
882502
882689
882745
882774
882897
882931
882948
882977
883002
883036
883338
883365
883552
883644
883674
884121
884257
884275
884401
884469
884575
884692
884810
885055
885133
885271
885353
885624
885715
885957
885989
886218
886364
886511
886946
887190
887245
887652
887838
887964
888097
888161
888252
888300
888410
888557
888590
888753
888948
889112
889119
889166
889172
889237
889406
889422
889779
890145
890411
890437
890466
890568
890609
890629
890642
890669
890671
890694
890750
890759
890945
891279
891401
891407
891471
891691
891707
891818
891909
891963
892036
892068
892231
892326
892336
892381
892418
892571
892624
892841
892878
893070
893996
894022
894231
894392
894869
894921
894934
894943
895038
895141
895164
895317
895404
895564
895622
895627
895634
895702
895755
895964
896035
896126
896157
896309
896344
896364
896537
896639
896656
897110
897439
897560
897780
897798
897849
897929
897951
897958
898138
898180
898300
898333
898432
898690
898912
898964
899115
899270
899476
899501
899612
899646
899666
899771
899993
900010
900021
900120
900137
900165
900170
900350
900593
900627
900719
900756
900819
900884
900939
901019
901131
901322
901378
901406
901443
901476
901925
902176
902209
902339
902351
902551
902597
902700
902766
902850
902855
902971
902988
903104
903254
903279
903382
903485
903594
903639
904010
904037
904161
904186
904222
904281
904509
904672
904683
905009
905119
905166
905580
905682
905862
906024
906241
906262
906285
906389
906405
906570
906605
906704
906708
906776
906793
906797
906858
906861
906957
906986
907211
907218
907323
907329
907343
907424
907510
907528
907597
907601
907630
907666
907687
907913
907923
908019
908204
908210
908380
908394
908438
908643
908663
908781
908879
909062
909065
909195
909226
909288
909318
909496
909568
909612
909632
909655
909762
909799
909834
909874
910202
910939
911191
911347
911510
911517
911563
911735
911751
911756
911765
911790
911805
911847
911853
911914
912011
912103
912188
912218
912350
912402
912415
912440
912442
912497
912687
912724
912823
912856
912893
912923
912988
913007
913100
913497
913511
913532
913568
913748
913758
914026
914112
914224
914319
914368
914374
914491
914726
914849
915028
915035
915101
915156
915169
915209
915268
915414
915582
915627
915683
915701
916073
916399
916427
916445
916479
916489
916730
916919
917095
917096
917169
917243
917327
917458
917901
917980
918003
918474
918518
918715
918833
918837
918960
919159
919197
919413
919585
919708
919732
920066
920076
920157
920363
920382
920433
920526
920571
920711
920753
920877
920969
921007
921009
921081
921208
921625
921708
921781
921813
921902
921967
922063
922088
922383
922410
922622
922848
922948
923025
923047
923127
923206
923293
923330
923406
923607
923638
923663
923689
923696
923727
923869
924059
924077
924108
924127
924147
924245
924284
924489
924628
924707
924840
924866
925026
925372
925504
925534
925647
925688
925765
925885
925903
925923
926042
926320
926334
926404
926458
926523
926525
926678
927196
927290
927362
927478
927501
927534
927822
927876
927912
927974
927976
928087
928116
928231
928270
928305
928394
928581
928594
928675
928865
928882
929301
929481
929530
929561
929779
929936
929959
930054
930080
930183
930224
930293
930312
930494
930629
930636
930650
930651
930730
930818
930824
930864
930890
930922
931006
931027
931246
931334
931370
931374
931384
931427
931459
931474
931698
931728
931953
932054
932087
932124
932145
932171
932474
932497
932538
932606
932816
932936
932980
933066
933203
933215
933263
933468
933483
933759
933926
933972
933986
934076
934201
934230
934249
934633
934834
934841
934934
935110
935131
935141
935185
935248
935256
935352
935423
935460
935507
935525
935786
935805
935807
935878
935917
935977
936154
936207
936333
936428
937147
937153
937279
937413
937527
937542
937581
937628
937729
937770
937779
937812
937960
938000
938130
938138
938220
938246
938310
938497
938524
938531
938848
938880
938932
938990
938992
939019
939204
939280
939630
939644
939873
940007
940175
940252
940287
940554
940579
940658
940709
940716
940721
940931
940938
941015
941320
941338
941502
941531
941645
941878
941972
942071
942074
942077
942097
942157
942185
942214
942225
942288
942402
942506
942645
942685
942891
942927
942982
942991
943188
943272
943273
943393
943421
943506
943686
943805
943857
944010
944180
944182
944248
944251
944357
944414
944761
944864
944935
944978
945030
945137
945206
945211
945340
945358
945463
945505
945676
945695
945730
945791
945966
946174
946390
946428
946510
946685
946702
946922
946964
946970
946984
947026
947267
947293
947317
947488
947611
947646
947725
947728
947860
947878
947972
947991
948063
948084
948161
948210
948257
948337
948389
948417
948432
948514
948865
948895
948940
948949
949542
949561
949638
949877
949933
950098
950209
950233
950292
950341
950371
950410
950417
950539
950594
950777
950810
950991
951086
951264
951388
951406
951411
951749
951819
951885
951911
951919
952124
952345
952348
952410
952660
952701
952736
952776
952820
952898
952975
953041
953133
953480
953931
954044
954161
954265
954329
954430
954532
954615
954661
954738
954823
954958
954973
954992
955117
955399
955666
955717
955957
956046
956155
956413
956450
956495
956519
956628
956741
956868
957383
957399
957593
957607
957793
957934
957991
958281
958303
958309
958335
958341
958477
958545
958692
958710
958720
958731
958754
958844
958866
959141
959164
959258
959301
959307
959574
959635
959698
959708
959725
959756
959939
959959
960010
960122
960237
960606
960774
960902
960934
961176
961203
961268
961339
961344
961368
961390
961581
961758
962043
962101
962111
962144
962287
962432
962541
962589
962641
962794
962803
962885
962892
962994
963074
963135
963389
963461
963476
963483
963548
963750
963894
964258
964310
964315
964505
964570
964723
964797
964859
964920
965101
965210
965507
965530
965555
965830
965860
965897
965928
965949
966092
966526
966827
966876
967114
967578
967735
967758
967940
968117
968193
968530
968649
968662
968754
968975
969127
969253
969275
969397
969588
969678
969770
969784
970156
970169
970436
970444
970460
970480
970573
970603
970667
970729
970737
970770
970798
970840
970885
970922
970984
971171
971609
971633
971713
971715
971734
971798
971801
971802
971835
971896
971908
972137
972251
972322
972345
972353
972432
972441
972521
972969
973010
973011
973046
973129
973231
973649
973683
973741
973852
973890
973914
973933
974001
974021
974260
974293
974391
974524
974638
974705
974739
974868
975048
975167
975479
975514
975634
975722
975795
975993
975998
976288
976292
976494
976612
976813
976830
976846
976902
977020
977063
977159
977238
977272
977294
977325
977406
977407
977445
977502
977521
977604
977621
977693
977753
977959
978164
978236
978438
978576
978646
978843
979067
979166
979218
979611
979740
979929
979963
980026
980184
980306
980331
980447
980541
980639
980724
980881
980892
980926
981387
981399
981439
981447
981672
981705
982034
982127
982139
982173
982247
982262
982330
982462
982763
982777
982893
982982
983126
983190
983340
983482
983521
983572
983699
983708
983725
983792
983862
984002
984136
984223
984225
984365
984405
984495
984592
984594
984729
984747
984797
984974
985011
985043
985121
985257
985359
985382
985397
985429
985525
985809
985876
986035
986087
986305
986487
986525
986630
986658
986679
986681
986713
986781
987045
987089
987248
987323
987429
987557
987694
987877
987976
987994
988152
988263
988271
988335
988637
988641
988656
988936
989082
989115
989407
989493
989585
989614
989706
989865
989901
990022
990046
990060
990128
990369
990403
990496
990561
990582
990798
990912
991111
991321
991461
991701
991751
992098
992150
992283
992383
992503
992597
992720
992725
992833
992927
992975
993330
993505
993663
993728
993864
993931
993989
994265
994440
994671
994673
994686
994853
994855
995272
995375
995442
995533
995924
995979
996108
996212
996345
996403
996414
996498
996529
996624
996718
996782
996843
996941
997003
997068
997071
997174
997287
997300
997324
997462
997494
997573
997769
997803
997845
997905
997910
998019
998044
998081
998123
998201
998228
998301
998322
998348
998464
998503
998708
998752
998804
998826
998877
999162
999221
999298
999409
999499
999622
999709
999934
999952
999953
