26
78
101
230
294
401
604
767
904
917
957
1027
1035
1036
1109
1125
1176
1208
1219
1221
1234
1387
1407
1687
1919
2049
2061
2286
2390
2591
2635
2685
2692
2755
2852
2863
2899
2902
3159
3177
3239
3393
3396
3420
3429
3446
3583
3661
3793
3853
4391
4532
4559
4642
4714
4756
4781
4871
4999
5026
5142
5232
5351
5409
5514
5648
5750
5779
6522
6607
6633
6754
6810
6913
6932
7029
7150
7308
7441
7574
7594
7599
7894
7918
7921
7965
7983
8016
8037
8092
8140
8245
8258
8353
8366
8431
8621
8764
8807
8843
8845
8895
8918
9182
9249
9362
9402
9456
9511
10125
10140
10256
10322
10357
10408
10517
10597
10759
10773
10914
11001
11007
11112
11296
11393
11512
11575
11582
11628
11651
11685
11707
11726
11740
11871
11950
11967
12026
12060
12356
12373
12492
12577
12629
12651
12889
12902
13154
13246
13271
13404
13477
13511
13578
13698
13762
13905
14012
14092
14096
14180
14209
14226
14243
14383
14470
14671
14703
14741
14863
15024
15106
15124
15157
15168
15196
15229
15243
15321
15415
15635
15757
15784
15804
15897
16058
16065
16345
16719
16864
17129
17290
17552
17627
17679
17690
17692
17715
17807
17841
17850
17915
17928
18014
18471
18541
18664
18815
18938
19041
19076
19144
19194
19207
19442
19449
19467
19547
19628
19755
19784
19867
20003
20056
20057
20267
20326
20562
20582
20756
20909
20931
21103
21183
21232
21334
21345
21351
21381
21476
21656
21749
21753
21759
21776
22011
22056
22073
22222
22324
22417
22462
22477
22616
22626
22682
22887
22947
22989
23104
23175
23261
23309
23825
23866
23897
24092
24253
24511
24722
24737
24877
25109
25110
25308
25393
25609
25651
25665
25869
25933
26088
26108
26123
26282
26290
26329
26442
26489
26539
26929
26993
27166
27171
27358
27532
27539
27574
27596
27679
27888
28043
28088
28344
28410
28462
28657
28735
28768
28822
28828
28953
29023
29251
29397
29437
29456
29466
29515
29617
29631
29841
29878
29902
29933
29963
30037
30063
30522
30559
30589
30641
30663
30859
30986
31189
31301
31414
31441
31545
31582
31666
31735
32092
32158
32281
32395
32438
32548
32940
32946
33049
33179
33336
33338
33368
33507
33652
33673
33799
33938
33940
33979
34242
34306
34417
34436
34459
34603
34694
34896
34898
34910
34924
35029
35059
35184
35193
35422
35468
35506
35552
35702
35861
35905
35959
36062
36143
36289
36721
36805
36938
37017
37149
37196
37312
37507
37631
37711
37748
37957
38043
38093
38273
38434
38534
38541
38579
38656
38776
38866
38941
38984
39509
39512
39607
39642
39680
39691
39746
39823
39879
39929
40041
40148
40245
40328
40346
40413
40533
40561
40668
40686
40701
40804
41164
41301
41457
41568
41677
41708
41761
41784
41794
41801
41911
42131
42174
42190
42222
42266
42498
42678
42769
42771
43207
43233
43363
43523
43530
43579
43715
43755
43824
43872
43963
44050
44101
44176
44310
44343
44355
44360
44501
44605
44678
44682
44832
44865
44959
45085
45149
45179
45231
45391
45413
45452
45810
45980
46060
46124
46173
46468
46836
46889
46926
46970
47075
47191
47324
47394
47483
47495
47537
47575
47635
47666
47721
47907
47931
48022
48023
48056
48104
48226
48245
48404
48446
48653
48716
48879
48961
49010
49080
49167
49274
49669
49689
49701
49754
49890
49895
49900
49935
50101
50190
50232
50236
50237
50256
50294
50326
50369
50414
50588
50608
50824
50839
50941
50998
51000
51015
51036
51146
51192
51324
51376
51462
51681
51726
51971
52036
52154
52269
52557
53108
53115
53125
53152
53172
53298
53350
53555
53562
53632
53757
53858
54119
54134
54449
54740
54747
54783
54969
55018
55026
55050
55146
55200
55220
55228
55362
55417
55505
55537
55837
55869
55878
55906
56043
56315
56347
56358
56519
56601
56649
56700
56753
56792
56958
57050
57234
57240
57246
57330
57523
57665
57694
57695
57766
57767
57947
58127
58190
58262
58360
58378
58419
58489
58693
58697
58787
58808
58843
58971
59020
59166
59188
59308
59323
59419
59480
59503
59527
59600
59681
59913
59915
60018
60088
60181
60430
60603
60632
60858
60891
60917
60968
61011
61017
61046
61236
61238
61288
61291
61352
61404
61408
61645
61686
61847
61956
62187
62195
62197
62313
62372
62444
62526
62599
62649
62663
62692
62706
62715
62747
62748
62952
62984
63014
63064
63079
63113
63134
63195
63521
63527
63633
63704
63753
63788
63998
64194
64214
64255
64275
64276
64296
64329
64469
64515
64763
64814
64897
64962
65037
65255
65566
65573
65773
65776
65856
65873
65966
66088
66171
66222
66286
66409
66564
66697
66783
66787
66812
66943
67004
67007
67027
67308
67311
67316
67323
67484
67495
67512
67527
67558
67577
67620
67716
67729
67742
67818
67964
67979
68022
68032
68100
68101
68122
68186
68443
68492
68514
68718
68773
69093
69168
69303
69335
69462
69562
69833
69854
69914
69976
70166
70185
70252
70273
70364
70384
70784
70985
71194
71205
71240
71489
71578
71585
71782
72039
72171
72203
72215
72325
72373
72490
72609
72780
72931
73048
73188
73192
73239
73324
73511
73527
73681
73702
73870
73922
73994
74068
74179
74200
74217
74293
74302
74481
74579
74623
74688
74869
74964
75013
75082
75089
75237
75258
75283
75339
75572
76169
76181
76329
76511
76560
76663
76916
77155
77401
77569
77817
77910
77933
78259
78277
78309
78395
78649
78699
78752
79051
79084
79092
79138
79165
79177
79196
79204
79209
79250
79280
79632
79846
79914
80231
80327
80466
80508
80714
80729
80875
80960
81011
81061
81065
81163
81185
81241
81438
81549
81560
81563
81835
81915
81965
82062
82145
82161
82171
82299
82365
82422
82555
82606
82708
82717
83009
83155
83160
83174
83423
83609
83989
84023
84152
84170
84174
84186
84280
84341
84462
84510
84539
84761
84773
84791
84836
84998
85055
85101
85280
85372
85391
85469
85597
85619
85808
85823
85825
85948
86131
86157
86424
86486
86583
86664
86857
86940
87121
87166
87172
87349
87358
87365
87611
87762
87801
87837
87958
88009
88140
88280
88311
88312
88349
88439
88557
88603
88633
89035
89055
89397
89474
89505
89544
89707
89779
90090
90447
90473
90578
90622
90690
90693
90704
90929
90931
90961
91038
91044
91055
91099
91243
91562
91587
91753
91761
91772
91858
91902
92082
92126
92228
92244
92380
92389
92546
92640
92745
92800
93009
93372
93527
93706
93804
93886
94155
94189
94265
94375
94664
94676
94788
94976
95018
95048
95148
95245
95279
95384
95389
95404
95578
95618
95633
95647
95663
95670
95724
95780
95826
95930
96093
96245
96314
96565
96610
96736
96901
96985
97072
97198
97327
97466
97528
97601
97642
97732
97803
97878
97908
97971
98017
98118
98154
98173
98307
98317
98400
98442
98489
98870
98872
98975
99009
99497
99713
99833
99877
99978
100004
100070
100178
100358
100470
100483
100820
100926
101025
101146
101215
101284
101409
101477
101510
101528
101665
101973
102011
102108
102141
102225
102340
102485
102512
102615
102641
102651
102875
102957
103106
103480
103509
103610
103635
103652
103744
103806
103835
103892
103916
103937
104182
104279
104330
104398
104439
104620
105029
105033
105224
105256
105272
105284
105302
105376
105446
105466
105520
105599
105636
105763
105897
106045
106050
106108
106243
106364
106435
106475
106571
106748
106789
106855
106891
106897
106947
106954
107104
107244
107506
107655
107659
107723
107747
107914
108323
108536
108629
108672
108763
109028
109086
109091
109221
109269
109277
109469
109609
109673
110575
110622
110638
110697
110840
111079
111086
111343
111344
111449
111500
111606
111640
111714
111794
112224
112298
112352
112442
112740
112956
113134
113169
113207
113290
113403
113456
113473
113636
113751
113792
113807
113812
113908
113938
113950
114074
114204
114215
114280
114305
114465
114494
114502
114607
114752
114787
114905
115077
115166
115290
115581
115701
116016
116212
116241
116292
116320
116344
116358
116532
116976
117229
117391
117422
117504
117659
117765
117920
117985
118003
118081
118143
118234
118655
118719
118727
118733
118842
118904
119162
119283
119391
119466
119483
119510
119599
119613
119865
119973
120263
120319
120381
120975
121042
121385
121468
121565
121574
121715
121877
121956
122129
122177
122188
122219
122487
122537
122761
122806
123201
123322
123384
123580
123659
123776
123876
124001
124311
124414
124653
124777
124787
124840
125054
125106
125140
125173
125245
125293
125512
125644
125688
125709
125875
126001
126266
126287
126309
126346
126672
126757
126764
126941
126952
126991
127012
127045
127050
127087
127149
127161
127294
127367
127645
127648
127832
128003
128059
128152
128175
128234
128632
128705
128878
129102
129108
129316
129451
129469
129507
129524
129539
129619
129735
129833
129835
130097
130151
130302
130330
130334
130375
130430
130541
130662
130722
130733
130786
131238
131565
131666
131685
131757
131811
131937
131995
132099
132169
132172
132191
132208
132235
132365
132481
132933
133151
133165
133234
133397
133476
133674
133711
133779
133897
134069
134298
134361
134407
134497
134509
134581
134656
134698
134818
135191
135250
135300
135318
135512
135525
135800
135809
135843
135876
135999
136204
136262
136288
136425
136574
136575
136841
137026
137134
137319
137547
137551
137554
137738
137759
137815
138004
138126
138136
138138
138230
138314
138479
138500
138734
138736
138753
138887
138934
139033
139072
139107
139210
139236
139242
139267
139849
140074
140143
140265
140382
140417
140725
140726
140767
140805
140826
140841
140847
141078
141331
141367
141472
141749
141791
141807
141811
141863
142098
142105
142175
142192
142244
142267
142330
142513
142535
142615
142780
142926
143101
143602
143740
143756
143850
144013
144115
144117
144128
144297
144308
144325
144367
144482
144498
144505
144523
144549
144571
144615
144876
145112
145117
145127
145281
145433
145624
145818
145827
145873
145912
145925
145934
145992
146052
146069
146249
146300
146366
146407
146492
146589
146666
146952
146963
147121
147273
147386
147417
147567
147604
147655
147670
147831
147866
147890
148131
148346
148363
148580
148720
148986
149108
149629
149660
149726
149728
149752
149790
149972
150029
150043
150169
150303
150332
150434
150804
150832
150852
150962
150988
151064
151089
151270
151292
151341
151583
151650
151718
151922
151938
151977
151991
152066
152166
152172
152664
152776
152829
152862
152904
153063
153294
153463
153483
153654
153686
153689
153694
153893
153925
153962
154111
154248
154273
154340
154364
154380
154388
154452
154549
154559
154580
154677
154810
154964
155047
155064
155073
155134
155164
155241
155318
155357
155492
155567
155669
155743
155764
155805
155891
155994
156203
156216
156312
156412
156545
156646
156735
156889
157102
157282
157360
157452
157571
157656
157700
157845
157885
157947
158054
158084
158225
158230
158234
158246
158579
158670
158729
158827
158911
158942
158986
159072
159296
159520
160003
160005
160073
160144
160235
160273
160288
160407
160438
160441
160527
160586
160630
160863
161084
161162
161217
161417
161888
161936
161947
162407
162496
162667
162751
162860
162948
163031
163057
163272
163297
163300
163407
163488
163571
163600
163612
163764
163959
164175
164233
164445
164648
164798
164805
164842
165169
165253
165429
165863
166069
166325
166366
166491
166517
166584
166789
166847
167044
167108
167140
167165
167309
167350
167400
167424
167740
167799
167918
167962
168452
168473
168903
168921
169109
169168
169338
169437
169581
169736
169791
170082
170159
170510
170644
170679
170714
170744
170831
170845
170881
170946
171177
171222
171241
171281
171350
171374
171397
171417
171510
171581
171647
171723
171769
171940
172010
172142
172264
172359
172370
172459
172503
172636
172649
172699
172937
173040
173174
173539
173622
173775
173918
174010
174110
174132
174153
174580
174600
174712
174736
174830
174971
174999
175360
175550
175591
175883
175928
176100
176162
176190
176192
176225
176269
176451
176476
176510
176533
176600
176680
176723
176765
176842
176931
177048
177206
177282
177332
177812
177826
177952
178189
178343
178538
178738
178853
178945
179045
179135
179225
179238
179321
179332
179367
179378
179453
179467
179499
179607
179618
179732
179932
180050
180053
180203
180250
180356
180558
180565
180572
181010
181058
181077
181113
181172
181177
181208
181378
181452
181580
181589
181613
181725
181750
181755
181853
182152
182199
182503
182526
182560
182653
182667
182842
182889
182943
183600
183634
183639
183652
183814
183969
184171
184296
184328
184344
184663
184692
184742
184852
185066
185175
185397
185490
185741
185795
185797
185910
185972
186129
186157
186199
186351
186363
186384
186398
186552
186590
186724
186739
186781
186868
187142
187241
187382
187387
187533
187553
187632
187648
187719
187812
187832
188024
188251
188448
188538
188593
189112
189130
189147
189312
189367
189576
189599
189731
189752
189754
189888
189910
189947
189984
190084
190136
190302
190335
190413
190547
190561
190677
190754
190792
190879
190949
190979
191271
191312
191451
191474
191594
191700
191729
191922
192014
192033
192272
192624
192863
192957
192958
193024
193045
193048
193223
193326
193461
193541
193771
193969
194068
194264
194333
194421
194664
194697
194708
194939
194991
195054
195127
195260
195261
195353
195375
195421
195426
195430
195502
195586
195741
195839
196049
196204
196346
196436
196462
196802
196910
197304
197436
197444
197581
197735
197867
197951
198096
198134
198175
198376
198396
198480
198538
198710
198980
199013
199106
199232
199353
199442
199517
199531
199657
199844
199869
199966
200030
200091
200155
200200
200257
200322
200508
200549
200566
200683
200803
200991
201013
201292
201504
201555
201588
201690
201815
202005
202038
202071
202209
202285
202393
202494
202883
202949
202965
203004
203006
203124
203163
203226
203246
203262
203308
203509
203514
203555
203594
203645
203698
203811
203877
203887
204112
204156
204203
204363
204389
204582
204879
205120
205321
205355
205403
205512
206001
206106
206156
206454
206644
206723
207122
207215
207391
207504
207505
207523
207702
207835
208379
208529
208553
208635
208734
208765
208801
208847
208867
208908
209002
209050
209174
209276
209363
209415
209538
209544
209556
209984
209995
210138
210144
210188
210260
210350
210425
210429
210547
210600
210603
210757
211074
211363
211405
211423
211507
211576
211672
211710
211921
211970
212077
212131
212177
212367
212453
212511
212539
212825
212835
213017
213162
213172
213217
213422
213483
213649
213846
214079
214107
214140
214161
214162
214192
214265
214362
214475
214489
214490
214720
214738
214869
215000
215254
215427
215479
215489
215621
215827
215897
215904
216037
216083
216154
216218
216400
216587
216641
216800
216826
216855
216908
216919
217111
217288
217314
217436
217473
217520
217523
217545
217677
217910
217972
217988
218039
218212
218268
218415
218417
218441
218577
218602
218711
218764
218813
218841
219369
219406
219520
219593
219679
219787
219873
220076
220162
220178
220222
220249
220351
220353
220385
220463
220482
220570
220720
220782
220996
221165
221186
221214
221217
221227
221250
221396
221613
221614
221686
221704
221745
221785
221861
222267
222276
222404
222465
222596
222597
222610
222615
222659
222735
222755
222769
223011
223052
223272
223374
223435
223478
223504
223666
223753
224107
224114
224199
224223
224390
224462
224696
225182
225271
225313
225404
225475
225524
225572
225807
225824
226094
226308
226735
226858
226980
227020
227104
227590
227896
228129
228134
228193
228225
228233
228271
228427
228488
228495
228527
228653
228654
228657
228690
228927
228931
228975
229131
229238
229363
229562
229713
229813
229895
229898
229957
230009
230018
230064
230315
230405
230565
230673
230820
230866
231098
231222
231252
231294
231334
231456
231682
231709
231735
231781
231782
231833
232011
232189
232195
232330
232497
232546
232728
232760
232769
232770
232830
232965
232972
232973
233120
233182
233255
233477
233601
233620
233649
233701
233813
233848
233938
233983
234017
234047
234142
234162
234165
234194
234222
234234
234256
234338
234527
234644
234699
234874
235080
235239
235406
235450
235684
235744
235818
235992
236042
236067
236161
236214
236373
236397
236669
236771
236846
237494
237523
237884
238089
238123
238460
238554
238563
238645
238658
238715
238736
238887
238947
239147
239202
239275
239286
239469
239474
239634
239893
240027
240233
240380
240584
240762
241088
241205
241266
241345
241370
241426
241668
241713
241805
241868
241913
242200
242440
242639
242727
242799
242912
243158
243279
243444
243825
244023
244040
244248
244392
244398
244584
244771
244815
244975
245001
245020
245072
245092
245107
245173
245205
245208
245224
245225
245278
245285
245342
245615
245811
245849
245904
245992
246001
246017
246239
246259
246358
246392
246409
246412
246502
246517
246547
246660
246931
246933
246972
247012
247106
247126
247217
247285
247329
247383
247399
247587
247708
247753
247801
247905
248044
248057
248258
248260
248370
248492
248542
248686
248901
249056
249147
249270
249441
250138
250197
250269
250275
250440
250520
250565
250674
250676
250911
250940
251039
251057
251164
251225
251287
251293
251558
251798
251803
251820
251895
252009
252201
252363
252386
252601
252758
252857
253316
253514
253575
253750
253984
254011
254050
254172
254391
254414
254858
255136
255196
255494
255577
255790
255848
255885
256008
256124
256166
256260
256417
256681
256736
256860
256922
256951
257049
257150
257158
257389
257399
257492
257529
257615
257669
257718
257752
257802
257921
258033
258126
258183
258361
258534
258600
258691
258773
258853
258952
258961
258970
258982
259075
259082
259281
259312
259324
259442
259493
259618
259659
259744
259929
260056
260142
260250
260272
260335
260337
260361
260378
260416
260420
260478
260560
260562
260670
260722
260751
261070
261088
261183
261197
261300
261809
262014
262048
262085
262170
262198
262260
262504
262529
262615
262690
262708
262727
262746
262773
263001
263027
263069
263117
263145
263280
263496
263547
263555
263583
263588
263636
263695
263847
263870
263915
263966
264065
264133
264223
264258
264280
264682
264886
265310
265400
265449
265505
265597
265661
265674
265718
265727
265799
265842
265938
266191
266530
266568
267058
267119
267217
267260
267414
267463
267569
267749
267827
267883
268112
268253
268353
268378
268643
268963
268974
268993
269008
269022
269242
269251
269265
269309
269410
269429
269457
269465
269475
269602
269772
269790
269838
270334
270397
270405
270528
270581
270593
270626
270627
270634
270750
270804
270915
270924
270977
270982
271274
271303
271481
271483
271538
271547
271806
271934
271966
272212
272256
272391
272503
272548
272809
272824
272883
272962
273093
273114
273217
273458
273683
273813
273821
273923
274001
274014
274071
274125
274128
274346
274364
274495
274648
274730
274874
274935
275167
275233
275285
275306
275689
275775
275827
276011
276169
276349
276625
276705
276806
277202
277603
277803
277822
277936
278079
278244
278304
278312
278321
278445
278484
278495
278559
278594
278596
278766
278856
278936
278959
279049
279195
279398
279491
279736
279878
280289
280331
280447
280640
280649
280720
280751
280951
280998
281063
281283
281327
281364
281397
281492
281689
281886
281897
281964
281968
282149
282354
282542
282656
282662
282721
282727
282783
282803
283198
283435
283633
283809
283833
283925
283973
284022
284033
284079
284405
284414
284491
284493
284571
284635
284903
284963
284981
285037
285435
285483
285496
285575
285680
285752
285842
285993
286122
286162
286423
286587
286927
286975
287162
287223
287401
287418
287492
287527
287533
287617
287761
287794
287869
288118
288124
288255
288291
288506
288635
288896
288950
289010
289041
289243
289479
289602
289621
289746
289752
289783
289790
289889
289907
289943
290000
290172
290192
290212
290236
290443
290509
290578
290618
290871
290878
290983
291369
291371
291584
291718
291750
291758
291808
291975
291999
292415
292558
292615
292647
292672
292681
292790
292796
292838
293129
293145
293300
293422
293423
293443
293537
293645
293690
293751
293877
293950
294124
294237
294300
294371
294473
294535
294610
294656
294683
294908
294989
295066
295076
295254
295463
295464
295482
295639
295703
295817
295985
296209
296212
296385
296473
296544
296546
296551
296591
296592
296771
296894
297112
297187
297503
297538
297641
297851
297970
298055
298251
298350
298356
298430
298467
298485
298561
298694
298698
298703
299461
299540
299627
299682
299733
299762
299838
299872
299896
299934
300011
300055
300095
300113
300125
300340
300388
300568
300594
300652
300702
300788
300910
300949
301086
301180
301181
301208
301261
301270
301453
301500
301532
301547
301673
301687
301815
301839
302022
302054
302205
302315
302396
302468
302484
302495
302526
302639
302768
302837
302849
302863
303194
303390
303528
303571
303862
303897
304050
304077
304290
304300
304370
304507
304517
304605
304875
304877
305229
305237
305241
305294
305421
305435
305567
305571
305721
305751
305875
305886
305933
305948
305990
305996
306000
306142
306240
306361
306583
306761
306822
307127
307303
307527
307530
307534
307617
307681
307822
307943
308056
308131
308206
308511
308516
308862
308941
309329
309347
309447
309683
309734
309894
310070
310093
310097
310120
310223
310275
310285
310315
310696
310707
310854
310951
310991
311190
311310
311503
311576
311605
311828
311885
311951
311961
311978
312243
312382
312638
312766
312803
313040
313059
313077
313087
313150
313185
313297
313565
313735
313751
313773
313836
313999
314017
314068
314142
314181
314559
314700
314871
314877
315126
315219
315347
315369
315418
315525
315576
315868
315875
315910
316090
316111
316201
316236
316346
316749
316829
316835
316974
317149
317178
317268
317684
317731
317754
317846
318032
318298
318406
318621
318742
318747
318792
318812
318984
319115
319188
319420
319462
319480
319591
319661
319665
319819
320063
320065
320199
320211
320366
320563
320761
320811
320833
320911
320963
320967
321029
321213
321371
321571
321616
321657
321699
321707
321762
321850
322163
322352
322498
322655
322728
322940
323029
323101
323179
323216
323475
323486
323545
323705
323771
323805
323891
323929
324121
324149
324262
324383
324600
324668
324704
324917
324951
325042
325084
325212
325352
325399
325462
325479
325580
325647
325770
325873
325888
326007
326128
326129
326268
326424
326441
326496
326591
326601
326691
326707
327102
327348
327468
327476
327486
327566
327770
327774
327841
328093
328094
328186
328365
328558
328686
328795
328849
329114
329221
329526
329541
329561
329684
329740
329784
329797
329839
330081
330247
330323
330471
330532
330792
330845
330848
330850
330965
330975
330990
331537
331578
331709
331726
331739
331780
331804
331810
331851
331864
331883
332050
332275
332354
332728
332759
332974
333009
333178
333209
333382
333490
333652
333823
334022
334025
334069
334407
334479
334501
334513
334525
334565
334673
334689
334735
334778
334824
334912
334967
335010
335023
335109
335124
335224
335325
335390
335838
336313
336376
336382
336538
336572
336600
336721
336925
336975
337016
337082
337157
337221
337383
337504
338057
338570
338702
339080
339121
339248
339310
339328
339715
340061
340193
340220
340369
340419
340650
340679
340746
340774
340789
340806
340829
341170
341183
341285
341349
341373
341380
341423
341431
341463
341525
341676
341687
341766
341855
341856
342020
342098
342100
342111
342202
342291
342514
342603
342830
342837
342859
342907
342917
342980
343077
343251
343394
343754
343913
344056
344068
344081
344086
344356
344492
344495
344548
344551
344607
344631
344774
344805
345017
345097
345110
345126
345240
345413
345506
345642
345685
345803
345844
345875
345933
345974
345991
346029
346075
346090
346216
346330
346340
346577
346692
347114
347188
347209
347366
347413
347672
347870
347887
347897
348049
348144
348329
348340
348371
348555
348603
348716
348724
348729
348743
348764
348894
348896
348946
349033
349059
349089
349187
349323
349427
349465
349596
349644
349738
350339
350363
350448
350488
350630
350827
351187
351276
351385
351611
351632
351702
352027
352037
352223
352234
352515
352689
352707
352726
353138
353177
353289
353317
353476
353513
353527
353713
354137
354386
354461
354538
354627
354648
354685
354693
354853
354891
354898
354952
355009
355095
355184
355203
355249
355315
355379
355469
355574
355779
355800
355813
355820
355879
355880
356179
356200
356225
356233
356321
356331
356501
356513
356699
356715
356860
357075
357282
357441
357479
357520
357804
357835
357836
357881
357892
357979
358072
358209
358226
358240
358266
358374
358485
358498
358549
358925
358993
359118
359183
359227
359259
359353
359445
359579
359693
359695
359715
359914
360014
360054
360062
360076
360141
360262
360378
360478
360499
360578
360708
360735
360769
360870
360944
361108
361150
361356
361417
361448
361594
361627
361785
361832
361839
361888
361930
361970
362011
362035
362220
362268
362492
362503
362517
362529
362533
362569
362791
362880
362977
363120
363197
363357
363412
363652
363701
363814
363976
364035
364044
364424
364471
364506
364556
364579
364706
364798
364803
364821
364874
364943
365410
365509
365666
365751
365855
366092
366139
366146
366239
366292
366377
366458
366483
366873
366997
367187
367201
367265
367492
367506
367581
368081
368093
368292
368396
368533
368841
368948
368949
369043
369228
369546
369978
370082
370200
370223
370239
370733
370736
370798
370808
370810
370821
370946
371031
371478
371535
371541
371568
371962
371987
371997
372447
372475
372582
372830
373176
373266
373277
373343
373365
373497
373773
373983
374082
374104
374229
374454
374541
374633
374834
375310
375540
375593
375699
376085
376104
376136
376475
376482
376591
376677
376702
376734
376735
376770
376866
376908
377199
377201
377477
377660
377684
377736
377784
377844
377883
377887
377958
378038
378139
378241
378350
378400
378417
378523
378534
378568
378755
378794
378814
378878
379112
379149
379299
379325
379357
379452
379461
379547
379762
379792
379827
379909
380030
380075
380207
380246
380356
380380
380384
380655
380681
381002
381013
381317
381382
381702
381762
381781
381782
381846
382006
382015
382172
382189
382393
382869
382927
382948
382991
383036
383132
383193
383231
383254
383313
383345
383360
383390
383444
383471
383487
383600
383605
383633
383720
383768
383774
383808
384168
384279
384321
384408
384419
384616
384671
384858
384925
384975
385004
385182
385214
385295
385300
385304
385321
385429
385459
385489
385497
385620
385659
385703
385715
385946
385953
385983
386090
386214
386474
386482
386496
386508
386538
386846
386855
386919
386993
387249
387329
387331
387333
387500
387505
387534
387568
387684
387853
388071
388073
388094
388137
388231
388250
388310
388491
388537
388599
388803
388847
389006
389246
389310
389442
389533
389567
389640
389908
390035
390036
390197
390209
390285
390420
390462
390492
390602
390634
390717
390719
390759
391127
391265
391270
391324
391446
391519
391651
391692
391815
392052
392126
392311
392368
392514
392707
392742
392970
392994
393024
393065
393070
393184
393261
393394
393505
393564
393590
393636
393682
393912
393945
393952
394069
394124
394200
394233
394436
394471
394473
394517
394581
394748
394759
394995
394996
395028
395196
395221
395230
395341
395436
395749
395781
395925
395989
396026
396083
396127
396452
396498
396505
396624
396677
396682
396725
396737
397067
397384
397548
397613
397620
397631
397673
397790
397925
397989
398003
398044
398203
398249
398261
398333
398366
398552
398690
398760
398767
398890
398906
399215
399241
399345
399466
399542
399553
399600
399767
399783
399918
400025
400038
400225
400310
400317
400379
400568
401028
401055
401115
401121
401143
401220
401327
401443
401492
401584
401625
401674
401794
401848
401869
401891
401908
401916
401986
402159
402217
402226
402276
402834
403243
403378
403397
403412
403530
403549
403553
403680
403974
404012
404107
404210
404257
404417
404459
404495
404538
404635
404676
404714
404774
404788
404961
405029
405315
405569
405782
405807
405811
406060
406191
406440
406444
406493
406610
406682
407455
407482
407501
407909
408045
408157
408184
408405
408658
408671
408880
408894
408923
409188
409231
409254
409288
409401
409485
409669
409738
409779
409800
409878
409908
409978
410161
410162
410180
410272
410306
410350
410357
410590
410657
410865
410986
410996
411060
411144
411159
411202
411279
411308
411460
411493
411688
412012
412055
412131
412145
412180
412307
412346
412352
412405
412492
412800
412805
412851
412954
413085
413338
413543
413871
413968
414028
414113
414288
414371
414573
414738
414797
414843
414884
414954
414974
415018
415320
415404
415458
415497
415532
415697
415778
416309
416327
416332
416408
416423
416797
416803
416925
416933
417010
417127
417129
417311
417381
417387
417446
417512
417522
417609
417747
417842
417849
418180
418239
418268
418283
418290
418345
418467
418489
418714
418789
418808
419307
419374
419416
419535
419552
419563
419638
419746
419773
419777
419780
419845
419886
419889
419919
419925
420341
420519
420577
420581
420609
420678
420763
420846
420987
421023
421201
421205
421302
421427
421446
421672
421717
421744
421789
421821
421831
421858
421918
421924
421986
421998
422023
422028
422102
422185
422358
422464
422613
422644
422993
423235
423367
423435
423441
423532
423811
423925
423927
423938
424332
424360
424422
424475
424535
424669
424758
424842
424983
425100
425309
425426
425457
425522
425641
425664
425721
425746
425902
426018
426038
426297
426298
426361
426453
426489
426613
427039
427040
427059
427149
427190
427497
427504
427581
427627
427721
427990
428363
428496
428513
428537
428640
428644
428651
428748
428821
428855
428875
428881
428883
429028
429044
429074
429396
429619
429630
429651
429663
429899
430126
430245
430351
430357
430386
430409
430478
430533
430535
430607
430644
430674
430765
430913
430967
431317
431523
431542
431644
431764
431805
431821
431929
431987
432020
432049
432107
432303
432442
432496
432582
432591
432604
432646
432853
432928
432966
433104
433205
433208
433305
433516
433555
433623
433779
433816
433866
433881
433885
433901
433933
433979
434056
434131
434160
434166
434213
434278
434332
434347
434527
434595
434663
434700
434837
434912
435171
435179
435210
435383
435390
435396
435553
435684
435694
435828
435909
435984
436034
436101
436115
436142
436163
436221
436487
436534
436548
436558
436685
436732
436828
436941
437017
437210
437215
437389
437479
437524
437536
437592
437687
437822
437854
437894
437953
437956
438199
438303
438384
438555
438729
438815
438820
438930
439101
439228
439247
439278
439342
439355
439650
439981
439982
439994
440081
440321
440425
440442
440467
440478
440548
440554
440567
440655
440687
440701
440794
441145
441166
441200
441258
441491
441549
441634
441664
441909
442021
442237
442247
442344
442352
442493
442510
442539
442617
442668
442843
442971
442978
443044
443067
443074
443122
443186
443280
443370
443520
444080
444085
444097
444133
444180
444461
444509
444611
444823
444896
445087
445179
445191
445206
445386
445508
445534
445663
445699
445876
445919
446181
446238
446247
446260
446323
446471
446491
446720
446728
447192
447397
447630
447731
447787
447793
447822
447888
447961
447987
447989
448284
448321
448380
448523
448543
448584
448629
448795
448854
448895
448962
448994
448997
449016
449148
449242
449277
449381
449540
449679
449744
449774
449813
449823
450139
450372
450437
450469
450546
450548
450656
450728
450766
450783
450848
450944
451090
451223
451261
451355
451371
451375
451445
451632
451713
451733
452076
452193
452213
452277
452308
452364
452660
452665
452683
452695
452746
452786
452844
452868
453024
453037
453194
453284
453366
453573
453674
454097
454327
454462
454471
454554
454628
454730
454819
454847
454940
455143
455162
455173
455271
455309
455383
455534
455541
455841
455972
456000
456036
456556
456568
456671
456686
456701
456847
457037
457086
457212
457230
457351
457360
457415
457532
457670
457828
457885
457939
458062
458097
458142
458155
458231
458394
458498
458521
458690
458696
458710
458940
460065
460078
460150
460220
460535
460582
460641
460713
460814
460957
461150
461418
461710
461723
461744
461813
461888
461902
461959
462085
462325
462467
462553
462613
462722
462801
462867
463263
463617
463624
463663
463702
463805
464357
464665
464838
464947
464989
465083
465288
465402
465670
465702
465909
466085
466191
466316
466325
466366
466428
466449
466611
466866
466940
467023
467026
467040
467221
467330
467371
467512
467526
467693
467722
467814
467828
467883
468089
468198
468244
468400
468427
468452
468453
468478
468725
468776
468790
469047
469053
469403
469504
469591
469611
469798
469818
469863
469884
470118
470302
470331
470343
470366
470395
470623
470655
470705
470866
470916
471305
471570
471592
471758
471813
472033
472049
472133
472221
472311
472669
472757
472783
472802
472961
472968
472981
473119
473145
473191
473200
473203
473234
473344
473442
473470
473756
473778
473779
473936
473951
474008
474110
474180
474190
474195
474487
474495
474592
475013
475281
475325
475357
475427
475481
475485
475678
475927
475957
476201
476417
476466
476592
476721
476735
476736
476779
476838
476994
477111
477123
477410
477538
477738
477919
477973
478120
478184
478211
478301
478327
478328
478351
478465
478525
478542
478787
478821
478978
479001
479045
479116
479138
479306
479348
479438
479510
479778
479800
479859
479914
479934
480023
480094
480208
480260
480320
480364
480385
480551
480654
480800
480917
480956
480968
481045
481382
481388
481534
481558
481652
481765
481868
481960
481981
482043
482270
482375
482480
482539
482585
482654
482704
482936
483138
483749
483780
484330
484561
484612
484636
484767
484990
485008
485048
485080
485168
485218
485324
485364
485552
485589
485714
485748
486103
486127
486174
486240
486253
486256
486283
486304
486370
486423
486474
486648
486744
486980
487119
487146
487196
487203
487254
487270
487275
487295
487323
487362
487661
487794
487968
488015
488035
488072
488320
488401
488407
488506
488517
488562
488675
488854
488912
488925
488949
488959
489071
489110
489186
489232
489265
489288
489354
489361
489455
489507
489746
489880
489883
490126
490166
490245
490264
490295
490385
490441
490459
490664
490698
490820
490877
491116
491127
491195
491287
491318
491337
491349
491537
491637
491754
491885
491925
491938
491961
492018
492085
492144
492179
492285
492429
492457
492484
492564
492597
492695
492754
492808
492947
492982
493036
493160
493188
493334
493494
493519
493722
493906
494074
494244
494322
494340
494382
494449
494522
494524
494546
494558
494620
494644
494672
494714
494793
494846
494970
495249
495406
495481
495619
495719
495895
495907
495986
495991
496211
496231
496280
496300
496422
496595
496882
496928
497275
497442
497621
497718
497720
497734
497895
498108
498179
498290
498383
498516
498682
498687
499124
499308
499443
499492
499630
499674
499813
499838
499850
499989
500086
500130
500159
500186
500362
500402
500486
500562
500840
500960
501000
501127
501213
501292
501325
501348
501381
501471
501475
501593
501648
501765
502208
502357
502366
502418
502678
502697
502788
502987
503045
503068
503121
503308
503402
503510
503570
503593
503866
503980
504074
504197
504376
504398
504563
504642
504656
504694
504788
505149
505184
505221
505227
505539
506006
506194
506467
506580
506718
506721
506746
506892
506913
506917
507073
507215
507258
507284
507378
507426
507786
508020
508108
508127
508239
508497
508589
508670
508672
508706
508815
508966
509090
509182
509247
509320
509478
509503
509629
509745
509747
510002
510280
510450
510624
510764
510838
511207
511210
511295
511327
511377
511453
511461
511491
511508
511590
511701
511713
511853
511861
511869
511888
511996
512003
512084
512389
512429
512538
512623
512838
512980
513072
513092
513124
513202
513287
513595
513734
513770
513845
513856
513914
513918
513932
514149
514198
514219
514221
514270
514287
514293
514414
514528
514602
514771
514853
514959
514961
515021
515146
515298
515480
515486
515646
515850
515958
516223
516246
516254
516531
516632
516752
516948
517030
517057
517079
517086
517109
517379
517436
517455
517597
517645
517926
517932
518054
518103
518168
518413
518427
518438
518757
518872
518889
519167
519248
519470
519608
519689
519757
519937
520241
520522
520531
520597
520654
520686
520727
520809
520898
521148
521249
521368
521636
521809
521881
521895
521992
522216
522224
522241
522279
522414
522584
522840
523016
523542
523617
523708
523782
523801
523937
523984
524039
524279
524838
525017
525101
525176
525241
525345
525620
525626
525739
525745
525751
525797
525860
525962
525964
526086
526104
526149
526210
526428
526856
526858
527418
527428
527597
527657
527721
527804
527971
528176
528182
528477
528586
528626
528674
528709
528828
528906
528973
529088
529158
529167
529204
529230
529271
529395
529500
529688
529730
530191
530503
530598
530639
530975
531019
531021
531069
531358
531398
531404
531473
531531
532042
532224
532266
532289
532307
532323
532485
532493
532582
532617
532716
532777
532929
532930
532958
533122
533165
533166
533183
533196
533255
533436
533672
533683
534046
534213
534233
534252
534478
534647
534657
534709
534902
534989
535037
535320
535541
535697
535702
535796
535834
536075
536463
536467
536772
536963
537045
537290
537304
537503
537665
537666
537921
537982
538159
538165
538408
538495
538560
538760
538824
538958
538975
538997
539134
539169
539174
539185
539313
539328
539624
539662
539681
539692
539801
539819
539958
539986
540160
540208
540305
540330
540475
540505
540600
540655
541007
541164
541285
541500
541562
541631
541735
541775
541826
541887
541980
542121
542138
542252
542446
542640
542681
542781
542796
542816
542963
543188
543202
543211
543241
543427
543435
543523
543829
543869
543970
544203
544257
544292
544429
544591
544670
544781
544831
545341
545467
545497
545532
545547
545611
545636
545682
545750
546019
546053
546165
546264
546343
546449
546634
546939
547082
547172
547223
547263
547269
547281
547408
547459
547629
547709
547866
548178
548362
548366
548410
548495
548552
548621
548831
548850
548983
548987
549313
549414
549683
549742
549758
549777
549945
550207
550212
550349
550512
550555
550572
550578
550662
550910
551017
551061
551090
551208
551325
551486
551681
551787
551967
552041
552081
552116
552194
552201
552272
552389
552641
552706
552872
552939
553035
553233
553250
553306
553406
553475
553549
553562
553625
553630
553731
553958
554202
554244
554300
554327
554410
554555
554602
554639
554657
554893
554920
555024
555077
555150
555415
555495
555559
555613
555687
556300
556321
556398
556411
556862
556886
556981
557049
557111
557173
557261
557339
557529
557597
557611
557704
557742
557838
557952
557961
558045
558174
558250
558350
558657
558688
558979
559287
559298
559325
559789
560008
560088
560143
560747
560782
561073
561232
561276
561281
561595
561604
561614
561649
561766
562054
562103
562469
562515
562612
562660
562686
562727
563054
563163
563275
563331
563339
563385
563435
563452
563565
563696
563738
563763
563792
563842
563929
564030
564161
564169
564251
564379
564398
564409
564436
564581
564604
564611
564756
564822
564958
565023
565098
565169
565197
565348
565394
565444
565540
565695
566099
566167
566226
566371
566378
566416
566535
566730
566776
567122
567150
567180
567370
567617
567716
567729
567776
567838
567900
567905
568008
568080
568099
568106
568495
568506
568540
568562
568684
568828
568929
568955
568964
568990
569060
569072
569106
569172
569191
569195
569293
569306
569375
569447
569491
569603
569688
569913
569921
570211
570214
570272
570319
570567
570738
570743
570758
570812
570882
570937
570984
570991
571136
571147
572066
572070
572126
572163
572165
572190
572262
572266
572283
572306
572436
572459
572460
572476
572511
573087
573681
573838
573986
574090
574094
574102
574287
574306
574812
574899
575082
575137
575153
575198
575300
575683
575805
575835
575988
576184
576238
576332
576380
576437
576441
576486
576546
576687
576757
576777
577015
577096
577098
577124
577131
577135
577151
577196
577259
577327
577336
577649
577747
577947
578024
578217
578285
578742
578753
578782
578847
578849
578972
579053
579071
579117
579421
579569
579663
579812
579911
579912
579924
579969
580079
580135
580277
580364
580414
580583
580751
580793
580860
580866
580887
581004
581094
581102
581176
581245
581437
581447
581459
581633
581710
581770
582015
582099
582157
582429
582914
583258
583554
583692
583772
584027
584213
584350
584358
584374
584484
584516
584613
584891
584933
585206
585223
585347
585369
585442
585538
585807
585863
586104
586120
586153
586314
586350
586366
586449
586764
586795
586804
586834
586901
586923
587345
587348
587534
587673
587835
588037
588153
588185
588246
588380
588408
588447
588528
589012
589068
589139
589165
589316
589442
589572
589626
589715
589880
589946
590009
590013
590033
590127
590341
590402
590532
590544
590675
590702
590715
590789
590797
591017
591085
591300
591366
591383
591597
591624
591648
591808
591920
592047
592133
592191
592195
592470
592626
592798
592949
592991
593112
593195
593261
593356
593455
593580
593757
593894
593954
594003
594050
594122
594207
594301
594382
594425
594478
594558
594889
594909
594967
594972
594999
595028
595134
595314
595315
595362
595562
596039
596142
596196
596340
596362
596525
596570
596620
596630
596693
596818
596870
596890
597090
597157
597193
597338
597353
597389
597394
597447
597460
597605
597743
597850
597860
597891
598078
598143
598257
598352
598379
598444
598554
598587
598600
598671
598817
598985
599088
599155
599158
599170
599232
599264
599364
599533
599542
599905
600015
600060
600121
600171
600467
600514
600571
600626
600652
600918
600934
601129
601151
601348
601529
601570
601757
602089
602261
602313
602459
602495
602594
602726
602978
602998
603006
603161
603165
603186
603583
603637
603930
604041
604079
604247
604325
604343
604461
604751
604792
605095
605148
605272
605334
605829
605923
605933
605960
606014
606075
606312
606365
606631
606632
606646
606733
606840
606940
607245
607292
607344
607465
607529
607617
607635
607662
607713
607735
607863
607887
607917
607970
607989
608140
608163
608338
608412
608556
608704
608736
608784
608816
608845
609043
609121
609155
609172
609224
609280
609294
609360
609450
609510
609520
609638
609699
609701
609855
609864
609984
610197
610457
610684
610711
610721
610734
610931
610934
611267
611273
611329
611440
611532
611593
611724
611934
612180
612231
612232
612276
612348
612496
612696
612741
612908
613017
613030
613464
613487
613532
613654
613771
614112
614370
614473
614526
614694
615005
615007
615274
615341
615347
615378
615379
615403
615475
615486
615679
615918
615932
615969
616242
616244
616360
616452
616510
616608
616969
616972
617005
617201
617229
617273
617324
617350
617454
617502
617510
617794
617891
617951
618012
618060
618181
618277
618675
618683
618880
618936
619078
619140
619273
619320
619332
619347
619355
619596
619607
619728
619759
619781
620077
620243
620345
620457
620459
620504
620645
620712
620765
620978
621059
621101
621145
621158
621169
621185
621395
621396
621413
621665
621771
621825
621915
621971
622069
622077
622101
622218
622369
622504
622517
622649
622702
622783
622904
622986
622989
623186
623253
623311
623360
623411
623460
623562
623710
623718
623959
623984
624076
624096
624192
624375
624547
624636
624911
624955
625026
625273
625359
625391
625418
625491
625572
625671
625769
625905
626091
626223
626260
626600
626644
626802
626950
626975
627151
627163
627193
627220
627260
627483
627570
627647
627772
628021
628078
628166
628171
628234
628683
628767
628910
628989
629004
629131
629317
629399
629422
629428
629467
629489
629659
629677
629967
630175
630401
630415
630468
630555
630744
630746
630781
630957
631171
631449
631735
631837
631889
632304
632335
632472
632476
632660
633087
633252
633424
633437
633702
633842
633878
633915
634012
634060
634250
634334
634358
634373
634469
634598
634724
635036
635043
635284
635291
635366
635677
635734
636006
636114
636229
636493
636636
636704
636734
637036
637049
638044
638058
638075
638078
638127
638383
638438
638485
638498
638625
638758
638769
638904
638908
638971
638979
639031
639120
639244
639540
639622
639695
639718
639751
639758
639884
639973
639997
640044
640048
640157
640175
640309
640423
640489
640518
640606
640675
640763
640766
640780
641080
641154
641337
641469
641533
641560
641640
641680
641685
641821
641835
642048
642620
642745
642783
642921
642993
643009
643027
643316
643370
643422
643430
643619
643711
643723
643813
643828
643835
644374
644431
644443
644626
644628
644762
644795
644818
644962
644969
645129
645169
645204
645226
645387
645425
645472
645495
645715
645801
645834
645925
646020
646153
646204
646278
646381
646422
646497
646586
646638
646732
646800
647044
647201
647266
647375
647456
647665
647893
647910
647912
648053
648098
648183
648203
648237
648292
648579
648609
648633
649012
649049
649412
649538
649782
649784
649941
649973
650029
650169
650218
650233
650317
650351
650828
651143
651396
651449
651577
651588
651639
651872
651930
652122
652217
652244
652376
652388
652411
652610
652691
652765
652844
652851
652904
652913
652977
653066
653163
653195
653249
653480
653774
654119
654140
654180
654301
654332
654542
654595
654700
654789
655005
655044
655153
655319
655386
655414
655440
655697
655724
655742
655848
655915
656038
656057
656072
656213
656549
656770
656869
656936
656940
657065
657071
657224
657259
657391
657522
657540
657681
657873
657914
658156
658208
658265
658469
658500
658545
658580
658584
658621
658928
658973
659001
659082
659376
659584
659647
659656
659759
659785
659922
660104
660227
660347
660478
660604
660709
660720
660906
661031
661104
661111
661369
661640
661743
661807
661891
661916
661927
661969
662410
662512
662633
662718
662865
662926
663048
663128
663244
663259
663409
663712
663749
663832
663854
663871
663877
663959
663965
664109
664126
664297
664325
664552
664618
664731
665147
665242
665256
665359
665419
665455
665815
665915
666131
666248
666268
666365
666533
666534
666548
666702
666739
666766
666771
666858
666992
667021
667032
667132
667220
667386
667459
667471
667618
667803
667875
667915
667940
668102
668222
668231
668242
668258
668347
668630
668655
668767
668950
669083
669289
669339
669510
669533
669619
669651
669691
669733
669744
669904
669951
670010
670066
670117
670198
670292
670362
670535
670558
670562
670777
671169
671225
671338
671346
671361
671528
671637
671658
671754
671821
671868
672027
672089
672095
672251
672417
672530
672592
672730
672921
673235
673248
673434
673454
673514
673535
673571
673604
673669
673695
673773
673896
674248
674428
674567
674730
675217
675288
675368
675436
675457
676239
676285
676361
676484
676503
676610
676685
676747
676755
676775
676803
676941
676956
677285
677343
677414
677434
677520
677542
677728
677739
677958
678015
678138
678245
678417
678499
678500
678506
678516
678670
678921
678969
679109
679139
679270
679406
679774
679807
680095
680227
680319
680412
680427
680558
680580
680633
680976
681075
681226
681229
681415
681434
681498
681527
681553
681577
681717
681736
682107
682118
682242
682244
682310
682415
682519
682589
682831
682931
682942
682989
683003
683253
683274
683317
683466
683549
683648
683664
683779
683863
683934
684003
684064
684255
684268
684639
684672
684879
685079
685091
685191
685602
685644
685725
685771
686093
686247
686366
686421
686513
686692
686734
686830
686875
687176
687234
687267
687285
687370
687373
687384
687439
687642
687914
688046
688289
688337
688452
688491
688606
688612
688771
688836
689116
689149
689171
689284
689335
689418
689439
689494
689527
689630
689640
689650
689653
689755
689795
689847
690069
690218
690219
690229
690334
690430
690494
690567
690638
690713
690999
691000
691154
691160
691226
691279
691464
691479
691506
691550
691590
691734
691915
691935
692009
692198
692274
692616
692667
692680
692830
692846
693016
693247
693343
693497
693532
693581
693736
693807
693818
694359
694409
694519
694578
694586
694649
694878
694973
694996
695188
695363
695788
695907
696134
696230
696259
696405
696435
696502
696798
696809
697018
697166
697180
697343
697434
697603
697657
697709
697786
698077
698413
698560
698582
698927
699047
699201
699239
699372
699431
699554
699577
699603
699800
699844
700077
700084
700316
700386
700396
700401
700417
700669
700700
700702
700708
700975
701226
701274
701284
701466
701616
701670
701729
701879
701954
701964
702305
702316
702355
702398
702461
702496
702592
702618
702766
702826
703105
703201
703253
703636
703817
703945
703948
704002
704162
704218
704297
704582
704700
705085
705199
705222
705247
705788
705804
705832
705965
705991
706019
706026
706196
706402
706409
706459
706461
706662
706766
706805
706860
706925
706942
707386
707497
707774
707810
707985
707990
708317
708604
708659
708948
708998
709018
709023
709273
709278
709393
709421
709434
709493
709549
709585
709643
709791
709965
710101
710120
710188
710592
710693
710974
711243
711275
711385
711394
711418
711507
711511
711561
711727
712052
712076
712127
712259
712381
712456
712458
712633
712641
712726
712907
713039
713218
713250
713326
713553
713713
713836
713910
714017
714163
714461
714523
714726
714900
714909
714936
714938
715166
715230
715278
715294
715310
715402
715418
715486
715729
715766
715980
716132
716331
716348
716391
716432
716502
716786
716891
716905
716990
716992
717000
717114
717323
717339
717600
717710
718098
718104
718268
718321
718452
718539
718673
718821
719008
719074
719164
719320
719588
719648
719704
719861
719900
720025
720064
720137
720332
720497
720736
720860
720891
720921
720925
721097
721157
721390
721413
721688
721997
722111
722204
722372
722397
722497
722528
722621
722647
722670
722708
722793
722896
722966
723173
723492
723731
723816
723840
723866
723959
723987
724294
724389
724399
724653
724701
724765
724832
724903
724941
725028
725064
725126
725376
725390
725410
725533
725744
725771
725843
725993
726146
726173
726303
726377
726650
726969
727223
727321
727328
727342
727375
727401
727581
727661
727699
728027
728122
728278
728524
728614
728786
728886
728896
728914
728964
728996
729281
729325
729347
729445
729668
729735
730058
730193
730194
730257
730338
730351
730451
730520
730579
730700
730798
730921
730964
731051
731097
731239
731319
731441
731613
731649
731950
732013
732020
732048
732085
732198
732460
732556
732577
732659
732852
732882
733064
733075
733078
733178
733180
733322
733352
733752
734046
734173
734250
734280
734471
734479
734575
734584
734771
734784
734831
734905
734946
735151
735189
735455
735551
735668
735678
735830
735940
735947
736314
736389
736529
736533
736661
736795
736837
736936
737432
737443
737448
737501
737523
737549
737728
737779
737832
737890
737907
738039
738044
738223
738294
738365
738393
738628
738657
738918
739017
739193
739354
739433
739620
739634
739762
739854
739972
740010
740207
740312
740507
740515
740584
740596
740764
740877
740981
741010
741080
741082
741126
741299
741356
741679
741786
742116
742312
742519
742726
742783
742838
742963
743001
743042
743056
743268
743274
743392
743496
743500
743832
743851
743898
743904
743966
744002
744030
744057
744088
744290
744425
744518
744880
744909
744931
745041
745061
745124
745336
745518
745527
745563
745586
745837
745984
746022
746284
746699
746794
746849
746889
747226
747227
747427
747597
747617
747649
747814
747856
747898
747953
748017
748157
748168
748219
748227
748236
748241
748362
748465
748552
748583
748624
748649
749025
749331
749333
749354
749479
749888
750050
750348
750459
750473
750497
750584
750687
750713
750776
750785
750794
751007
751195
751332
751399
751512
751660
751856
751940
751964
752205
752241
752291
752532
752588
753017
753236
753256
753428
753491
753845
753855
753882
753896
754147
754153
754291
754370
754389
754497
754511
754529
754607
754799
754876
754885
755018
755019
755065
755078
755133
755525
755671
755748
755757
755770
755808
755939
756060
756137
756151
756161
756188
756290
756345
756574
756638
756662
756733
756848
756879
756892
756901
756993
757062
757240
757276
757344
757510
757581
757587
757642
757975
758078
758116
758117
758139
758175
758230
758254
758257
758259
758274
758325
758420
758474
758508
758514
758735
759087
759099
759186
759435
759505
759553
759644
759745
760065
760202
760221
760303
760340
760582
760818
761147
761180
761375
761415
761661
761971
761978
761998
762169
762268
762331
762392
762773
762805
763289
763340
763804
764001
764195
764318
764464
764965
765024
765087
765777
765779
765809
765994
766013
766063
766365
766400
766431
766653
766681
766897
766921
766922
767143
767150
767236
767261
767314
767461
767472
767497
767555
767628
767701
767713
767839
767913
768325
768440
768442
768657
768976
769153
769197
769425
769772
769824
769944
770015
770023
770067
770388
770509
770511
770522
770601
770616
770669
770682
770794
770836
770931
771030
771146
771198
771205
771458
771663
771694
771831
771895
772000
772020
772104
772156
772358
772375
772473
772538
772748
772782
772817
772840
772959
772975
772982
773152
773206
773259
773270
773563
773624
773674
773685
773855
774161
774260
774376
774388
774477
774557
774568
774675
774721
775001
775193
775200
775245
775282
775372
775607
775779
775895
775951
775954
775963
776041
776126
776183
776188
776264
776328
776411
776614
776661
776768
776902
776916
776926
777001
777172
777177
777216
777256
777346
777638
777749
777757
777809
777945
778368
778404
778417
778424
778523
778540
778627
778908
779144
779329
779335
779349
779353
779370
779666
779795
779879
779900
779924
779941
779998
780019
780063
780179
780192
780343
780392
780421
780465
780547
780563
780595
780610
780666
780678
780696
780802
780829
780961
781100
781155
781917
781922
782070
782324
782360
782407
782439
782469
782498
782641
782774
782916
782941
782975
783225
783524
783583
783630
783651
783973
784035
784089
784126
784311
784530
784531
784545
784606
784889
784903
785091
785215
785525
785704
785791
785816
785861
785974
786072
786119
786473
786624
786917
786920
786983
787023
787167
787197
787347
787414
787446
787559
787563
787607
787867
787889
787899
787965
788022
788192
788300
788309
788325
788549
788670
788698
788841
789057
789152
789188
789213
789244
789295
789391
789411
789417
789426
789747
789900
789962
790112
790173
790218
790246
790595
790606
790658
790702
790900
790923
791018
791028
791093
791126
791252
791440
791497
791586
791739
791838
791901
791948
792304
792457
792518
792535
792739
792778
792883
792956
792973
793000
793037
793115
793134
793168
793210
793212
793222
793395
793529
793581
793672
793832
794015
794128
794176
794207
794249
794344
794445
794466
794541
794711
794796
794830
794988
795106
795163
795463
795514
795632
795652
795660
795665
795686
795760
795782
795836
795927
796050
796257
796309
796336
796457
796475
796488
796501
796637
796705
796746
796760
797049
797073
797095
797195
797298
797542
797549
797745
797855
797961
797970
798012
798044
798276
798368
798398
798402
798408
798445
798454
798526
798567
798645
798668
798692
798703
798707
798751
798879
799263
799279
799310
799389
799423
799431
799544
799616
799918
800376
800400
800495
800683
800839
800853
800900
800935
801086
801105
801349
801516
801606
801627
801636
801668
801701
801905
802030
802284
802389
802550
802581
802621
803005
803137
803154
803381
803431
803465
803523
803601
803777
803813
803924
803953
803955
803987
804366
804541
804640
804659
804701
804858
804897
804951
804967
805270
805425
805457
805468
805495
805502
805726
805738
805753
805794
805802
805841
806128
806201
806297
806322
806399
806481
806487
806597
806623
806646
806683
806693
806745
806861
806954
807005
807169
807178
807188
807201
807491
807499
807504
807615
807851
807907
807942
807962
808097
808104
808146
808267
808308
808835
808977
809297
809357
809451
809518
809569
809589
809906
809933
810081
810101
810204
810292
810372
810450
810511
810524
810724
810745
810779
810864
811344
811347
811383
811558
811588
811626
811686
811698
811872
811909
812081
812183
812426
812646
812720
813051
813075
813316
813333
813347
813505
813636
813637
813751
813802
814022
814305
814314
814399
814434
814465
814503
815021
815104
815122
815138
815143
815177
815311
815400
815451
815537
815692
815825
815828
815849
815938
815942
815958
816061
816217
816271
816283
816336
816432
816520
816600
816634
816640
816734
816818
816954
817081
817096
817268
817386
817424
817468
817559
817664
817786
817865
817870
818141
818190
818202
818380
818410
818435
818532
818700
818709
818790
818798
818938
818999
819033
819142
819331
819691
819696
819767
819789
819842
819882
820007
820140
820235
820502
820511
820528
820611
820734
820777
820790
820905
821093
821189
821311
821467
821469
821518
821584
821634
821879
822234
822261
822348
822373
822497
822554
822619
822973
823006
823040
823051
823188
823281
823290
823352
823437
823654
823719
823763
823802
824337
824665
824802
824827
825006
825046
825111
825419
825444
825446
825447
825465
825708
825773
825863
825929
826139
826221
826267
826349
826442
826553
826569
826702
826740
826903
826949
826984
827289
827438
827622
827731
827970
828192
828248
828253
828288
828497
828594
828835
828856
828868
828887
828948
829110
829385
829414
829670
829741
829905
829908
829975
830194
830232
830251
830342
830509
830518
830617
830648
830808
830870
830995
831023
831087
831316
831403
831419
831468
831937
831940
831942
832027
832365
832592
832736
832954
833013
833131
833576
833593
833782
833795
833862
833871
833910
834060
834068
834329
834396
834441
834535
834624
834794
834795
834868
834903
834951
835099
835180
835441
835770
835840
835964
835969
836031
836069
836367
836405
836474
836492
836515
836522
836526
836624
836724
836974
837058
837178
837311
837478
837500
837845
837863
838047
838186
838341
838477
838567
838625
838779
838780
838838
838923
838924
839029
839166
839189
839239
839359
839365
839409
839472
839552
839625
839964
839973
839979
840153
840194
840267
840297
840303
840339
840392
840459
840668
840726
840743
840895
840920
840942
841047
841137
841220
841248
841343
841463
841567
841580
841650
841747
841771
841775
841805
841842
841961
842050
842091
842210
842224
842351
842437
842609
842700
842769
842833
842958
843171
843212
843342
843369
843449
843476
843479
843569
843752
843764
843922
843952
844032
844163
844173
844199
844253
844324
844492
844552
844557
844706
844826
844895
844963
844965
845154
845228
845296
845401
845436
845542
845690
845693
845741
845760
845812
845892
845945
846005
846047
846053
846208
846239
846444
846511
846526
846539
846653
846807
847018
847073
847160
847192
847202
847320
847397
847715
848272
848334
848338
848387
848613
848961
848996
849021
849035
849071
849362
849433
849463
849754
849984
850042
850143
850264
850291
850432
850436
850460
850509
850516
850552
850809
850870
850916
851194
851226
851330
851371
851413
851646
851721
851942
851965
851982
852030
852083
852124
852185
852213
852285
852303
852304
852387
852397
852412
852453
852541
852644
852820
852821
852830
853054
853203
853231
853291
853419
854354
854551
854832
854850
855088
855274
855374
855387
855440
855553
855558
855781
855828
855876
856414
856416
856456
856497
856694
856706
856733
856886
857040
857091
857107
857295
857393
857692
857822
857837
857851
857964
857996
858067
858117
858153
858294
858305
858308
858363
858525
858626
858628
858664
858890
859053
859147
859165
859422
859513
859703
859803
859905
859950
860041
860145
860292
860344
860447
860470
860522
860886
861033
861096
861214
861380
861548
861568
861596
861649
861820
861822
862040
862161
862248
862473
862492
862570
862746
862925
862968
863092
863136
863223
863335
863437
863658
863659
863702
863854
863942
863980
864020
864046
864115
864305
864328
864336
864350
864404
864487
864491
864584
864603
864818
864945
865011
865193
865439
865567
866187
866198
866349
866402
866551
866572
866596
866657
866693
866779
867105
867118
867277
867424
867450
867496
867518
867577
867699
867709
867756
867821
868032
868098
868140
868152
868165
868194
868354
868378
868383
868423
868470
868500
868602
868633
868689
868805
868881
868883
868885
868888
869194
869198
869383
869568
869694
869761
870002
870010
870064
870090
870208
870278
870298
870380
870578
870817
870909
870954
870980
871017
871160
871250
871375
871389
871453
871519
871630
871684
871739
871923
871986
871989
872087
872295
872384
872460
872616
872721
872728
872743
872824
872854
872954
873029
873226
873249
873711
873713
873784
874244
874255
874387
874437
874573
874802
874871
874933
875060
875084
875088
875181
875224
875436
875534
875796
875811
875814
875836
875990
876048
876217
876264
876333
876709
876804
876806
877004
877267
877295
877306
877311
877373
877384
877682
877684
877832
877954
878070
878306
878354
878369
878371
878378
878554
878707
878717
878863
878905
878978
878999
879038
879155
879315
879420
879450
879589
879668
879772
879802
879871
879882
879897
879989
880067
880236
880349
880351
880451
880477
880539
881184
881199
881216
881400
881837
881902
881921
881973
882010
882086
882124
882215
882294
882337
882405
882576
882623
882669
882729
882849
882993
883542
883873
883954
884128
884152
884219
884287
884356
884462
884485
884571
884638
884673
884940
884997
885086
885249
885278
885470
885559
885597
885665
885678
885682
885845
886095
886123
886294
886327
886441
886535
886558
886820
886981
886999
887001
887011
887103
887132
887147
887194
887196
887219
887258
887263
887274
887312
887322
887539
887801
887813
887958
887982
888039
888213
888215
888400
888448
888505
888531
888585
888587
888595
888666
888667
888717
888767
888908
888918
889048
889199
889258
889263
889329
889485
889497
889863
890133
890417
890554
890659
890832
890861
890892
891003
891049
891229
891275
891361
891395
891588
891619
891681
891719
892026
892116
892203
892245
892325
892703
892732
892876
892899
892983
893020
893061
893064
893107
893112
893172
893276
893603
893721
893767
893864
894018
894036
894244
894357
894377
894484
894491
894616
894670
894678
894792
894877
895135
895200
895338
895379
895438
895530
895584
895587
895594
895781
895991
896067
896238
896244
896261
896561
896617
896746
896836
896898
896926
896961
896985
897044
897100
897105
897113
897186
897257
897395
897436
897466
897632
897697
897869
897892
898016
898113
898271
898288
898303
898386
898401
898489
898491
898540
898731
898985
899065
899106
899415
899504
899525
899526
899557
899579
899581
899724
899772
899896
900190
900267
900464
900489
900626
900735
900945
901098
901417
901432
901497
901537
901815
901901
902091
902127
902191
902298
902429
902510
902516
902617
902650
902701
902815
902820
902968
903052
903098
903221
903430
903807
903837
903894
903897
904152
904212
904332
904609
904618
904641
904674
904687
904714
904775
904890
905177
905187
905298
905373
905392
905545
905602
905638
905705
905794
905912
905972
906120
906229
906258
906288
906334
906381
906464
906496
906603
906649
906668
906801
906803
906825
906898
906935
907034
907062
907294
907345
907395
907530
907546
907690
907774
907808
907847
907848
907957
907999
908351
908528
908565
908566
908644
908797
909002
909007
909296
909409
909410
909443
909515
909518
909701
909761
909842
909924
910492
910731
910948
910985
910988
911068
911201
911367
911483
911492
911561
911868
912006
912116
912230
912237
912418
912556
912748
912753
912802
912803
912814
912830
912864
913016
913050
913156
913219
913439
913539
913909
914004
914156
914284
914339
914381
914643
914651
914674
914687
914699
914717
914757
914927
914933
914937
915114
915130
915212
915334
915340
915351
915453
915606
915619
915736
915821
916032
916635
916934
917065
917120
917194
917393
917508
917513
917541
917787
917928
917994
918161
918336
918583
918646
918799
918921
919912
919914
919970
919974
919986
920055
920149
920276
920384
920457
920589
920661
920676
920721
920984
921034
921158
921222
921276
921343
921482
921612
921616
921702
921890
922036
922053
922089
922109
922150
922180
922223
922486
922631
922715
922837
922852
923038
923448
923452
923535
923549
923553
923609
923674
923846
924124
924126
924160
924166
924339
924361
924588
924602
925044
925103
925161
925321
925414
925491
925595
925625
925639
925851
926008
926158
926382
926560
926589
926733
926799
926918
927177
927281
927300
927339
927394
927433
927448
927652
927875
927972
928374
928398
928508
928621
928810
928913
929077
929095
929156
929385
929397
929497
929595
929697
929834
929839
930022
930067
930134
930374
930702
930757
930779
930893
930940
931003
931082
931286
931550
931590
931654
931752
931783
931979
932276
932462
932565
932622
932625
932798
932920
932995
933141
933195
933230
933377
933417
933432
933802
933821
933931
934256
934388
934431
934506
934511
934535
934584
934651
935334
935363
935418
935489
935572
935590
935699
935742
935879
935899
935948
936048
936106
936143
936258
936274
936361
936370
936451
936577
936621
936693
936919
936939
937026
937096
937494
937499
937514
937552
937661
938230
938330
938397
938523
938540
938557
938701
938917
938989
939040
939105
939312
939339
939374
939393
939705
939751
939779
939825
939904
939965
939993
940031
940040
940048
940170
940362
940452
940581
940592
940811
940902
940964
941037
941063
941094
941441
941542
941694
941698
941711
941848
942521
942536
942569
942772
942863
942951
943063
943287
943557
943793
943942
944006
944050
944310
944438
944461
944620
944649
944674
944754
944870
944881
944953
945013
945073
945101
945111
945218
945245
945299
945517
945641
945656
945669
945884
946227
946440
946466
946708
946710
946775
946786
946930
946937
947122
947312
947403
947626
947685
947848
947949
947986
948248
948331
948556
948682
948749
948921
949213
949364
949367
949375
949394
949482
949534
949643
949677
949734
949743
949793
950113
950150
950200
950264
950272
950640
950838
950881
950882
951197
951244
951343
951369
951394
951685
951687
951853
952217
952222
952263
952306
952418
952555
952758
953061
953065
953503
953686
953715
953795
953800
954074
954081
954192
954387
954497
954536
954887
955238
955310
955350
955652
955710
955725
955847
955850
956091
956137
956179
956194
956239
956331
956410
956550
956754
956786
956864
957028
957126
957176
957192
957200
957211
957245
957277
957365
957409
957499
957546
957569
957621
957623
957672
957693
957711
957748
957788
958076
958187
958285
958311
958440
958588
958674
958678
958758
958846
958895
958936
959016
959058
959129
959343
959430
959443
959457
959962
960002
960305
960308
960350
960384
960753
960884
960903
960985
961018
961515
961593
961634
961695
962010
962047
962051
962369
962375
962446
962574
962583
962828
962883
963077
963110
963191
963485
963521
963555
963780
963841
964111
964136
964457
964483
964512
964517
964593
964654
964724
964745
964759
964982
965327
965341
965541
965622
965633
965695
965709
966111
966146
966356
966608
966711
966774
966850
967084
967557
967603
967785
967818
967934
967968
968065
968288
968344
968439
968570
968831
968897
968900
969023
969123
969135
969223
969297
969428
969491
969559
969587
969662
969677
969801
969855
969928
970051
970075
970091
970101
970203
970246
970383
970429
970437
970607
970645
970823
970846
970874
970903
970938
971071
971102
971191
971196
971226
971439
971496
971659
971872
971917
971962
972261
972472
972793
973109
973151
973152
973285
973293
973492
973613
973677
973705
973719
973821
973864
973905
974542
974553
974630
974700
974702
974770
975002
975040
975251
975352
975560
975576
975681
975702
975915
976010
976061
976158
976201
976205
976309
976519
976719
977002
977030
977137
977160
977195
977251
977493
977590
977609
977612
977644
977684
977913
977983
978124
978260
978377
978553
978560
978749
978840
978883
978964
979005
979033
979198
979274
979600
979669
979699
979830
979838
979894
980036
980071
980153
980168
980203
980206
980234
980313
980731
980836
980950
981131
981234
981241
981381
981495
981500
981503
981761
981881
981958
982006
982059
982300
982377
982446
982561
982567
982651
982677
982715
982813
982824
982871
982956
983076
983163
983171
983344
983538
983578
983703
983739
983888
983970
984003
984075
984227
984345
984472
984626
984653
984658
984846
985237
985249
985316
985340
985403
985611
985634
985682
985713
985732
985928
985998
986005
986103
986111
986189
986317
986364
986402
986521
986785
986953
987241
987306
987312
987349
987468
987588
987653
987744
987782
987794
987885
988509
988556
989065
989112
989136
989175
989253
989475
989579
989622
989641
989893
989949
990076
990113
990356
990615
990671
990689
990696
990719
990929
991039
991089
991162
991451
991514
991619
991653
991669
991692
991724
991758
991766
991771
991989
992009
992018
992113
992295
992531
992565
992591
992699
992772
992807
992854
993099
993150
993308
993332
993372
993412
993473
993551
993719
994157
994198
994343
994420
994434
994489
994672
994927
995117
995142
995279
995303
995653
995793
995931
996033
996111
996124
996181
996249
996423
996456
996459
996522
996694
996749
996800
996871
997190
997219
997261
997292
997308
997351
997403
997453
997526
997632
997640
997691
997698
997721
998131
998155
998197
998235
998252
998346
998359
998486
998563
998676
998718
998755
998908
999109
999218
999277
999478
999561
999702
999721
999729
999840
999855
999868
