208
354
415
469
583
669
770
783
827
909
939
1073
1198
1480
1648
1795
1890
1891
1985
2458
2537
2615
2616
2731
2903
2913
2955
3050
3068
3136
3246
3248
3439
3444
3553
3687
3873
3921
4053
4191
4293
4330
4384
4647
4707
4755
4990
5135
5160
5215
5233
5301
5413
5479
5656
5677
5738
5895
5926
6073
6125
6259
6319
6419
6705
6748
6960
6980
7035
7067
7119
7166
7193
7283
7314
7350
7363
7483
8008
8076
8213
8284
8533
8778
8848
8997
9277
9396
9519
9553
9615
9677
9736
9916
9929
9949
10164
10278
10385
10552
10627
10643
10792
10846
11090
11139
11270
11322
11454
11462
11510
11573
11622
11708
11756
11759
11775
11976
12016
12202
12327
12358
12550
12784
13003
13142
13171
13229
13353
13430
13482
13520
13534
13651
13947
14002
14161
14187
14279
14334
14372
14423
14707
14831
14847
14886
14981
15204
15213
15286
15301
15451
15474
15475
15518
15542
15543
15579
15675
15708
15755
15769
15864
15918
15943
16034
16202
16233
16244
16290
16714
16725
16749
16811
17083
17294
17311
17339
17340
17449
17453
17485
17567
17694
17707
17875
17886
18025
18219
18302
18324
18566
18625
18872
19025
19282
19358
19420
19583
19666
19696
19727
19836
19980
19998
20023
20163
20307
20331
20335
20381
20406
20477
20681
20796
20853
21106
21173
21717
21772
21991
22009
22099
22214
22264
22424
22459
22587
22647
22712
22764
22806
23071
23098
23315
23450
23678
23777
23809
23817
23913
23916
24009
24120
24205
24208
24233
24237
24372
24568
24683
24757
25022
25072
25142
25159
25514
25616
25641
25734
25925
26270
26366
26653
26736
26825
26851
26920
26991
27005
27017
27070
27089
27119
27143
27475
27517
27606
27948
28114
28154
28220
28327
28537
28688
28698
28815
28899
28933
29174
29291
29402
29435
29513
29541
29688
29703
29717
29757
29927
29943
30216
30266
30279
30358
30401
30496
30519
30552
30640
30647
30668
30788
30933
31127
31197
31256
31392
31396
31447
31578
31823
32193
32237
32344
32507
32624
32675
32907
32987
33047
33055
33066
33451
33471
33526
33536
33560
33836
33954
33962
33965
33989
34103
34211
34298
34404
34477
34544
34569
34600
34697
34810
34845
34957
35005
35018
35156
35197
35220
35304
35306
35575
35590
35617
35782
35926
35978
35993
36049
36070
36087
36106
36354
36355
36361
36381
36486
36609
36690
36901
36914
36920
36990
36994
37120
37126
37129
37189
37250
37265
37502
37776
37869
37947
38236
38562
38698
38712
38852
38948
38969
39052
39330
39417
39621
39676
39752
39940
39987
40229
40266
40350
40369
40429
40771
40829
40873
40877
40916
40959
40989
41063
41440
41516
41601
41721
41803
41981
41986
42051
42107
42416
42647
42651
42652
42741
42864
42894
42921
42950
43080
43176
43193
43371
43402
43447
43477
43603
43733
43794
43924
44157
44211
44251
44271
44493
44560
44562
44711
44738
44819
44837
44902
45109
45248
45544
45569
45654
46088
46138
46142
46218
46230
46231
46286
46328
46436
46499
46554
46646
47285
47447
47777
47821
47849
47926
48234
48322
48646
48690
48798
48817
48905
49125
49418
49467
49529
49615
49732
49802
49836
49883
50128
50292
50347
50364
50416
50886
51040
51105
51191
51248
51348
51415
51478
51518
51543
51569
51587
51624
51640
51746
51931
51947
52024
52183
52309
52577
52645
52765
52784
53069
53100
53334
53416
53425
53525
53653
54067
54285
54301
54513
54599
54642
54968
55008
55154
55181
55199
55275
55401
55460
55477
55592
55643
55713
55733
55851
55936
55965
56120
56236
56242
56339
56465
56568
56569
56614
56774
57059
57176
57219
57382
57396
57581
57686
57885
57988
58092
58156
58251
58301
58501
58810
58995
59145
59268
59275
59329
59349
59599
59700
59980
60107
60287
60540
60627
60928
61190
61294
61401
61511
61525
61583
61687
61790
61829
62049
62059
62266
62404
62473
62726
62839
63033
63080
63131
63299
63467
63547
63595
63612
63658
63722
63798
63835
64135
64229
64282
64427
64489
64513
64583
64826
64945
65054
65095
65169
65219
65235
65606
65713
65813
65863
65867
65910
66026
66072
66098
66105
66110
66197
66402
66413
66433
66617
66729
66852
66880
66951
67089
67154
67180
67246
67273
67366
67390
67417
67836
67932
68141
68381
68490
68670
68727
68731
68761
68809
68836
68979
69084
69279
69392
69424
69712
69923
69981
69998
70065
70219
70452
70518
70521
70583
70638
70815
70886
70892
70997
71007
71184
71243
71286
71287
71391
71434
71446
71463
71499
71597
71625
71771
71780
71851
71891
72117
72127
72217
72228
72284
72498
72662
72936
73013
73031
73121
73294
73315
73503
73517
74078
74286
74294
74314
74349
74509
74616
74698
74713
74901
75052
75151
75338
75459
75501
75526
75590
75601
75694
75761
75942
76084
76139
76244
76340
76377
76380
76420
76437
76445
76576
76605
76723
76738
76745
76757
76921
77179
77293
77416
77607
77659
77699
77712
77766
77902
78079
78209
78387
78497
78762
78850
78933
79072
79115
79127
79231
79308
79397
79401
79413
79524
79555
79581
79611
79653
79757
79773
79871
79920
80033
80094
80156
80184
80189
80305
80350
80590
80624
80651
80673
80720
80817
80868
80889
81017
81266
81274
81672
81678
81782
81849
81864
81966
81997
82184
82419
82627
82649
82768
82829
82918
82939
83028
83186
83235
83442
83521
83548
83635
83669
83694
84004
84073
84077
84108
84131
84141
84555
84600
84710
84717
84913
84973
85188
85377
85430
85717
86067
86172
86241
86261
86387
86421
86433
86513
86514
86734
86786
86856
86926
86983
87007
87034
87136
87165
87250
87299
87321
87407
87411
87502
87579
87591
87600
87730
87754
87807
87920
87927
87951
87960
88104
88316
88546
88556
88591
88596
88705
88707
88712
88739
88778
89013
89116
89557
89648
89701
89810
89909
90067
90100
90121
90140
90237
90262
90296
90379
90431
90485
90494
90745
90787
90829
91057
91077
91260
91484
91645
91655
91931
91954
92005
92107
92240
92352
92408
92453
92810
92854
93020
93044
93090
93206
93434
93455
93482
93562
93653
93698
93750
93941
94067
94079
94092
94106
94120
94183
94192
94195
94205
94341
94634
94866
95023
95240
95287
95555
95588
95782
95814
95860
95960
95973
95993
96033
96191
96307
96355
96389
96398
96409
96492
96520
96535
96553
96575
96728
96854
97092
97142
97266
97457
97592
97762
97855
98053
98150
98519
98529
98567
98688
98844
98889
99149
99154
99163
99279
99284
99307
99316
99400
99415
99540
99648
99703
99749
99868
99888
99967
100227
100258
100264
100426
100599
100609
100789
100880
100939
100978
101002
101004
101071
101136
101168
101269
101476
101517
101527
101636
101695
101713
101942
102155
102248
102388
102408
102586
102624
102713
102796
102872
102899
102949
102990
103027
103049
103132
103520
103597
103703
103805
103858
103914
103953
103972
104018
104109
104123
104159
104285
104384
104509
104592
104658
104753
105028
105136
105394
105408
105572
105587
105880
106048
106132
106172
106214
106320
106541
106738
106749
106761
106982
107002
107006
107025
107030
107246
107299
107351
107358
107503
107654
107870
108071
108159
108280
108309
108358
108471
108545
109190
109240
109574
109607
109624
109662
109698
109741
109743
109983
110004
110062
110102
110140
110143
110370
110378
110458
110501
110668
110676
110766
111093
111321
111418
111445
111467
111524
111605
111720
111743
111753
111765
111775
111954
112006
112018
112148
112212
112264
112301
112320
112461
112653
112699
112775
112777
112850
112911
112966
113041
113119
113178
113603
113640
113748
113806
113906
113916
113990
114060
114279
114336
114726
114864
114960
115126
115159
115226
115504
115522
115823
115826
115837
115921
116050
116297
116326
116355
116398
116758
116818
116903
116982
117124
117127
117190
117209
117284
117308
117319
117345
117354
117457
117523
117634
117792
117795
118046
118362
118420
118442
118444
118628
118718
118813
118831
118981
119014
119076
119246
119280
119330
119472
119508
119704
119729
119839
119848
120071
120335
120701
120707
120841
121191
121196
121313
121465
121982
122028
122438
122440
122654
122663
122738
122744
122762
122797
122833
122971
123090
123110
123157
123331
123535
123761
123829
124339
124351
124378
124761
124771
124806
124827
124874
124946
124964
125277
125465
125973
126029
126034
126077
126210
126399
126436
126742
127010
127029
127176
127378
127556
127623
127643
127732
127751
127780
127795
127888
127910
128038
128195
128341
128402
128522
128617
128635
128820
128849
128919
128996
129182
129231
129238
129274
129557
129594
129728
129868
129992
130135
130331
130378
130389
130461
130595
130664
130852
131027
131050
131158
131295
131320
131415
131438
131442
131492
131818
131890
131929
131943
132012
132030
132092
132315
132436
132492
132777
132912
132928
132971
133016
133033
133277
133298
133360
133591
133814
133961
134042
134065
134082
134228
134288
134329
134350
134398
134426
134867
134899
134951
134969
135063
135110
135385
135589
135610
135723
135753
135774
135784
135891
135943
136071
136232
136240
136373
136479
136522
136701
137020
137058
137082
137109
137201
137209
137221
137222
137274
137443
137598
137746
137960
138089
138163
138334
138604
138638
138724
138765
138771
138812
138831
138839
139051
139154
139270
139289
139346
139356
139697
139807
139822
139897
139999
140053
140066
140070
140115
140162
140196
140256
140326
140364
140486
140641
140740
140754
140932
141028
141119
141185
141229
141233
141391
141452
141459
141559
141608
141668
141944
141962
141999
142164
142173
142403
142677
142820
143091
143107
143201
143222
143454
143490
143495
143512
143558
143583
143654
143796
143939
143991
144069
144090
144124
144283
144447
144778
144846
144851
144852
144860
144920
144944
144957
144969
144975
144994
145039
145255
145260
145377
145535
145572
145618
145635
146119
146319
146350
146560
146630
146648
146652
146896
147224
147564
147652
147668
147698
147729
147731
147746
147865
147886
148278
148807
148879
148902
149030
149137
149294
149425
149472
149478
149616
149668
149701
149729
149845
149856
149939
150189
150325
150566
150571
150609
150742
150755
150772
150782
150784
150874
151250
151282
151302
151467
151528
151549
151733
151808
151834
151993
152008
152043
152254
152535
152547
152571
152610
152619
152735
152768
152844
152932
153070
153140
153159
153213
153226
153273
153448
153470
153631
153987
154117
154201
154234
154287
154289
154484
154640
154990
155139
155169
155179
155467
155479
155497
155560
155697
155723
155728
155812
155902
155904
156086
156123
156233
156266
156439
156452
156533
156572
156641
156692
156872
156877
156909
156947
156998
157032
157173
157283
157724
157912
158129
158593
158619
158698
158910
159168
159326
159354
159483
159621
159781
159784
160117
160368
160649
160766
160911
160984
161002
161283
161321
161368
161467
161701
161715
161784
162112
162131
162133
162221
162447
162678
162696
162786
162874
163196
163203
163225
163298
163307
163399
163665
163797
164054
164156
164267
164350
164360
164389
164429
164430
164535
164544
164689
164777
164839
164889
164908
164910
165474
165638
165677
165888
165889
165903
166024
166029
166112
166229
166369
166413
166770
166879
166985
167021
167096
167099
167333
167507
167527
167574
167605
167803
168053
168327
168415
168525
168727
168916
168984
169102
169436
169589
169625
169761
169915
169966
169996
170219
170246
170420
170474
170596
170631
170663
170955
171184
171267
171288
171337
171349
171380
171462
171474
171546
171620
171639
171656
171704
171770
171811
171972
172057
172146
172310
172344
172363
172401
172415
172480
172628
172901
173006
173149
173188
173220
173234
173529
173540
173616
173654
173799
173847
173992
174064
174130
174332
174340
174353
174391
174447
174621
174779
174785
174915
175079
175097
175172
175294
175437
175631
175766
175865
175923
175961
176238
176241
176244
176671
176714
176751
176947
176965
177076
177192
177248
177280
177504
177698
177925
177939
178041
178244
178258
178277
178491
178570
178614
178618
178706
178978
179150
179301
179345
179488
179491
179582
179669
179692
179733
179911
179990
180223
180274
180428
180759
180789
180932
180936
181063
181401
181489
181497
181701
181716
181824
181896
181987
182166
182191
182412
182442
182699
182866
182940
183103
183131
183177
183404
183455
183525
183564
183589
183593
183775
183785
183808
183887
183888
183940
184043
184119
184176
184399
184451
184613
184677
184881
185009
185060
185406
185498
185711
185747
185759
185875
185923
186144
186306
186309
186671
186839
186958
186975
187017
187110
187158
187407
187526
187641
187727
187837
188223
188242
188404
188627
188791
188905
188927
189543
189592
189629
189677
189706
189738
189739
189759
189787
189976
190010
190382
190565
190611
190646
190757
190766
190798
190822
190848
190870
191001
191086
191095
191262
191291
191427
191513
191742
191787
191809
191887
192036
192156
192351
192402
192408
192420
192475
192564
192820
192845
192971
193029
193267
193286
193299
193600
193627
193785
193821
193895
193896
194099
194120
194138
194318
194319
194330
194399
194424
194446
194484
194502
194554
194556
194726
194772
194832
194969
195048
195249
195350
195489
195721
195767
195889
195909
196414
196624
196741
196828
196928
196995
197062
197389
197740
198027
198064
198195
198297
198391
198401
198427
198783
198860
199088
199149
199173
199255
199485
199693
199845
199912
199991
200484
200488
200567
200875
201055
201141
201267
201283
201415
201676
201903
202056
202168
202313
202314
202630
202664
203031
203052
203190
203202
203396
203655
203663
203684
203747
203914
204102
204176
204208
204310
204530
204552
204619
204683
204776
205186
205272
205289
205322
205497
205931
206087
206172
206179
206214
206506
206608
206648
206775
206876
206880
207009
207225
207279
207331
207342
207552
207554
207609
207688
208091
208278
208481
208633
208651
208659
208764
208982
209080
209580
209627
209747
209754
209960
209962
210152
210298
210361
210367
210554
210570
210723
210764
210792
211093
211195
211272
211356
211465
211605
211657
211725
211790
211804
211857
211948
212031
212039
212054
212088
212200
212215
212386
212409
212661
212920
213079
213087
213310
213415
213503
213553
213569
213647
213650
213786
213879
213886
214040
214061
214104
214116
214144
214168
214171
214217
214544
214683
214849
214873
214888
214904
215159
215163
215324
215463
215464
215674
215869
215870
215953
216063
216104
216143
216520
216552
216662
216727
216842
216883
217017
217060
217126
217394
217516
217615
217776
217987
218047
218053
218129
218167
218179
218466
218499
218668
218677
218706
218718
218978
219009
219077
219281
219370
219412
219451
219588
219798
219880
220665
220708
220721
220748
220807
220833
220835
221122
221450
221912
221915
222053
222061
222287
222296
222440
222476
222855
222955
223225
223528
223621
223727
223764
223883
224062
224083
224336
224470
224684
224854
224865
224928
224930
225066
225099
225123
225162
225212
225361
225436
225736
226023
226026
226459
226860
226869
226948
226978
227329
227332
227383
227569
227699
227801
227911
228110
228437
228517
228629
229132
229154
229343
229447
229575
229789
230127
230135
230250
230322
230473
230508
230693
230797
230909
231019
231206
231210
231363
231482
231540
231565
231593
231744
231790
232091
232096
232127
232139
232240
232255
232297
232332
232464
232732
232816
232904
232971
233041
233088
233467
233476
233498
233544
233789
233871
233908
234076
234086
234124
234132
234156
234175
234552
234654
234752
235386
235418
235461
235503
235546
235578
235603
235617
235776
235819
236058
236086
236111
236329
236360
236629
236718
236720
236736
237123
237202
237217
237316
237317
237336
237540
237629
237766
237852
237970
238132
238140
238145
238255
238395
238452
238602
238606
238716
238838
238940
239029
239075
239127
239148
239232
239334
239752
239866
239879
239966
240087
240407
240408
240732
240799
241170
241195
241479
241627
241647
241835
241878
241929
241990
242098
242121
242372
242530
242724
243003
243162
243266
243320
243498
243500
243574
243713
243732
243745
243884
244099
244115
244322
244326
244336
244656
244691
244728
244746
244976
245053
245082
245338
245457
245490
245502
245536
245663
245697
245910
245931
245997
246512
246519
246541
246639
246822
247017
247054
247148
247476
247897
248101
248397
248403
248589
248813
248827
248875
249059
249087
249435
249592
249777
249967
250090
250671
251046
251270
251326
251331
251475
251486
251539
251766
251794
251814
251847
252142
252416
252494
252608
252881
252965
253084
253182
253370
253491
253504
253581
253668
253810
253852
253916
253995
254006
254126
254428
254572
254628
254642
254964
255106
255116
255253
255361
255365
255490
255554
255626
255644
255850
255990
256219
256369
256482
256587
256606
256659
256840
256981
256996
257085
257098
257145
257182
257193
257300
257312
257351
257696
257876
257980
257991
258040
258079
258246
258260
258267
258272
258398
258610
258681
258926
259170
259233
259298
259623
259696
259798
259921
259963
260098
260194
260373
260461
260553
260660
260720
260764
260839
260891
261341
261345
261375
261421
261452
261561
261603
261612
261876
261966
262103
262228
262353
262372
262375
262628
263076
263141
263158
263174
263219
263291
263318
263436
263534
263569
263615
263667
263757
263783
263848
264335
264367
264429
264430
264515
264566
264584
264602
264730
264776
264827
264909
264985
265049
265083
265146
265257
265406
265446
265491
265519
265553
265607
265640
266229
266232
266551
266629
266650
266833
266908
266992
267080
267223
267361
267599
267611
267767
267889
268002
268011
268308
268387
268417
268470
268473
268476
268526
268535
268641
268679
268704
268945
268971
269072
269146
269175
269253
269716
269775
269847
269988
270097
270172
270383
270437
270498
270696
270849
270980
271036
271207
271250
271278
271291
271329
271358
271469
271556
271622
271690
271701
271727
271795
271930
272018
272065
272314
272434
273188
273221
273311
273390
273474
273479
273548
273632
273718
273903
273977
274211
274272
274291
274397
274509
274670
274805
274818
275074
275340
275390
275421
275441
275716
275737
275835
275895
275933
275940
275948
275960
276012
276020
276029
276131
276133
276148
276173
276558
276628
276675
276756
276916
277232
277281
277370
277558
277679
277807
277842
277988
278119
278159
278171
278254
278301
278358
278455
278471
278565
278678
278762
278841
278864
278902
278965
278973
279128
279311
279362
279588
279590
279665
279680
279731
279762
279808
279873
279895
280016
280076
280210
280281
280416
280520
280589
280603
280666
280668
280917
280984
281603
281743
281805
281910
281923
282038
282105
282111
282112
282317
282510
282531
282642
282799
282831
282931
282942
282989
283146
283192
283389
283423
283697
284069
284307
284351
284433
284439
284489
284505
284592
284672
284702
284816
285240
285508
285509
285726
285777
285845
286104
286195
286202
286267
286272
286410
286599
286683
286741
286766
286794
286978
287188
287199
287613
287634
287696
287699
287837
287858
287945
288054
288127
288218
288448
288461
288463
288588
288718
288815
288873
288995
289185
289429
289575
289645
289700
289707
290020
290291
290410
290671
290861
290937
290950
291218
291229
291316
291323
291365
291457
291631
292003
292020
292029
292056
292152
292167
292267
292327
293136
293330
293446
293543
293678
293761
293961
293985
293991
294010
294025
294039
294070
294076
294196
294203
294233
294442
294675
294689
294723
294782
294909
294973
295041
295146
295253
295361
295479
295496
295559
295581
295590
295617
295646
295675
295870
295897
296010
296059
296187
296648
296700
296775
296783
296822
296925
297027
297139
297376
297380
297485
297529
297678
297681
297891
297941
297958
297967
298332
298340
298380
298454
298486
298583
298803
298870
299310
299321
299444
299468
299578
299652
299818
299955
300000
300354
300449
300544
300742
300797
300851
301048
301349
301373
301388
301433
301466
301656
301862
302002
302289
302420
302501
302545
302560
302623
302651
302773
302800
302855
302874
302919
302926
302986
303008
303041
303042
303120
303215
303310
303313
303447
303696
303733
303760
303766
303891
303938
304256
304397
304476
304509
304667
304815
304992
305095
305102
305289
305357
305570
305693
305722
305788
305795
305799
305846
305856
305868
305955
306037
306308
306499
306528
306530
306581
306741
306881
306991
307379
307662
307755
307781
307830
307847
307848
307887
308092
308185
308293
308336
308643
308742
308792
308800
309043
309271
309331
309445
309466
309494
309547
309678
309716
309718
309763
309895
310182
310220
310264
310492
310504
310561
310596
310663
310796
310968
311096
311103
311104
311470
311572
311626
311873
311898
311908
312119
312161
312234
312253
312294
312303
312616
312643
312646
312695
312753
312785
312954
313156
313234
313237
313322
313343
313365
313388
313394
313458
313551
313571
313635
313820
313877
314006
314018
314036
314057
314063
314104
314127
314176
314194
314252
314320
314410
314669
314698
314896
314920
315059
315134
315175
315309
315351
315570
315692
315898
315951
316210
316337
316524
316597
316622
316633
316642
316717
316800
316884
316953
317220
317279
317355
317490
317773
317832
318010
318013
318047
318063
318208
318246
318278
318300
318522
318851
318882
319505
319556
319786
319975
320097
320105
320445
320637
320699
320995
321176
321255
321277
321287
321289
321414
321417
321488
321512
321535
321706
321971
322005
322024
322108
322381
322538
322548
322605
322783
323289
323478
323631
323666
323677
323979
324042
324065
324354
324365
324448
324504
324580
324583
324618
324632
324737
324788
324837
324934
325067
325136
325606
325630
325708
325773
325877
325967
326145
326290
326372
326465
326490
326497
326523
326618
326653
326662
326713
326850
326883
326889
326927
327070
327093
327107
327314
327341
327394
327574
327683
327933
327970
328029
328043
328085
328103
328149
328441
328566
328727
328736
328767
328773
328876
328892
328934
328977
329205
329364
329517
329537
329576
329633
329803
329924
329926
329946
330035
330048
330181
330264
330327
330354
330435
330446
330533
330548
330810
331238
331276
331313
331349
331374
331529
331712
331933
332065
332102
332136
332255
332405
332428
332452
332575
332809
332884
333005
333169
333204
333422
333449
333541
333605
333626
333866
333934
334031
334052
334165
334285
334334
334365
334474
334477
334561
334602
334613
334691
334701
334706
335017
335052
335053
335170
335322
335607
335799
335980
335983
336165
336242
336346
336379
336391
336430
336460
336490
336576
336797
336820
337071
337130
337231
337267
337452
337498
337530
337618
337904
337907
338015
338180
338193
338210
338239
338275
338322
338465
338505
338516
338523
338581
338630
338697
338753
338900
339028
339094
339416
339507
339569
339618
339660
339685
339935
339991
340128
340173
340320
340434
340487
340655
340748
340777
340778
340939
341123
341382
341512
341717
341767
341883
342018
342023
342250
342262
342286
342483
342499
342565
342692
342693
342695
342744
342877
342910
343000
343208
343225
343296
343359
343376
343397
343506
343549
343839
343928
344064
344098
344188
344855
344867
345026
345187
345188
345353
345361
345390
345495
345513
345518
345525
345641
345766
345773
346036
346140
346370
346555
346587
346593
346662
346791
347321
347562
347575
347705
347986
347987
348189
348320
348442
348593
348642
348666
348704
348793
349115
349205
349249
349256
349402
349426
349474
349481
349561
349598
349600
349724
349732
349767
349810
349891
350001
350056
350216
350463
350496
350566
350576
350665
350713
350914
351121
351135
351430
351447
351518
351646
351984
352026
352053
352166
352327
352378
352394
352434
352727
352770
353360
353656
353737
353812
353834
354014
354139
354209
354393
354464
354486
354706
354729
354917
355053
355068
355099
355213
355214
355350
355424
355474
355486
355537
355736
355783
355889
355924
355968
356019
356057
356133
356191
356224
356236
356291
356352
356375
356393
356396
356679
356685
356875
356896
357002
357193
357414
357746
357948
357969
358170
358278
358306
358409
358474
358495
358701
358762
358798
358820
358856
358927
359017
359090
359280
359295
359582
360011
360045
360108
360142
360150
360362
360407
360418
360436
360458
360460
360764
360780
360804
360916
361115
361203
361396
361669
361687
361783
361936
362049
362232
362241
362394
362491
362538
362603
362737
362819
362914
363076
363231
363291
363400
363579
363607
363665
363738
364104
364113
364352
364527
364600
364675
364809
364844
364926
364941
364965
365105
365162
365169
365264
365370
365463
365600
365786
365857
365899
365974
365977
365979
366030
366032
366102
366321
366382
366436
366845
366949
366979
367015
367023
367071
367097
367324
367399
367466
367541
367600
367755
367801
367857
367861
368060
368186
368197
368463
368505
368640
368820
368867
368931
369031
369052
369107
369152
369367
369379
369619
369983
370027
370074
370196
370222
370231
370399
370513
370514
370564
370600
370615
370820
370828
370888
371004
371122
371173
371436
371476
371828
371863
371975
371984
372056
372253
372351
372388
372619
372648
372665
372686
372722
372728
372736
372888
372914
372950
372963
372971
373056
373058
373097
373410
373486
373659
373798
373890
374120
374188
374297
374353
374470
374697
375010
375171
375422
375525
375592
375654
375672
375724
375770
376070
376131
376372
376396
376520
376582
376736
376925
376953
377058
377070
377169
377177
377277
377995
378012
378103
378249
378253
378364
378728
378852
378992
379207
379539
379555
379694
379724
379751
379921
380106
380163
380181
380265
380402
380474
380579
380691
380708
380776
380871
381110
381462
381625
381659
381804
381893
381988
382185
382249
382307
382338
382412
382609
382684
382710
382728
382875
383027
383037
383088
383198
383238
383239
383279
383402
383488
383599
383631
383649
383696
383741
383979
384051
384125
384379
384389
384520
384564
384718
384731
384759
384868
384964
384977
385051
385335
385476
385605
385621
385936
385958
386028
386119
386120
386145
386231
386286
386336
386458
386462
386707
386717
386836
386966
387105
387257
387266
387306
387507
387527
387562
387628
387659
387676
387758
387835
387915
387950
388354
388588
388624
388791
388877
388982
389100
389249
389344
389416
389452
389568
389584
389620
389635
389738
390085
390359
390360
390542
390595
390597
390617
390633
390780
390830
390864
390951
391015
391129
391406
391445
391553
391627
391646
391785
391876
391887
391915
392292
392416
392525
392595
392609
392626
392715
393093
393344
393402
393428
393540
393568
393595
393643
393906
394078
394391
394403
394537
394554
394555
394648
394752
394797
394852
394886
395023
395039
395070
395106
395263
395330
395427
395487
395493
395718
395798
395817
395959
396063
396130
396221
396244
396248
396389
396570
396690
396730
396857
396863
396933
396948
397139
397153
397168
397276
397547
397570
397772
398025
398253
398506
398526
398594
398665
398688
398771
399040
399189
399319
399634
399662
399685
399697
399702
399710
399741
400056
400092
400111
400298
400375
400482
400684
400974
400995
401099
401176
401298
401348
401406
401425
401620
401680
401773
401787
401898
402128
402152
402254
402306
402339
402403
402551
402632
402646
402729
402753
402872
402911
403055
403186
403354
403375
403432
403454
403475
403617
403649
403672
403675
403732
403838
403886
403924
404084
404092
404101
404308
404462
404610
404754
404816
404911
405109
405307
405337
405555
405565
405673
405692
405862
405869
406128
406255
406303
406588
407241
407423
407425
407584
407774
407796
407826
407885
407974
408339
408388
408399
408427
408603
408709
408775
408847
409006
409036
409053
409064
409103
409145
409767
409962
410014
410046
410284
410286
410388
410467
410574
410578
410666
410786
410821
410823
410875
410918
410968
411168
411205
411223
411453
411554
411794
411897
411907
411989
412070
412295
412409
412450
412537
412589
412598
412599
412771
413039
413166
413525
413621
413640
413794
413834
414072
414298
414308
414419
414448
414584
414595
414612
414628
414814
415165
415223
415393
415526
415579
415592
415673
415765
416222
416280
416371
416451
416547
416552
416597
416690
416854
416969
417073
417117
417234
417304
417344
417393
417469
417500
417647
417674
417800
417912
417990
418018
418020
418119
418127
418184
418187
418211
418261
418301
418452
418487
418636
418725
418726
418822
418842
419189
419390
419548
419629
419657
419878
419945
420172
420176
420273
420321
420362
420377
420453
420583
420893
421071
421075
421104
421175
421420
421461
421676
421737
421746
421845
421877
421951
421954
421989
421997
422118
422213
422283
422287
422628
422636
422704
422977
423245
423484
423632
423681
423712
423787
423929
424567
424572
424604
424662
424704
424771
425041
425075
425146
425230
425518
425524
425567
425722
425774
425863
425923
425980
426003
426005
426096
426261
426276
426679
426687
426723
426774
426784
426822
426920
427035
427098
427151
427166
427408
427428
427536
427764
427892
427914
427934
428005
428044
428046
428195
428385
428388
428583
428615
428663
428677
428695
428944
428974
429075
429577
429617
429625
429646
429784
429885
429896
430049
430223
430317
430330
430446
430508
430622
430645
430680
430894
430899
431059
431117
431803
431825
431877
431992
432154
432328
432379
432441
432536
432645
432747
432985
433278
433335
433442
433461
433482
433530
433565
433573
434017
434053
434111
434576
434661
434667
434731
434748
434848
434871
434972
435175
435342
435556
435653
435681
435736
435744
435767
435780
435786
435804
436028
436044
436110
436121
436123
436401
436580
436609
436660
436691
436814
436868
436886
436936
437160
437166
437352
437463
437506
437508
437694
437779
437783
437842
437908
437910
438082
438133
438255
438282
438315
438567
438706
438812
438875
438876
439133
439226
439353
439485
439572
439585
439743
439761
439770
440133
440135
440166
440584
440613
440765
440868
441030
441049
441067
441209
441427
441476
441516
441594
441673
441901
442061
442210
442224
442354
442371
442576
442635
442689
442756
443107
443252
443338
443716
444051
444285
444668
444678
444707
444727
444850
444944
444946
445139
445602
445647
445652
445733
445776
446102
446215
446647
446664
446709
446779
446836
446954
446995
447022
447055
447130
447134
447342
447375
447654
447667
447691
448056
448077
448291
448320
448339
448441
448500
448591
448708
448799
448919
448922
448966
449001
449076
449082
449112
449272
449474
449517
449550
449719
450121
450154
450213
450313
450476
450537
450786
450805
450847
450868
450879
450951
451102
451103
451137
451277
451427
451653
451663
451673
451896
451920
451932
452127
452208
452344
452715
452761
452935
453023
453242
453275
453282
453360
453433
453436
453444
453661
453662
453702
453717
453732
453994
454043
454366
454435
454488
454548
454563
454669
454965
455156
455228
455268
455515
455518
455557
455642
455687
455711
455919
455929
456054
456100
456105
456157
456223
456272
456323
456336
456395
456653
456661
456710
456781
456842
457087
457110
457165
457205
457266
457423
457509
457672
457733
457803
457852
457877
457946
458218
458223
458353
458555
458653
458669
458715
458820
458856
458901
458919
458923
458951
459184
459285
459333
459346
459413
459427
459643
459755
459893
460138
460415
460435
460449
460531
460587
460595
460610
460675
460911
460978
461122
461277
461326
461413
461539
461543
461669
461773
461795
461808
461947
461982
462064
462075
462166
462322
462381
462603
462724
462756
462849
462852
462901
462995
463102
463124
463201
463209
463531
463557
463585
463610
463632
463818
463852
463859
463928
464096
464136
464172
464266
464285
464377
464384
464450
464471
464513
464641
464648
464706
464716
464748
464886
464891
464937
465172
465467
465488
465698
465721
465732
465855
465870
465891
465910
465913
466170
466183
466593
466843
466912
467001
467015
467043
467079
467253
467264
467292
467438
467480
467769
467799
468154
468205
468251
468252
468329
468375
468612
468730
468772
468800
469042
469083
469112
469330
469335
469355
469380
469436
469532
469656
469909
470222
470255
470495
470555
470641
470743
470803
470878
470929
471193
471213
471241
471296
471385
471394
471987
472027
472058
472165
472205
472348
472651
472926
472978
473005
473029
473045
473129
473139
473284
473773
473815
473894
473905
474053
474116
474271
474282
474396
474624
474921
474956
474961
475089
475301
475334
475362
475448
475510
475597
475745
475812
475891
476173
476243
476434
476789
476917
476947
476998
477127
477208
477349
477443
477453
477578
477621
477831
477875
478111
478171
478340
478414
478533
478546
478603
478688
478752
478848
478899
479015
479029
479158
479357
479419
479724
479851
479862
479889
479921
479956
480109
480110
480139
480152
480294
480312
480425
480554
480601
480764
480795
480875
480881
480930
480941
480992
481105
481183
481293
481593
481622
481783
481826
481829
482130
482179
482431
482804
482848
483053
483229
483231
483247
483335
483446
483456
483465
483532
483674
483680
483691
483708
483794
484032
484169
484258
484284
484338
484409
484488
484776
484819
485003
485036
485237
485238
485258
485337
485476
485480
485683
485718
485766
485903
486077
486151
486155
486586
486658
486772
486831
486968
487015
487225
487436
487574
487585
487697
487699
487847
487850
487866
487974
488017
488056
488124
488129
488132
488163
488194
488338
488384
488414
488419
488442
488500
488508
488555
488715
488754
488781
488826
488920
489005
489037
489217
489250
489263
489349
489448
489491
489581
489960
490089
490254
490406
490478
490484
490581
490697
490712
490878
490976
490991
490992
491074
491089
491142
491230
491465
491570
491725
491794
492141
492185
492195
492266
492555
492710
492905
492930
493016
493130
493256
493294
493323
493537
493586
493630
493704
493843
493876
493883
494169
494267
494478
494521
494571
494713
494729
495025
495071
495160
495260
495328
495389
495468
496090
496111
496261
496277
496380
496642
496651
496716
496797
496969
497071
497129
497261
497351
497384
497419
497425
497430
497433
497550
497686
497753
497790
497827
497874
498003
498072
498198
498250
498353
498379
498557
498693
498702
498822
498837
498936
499068
499185
499224
499288
499328
499694
499745
499942
499977
500077
500179
500203
500240
500271
500316
500393
500511
500982
501271
501400
501455
501686
501687
501711
501868
501923
501979
502162
502313
502462
503076
503181
503187
503232
503318
503343
503469
503474
503576
503688
503957
504020
504061
504081
504138
504284
504288
504500
504522
504610
504645
504666
504892
504991
505007
505055
505063
505114
505172
505214
505248
505525
505626
505666
505669
506151
506160
506259
506323
506813
507212
507308
507490
507546
507629
507650
507788
507943
508154
508160
508327
508414
508502
508542
508607
508732
508839
508859
508878
508893
508998
509362
509447
509601
509855
509951
509962
510038
510053
510230
510269
510575
510766
510809
510852
510859
510980
510990
510998
511212
511522
511681
511770
511806
511849
511914
512100
512186
512234
512243
512320
512750
513003
513073
513095
513228
513324
513362
513463
513567
513720
513855
514273
514297
514328
514443
514764
514852
514923
515005
515258
515316
515446
515543
515562
515598
515657
515832
515931
515938
515943
516015
516064
516076
516082
516194
516396
516532
516543
516590
516837
516847
517203
517247
517435
517460
517526
517536
517573
517585
517590
517613
517836
517956
518166
518173
518211
518324
518880
518954
519083
519086
519111
519152
519373
519529
519613
519639
519697
519895
520007
520044
520145
520394
520457
520478
520519
520555
520558
520570
520621
520768
520862
520999
521104
521192
521301
521372
521447
521451
521494
521632
521747
522123
522143
522175
522297
522372
522514
522806
522930
522969
523147
523199
523259
523438
523495
523499
523535
523699
524002
524058
524269
524343
524360
524419
524763
524826
525047
525156
525188
525265
525315
525730
525790
525992
526229
526231
526248
526286
526427
526640
526665
526766
526853
526915
526941
526971
526985
527020
527105
527247
527393
527522
527560
527651
527786
527830
527833
527978
528023
528029
528658
528676
528790
528812
528840
528932
529026
529048
529244
529257
529309
529327
529438
529452
529512
529838
529881
530027
530088
530245
530346
530379
530442
530474
530820
530934
531039
531098
531114
531227
531349
531509
532018
532034
532133
532271
532525
532614
532652
532653
532656
532789
532911
533108
533164
533243
533300
533463
533525
533547
533633
533638
533685
533716
533757
533802
533926
533989
534101
534270
534374
534661
534682
534799
535014
535241
535243
535428
535457
535494
535535
535548
535751
535793
535828
535937
535941
535973
536119
536131
536175
536264
536592
536615
536745
536836
536884
536886
536939
537056
537092
537267
537457
537548
537572
537607
537736
537816
537907
537973
538519
538575
538616
538887
538902
539008
539069
539287
539571
539580
539666
539816
539851
539963
540021
540247
540274
540368
540385
540506
540515
540777
540821
541128
541140
541141
541216
541251
541358
541468
541513
541655
541694
541863
542013
542070
542403
542458
542460
542471
542485
542701
542715
542837
542867
543008
543181
543233
543316
543410
543533
543585
543714
543930
544048
544368
544630
544689
544752
544889
544918
545151
545285
545450
545549
545777
545838
545858
545931
545934
546025
546231
546456
546799
546889
546929
546973
547177
547271
547291
547351
547367
547583
547590
547703
547935
547980
548035
548208
548356
548398
548437
548639
548827
548906
548951
548979
549005
549183
549383
549417
549506
549592
549596
549650
549674
549693
549704
549757
549972
550164
550261
550435
550441
550456
550590
550731
550773
550988
551142
551185
551419
551422
551485
551490
551510
551526
551527
551563
551568
551620
551711
551767
551788
552033
552073
552084
552153
552231
552247
552285
552331
552608
552669
552674
552716
552820
552861
552954
553349
553415
553485
553504
553830
553839
553953
554059
554127
554200
554311
554459
554607
554675
554707
554740
554849
554933
554951
555182
555244
555488
555580
555610
555631
555666
555871
556308
556633
556669
556720
556767
556793
557018
557100
557108
557203
557216
557384
557503
557525
557545
557691
557725
557835
557845
557898
557963
558142
558159
558268
558305
558461
558591
558628
558807
558888
558891
559033
559183
559222
559356
559362
559511
559583
559588
559603
559651
559679
559803
559950
560134
560136
560193
560209
560357
560666
560777
560892
560975
561032
561140
561195
561229
561618
561895
562027
562042
562120
562220
562280
562354
562378
562429
562661
562740
562797
562805
562889
562981
563040
563064
563087
563100
563126
563153
563292
563297
563395
563455
563473
563617
563946
564011
564182
564397
564403
564729
564945
565004
565028
565201
565234
565249
565320
565378
565447
565588
565779
566107
566339
566560
566638
566844
566987
567031
567104
567199
567316
567470
567643
567661
567853
567886
567890
568059
568083
568121
568188
568468
568496
568746
568888
568918
568934
569034
569088
569113
569162
569266
569278
569336
569439
569764
569814
569944
569976
570236
570392
570484
570489
570696
570730
570928
571100
571166
571376
571384
571431
571645
571721
571954
572028
572068
572186
572649
572654
572684
572741
572832
572851
572918
573000
573069
573161
573167
573361
573388
573507
573581
574160
574226
574283
574372
574395
574483
574568
574682
574760
574880
575118
575144
575206
575245
575262
575341
575424
575748
576040
576138
576261
576360
576384
576395
576530
576630
576825
576834
576949
577005
577116
577249
577431
577525
577565
577598
577626
577641
577727
578056
578366
578494
578498
578608
578634
578778
578885
579017
579110
579244
579293
579541
579595
579677
579897
579953
580082
580088
580163
580233
580300
580469
580512
581223
581242
581431
581488
581653
581863
582025
582075
582080
582360
582387
582411
582520
582558
582635
582818
582885
582974
583228
583256
583350
583385
583722
583795
583854
583981
584436
584765
584806
584815
584930
585153
585162
585180
585203
585288
585294
585377
585396
585422
585509
585574
585632
585757
585821
585825
585853
585900
585941
586007
586046
586057
586117
586307
586492
586557
586578
586596
587016
587310
587383
587397
587405
587472
587532
587708
587759
587994
588108
588431
588449
588503
588539
588563
588800
588861
588958
588984
589149
589580
589913
590010
590058
590200
590207
590255
590265
590336
590343
590423
590433
590484
590513
590519
590638
590644
590657
590815
590890
591049
591177
591199
591222
591253
591263
591638
591740
591799
592233
592249
592729
592797
592823
592836
592941
592975
593094
593111
593138
593312
593318
593398
593442
593502
593535
593543
593623
593674
593695
594137
594350
594407
594521
594532
594689
594968
595032
595090
595243
595319
595398
595566
595667
595703
595784
595989
595995
596094
596166
596207
596531
596542
596668
596833
596967
597002
597074
597117
597226
597305
597346
597487
597548
597614
597734
598041
598047
598157
598271
598339
598463
598505
598556
598802
599054
599166
599358
599599
599651
599728
599808
600221
600327
600425
600448
600450
600673
600689
600700
600783
600826
601173
601265
601266
601470
601548
601649
601674
601700
601739
601803
602055
602098
602290
602323
602332
602612
602640
602709
602758
602837
602927
602992
603404
603453
603590
603612
603627
603645
603701
603848
604310
604432
604471
604505
604616
604697
604769
604823
605030
605126
605363
605490
605499
605554
605953
606078
606140
606149
606295
606305
606323
606444
606489
606664
606774
606888
606906
606913
606937
606985
606997
607079
607110
607208
607219
607263
607424
607510
607533
607765
607790
608178
608373
608407
608460
608661
608811
608826
608903
608936
609281
609935
609952
610183
610312
610351
610378
610386
610453
610477
610555
610590
610654
610680
610818
610879
610974
611040
611056
611184
611262
611428
611531
611574
611666
611720
611802
611895
611982
611985
612050
612053
612095
612203
612427
612428
612524
612632
612636
612672
612877
612905
612955
613246
613261
613372
613432
613594
613684
613836
613862
613864
613872
613877
614063
614160
614162
614202
614229
614325
614726
614856
614866
614969
614990
615063
615177
615562
615735
615823
615846
615963
616062
616115
616134
616324
616375
616501
616816
616917
617089
617124
617179
617204
617208
617280
617555
617615
617805
617849
618027
618176
618205
618649
618767
618816
618930
618987
618993
619018
619043
619055
619108
619120
619276
619460
619484
619517
619532
619670
619711
619797
619805
619900
619906
619923
620113
620220
620435
620594
620639
620663
620736
620758
620838
620878
621042
621262
621315
621407
621453
621653
621709
621749
621754
621945
622088
622180
622514
622645
623003
623025
623191
623223
623224
623259
623388
623401
623403
623687
623694
623712
623714
623719
623991
624018
624218
624312
624450
624467
624629
624738
624742
624785
624804
624948
624951
625106
625143
625255
625256
625301
625316
625404
625407
625613
625706
625901
625904
625944
626015
626123
626146
626347
626460
626549
626603
626604
626835
626858
626865
626920
626925
626986
627068
627230
627283
627298
627610
627729
628062
628123
628254
628356
628397
628466
628564
628655
628816
628959
629084
629370
629514
629655
629884
629914
629940
629976
630161
630209
630266
630482
630584
630601
630660
631024
631095
631176
631435
631663
631742
631753
632017
632120
632156
632261
632320
632356
632425
632646
632672
632685
632745
632867
632948
633050
633077
633078
633096
633207
633235
633240
633297
633558
633696
633715
633846
634004
634065
634156
634412
634420
634491
634498
634504
634520
634576
634702
634722
634978
634982
635052
635062
635081
635128
635132
635196
635381
635501
635762
635799
635890
635943
635999
636256
636339
636345
636393
636837
637064
637185
637199
637331
637695
637840
637925
637949
638074
638076
638180
638189
638190
638511
638615
638661
639069
639157
639236
639452
639657
639746
639923
639989
640112
640206
640303
640324
640472
640585
640596
640738
640812
640842
640872
641002
641024
641163
641174
641254
641295
641411
641427
641508
641525
641570
641706
641787
641796
641898
641904
641918
641932
642162
642199
642314
642325
642456
642646
642732
642840
642847
643011
643069
643072
643079
643239
643345
643474
643527
643575
643633
643700
643767
643837
643858
644057
644065
644174
644203
644246
644319
644447
644477
644726
644765
644767
644814
644930
645133
645153
645221
645249
645414
645464
645466
645580
645607
645673
645734
645771
645825
646118
646258
646322
646372
646501
646592
646683
646777
646910
647014
647101
647148
647164
647214
647324
647368
647371
647458
647486
647579
647612
647676
647745
647799
647843
647880
648012
648161
648184
648191
648235
648294
648311
648660
648996
649031
649136
649143
649267
649333
649353
649551
649575
649718
650162
650343
650377
650403
650410
650437
650522
650556
650714
650739
650750
650756
650930
650987
651037
651053
651157
651227
651589
651723
651839
651963
652185
652194
652227
652337
652383
652407
652584
652611
652711
652818
652896
652944
652999
653202
653283
653484
653497
653499
653645
653837
653914
653937
653987
654054
654065
654105
654148
654222
654242
654256
654270
654320
654504
654526
654974
655139
655154
655371
655394
655418
655426
655454
655481
655498
655636
655675
655788
655809
656009
656094
656161
656408
656531
656655
656760
656814
656890
656939
657120
657215
657258
657328
657548
657554
657580
657641
657954
658114
658149
658431
658447
658560
658585
658682
658709
659140
659279
659360
659457
659509
659546
659612
659680
659713
659730
659811
659814
660404
660575
660875
660876
660894
660939
661264
661460
661682
661765
661822
661826
662089
662186
662482
662493
662596
662645
662676
662720
662738
662863
662870
662927
663021
663164
663198
663340
663401
663530
663535
663590
663668
663681
663851
664279
664283
664323
664453
664703
664734
664761
664770
664788
665078
665158
665285
665376
665462
665482
665549
665760
665763
665891
665917
665950
665960
666007
666040
666200
666362
666374
666419
666762
667168
667233
667259
667316
667365
667393
667787
668083
668093
668158
668283
668584
668666
668738
668846
669032
669126
669351
669369
669381
669400
669462
669475
669532
669625
669770
669826
669850
670159
670177
670251
670318
670403
670668
670784
670939
671015
671041
671128
671168
671210
671328
671357
671466
671512
671527
671628
671726
671942
671983
671990
671999
672010
672053
672130
672540
672569
672616
672746
672893
672949
672971
673105
673116
673195
673337
673458
673595
673599
673656
673706
673708
673765
673806
674062
674131
674211
674249
674287
674308
674433
674434
674798
674818
674881
674892
674932
674999
675014
675109
675147
675243
675572
675730
675923
676315
676541
676555
676573
676706
677033
677101
677262
677321
677460
677640
677916
678047
678109
678191
678216
678234
678363
678429
678542
678550
678569
678793
678827
679093
679102
679253
679437
679515
679577
679583
679795
679874
679892
680060
680252
680694
680785
680953
681088
681132
681223
681322
681597
681614
681782
681905
682025
682513
682614
682791
682833
682929
682963
683148
683195
683356
683490
683538
683709
683766
683821
683881
684052
684182
684193
684207
684245
684341
684432
684456
684552
684618
684627
684750
684795
684838
684850
684977
684995
685109
685165
685391
685542
685611
685818
685939
685957
685958
685960
685962
686021
686266
686332
686424
686505
686608
686660
686672
686707
686953
687025
687118
687124
687241
687274
687424
687456
687749
687952
687984
688303
688310
688369
688448
688576
688625
688630
688681
688691
688807
689096
689312
689314
689464
689489
689580
689826
689835
689851
690039
690120
690242
690291
690310
690421
690685
690712
690722
690754
690804
690816
690818
690966
691100
691111
691164
691281
691346
691585
691604
691688
691697
691700
691709
691775
691919
691942
692176
692207
692215
692634
692635
692834
692879
692937
692978
693107
693205
693351
693661
693863
693946
694192
694502
694640
694681
694705
694709
694888
695109
695126
695233
695280
695328
695334
695381
695460
695591
695677
695730
695939
695944
695953
696104
696152
696179
696239
696729
696854
697074
697076
697091
697150
697168
697179
697216
697280
697363
697370
697697
697733
697984
698184
698534
698553
698723
698728
699057
699155
699166
699204
699314
699381
699467
699679
699796
700222
700301
700509
700576
700637
700792
700918
701261
701295
701345
701533
701539
701569
701618
701763
701993
702218
702285
702567
702739
702757
702932
702946
702980
703209
703378
703402
703418
703593
703758
703805
703825
703870
703901
704058
704116
704331
704443
704681
704716
705074
705164
705218
705285
705436
705610
705654
705683
705726
705918
705957
705979
706280
706363
706407
706709
706833
706879
707045
707047
707199
707232
707407
707515
707638
707687
707739
707854
707921
707943
708096
708121
708324
708403
708562
708575
708633
708651
708688
708937
709059
709256
709270
709327
709347
709504
709608
709674
709698
709839
709850
709872
709975
709979
710126
710230
710251
710405
710538
710862
710893
710949
711101
711288
711353
711400
711442
711576
711631
711646
711745
711787
711936
712193
712225
712389
712763
712977
713151
713163
713190
713364
713409
713571
713639
713691
713788
713829
713881
713945
714053
714097
714124
714216
714494
714528
714672
714725
714948
715062
715067
715083
715174
715178
715269
715275
715553
715691
715780
715879
715909
715922
716038
716054
716160
716199
716230
716415
716457
716478
716492
716685
716707
716819
716823
716863
717158
717196
717222
717322
717343
717356
717429
717436
717628
717668
718387
718453
718618
718623
718707
719027
719037
719236
719242
719324
719341
719385
719425
719461
719504
719527
719604
719631
720038
720196
720277
720361
720395
720610
720630
720631
720734
720855
720927
720994
721053
721075
721101
721177
721321
721442
721759
721853
721964
721971
722027
722202
722451
722534
722558
722561
722637
722661
722704
722720
723069
723242
723255
723411
723444
723718
723830
723891
723981
724005
724038
724116
724311
724363
724547
724817
724966
725030
725114
725159
725338
725436
725456
725518
725529
725617
725713
725828
726098
726216
726257
726298
726450
726864
726930
727000
727450
727588
727596
727614
727889
728055
728114
728314
728315
728366
728426
728432
728503
728538
728690
728731
728756
728785
728945
729002
729081
729264
729321
729537
729747
729763
729786
729830
730667
730806
731200
731309
731335
731479
731966
732084
732096
732288
732340
732354
732357
732394
732531
733214
733234
733450
733767
734000
734159
734183
734330
734635
734786
735019
735053
735268
735307
735372
735417
735426
735695
735888
736281
736319
736327
736370
736393
736485
736570
736803
737005
737195
737695
737793
737924
738135
738185
738233
738264
738424
738443
738517
738670
738769
738857
738903
738925
739199
739219
739270
739356
739529
739716
739823
739901
739978
739982
740066
740170
740308
740520
740565
740710
740720
740732
740735
740815
740826
740876
740887
741098
741198
741238
741335
741349
741411
741416
741436
741628
741733
742087
742196
742426
742551
742617
742689
742692
742708
742897
742908
743064
743283
743539
743602
743652
743747
743806
743903
743925
744041
744044
744158
744225
744525
744635
744732
744797
745017
745177
745185
745192
745289
745390
745485
745656
745711
745712
745723
745874
746273
746367
746495
746556
746631
746642
746671
746711
746909
746951
747002
747328
747349
747404
747435
747656
747677
747716
747904
747958
747980
748033
748283
748392
748393
748421
748551
748691
748802
748864
748928
749021
749066
749235
749238
749257
749347
749415
749441
749461
749467
749519
749548
749617
749729
749734
749841
749895
750009
750045
750302
750490
750757
750787
750925
751038
751081
751377
751557
751646
751707
751798
752005
752075
752303
752357
752380
752401
752894
752937
753162
753174
753208
753276
753318
753790
753796
753826
753895
753939
753951
753955
753992
754272
754328
754619
754701
754776
754819
754917
755137
755193
755261
755341
755428
755446
755665
755675
755695
755852
756000
756118
756124
756319
756407
756706
756719
756782
756784
756866
756956
756987
757117
757215
757387
757451
757453
757497
757574
757746
757839
757932
757981
758024
758054
758218
758250
758352
758676
758689
758700
758842
759063
759091
759105
759151
759490
759545
759570
759685
759804
759845
760059
760060
760102
760414
760444
760583
760697
760735
760791
760795
760809
760878
761190
761223
761232
761284
761495
761532
761536
761539
761589
761615
761692
761781
761904
761985
762018
762067
762302
762308
762515
762679
762763
762781
762857
763386
763439
763682
763941
764117
764313
764583
764719
764721
764880
764992
765017
765025
765065
765195
765219
765342
765466
765708
765746
765764
765935
765954
766032
766214
766275
766300
766422
766505
766540
766552
766657
766688
766762
766817
766876
766992
766993
767015
767023
767049
767174
767364
767392
767409
767418
767446
767513
767544
767604
767736
767846
767849
767867
767906
767998
768042
768174
768181
768573
768640
768686
768727
768813
768837
768858
768914
769027
769182
769216
769333
769337
769359
769511
769671
769700
769849
769898
769937
770080
770257
770413
770546
770571
770604
770652
770703
770748
770831
770884
770914
771009
771011
771044
771201
771471
771605
771794
771798
771973
772018
772071
772109
772174
772381
772441
772536
772599
772950
773030
773104
773111
773178
773328
773555
773746
773756
773936
773989
773995
774015
774270
774311
774386
774424
774544
774566
774571
774590
774893
774933
774970
775061
775079
775109
775257
775266
775337
775346
775347
775497
775546
775811
775929
775946
775968
776006
776055
776131
776203
776285
776432
776547
776550
776556
776727
776964
777061
777089
777165
777166
777194
777328
777390
777821
777850
778053
778248
778251
778391
778817
778875
778893
778964
779167
779282
779407
779428
779441
779483
779730
779927
780265
780488
780510
780603
780662
780694
780703
780728
780741
780942
780948
781004
781057
781139
781172
781369
781443
781449
781714
781849
781886
782142
782147
782181
782206
782294
782306
782373
782447
782519
782527
782587
782684
782695
782821
782869
783053
783115
783127
783193
783247
783256
783283
783451
783511
783617
783771
783778
783816
783941
784151
784269
784463
784598
784648
784813
785121
785166
785200
785298
785346
785354
785371
785431
785475
785604
785697
785734
785834
786024
786220
786230
786237
786238
786278
786323
786337
786406
786427
786597
786982
787067
787087
787368
787406
787468
787472
787530
787535
787699
787754
787779
788100
788304
788312
788317
788494
788655
788749
788786
788806
789168
789249
789342
789521
789654
789952
790015
790018
790159
790335
790413
790482
790505
790682
790715
790716
790801
790834
790858
790967
791022
791200
791414
791423
791459
791507
791556
791617
791722
791746
791780
791849
791914
791976
792105
792257
792500
792526
792585
792731
792816
792849
792921
792941
793122
793353
793472
793521
793624
793991
794107
794186
794351
794355
794407
794555
794647
794658
794684
794754
794842
794887
794956
795136
795139
795323
795655
795837
795867
795939
795997
796129
796350
796548
796580
796595
796989
797089
797118
797126
797153
797424
797439
797481
797609
797740
797814
797916
798154
798277
798305
798444
798456
798533
798632
798738
798821
798838
799068
799140
799225
799326
799514
799790
799803
799847
799968
800007
800067
800117
800142
800268
800322
800345
800429
800851
800978
801044
801092
801369
801424
801489
801501
801621
801649
801815
801999
802189
802205
802477
802499
802503
802563
802632
802701
802753
802760
802906
803050
803066
803084
803237
803336
803390
803666
803724
803808
803876
803902
803906
803960
803988
803999
804063
804385
804536
804605
804622
804755
804852
804853
804996
805075
805154
805239
805411
805536
805555
805591
805627
805743
805887
806035
806230
806366
806451
806492
806632
806649
806724
806750
806805
806898
807444
807589
807635
807978
808052
808060
808076
808210
808483
808792
808830
808983
809167
809320
809406
809422
809441
809458
809466
809544
809572
809711
809866
810050
810067
810141
810392
810573
810640
810739
810893
810930
811464
811497
811564
811575
811905
811910
812257
812519
812529
812621
812871
813050
813173
813473
813501
813545
813686
813690
813748
813759
813821
814536
814641
814772
814774
814853
814934
814990
815014
815096
815443
815520
815759
815791
815813
815880
816103
816107
816266
816279
816318
816454
816472
816623
816735
816864
817161
817249
817285
817292
817340
817464
817575
817680
817708
817783
817827
817836
817856
817886
817895
817906
818159
818175
818227
818460
818471
818472
818530
818535
818666
818704
818731
818753
818983
819056
819083
819196
819381
819577
819602
819626
820178
820287
820337
820348
820577
820661
820932
820966
820974
821014
821089
821142
821165
821425
821441
821517
821581
821770
821881
821955
821999
822073
822114
822201
822221
822325
822355
822476
822526
822643
822731
822786
822870
822955
823147
823210
823314
823491
823609
823742
823845
823925
824034
824056
824131
824148
824386
824388
824470
824492
824590
824637
824691
824731
824965
825322
825504
825632
825647
825730
825849
825870
826236
826368
826484
826552
826711
826719
826762
826786
826792
826858
826921
827015
827071
827116
827224
827238
827320
827475
827610
827651
827654
827681
827702
827950
828078
828197
828255
828366
828369
828394
828521
828807
829072
829075
829120
829181
829254
829278
829441
829600
829638
829716
829787
829846
829993
830059
830117
830178
830221
830330
830543
830854
830950
830967
830979
831055
831068
831102
831279
831491
831531
831619
831731
831738
831786
831876
832036
832073
832101
832171
832230
832255
832308
832332
832428
832465
832490
832536
832788
832955
832979
833204
833216
833281
833341
833416
833477
833554
833628
833635
833807
833953
834012
834030
834154
834181
834277
834620
834771
834810
834950
835077
835122
835197
835294
835368
835371
835630
835716
835864
836086
836112
836144
836178
836381
836478
836519
836621
836704
836715
836799
836805
836912
837098
837176
837304
837341
837394
837402
837432
837601
837628
837676
837758
838215
838246
838383
838510
838512
838719
838766
838805
838813
838824
838877
838892
839123
839164
839201
839291
839353
839366
839395
839417
839429
839541
839607
839666
839711
839747
839968
839994
840020
840102
840125
840203
840436
840456
840537
840773
841019
841085
841103
841115
841158
841277
841279
841338
841423
841675
841723
841844
841848
841866
841871
841894
841950
842203
842259
842417
842716
842895
842955
843082
843087
843112
843138
843260
843334
843497
843591
843600
843799
843932
843991
844083
844155
844260
844491
845018
845115
845150
845327
845336
845380
845429
845511
845549
845588
845649
845752
845769
845778
845982
846252
846543
846582
846623
846649
846743
846750
847111
847242
847372
847430
847499
847537
847586
847620
847641
847741
847816
847859
847952
847963
847965
847977
848082
848156
848177
848226
848350
848541
848586
848587
848639
848750
848847
848872
848882
848903
848905
848954
849158
849200
849628
849684
849801
849861
850103
850164
850215
850408
850503
850556
850703
850759
850999
851227
851528
851540
851593
851756
851767
851848
852001
852036
852247
852525
852578
852659
852905
852933
853114
853313
853354
853375
853631
853635
853685
853714
853830
854368
854370
854460
854605
854697
854715
854908
854911
854946
854950
855048
855299
855335
855381
855555
855818
855997
856007
856024
856094
856167
856213
856392
856651
856653
856777
857067
857236
857502
857600
857614
857738
857780
858002
858061
858137
858265
858322
858323
858399
858595
859170
859311
859452
859498
859526
859570
859588
859675
859761
859861
860003
860059
860144
860317
860421
860454
860572
860721
860742
861077
861102
861129
861447
861581
861752
861777
862077
862114
862196
862258
862450
862621
862622
862766
862805
862830
862913
862995
863056
863108
863120
863961
864147
864161
864191
864220
864291
864369
864607
864663
864676
864861
864919
864936
864949
864976
865044
865315
865357
865363
865494
865589
866030
866076
866078
866140
866185
866189
866228
866493
866542
866679
866839
866941
866947
867020
867158
867160
867224
867301
867326
867327
867397
867468
867530
867591
867620
867692
867749
867933
868028
868591
868629
868662
868774
868849
869045
869161
869186
869187
869326
869438
869498
869538
869658
869832
870076
870112
870341
870359
870406
870471
870587
870636
870675
870723
870757
870951
870999
871020
871147
871241
871244
871319
871388
871463
871577
871578
871623
871708
871721
871768
871970
872094
872130
872300
872318
872372
872514
872522
872661
872673
872705
872849
872852
872890
872895
873151
873164
873287
873498
873731
873751
873764
873791
874104
874134
874162
874334
874626
874648
874806
874876
875086
875180
875200
875234
875253
875296
875356
875424
875432
875470
875528
875742
875854
875917
876008
876101
876155
876240
876368
876755
876846
876910
876963
877083
877109
877120
877146
877156
877361
877374
877418
877492
877591
877695
877918
878040
878049
878149
878281
878710
878711
878741
878786
878888
878931
878939
878990
879037
879649
879712
879716
879874
879887
880031
880059
880089
880363
880542
880606
880754
880784
881053
881334
881393
881443
881515
881535
882224
882227
882258
882303
882482
882500
882544
882563
882648
882721
882895
883022
883043
883116
883168
883170
883195
883637
884061
884098
884114
884618
884742
884781
884790
884972
885051
885135
885195
885344
885424
885621
885735
885852
885966
886149
886284
886348
886351
886626
886687
886787
886913
887108
887138
887317
887414
887476
887559
887692
887887
887895
887963
887965
887991
887994
888048
888125
888285
888311
888433
888509
888626
888742
888791
888855
888987
889025
889220
889271
889293
889405
889465
889527
889547
889568
889595
889708
889998
890131
890214
890242
890260
890509
890559
890725
890849
890890
890908
891114
891121
891200
891284
891300
891477
891491
891514
891797
891921
891937
892285
892690
892718
892771
892806
892833
892862
892973
893001
893037
893043
893333
893399
893468
893613
893756
893828
893939
894090
894339
894659
894836
894940
895096
895111
895257
895278
895305
895319
895597
895796
895872
895891
895946
896089
896097
896312
896489
896540
896770
896775
896796
896814
897029
897363
897464
897514
897612
897821
898245
898277
898371
898474
898583
898714
898785
899014
899040
899122
899364
899430
899688
899719
899751
899816
899927
900020
900129
900144
900157
900181
900186
900282
900309
900385
900502
900561
900603
900637
900821
900915
901023
901071
901200
901263
901385
901480
901519
901544
901646
901873
901977
902067
902121
902350
902423
902426
902502
902648
902721
902857
902984
903001
903106
903349
903463
903468
903487
903652
903667
903937
903955
904079
904125
904167
904242
904269
904434
904469
904825
904877
905092
905153
905254
905261
905425
905686
905751
905844
905875
905881
905918
906010
906021
906167
906206
906439
906449
906471
906484
906520
906660
906735
906806
906857
906930
906944
907081
907096
907165
907371
907398
907751
907797
907865
907897
908100
908354
908422
908532
908772
908788
908830
908932
909204
909206
909392
909468
909490
909545
909668
909754
909890
910184
910288
910305
910366
910394
910842
910881
911032
911035
911243
911349
911396
911456
911741
911903
911933
912115
912132
912303
912337
912424
912503
912685
912762
912806
912825
913081
913212
913241
913392
913604
913708
913789
913980
914190
914238
914362
914441
914573
914775
914785
914868
914946
915063
915213
915301
915304
915524
915551
915560
915610
915662
915672
915711
915741
915836
915910
916126
916152
916220
916294
916452
916808
916854
917019
917068
917111
917198
917237
917254
917258
917341
917484
917900
917941
918140
918214
918305
918400
918515
918741
918856
918902
919014
919037
919160
919246
919373
919400
919502
919560
919683
920014
920119
920290
920340
920342
920364
920460
920607
920687
921077
921270
921324
921355
921478
921535
921596
921788
921853
921923
922001
922144
922172
922283
922418
922446
922532
922567
922573
922611
922615
922655
922706
922982
923191
923270
923423
923605
923622
923680
924170
924229
924395
924524
924548
924591
924610
924818
924948
924959
925036
925166
925245
925261
925351
925364
925417
925494
925511
925559
925630
925741
925791
925803
925970
926153
926189
926205
926282
926287
926338
926647
926813
926929
927006
927026
927046
927205
927237
927278
927426
927571
927716
927999
928093
928145
928159
928478
928587
928717
928966
929078
929172
929303
929364
929423
929466
929648
930034
930216
930222
930243
930372
930384
930453
930499
930620
930685
930911
931009
931192
931235
931320
931380
931463
931551
931657
931825
931866
932085
932133
932154
932181
932214
932299
932312
932575
932884
932928
932987
933099
933216
933238
933325
933666
933693
933752
933763
933930
933938
934057
934109
934117
934148
934213
934224
934325
934411
934499
934557
934681
934811
934963
935053
935320
935338
936011
936130
936345
936347
936489
936714
937094
937213
937218
937383
937401
937583
937593
937678
937722
937858
937896
938154
938194
938207
938240
938279
938292
938402
938403
938480
938527
938641
938663
938694
938960
939044
939264
939323
939390
939676
939703
939730
939847
939909
939945
940010
940157
940340
940412
940416
940632
940746
941053
941075
941329
941518
941573
941716
941817
942355
942399
942474
942934
942947
943008
943075
943226
943253
943306
943313
943358
943418
943442
943585
943632
943707
943724
943758
943779
943864
944002
944370
944409
944517
944527
944545
944616
944726
944991
945019
945146
945197
945279
945285
945455
945499
945609
945683
945708
945748
945762
945771
945772
945869
946049
946065
946135
946210
946373
946509
946706
946789
946835
946867
947028
947047
947065
947139
947190
947378
947392
947589
947867
948112
948385
948486
948599
948857
948900
948966
948980
949103
949272
949526
949533
949799
949840
949926
950011
950067
950130
950141
950288
950324
950472
950475
950513
950535
950606
950619
950644
950911
951037
951196
951205
951313
951452
951673
951688
951744
951745
951832
951861
951874
951964
952104
952189
952192
952374
952404
952571
952630
952711
952757
952851
952974
953002
953195
953211
953354
953440
953648
953712
953745
953813
953826
953916
953979
953996
954008
954046
954134
954300
954331
954678
954682
954713
954752
954836
955169
955292
955333
955352
955469
955490
955518
955802
955856
955906
955963
956011
956021
956037
956049
956075
956163
956316
956645
956660
956700
956718
956794
956818
956829
956859
956875
956948
957061
957146
957155
957343
957408
957432
957453
957589
957640
957641
957687
957714
957724
957784
957816
957894
957924
957940
958227
958228
958316
958327
958364
958437
958500
958570
958633
958757
958823
959147
959425
959473
959561
959644
959757
959775
959991
960030
960311
960332
960354
960565
960800
960859
960877
961091
961238
961248
961384
961400
961482
961500
961520
961521
961561
961565
961572
961573
961631
961748
961897
961968
962019
962135
962276
962317
962339
962435
962673
962718
962778
962869
962882
963018
963078
963090
963189
963202
963222
963239
963240
963352
963356
963511
963584
963711
964170
964306
964333
964410
964807
964837
964993
965045
965194
965402
965421
965606
965614
965638
966058
966334
966490
966623
966688
966752
966803
966836
966906
966943
966988
967070
967165
967240
967382
967386
967478
967553
967610
967675
967822
967958
968036
968237
968283
968446
968475
968482
968507
968518
968680
968987
969017
969032
969036
969083
969094
969184
969255
969415
969606
969607
969642
969721
970237
970381
970425
970666
970707
970782
970804
970808
970842
970915
970990
971030
971056
971076
971183
971200
971215
971240
971452
971654
971784
971808
972200
972205
972233
972420
972510
972661
972709
972859
972932
973446
973469
973596
973599
973806
973936
973982
974053
974054
974185
974241
974286
974312
974345
974410
974442
974464
974623
974751
975163
975165
975242
975331
975494
975869
976105
976160
976177
976274
976370
976516
977051
977274
977309
977482
977656
977679
977823
977831
978036
978043
978097
978365
978391
978614
978650
978676
978885
979021
979116
979175
979337
979498
979640
979650
979700
979891
980086
980113
980151
980248
980511
980548
980663
980668
980760
980821
980887
980904
980960
981098
981143
981161
981195
981310
981579
981601
981670
981727
981728
981777
981794
981884
981886
982002
982056
982080
982391
982531
982559
982637
982723
982835
982868
983526
983741
983760
983775
983971
984258
984499
984738
984778
984785
984967
984992
985088
985297
985596
985773
985805
985888
986117
986195
986386
986606
986669
986705
986799
986814
987016
987305
987518
987595
987614
987938
988013
988126
988472
988540
988639
988764
988857
988940
988949
988968
989042
989070
989085
989189
989399
989505
989619
989676
989848
990117
990143
990166
990179
990438
990445
990449
990540
990601
990703
990775
990854
991184
991320
991494
991613
991685
991717
991793
991820
991850
991914
991987
992087
992105
992120
992318
992321
992585
992647
992829
992903
993204
993322
993425
993453
993540
993546
993673
993705
994062
994152
994193
994275
994332
994348
994360
994461
994590
994745
994823
994993
994995
994999
995036
995100
995262
995362
995371
995456
995500
995723
995892
995919
996081
996203
996257
996475
996605
996711
996815
996990
997135
997248
997353
997378
997443
997764
997787
997939
998132
998278
998371
998420
998516
998588
998616
998653
998656
998674
998833
999225
999460
999571
999582
999619
999633
999967
