1
259
279
416
419
459
507
566
587
644
798
801
837
869
1019
1070
1112
1116
1261
1274
1279
1423
1517
1661
1716
1901
2093
2270
2379
2428
2565
2894
3052
3061
3118
3249
3276
3355
3368
3378
3527
3708
4604
4708
4836
4916
5027
5304
5420
5430
5444
5452
5454
5467
5736
5764
5806
5947
6048
6060
6097
6250
6400
6570
6701
6845
6962
7154
7287
7381
7414
7577
7649
7760
7786
7789
7801
7814
7951
7979
8047
8169
8204
8344
8418
8491
8504
8521
8795
8818
8874
8875
8978
9009
9144
9225
9427
9480
9509
9541
9568
9622
9646
9753
9869
9933
9940
9942
10023
10073
10134
10163
10201
10289
10382
10389
10693
10735
10838
11022
11030
11071
11074
11234
11301
11481
11490
11855
11981
12064
12139
12191
12423
12438
12553
12622
12747
12753
13433
13450
13624
13799
13834
13840
13910
14214
14276
14284
14296
14348
14382
14454
14503
14551
14670
14864
15311
15501
15645
15831
15880
15890
16242
16315
16415
16734
16750
16834
16839
17074
17219
17273
17283
17509
17724
17732
17901
18011
18030
18064
18226
18327
18356
18389
18404
18627
18761
18987
19020
19157
19305
19360
19481
19682
19944
19969
20058
20240
20333
20336
20568
20682
20684
20693
20807
20822
20844
20889
20916
21059
21191
21263
21290
21300
21441
21711
21736
21864
21876
21907
21908
21919
21938
21967
21974
22120
22766
22834
22890
22978
23045
23095
23470
23525
23864
23961
24061
24145
24273
24314
24328
24473
24796
25085
25231
25340
25782
25977
26051
26360
26440
26462
26717
26931
27095
27195
27281
27346
27594
27639
27647
27673
27720
27758
27809
27825
27897
28033
28229
28371
28396
28415
28449
28631
28665
29209
29343
29351
29411
29475
29495
29505
29562
29620
29808
29951
30094
30163
30169
30239
30378
30421
30665
30863
30888
31110
31178
31184
31659
31782
31844
31859
31947
32031
32403
32411
32425
32628
32722
32829
32859
32967
32988
33252
33404
33495
33539
33591
33619
33788
33897
33908
33918
33967
34087
34109
34165
34246
34452
34469
34492
34866
34949
35120
35132
35230
35268
35526
35601
35799
35853
35956
36384
36521
36615
36641
36822
36876
36989
37056
37102
37164
37255
37283
37404
37456
37492
37665
37741
37763
37800
37843
37906
38097
38180
38209
38278
38358
38516
38544
38724
38736
38747
38785
38830
39000
39107
39118
39242
39283
39434
39465
39690
39787
39972
40126
40181
40353
40487
40514
40586
40696
40798
40874
40967
40982
41097
41357
41432
41492
41498
41507
41518
41537
41599
41724
41747
41841
42057
42133
42301
42488
42590
42635
42725
42726
42761
42774
42780
42910
43011
43172
43333
43376
43407
43459
43497
43546
43569
43685
43717
43820
43926
43968
44049
44109
44292
44463
44824
44862
44926
44930
45040
45065
45142
45319
45424
45564
45683
45733
46000
46005
46021
46030
46133
46195
46325
46399
46474
46564
46780
46834
46897
47009
47134
47148
47179
47347
47438
47533
47539
47580
47772
47785
47918
48141
48148
48291
48382
48461
49230
49232
49253
49317
49508
49536
49560
49569
49635
49698
49750
49919
50071
50235
50254
50260
50304
50328
50379
50441
50448
50581
50668
50712
50813
51001
51131
51276
51287
51334
51441
51500
51542
51673
51682
51727
52025
52093
52179
52196
52616
52643
52659
52687
52702
52708
52816
52843
52880
52881
52936
53005
53515
53783
53820
53845
54017
54022
54071
54551
54621
54853
55012
55149
55179
55252
55270
55380
55591
55633
55678
55773
55859
55900
56233
56639
56947
56961
56999
57231
57264
57457
57555
57676
57811
57861
57906
57992
58050
58052
58153
58185
58205
58485
58828
58920
59016
59101
59128
59266
59399
59451
59670
59676
59732
60024
60038
60258
60300
60325
60371
60521
61139
61420
61460
61675
61941
61957
61990
62327
62479
62595
62607
62641
62777
62793
62832
62956
63291
63339
63614
63645
63816
63828
63860
63939
64124
64158
64190
64270
64333
64433
64449
64526
64531
64558
64616
64715
64735
64942
65061
65206
65225
65352
65387
65443
65680
65686
65709
65828
66016
66061
66065
66141
66195
66368
66459
66499
66561
66608
66803
66927
66940
66949
67013
67023
67040
67236
67410
67461
67494
67546
67552
67719
67900
68147
68403
68418
68434
68475
68688
68702
68720
68867
68908
68936
69037
69063
69100
69159
69231
69254
69312
69355
69448
69604
69745
69935
69972
69997
70012
70057
70349
70439
70499
70691
70736
70955
71086
71293
71338
71377
71404
71480
71841
71873
72074
72130
72240
72258
72273
72285
72360
72475
72534
72581
72584
72639
72736
72769
72832
73164
73610
73682
73770
74281
74323
74394
74449
74764
75046
75062
75522
75557
75841
76050
76193
76196
76271
76355
76369
76381
76594
76664
76743
77329
77352
77575
77604
77625
77847
77878
78118
78157
78182
78275
78306
78427
78525
78635
78740
78772
79042
79055
79461
79980
80076
80165
80166
80377
80421
80426
80560
80735
80800
80903
80953
80967
80995
81169
81405
81481
81515
81599
81766
82265
82370
82397
82416
82481
82561
82634
82639
82690
82836
83064
83128
83292
83357
83514
83517
83525
83600
83619
83678
84015
84068
84081
84120
84240
84479
84544
84615
84962
85004
85015
85194
85197
85420
85433
85455
85496
85526
85533
85611
85671
85759
85936
86056
86134
86236
86242
86247
86672
86763
86773
86809
86910
86990
86997
87190
87361
87387
87433
87557
87645
87844
88025
88083
88244
88415
88424
88436
88590
88708
88728
88836
89171
89197
89320
89346
89433
89581
89629
89740
89795
89891
90070
90086
90150
90168
90234
90433
90439
90444
90445
90684
90706
90991
91182
91210
91295
91619
91848
91920
92058
92070
92080
92139
92200
92280
92582
92625
92682
92701
93031
93308
93536
93545
93736
93743
93806
94199
94209
94388
94403
94729
95042
95076
95084
95106
95201
95262
95570
95946
95962
95997
96306
96587
96593
96968
96972
96993
97118
97119
97140
97204
97300
97350
97566
97597
97740
97764
97833
97848
97883
97888
98174
98205
98235
98337
98344
98493
98494
98589
98878
98882
99207
99251
99297
99338
99354
99365
99409
99429
99651
99744
99753
99886
99916
99947
99948
99950
99992
100027
100085
100090
100109
100119
100435
100562
100591
100665
100690
100772
100774
100792
100854
100965
101444
101690
101716
101762
101885
101894
101961
101968
102278
102334
102376
102406
102424
102597
102759
102817
102936
103066
103113
103223
103315
103674
103794
103934
104213
104235
104271
104449
104767
104888
104919
105050
105085
105089
105116
105255
105341
105383
105517
105654
105742
105743
105804
105828
105834
106036
106041
106079
106213
106599
106624
106642
106677
107020
107381
107421
107437
107469
107599
107601
107623
107643
107836
107840
108344
108382
108413
108562
108575
108621
108728
108842
109012
109330
109483
109510
109649
109692
109757
109881
109975
110149
110207
110242
110303
110352
110373
110393
110395
110522
110749
110770
110966
111016
111072
111102
111369
111391
111416
111417
111692
111768
111843
111846
111863
111957
111977
112278
112319
112339
112404
112435
112478
112600
112629
112645
112852
112905
112933
113188
113445
113659
113682
113706
113776
113823
113893
114172
114270
114354
114395
114405
114570
114618
114811
114836
114874
115011
115020
115088
115105
115178
115203
115234
115319
115325
115579
115591
115623
115629
115680
115751
115776
115794
115897
115956
116025
116109
116290
116446
116488
116568
116615
116623
116682
117040
117085
117125
117130
117350
117365
117367
117496
117561
117569
117835
117932
118083
118183
118198
118256
118286
118291
118618
118620
118773
118919
119038
119060
119067
119155
119321
119386
119471
119500
119560
120106
120132
120202
120218
120403
120440
120480
120613
120791
120997
121148
121194
121213
121511
121618
121712
121779
121803
121836
121843
122058
122095
122160
122374
122376
122479
122516
122544
122559
122629
122660
122749
122803
122856
122867
122931
123081
123149
123236
123295
123448
123669
123738
123756
123796
124016
124177
124300
124578
124623
124696
124715
124778
124785
124825
125019
125294
125505
125541
126158
126199
126344
126733
127105
127107
127178
127318
127348
127514
127884
128121
128131
128347
128389
128415
128465
128519
128580
128778
128823
128955
128983
129013
129034
129122
129136
129153
129213
129250
129287
129437
129462
129603
129711
129717
129831
129988
130046
130070
130128
130161
130178
130274
130310
130591
130685
130705
130768
131052
131176
131188
131234
131544
131602
131671
131676
131711
131839
132089
132127
132242
132357
132469
132527
132547
133022
133048
133126
133135
133173
133194
133232
133296
133312
133334
133354
133392
133401
133412
133563
133787
133869
133932
134083
134133
134429
134552
134737
134755
134840
134980
135099
135310
135319
135502
135667
135787
135793
135808
135952
135967
136266
136273
136379
136564
136696
136728
136762
136818
136860
136930
137049
137106
137374
137377
137500
137522
137654
137669
137723
138009
138352
138758
138817
138919
139075
139118
139220
139359
139379
139387
139502
139512
139519
139643
139811
139918
140164
140187
140360
140422
140506
140603
140810
141043
141054
141114
141170
141222
141246
141247
141409
141467
141705
141789
141800
141870
141901
142123
142204
142217
142222
142305
142314
142316
142342
142419
142560
142593
142614
142733
142742
142886
142902
142918
142930
143074
143118
143330
143598
143835
143845
143867
143909
144089
144138
144223
144315
144338
144369
144477
144587
144703
144770
144780
144787
145143
145226
145240
145467
145522
145612
145804
146035
146074
146370
146395
146511
146523
146539
146739
146753
146799
147008
147328
147401
147508
147640
147679
147808
147878
147964
148199
148220
148405
148423
148479
148498
148528
148767
148805
148927
149078
149246
149575
149657
149780
149875
150119
150138
150266
150338
150522
150695
150787
150822
151051
151110
151151
151276
151371
151389
151540
151576
151763
151765
152050
152055
152093
152113
152137
152306
152472
152507
152577
152721
152738
153042
153127
153155
153223
153398
153401
153415
153789
153832
154110
154350
154354
154385
154491
154573
154714
154743
154833
154909
154973
155020
155202
155255
155309
155372
155555
155691
155893
155925
156040
156047
156117
156189
156218
156326
156516
156587
156588
157141
157243
157254
157264
157363
157753
157870
157878
157895
157962
158065
158181
158254
158312
158439
158575
158636
158644
158658
158755
158861
158905
159021
159052
159104
159164
159366
159712
160104
160243
160311
160400
160459
160587
160628
160664
160858
160860
160894
161247
161333
161409
161442
161679
161779
161819
161860
161912
161952
162078
162464
162535
162628
162638
162942
162965
163144
163153
163254
163326
163559
163586
163763
163896
163949
163995
164105
164114
164130
164133
164305
164321
164479
164635
164754
164799
165034
165134
165158
165184
165224
165274
165278
165309
165350
165502
165917
165993
166067
166148
166238
166317
166521
166552
166557
166677
166802
166839
166859
167259
167285
167306
167334
167822
167830
167852
168186
168209
168230
168275
168391
168396
168462
168670
168728
168871
168996
169006
169021
169030
169193
169229
169326
169638
169783
170288
170312
170868
170899
170905
170930
171031
171376
171604
171954
171959
171962
172017
172040
172123
172136
172154
172181
172199
172544
172703
172777
172787
172871
172878
173139
173182
173286
173308
173330
173355
173386
173475
173699
173702
173718
173917
173945
174004
174020
174215
174296
174325
174371
174558
174611
174699
174792
174807
174991
175174
175180
175391
175511
175546
175642
175648
175662
175674
175700
175804
176266
176551
176675
176750
176798
176830
177072
177151
177157
177197
177285
177319
177384
177391
177413
177438
177638
177840
177841
177962
178029
178128
178166
178286
178362
178388
178390
178419
178485
178508
178644
178716
178877
178879
178975
179092
179195
179268
179435
179462
179775
180193
180378
180421
180500
180537
180541
180667
180762
180872
180909
180915
180981
181032
181243
181274
181441
181464
181533
181601
181730
181813
181891
182061
182089
182280
182428
182517
182711
182713
182788
182936
183140
183197
183244
183320
183330
183471
183524
183628
183666
183706
183829
183905
183928
184086
184302
184347
184553
184777
184838
184846
184899
184967
185045
185079
185415
185504
185665
185792
185912
185969
185991
186064
186187
186246
186299
186340
186392
186413
186540
186583
186617
186702
186812
186877
187032
187078
187149
187390
187477
187515
187573
187606
187881
188051
188062
188232
188236
188274
188290
188367
188394
188594
188709
188730
188880
188911
189077
189285
189448
189582
189657
189887
189929
190055
190098
190417
190563
190586
190601
190796
190897
191037
191123
191155
191443
191464
191547
191553
191654
191771
191836
191970
191978
192068
192100
192169
192237
192354
192715
192717
192746
192773
192789
193001
193100
193196
193265
193345
193521
193532
193663
193667
193817
193909
193964
194066
194257
194548
194575
194617
194753
194897
194900
194904
194919
195046
195107
195295
195389
195490
195520
195683
195686
195777
195978
196223
196569
196574
196669
196970
197034
197159
197175
197293
197368
197401
197511
197526
197570
197602
197660
197773
197847
197920
197970
198025
198115
198129
198254
198284
198309
198314
198315
198696
198736
198766
199126
199204
199277
199329
199333
199466
199553
199566
199624
199739
199849
199941
199997
200068
200389
200416
200432
200557
200561
200571
200606
200634
200771
200814
200840
200850
200894
201030
201315
201330
201360
201397
201442
201610
201656
201817
201857
201870
201884
201971
202014
202096
202177
202403
202508
202545
202742
202786
203078
203083
203110
203148
203214
203328
203367
203411
203556
203664
203696
203717
203883
203889
203961
204069
204127
204199
204436
204454
204493
204494
204630
204787
204820
204841
204876
204913
204963
205028
205147
205384
205406
205440
205615
205652
205667
205683
205684
205720
205836
205938
205939
206000
206074
206108
206265
206313
206332
206353
206395
206512
206552
206581
206585
206634
206705
207070
207118
207326
207419
207447
207605
207665
207713
207818
207944
208035
208045
208111
208134
208248
208294
208454
208587
208646
208669
208690
208717
208760
208939
209009
209031
209045
209136
209299
209304
209327
209529
209581
209657
209739
210158
210241
210292
210294
210505
210701
210739
210879
211287
211343
211379
211385
211418
211434
211696
211738
211904
212032
212232
212242
212330
212446
212571
212850
212856
212974
213249
213312
213612
213867
214005
214037
214071
214086
214334
214457
214463
214516
214581
214753
214754
214832
214885
214911
215152
215171
215340
215370
215408
215496
215559
215589
215615
215795
215850
215876
215905
216011
216052
216064
216067
216122
216153
216163
216339
216640
216753
217043
217064
217088
217190
217327
217381
217766
217811
217893
218058
218277
218344
218351
218437
218508
218512
218586
218765
218776
218993
218997
219238
219404
219557
219648
219714
219843
219872
219977
220001
220022
220174
220207
220281
220286
220293
220495
220719
221131
221174
221240
221479
221495
221581
221810
221842
221966
222009
222062
222156
222252
222292
222366
222550
222728
222836
222874
222956
223010
223213
223533
223538
223597
223610
223725
223901
223979
224033
224132
224198
224378
224466
224490
224599
225184
225301
225360
225453
225576
225638
225894
225919
226093
226317
226454
226603
226616
226644
226704
226731
226828
226833
226837
226850
226864
227116
227153
227188
227217
227327
227412
227439
227516
227700
227702
227747
227819
227844
227855
227895
227918
227930
228111
228116
228142
228316
228564
228581
228947
228991
229104
229179
229184
229314
229479
229699
229806
229812
229882
229936
229938
229985
230023
230025
230398
230414
230502
230584
231228
231240
231390
231610
231792
231908
232210
232232
232269
232413
232520
232590
232689
232899
232940
233122
233201
233227
233233
233345
233362
233513
233595
233955
234027
234038
234075
234174
234202
234264
234284
234382
234413
234454
234470
234484
234655
234683
234842
234993
235031
235179
235234
235243
235347
235359
235574
235833
235924
235929
235948
236166
236190
236217
236221
236238
236267
236374
236710
236776
236793
236949
237152
237548
237733
237941
238037
238082
238136
238159
238179
238222
238399
238892
238943
239215
239326
239369
239447
239453
239492
239558
239781
239925
240010
240070
240205
240219
240248
240344
240489
240601
240805
240842
240863
240865
240909
240916
240921
241061
241178
241219
241311
241690
242081
242433
242451
242533
242616
242750
243015
243440
243479
243490
243595
243636
243674
243928
244131
244166
244620
244659
244713
244896
245060
245227
245524
245589
245650
245661
245666
245858
245948
245957
246062
246221
246334
246386
246504
246531
246798
246953
247011
247176
247310
247343
247697
247974
248144
248246
248504
248683
248844
249183
249209
249248
249363
249390
249751
249890
250157
250188
250434
250437
250445
250853
250916
251106
251109
251132
251174
251180
251230
251251
251254
251548
251555
251575
251599
251646
251753
251770
252112
252164
252202
252273
252277
252342
252589
252714
252730
252736
252780
252948
253065
253211
253330
253349
253419
253549
253568
253608
253610
253737
253809
254214
254400
254418
254419
254524
254648
254786
254804
254805
254817
255071
255120
255148
255163
255307
255348
255858
255992
256113
256275
256360
256491
256564
256586
256618
256664
256731
256777
256844
256947
257019
257425
257451
257556
257779
257821
258174
258245
258265
258295
258364
258385
258625
258860
259059
259316
259487
259497
259586
259786
260054
260145
260368
260457
260790
261391
261463
261490
261585
261606
261633
261635
261711
261741
261880
261940
261941
262117
262212
262214
262352
262492
262591
262625
262647
262704
262734
262813
262947
263223
263433
263452
263600
263626
263729
263939
263965
264061
264347
264427
264580
264758
264873
265059
265320
265337
265389
265431
265567
265739
265955
266018
266023
266077
266081
266164
266175
266214
266299
266347
266348
266371
266404
266415
266649
266713
266917
266961
267076
267117
267257
267268
267348
267372
267575
267698
267733
267761
267842
267926
268149
268403
268460
268573
268597
268776
268868
268987
269040
269162
269268
269271
269444
269518
270218
270268
270379
270415
270555
270656
270665
270697
270711
270873
270912
271101
271170
271224
271258
271401
271713
272126
272291
272412
272478
272554
272628
272671
272699
272729
272756
272780
272960
273223
273286
273337
273343
273591
273599
273614
273642
273873
273905
274025
274083
274147
274285
274324
274395
274647
274661
274823
274973
275291
275316
275528
275577
275635
275770
275785
275837
275881
276108
276346
276373
276377
276565
276575
276724
276731
276732
276771
276775
276856
276873
276957
277259
277661
277724
277893
277911
278084
278128
278329
278383
278490
278624
278627
278811
278835
278912
278986
279164
279279
279479
279543
279602
279699
279787
279829
279885
279916
280115
280172
280345
280384
280616
280799
280810
281221
281242
281294
281334
281357
281482
281503
281551
281565
281682
282084
282252
282319
282565
282593
282632
282674
282708
282810
282946
283032
283119
283122
283131
283156
283159
283210
283294
283397
283669
283758
283845
284010
284054
284197
284303
284359
284445
284684
284758
284770
284833
285001
285170
285399
285440
285477
285520
285530
285558
285672
285740
286173
286232
286238
286571
286664
286716
286857
286960
287125
287417
287540
287553
287679
287855
287898
287900
287901
288093
288253
288294
288298
288378
288408
288476
288496
288661
288678
288739
288921
288940
289011
289530
289726
289826
289879
289885
290042
290294
290391
290694
290747
290947
290977
291022
291030
291112
291227
291243
291432
291488
291506
291569
291755
291836
291845
291881
292312
292375
292376
292484
292528
292538
292555
292701
292724
292841
293077
293094
293123
293248
293365
293508
293589
293625
293639
293662
293811
293962
294139
294156
294232
294282
294924
294978
295040
295195
295219
295316
295572
295614
295707
295796
295878
295959
296070
296124
296171
296260
296282
296491
296496
296817
296948
297045
297105
297108
297124
297130
297190
297220
297244
297276
297315
297394
297660
297739
297879
297910
298212
298396
298548
298551
298762
298788
298845
298976
298987
299020
299195
299232
299371
299457
299458
299554
299743
299824
299971
300031
300227
300242
300287
300468
300513
300524
300624
300781
300973
301297
301336
301386
301495
301749
301809
302169
302250
302432
302533
302657
302767
302778
302908
303335
303452
303478
303521
303560
303710
303809
304197
304417
304482
304554
304624
304692
304701
304774
304904
304959
305047
305274
305296
305415
305552
305843
305956
305973
306006
306016
306116
306310
306401
306457
306493
306557
306589
306613
306752
306974
307115
307315
307460
307515
307517
307583
307637
307842
307917
307977
308101
308164
308214
308231
308295
308371
308463
308501
308546
308548
308649
308704
308740
308748
308977
309142
309408
309491
309741
309797
309837
309857
309974
310037
310200
310462
310475
310719
310818
310836
311019
311132
311202
311385
311412
311536
311686
311844
312809
312861
312979
312993
313026
313051
313136
313192
313349
313364
313586
313778
313781
313824
313868
313900
314003
314157
314171
314328
314376
314448
314512
314546
314605
314753
314867
314950
314954
315067
315201
315345
315350
315382
315387
315456
315534
315657
315661
315736
315920
316147
316179
316289
316290
316444
316553
316643
316811
316817
316945
316979
317179
317404
317426
317535
317601
317961
317989
318152
318164
318346
318451
318647
318799
318965
319098
319198
319244
319246
319272
319318
319327
319341
319378
319393
319433
319535
319554
319572
319595
320215
320273
320544
320560
320566
320577
320625
320719
320776
320843
320972
321066
321315
321379
321463
321515
321712
321929
322003
322045
322091
322100
322128
322462
322484
322530
322779
322894
322908
322929
322959
323001
323092
323148
323307
323310
323322
323343
323351
323413
323451
323636
323713
323802
323862
323981
323986
324013
324083
324170
324233
324321
324356
324359
324425
324500
324629
324716
324782
324815
325327
325388
325418
325432
325475
325505
325520
325557
325689
325845
326015
326065
326181
326282
326461
326536
326611
326715
326802
326838
326928
326979
327078
327141
327158
327164
327303
327380
327410
327450
327663
327927
328245
328336
328378
328491
328556
328752
329011
329031
329045
329282
329317
329344
329355
329385
329504
329545
329606
329681
329917
329985
330075
330231
330303
330329
330531
330570
330599
330669
330772
330786
330847
330917
330933
331148
331158
331411
331415
331522
331523
331631
331752
331852
331894
331952
331983
332131
332191
332311
332467
332764
332836
332865
332895
332959
333020
333307
333428
333533
333546
333752
333846
333858
333892
333910
334087
334162
334215
334258
334355
334521
334622
334717
334786
334909
334950
334991
335059
335418
335524
335637
335854
336019
336212
336343
336380
336734
337064
337314
337380
337515
337523
337734
338520
338534
338742
338784
338798
338800
338840
339020
339135
339277
339332
339359
339364
339396
339503
339623
339636
339707
339740
339866
339867
340135
340141
340183
340218
340405
340474
340565
340612
340811
340839
340851
341096
341140
341295
341338
341379
341394
341395
341580
341769
341980
342004
342082
342134
342241
342361
342397
342404
342477
342495
342525
342545
342623
342647
342663
342688
342717
342759
342774
343031
343085
343146
343271
343282
343308
343318
343921
344084
344154
344189
344240
344281
344360
344391
344466
344503
345125
345217
345302
345394
345432
345476
345581
345679
345756
345961
345963
346007
346346
346351
346371
346462
346551
346619
346694
346737
346805
347127
347232
347255
347507
347548
347590
347658
347664
347688
347998
348031
348105
348141
348269
348291
348385
348803
348834
348859
348935
349038
349190
349220
349393
349421
349744
349946
349967
349970
350036
350474
350548
350612
350720
351055
351057
351245
351364
351372
351496
351498
351625
351673
351731
351736
351814
351986
352121
352150
352173
352265
352328
352463
352483
352513
352765
352910
353024
353195
353247
353258
353689
353973
354089
354156
354327
354368
354412
354639
354641
354699
354778
354816
354889
354989
355023
355029
355061
355088
355124
355133
355188
355232
355338
355466
355560
355674
355685
355686
355761
355798
355873
356111
356149
356209
356252
356398
356874
356902
357192
357299
357311
357485
357591
357945
357990
358069
358076
358353
358367
358375
358693
358717
358745
358841
358949
359087
359102
359141
359291
359297
359335
359426
359709
359765
359971
360319
360539
360620
360693
360706
360715
361031
361146
361224
361429
361752
361791
361872
361894
361976
362086
362114
362147
362256
362303
362338
362594
362634
362720
362939
362987
363132
363258
363376
363381
363532
363548
363761
363831
363935
364159
364264
364318
364353
364417
364549
364578
364683
364768
364851
364892
365003
365010
365238
365245
365293
365345
365533
365615
365695
365894
365920
365997
366015
366076
366143
366206
366539
366624
366665
366754
367147
367151
367373
367480
367531
367567
367595
367603
367604
367638
367690
367870
368055
368065
368124
368141
368176
368256
368643
368716
368868
368921
368986
368988
369137
369234
369281
369331
369452
369633
369758
369816
369855
369977
370308
370330
370435
370500
370657
370660
370769
370949
371018
371019
371074
371141
371272
371313
371352
371654
371728
371869
371880
371941
372006
372171
372186
372230
372420
372568
372589
372676
372725
372890
372922
372928
373012
373105
373618
373651
373928
374004
374270
374334
374377
374547
374826
374842
374887
375156
375170
375386
375503
375883
375940
375946
376042
376149
376188
376274
376292
376310
376568
376596
376641
376797
376815
376851
376875
376888
376918
376951
376964
377081
377131
377134
377206
377323
377342
377577
377708
378151
378173
378232
378233
378320
378435
378532
378652
378839
378910
378915
378943
379022
379058
379086
379266
379272
379651
379708
379772
379809
379831
379870
380321
380331
380430
380445
380698
380723
380724
380952
380953
381078
381222
381303
381321
381393
381421
381431
381487
381529
381591
381630
381879
381884
382056
382086
382269
382303
382426
382619
382649
382756
382959
383069
383170
383226
383289
383403
383567
383740
383997
384024
384429
384446
384488
384612
384686
384874
384896
384901
385001
385354
385452
385466
385586
385609
385719
385859
385963
386029
386128
386162
386544
386669
386853
386876
386943
386970
387092
387096
387221
387270
387277
387284
387328
387371
387434
387509
387557
387585
387686
387730
388026
388058
388136
388223
388224
388283
388303
388457
388574
388697
389069
389108
389252
389275
389516
389734
389773
389823
389953
389991
390243
390279
390281
390294
390313
390324
390432
390449
390728
390762
390899
390927
391148
391342
391390
391481
391712
391738
391746
391834
391873
391897
391914
391920
392015
392071
392280
392387
392748
392874
392943
392954
393038
393113
393415
393646
393711
393877
394029
394272
394389
394646
394675
394850
394893
395040
395051
395217
395220
395272
395347
395419
395590
395594
395654
395799
395835
395965
396018
396187
396243
396536
396629
396760
396869
396956
397073
397185
397187
397237
397284
397339
397397
397468
397553
397576
397670
397748
397756
397784
397794
397923
398004
398034
398325
398332
398545
398569
398680
398821
398921
399059
399070
399224
399255
399376
399378
399532
399669
399706
399715
399744
400023
400106
400164
400287
400312
400315
400417
400506
400524
400714
401367
401459
401559
401590
401728
401812
401863
401941
401946
402077
402183
402312
402321
402356
402499
402532
402818
402857
402898
402967
403076
403156
403178
403289
403327
403342
403501
403588
403685
403843
403915
403952
404016
404035
404096
404228
404378
404486
404535
404556
404745
404845
405036
405242
405285
405322
405408
405409
405411
405436
405662
405713
405848
405988
406364
406584
406879
406935
406979
407305
407365
407401
407514
407787
407824
407876
407973
408154
408155
408206
408291
408344
408505
408604
408763
408954
408965
408997
409107
409238
409267
409304
409331
409341
409614
409925
409936
409971
410181
410311
410436
410618
411149
411178
411219
411349
411382
411409
411541
411593
411687
411931
412100
412261
412282
412294
412826
412847
412854
413146
413349
413494
413689
413708
413789
413798
413825
413855
413867
414011
414292
414465
414614
415081
415420
415740
415763
415844
415889
415926
415983
416078
416189
416228
416265
416361
416464
416494
416589
416655
416720
416782
416921
416941
416953
417043
417082
417155
417299
417382
417414
417493
417658
417786
417805
417837
417945
418065
418069
418161
418515
418528
418566
418588
418716
418757
418782
418810
418853
418904
418918
418979
419013
419022
419154
419308
419459
419486
419512
419604
419740
419951
420011
420090
420262
420312
420369
420471
420533
420554
420662
420684
420780
421106
421190
421219
421259
421306
421624
421742
421763
421811
422093
422156
422441
422711
422811
422948
423076
423097
423193
423210
423383
423551
423699
423718
424014
424023
424119
424163
424201
424329
424413
424576
424588
424614
424664
424763
424820
424936
424987
425095
425343
425423
425460
425554
425558
425635
425702
425757
425791
425921
425950
426219
426403
426450
426584
426586
426683
426978
427072
427188
427283
427407
427492
427614
427663
427760
428001
428029
428098
428379
428491
428521
428538
428555
428564
428576
428704
428774
429056
429150
429223
429281
429444
429581
429641
429868
430088
430309
430559
430864
430988
431251
431271
431276
431493
431606
431625
431637
431716
431969
432002
432010
432086
432109
432254
432371
432385
432398
432713
432849
432930
433131
433218
433245
433349
433386
433447
433485
433617
433664
433743
433786
433820
433895
433912
433982
434059
434142
434237
434315
434535
434625
434746
434800
434905
434946
434983
435092
435228
435317
435321
435339
435400
435406
435431
435522
435558
435584
435625
435861
435878
435914
435981
436104
436140
436157
436172
436298
436446
436620
436633
436659
436728
436731
436734
436795
436842
436880
436906
436966
436971
437010
437209
437235
437400
437409
437758
437760
438007
438103
438114
438135
438250
438302
438435
438455
438610
438724
439151
439183
439210
439236
439385
439601
439604
439824
439959
440036
440038
440214
440235
440267
440319
440430
440470
440631
440635
440641
440645
440680
440698
440848
441054
441126
441136
441199
441350
441407
441468
441653
441814
441865
441928
441995
442002
442076
442103
442294
442375
442394
442579
442851
442856
442857
442881
442969
443017
443053
443216
443279
443333
443373
443406
443511
443591
443701
443754
443795
443930
443970
444126
444528
444559
444562
444565
444610
444817
444977
445012
445052
445264
445482
445552
445677
445861
445943
446122
446277
446300
446540
446677
446695
446724
446752
446859
446873
446906
446918
446999
447062
447211
447236
447471
447593
447615
447656
447712
447907
448128
448314
448493
448608
448846
449074
449084
449099
449146
449378
449403
449434
449441
449471
449700
449795
449970
449982
450059
450123
450127
450461
450583
450831
450943
450947
451013
451178
451229
451406
451408
451634
451637
451661
451811
451848
451976
452256
452289
452358
452517
452588
452718
452732
452738
452861
452923
453140
453142
453170
453178
453484
453723
453735
453739
453915
453977
453990
454046
454219
454337
454441
454656
454681
454872
454975
455009
455260
455358
455616
455693
455749
455828
455848
456001
456074
456089
456190
456246
456260
456332
456404
456476
456566
456721
456821
456976
457085
457108
457112
457409
457566
457612
457779
457780
457822
458131
458381
458623
459027
459174
459187
459269
459390
459412
459420
459437
459525
459713
459818
459852
460049
460306
460309
460329
460593
460733
460735
460902
460937
460953
461027
461048
461117
461177
461269
461271
461320
461502
461519
461583
461595
461880
461913
462214
462278
462288
462364
462365
462443
462624
462748
462791
462884
462992
463035
463045
463075
463078
463120
463127
463251
463271
463416
463471
463628
463674
463854
464034
464057
464072
464323
464373
464666
464799
464805
465093
465158
465163
465233
465644
465959
466072
466318
466903
467035
467062
467192
467204
467209
467263
467295
467446
467454
467524
467640
467675
467763
467764
467779
467807
467872
467877
468036
468083
468090
468638
468646
468656
468746
468759
468763
468796
468841
468852
469036
469058
469136
469169
469318
469346
469472
469569
469581
469732
469758
469773
469940
469969
470039
470123
470361
470381
470418
470597
470618
470619
470746
470769
470859
470961
471067
471199
471208
471378
471428
471842
472254
472406
472474
472837
473227
473528
473535
473537
473568
473817
473840
474009
474119
474188
474306
474314
474329
474462
474584
474595
474756
474894
474976
475236
475259
475367
475375
475393
475484
475618
475775
475941
476016
476065
476113
476247
476312
476461
476494
476539
476732
476763
476933
476984
477015
477032
477151
477206
477317
477375
477382
477416
477663
477683
477832
478070
478195
478311
478331
478395
478558
478581
478610
478624
478860
478889
478905
478965
478974
479020
479035
479124
479219
479561
479645
479799
479829
479902
480054
480074
480124
480142
480193
480210
480259
480261
480407
480409
480518
480805
480920
480957
480994
481040
481181
481266
481370
481510
481628
481863
481992
482038
482071
482302
482400
482665
482770
482876
483027
483148
483198
483217
483430
483521
483637
483872
483908
483916
484008
484015
484024
484066
484079
484372
484768
484769
484779
484913
485088
485104
485141
485390
485427
485499
485534
485639
485644
485702
485764
485831
486057
486407
486447
486456
486659
486681
486724
486754
486774
486822
486871
487005
487045
487141
487258
487319
487505
487520
487731
487750
488001
488008
488156
488393
488461
488469
488519
489031
489374
489492
489509
489770
489819
489859
489877
489914
490178
490289
490461
490710
490726
490747
490951
491064
491212
491353
491485
491560
491653
491797
491918
491960
491991
491996
492064
492067
492117
492120
492210
492348
492502
492550
492560
492579
492610
492690
492713
493008
493091
493234
493270
493498
493535
493581
493749
494076
494423
494650
494698
494876
494900
495081
495205
495206
495556
495560
495738
495836
495853
495889
495950
495957
495990
496083
496121
496406
496418
496602
496687
496810
496873
496986
497109
497203
497248
497354
497403
497451
497497
497555
497772
497961
498052
498078
498101
498345
498464
498674
498721
498798
498846
498922
499097
499112
499339
499367
499411
499495
499565
499608
499623
499645
500144
500218
500446
500472
500753
500756
500873
500927
500973
501007
501021
501085
501092
501135
501299
501351
501477
501627
501700
501915
502170
502267
502672
502790
502898
502926
503321
503456
503463
503575
503587
503646
503761
504007
504013
504089
504397
504503
504673
504769
504860
504949
505203
505205
505377
505478
505485
505572
505739
505970
506535
506619
506792
506879
506955
507066
507086
507208
507222
507242
507248
507305
507336
507381
507565
507642
507689
507780
507793
507806
507816
507991
508005
508178
508243
508417
508463
508467
508537
508699
508861
508972
509074
509092
509279
509285
509331
509404
509476
509481
509500
509767
509845
510108
510126
510199
510485
510555
510571
510572
510610
511080
511097
511099
511349
511357
511402
511413
511497
511593
511607
511789
511842
512060
512229
512777
512797
513011
513443
513471
513630
513637
513732
513815
513879
513883
513884
513933
514161
514169
514538
514834
514896
514985
515494
515519
515525
515544
515556
515678
515728
515826
515924
515990
516054
516121
516213
516252
516309
516411
516604
516717
516727
516773
516851
516900
517047
517129
517208
517225
517294
517325
517572
517619
517654
517751
517806
517863
518034
518095
518234
518325
518363
518481
518552
518579
518590
519025
519176
519217
519300
519335
519381
519533
519806
520136
520178
520283
520307
520449
520808
520820
520885
520891
521045
521194
521220
521432
521454
521645
521875
522051
522070
522085
522099
522106
522176
522438
522550
522665
522828
522838
522862
522866
523011
523245
523265
523545
523823
523829
524087
524109
524181
524204
524355
524365
524573
524576
524578
524735
524784
524947
524979
525376
525426
525457
525476
525744
526176
526266
526272
526320
526515
526535
526627
526638
526664
526723
526736
526783
526842
526903
526928
527042
527203
527608
527614
527672
527775
527824
528175
528227
528456
528539
528541
528561
528585
528614
528695
528785
528795
528844
528986
529074
529198
529232
529298
529312
529347
529352
529356
529467
529611
529614
529639
529725
530011
530036
530121
530242
530314
530354
530425
530585
531302
531361
531427
531472
531690
531724
531833
531923
531936
532011
532056
532078
532160
532171
532342
532344
532363
532556
532580
532713
532971
533233
533258
533331
533620
533678
533731
533745
533808
533815
533935
534056
534070
534113
534149
534290
534337
534450
534474
534527
534544
534676
534803
534889
534988
534994
535328
535452
535676
535723
535839
535842
535998
536307
536334
536606
536715
536781
536850
536920
536934
536984
537021
537054
537123
537194
537449
537531
537561
537592
537617
537633
537650
537756
537805
537853
537910
537914
538000
538081
538215
538235
538284
538328
538380
538428
538475
538530
538630
539005
539135
539140
539168
539239
539249
539330
539476
539622
539693
539712
539811
539846
539891
540275
540280
540714
541027
541050
541123
541253
541264
541299
541507
541787
541865
541920
541982
542069
542125
542324
542383
542447
542481
542684
542718
542730
542920
542984
543063
543210
543272
543304
543378
543642
543682
543816
543844
543959
544148
544342
544570
544585
544680
544692
544869
544914
544929
544962
544974
545188
545474
545700
545730
545924
545991
546020
546031
546095
546117
546208
546561
546566
546724
546725
546727
546769
546816
547090
547104
547156
547158
547360
547368
547617
547880
547950
548042
548060
548165
548195
548244
548287
548391
548418
548503
548694
548757
549006
549026
549032
549037
549264
549271
549305
549372
549581
549703
549730
549768
549938
549943
550303
550350
550420
550453
550477
550551
550574
550596
550738
550922
551144
551508
551515
551521
551688
551741
551761
551800
551849
551882
551895
552143
552160
552284
552310
552391
552470
552494
552546
552746
552937
553488
553545
553570
553602
553981
554025
554072
554238
554351
554362
554413
554451
554630
554784
554874
554918
555055
555135
555431
555548
555550
555926
556039
556041
556042
556112
556203
556342
556462
556709
556756
556757
556801
557000
557196
557593
557774
557846
557893
558013
558055
558155
558184
558210
558235
558380
558510
558629
558750
558754
558931
558942
558970
558995
559062
559087
559245
559255
559297
559527
559844
559914
559923
559932
560003
560154
560191
560277
560320
560488
560519
560596
560609
560924
561071
561087
561100
561180
561184
561216
561277
561447
561513
561723
561908
562096
562162
562353
562410
562492
562504
562538
562690
562856
563108
563121
563190
563209
563264
563266
563404
563506
563547
563687
563884
563911
564096
564201
564296
564370
564415
564432
564482
564492
564497
564621
564654
564825
564925
564989
565086
565170
565268
565385
565543
565627
565715
565860
565874
565908
565949
565992
566105
566116
566241
566300
566462
566481
566602
566627
566868
566877
566897
566909
566936
567089
567161
567310
567664
567695
567719
567759
567774
567816
567818
567840
567919
567995
568023
568100
568127
568594
568775
569028
569147
569329
569366
569394
569403
569521
569564
569588
569638
569993
570055
570193
570324
570370
570393
570613
570760
570816
570821
570889
571090
571177
571192
571227
571324
571643
571700
571857
571895
571977
571979
572091
572496
572620
572704
572888
572976
573017
573029
573031
573061
573064
573162
573268
573282
573531
573922
574079
574200
574296
574365
574459
574468
574524
574645
574679
574696
574764
574919
575093
575100
575359
575384
575394
575437
575451
575492
575514
575755
575919
576041
576100
576205
576229
576271
576307
576462
576473
576592
576642
576677
576701
576769
577050
577164
577199
577206
577227
577330
577476
577629
577630
577797
577808
577989
578066
578248
578315
578418
578469
578618
578710
578832
579340
579630
579676
579765
579791
579889
579949
580177
580248
580460
580614
580824
580926
580975
581069
581073
581090
581190
581248
581341
581399
581575
581618
581679
581745
581789
581819
582004
582036
582056
582317
582515
582609
582618
582748
582804
582807
583178
583329
583373
583398
583584
583595
583729
583833
583948
584068
584382
584725
584838
584926
584990
585034
585252
585281
585314
585441
585496
585575
585712
586049
586063
586154
586219
586359
586570
586821
586849
586908
586969
587054
587101
587217
587232
587338
587538
587597
587652
587669
587704
587784
587910
587959
588094
588141
588224
588235
588245
588342
588565
588573
588636
588732
588976
589010
589108
589243
589309
589451
589638
589923
590036
590071
590243
590368
590369
590430
590514
590816
590863
590934
591060
591461
591472
591609
591684
591804
591839
591935
592008
592166
592221
592266
592289
592340
592551
592564
592732
592756
593101
593204
593435
593475
593667
593980
594066
594166
594345
594351
594526
594727
594743
594779
594799
594866
594976
595044
595146
595208
595238
595282
595305
595413
595454
595496
595617
596019
596027
596101
596113
596424
596505
596639
596974
597080
597190
597218
597220
597266
597335
597372
597677
597852
597948
598038
598061
598100
598225
598282
598384
598429
598535
598593
598621
598709
598857
598866
598924
598934
598937
598966
599193
599328
599412
599416
599759
599861
600175
600346
600452
600591
600612
600641
600702
600717
600747
600897
600951
601137
601186
601259
601293
601486
601615
601778
601930
601994
602019
602058
602228
602256
602317
602366
602480
602486
602489
602698
602704
602735
602793
602802
602898
603266
603419
603426
603470
603641
603885
603935
603956
604138
604169
604197
604226
604367
604551
604583
604667
604734
604765
604846
604878
604964
605129
605392
605549
605662
605813
605838
605839
605872
605930
606071
606261
606276
606289
606401
606477
606550
606564
606721
606786
606887
606900
607022
607134
607173
607477
607585
607759
607796
607892
607896
608012
608073
608096
608133
608142
608456
608461
608505
608545
608552
608599
608606
608613
608637
608640
609133
609181
609276
609438
609745
610087
610129
610200
610279
610513
610661
610878
610914
610918
610939
611007
611192
611203
611210
611270
611310
611503
611743
611774
611806
611815
611825
611970
612029
612046
612290
612303
612408
612484
612530
612531
612635
612669
612930
613136
613156
613403
613524
613569
613669
613804
613926
613998
614019
614057
614086
614183
614369
614422
614442
614542
614637
614998
615283
615336
615530
615572
615608
615630
615645
615668
615724
615781
615834
615869
615898
615940
615951
616057
616081
616126
616262
616343
616760
616849
616852
616918
616959
617203
617240
617387
617437
617465
617585
617638
617754
617862
617905
618159
618248
618265
618343
618357
618379
618604
618636
618646
618853
618970
619017
619074
619079
619196
619207
619275
619278
619376
619435
619635
619636
619694
619746
619821
619834
619887
619913
619965
620086
620321
620668
620788
621012
621044
621061
621157
621172
621226
621339
621406
621460
621480
621565
621603
621606
621631
621645
622400
622570
622691
622727
623247
623441
623452
623742
623880
623909
623969
624254
624469
624491
624492
624565
624872
624974
625103
625141
625193
625241
625568
625584
625625
625714
625781
625885
625916
626005
626177
626183
626286
626302
626309
626429
626513
626872
626922
627062
627190
627322
627389
627405
627623
627650
627754
627962
628077
628222
628284
628300
628338
628588
628698
629094
629149
629244
629439
629510
629738
629775
629778
629803
629857
629945
629970
629983
629984
630154
630207
630238
630280
630439
630681
630727
630839
630984
630987
631115
631528
631752
631754
631775
631790
631945
632180
632306
632329
632478
632486
632696
632840
633143
633333
633370
633430
633456
633457
633580
633677
633986
633987
634003
634015
634021
634097
634154
634274
634401
634488
634610
634750
634767
634886
634902
635020
635264
635346
635630
635895
635944
635976
636121
636162
636267
636666
636697
636776
636838
636997
637195
637221
637322
637415
637666
637782
637818
637826
637834
637852
638279
638290
638391
638423
638501
638836
638892
639056
639110
639199
639355
639482
639749
640041
640368
640392
640415
640595
640678
640717
640736
640788
640836
640888
640913
641130
641134
641267
641349
641434
641578
641753
641791
641845
641938
642098
642271
642606
642714
643065
643154
643175
643338
643377
643515
643534
643795
644100
644151
644173
644193
644238
644263
644356
644435
644440
644454
644516
644582
644993
645066
645115
645127
645263
645333
645537
645562
645569
645758
645770
645921
646392
646395
646456
646482
646527
646684
646745
646788
646833
646844
646849
647236
647312
647632
647800
647842
648068
648272
648471
648544
648692
648916
648946
649053
649162
649175
649212
649285
649643
649712
649964
650011
650199
650339
650345
650369
650455
650539
650540
650657
651000
651116
651142
651177
651216
651220
651290
651567
651584
651710
651729
651847
652003
652102
652157
652356
652365
652379
652522
652523
652643
652786
652827
652895
653076
653093
653104
653145
653168
653194
653215
653370
653536
653577
653579
653616
653624
653627
653651
653676
653704
653711
653745
653751
653994
654052
654074
654085
654280
654331
654442
654470
654577
654617
655017
655029
655055
655258
655277
655500
655507
655510
655680
655775
655855
655942
655948
655968
656103
656148
656156
656229
656548
656727
656809
656903
657127
657152
657279
657510
657571
658021
658064
658170
658198
658285
658323
658367
658458
658638
658729
659044
659069
659173
659178
659208
659608
659614
659957
659983
660001
660624
660845
660887
660951
661027
661090
661106
661118
661218
661232
661348
661377
661574
661686
661747
661994
662307
662439
662440
662510
662701
662788
662884
662890
663020
663228
663234
663243
663263
663369
663485
663519
663524
663557
663619
663684
663725
663755
663867
664051
664359
664662
664751
664797
664816
664832
665054
665057
665400
666231
666301
666459
666667
666696
666708
666744
666871
666911
666929
666951
666991
667016
667050
667110
667272
667502
667529
667781
667888
668011
668025
668036
668039
668053
668253
668268
668322
668423
668434
668443
668544
668799
668869
669156
669168
669292
669396
669434
669529
669583
669776
669887
669913
670130
670487
670596
670770
670794
670902
671025
671049
671095
671197
671380
671387
671556
671692
671697
671702
671751
671771
671811
671847
672096
672163
672327
672344
672531
672719
672781
672952
672972
673004
673261
673267
673307
673428
673467
673525
673536
673601
673631
673668
673742
673842
673970
674019
674063
674163
674164
674199
674314
674641
674708
674831
674939
674971
675106
675167
675234
675261
675399
675702
675798
676072
676103
676114
676148
676205
676289
676324
676489
676529
676568
676849
676933
676987
677014
677018
677322
677396
677447
677545
677596
677867
678115
678176
678208
678330
678440
678533
678534
678555
678601
678619
678840
679236
679244
679388
679453
679861
679947
679974
680052
680267
680303
680334
680375
680554
681117
681335
681374
681410
681474
681696
681833
681972
682030
682046
682079
682113
682665
682726
682737
682760
682809
682814
682874
682900
683036
683091
683174
683245
683295
683304
683315
683381
683423
683579
684022
684077
684088
684139
684213
684305
684390
684423
684433
684799
684876
684910
685011
685533
685777
685815
685824
685941
686137
686224
686232
686273
686356
686577
686759
686787
686852
686859
686996
687018
687055
687091
687202
687316
687324
687400
687623
687769
687798
687893
687974
688120
688155
688163
688313
688514
688579
688680
688699
688921
689131
689191
689207
689361
689591
689681
689823
690058
690141
690155
690345
690399
690770
690831
690900
690946
691171
691314
691495
691554
691712
691790
692467
692627
692716
692746
692850
693065
693186
693297
693548
693622
693715
693866
693891
694032
694036
694083
694216
694277
694370
694652
694719
694950
694989
695005
695052
695060
695146
695184
695271
695434
695651
695660
695665
695682
695735
695768
695820
695920
695955
696000
696019
696035
696078
696240
696290
696330
696358
696379
696428
696557
696576
696655
696799
697178
697225
697273
697351
697384
697519
697688
697768
697863
697999
698011
698023
698151
698238
698670
698690
698691
698850
698892
699501
699539
699549
699636
699812
699897
699928
700009
700102
700212
700242
700389
700421
700482
700760
701050
701133
701218
701279
701528
701615
701619
701695
701967
702001
702184
702207
702257
702320
702357
702574
702655
702699
702732
702749
702966
703202
703204
703258
703268
703279
703494
703585
703664
703678
703810
703916
703984
704006
704110
704127
704210
704296
704382
704475
704518
704589
704627
704668
704790
704820
704976
705014
705090
705101
705204
705453
705501
705577
705605
706413
706547
706645
706878
707092
707206
707220
707268
707359
707392
707478
707607
707627
707633
707636
707893
707929
708250
708470
708671
708787
708905
709024
709055
709072
709083
709243
709422
709566
710127
710128
710309
710451
710453
710657
710661
710725
710731
710733
710761
710849
710859
710861
711229
711241
711273
711301
711346
711424
711785
711788
711888
711892
712053
712080
712292
712321
712429
712466
712467
712644
712760
712790
712913
712916
713020
713219
713242
713344
713434
713447
713506
713512
713551
713589
713994
714144
714184
714473
714572
714603
714670
714700
714748
714818
714925
715012
715041
715139
715238
715286
715350
715433
715438
715710
715731
715734
715918
715960
715976
716002
716144
716168
716204
716413
716472
716482
716496
716514
716552
716675
716743
716902
716944
716976
717045
717082
717105
717194
717223
717275
717487
717525
717563
717617
717631
717814
717842
717926
717962
717991
718215
718505
718522
718624
718781
718849
718951
719054
719331
719509
719539
719879
719936
719953
720106
720164
720264
720407
720658
720669
720705
720778
720816
720838
721004
721202
721407
721414
721425
721565
721647
721746
721773
722013
722050
722059
722079
722108
722220
722349
722404
722888
722954
722978
723053
723083
723182
723443
723503
723608
723826
723856
723865
724147
724216
724271
724761
724895
724983
725056
725201
725255
725445
725551
725683
725867
725912
725958
726024
726076
726096
726439
726516
726575
726609
726624
726706
726724
726857
726977
727338
727621
727646
727729
727927
727962
727965
727986
728107
728145
728249
728251
728255
728291
728357
728419
728557
728583
729255
729257
729459
729525
729597
729782
729930
730025
730118
730173
730276
730355
730373
730408
730488
730531
730613
730627
730995
731105
731202
731237
731475
731516
731559
731563
731681
731757
731771
731861
731941
732056
732153
732223
732323
732349
732374
732438
732615
732623
732824
732850
732888
732912
732926
732943
733142
733147
733273
733298
733387
733438
733480
733556
733578
733652
733888
733898
733900
733901
733929
734060
734063
734091
734114
734213
734276
734365
734377
734568
734611
734832
734965
735020
735093
735323
735427
735796
736100
736265
736360
736611
736636
736760
736800
736813
736877
737091
737176
737184
737240
737242
737277
737496
737639
737658
737743
738151
738163
738242
738489
738565
738645
738781
738991
739124
739180
739249
739316
739500
739505
739545
739625
739707
739735
739950
740335
740406
740479
740594
740694
740821
740856
740922
740932
741070
741215
741284
741351
741542
741913
741974
742022
742052
742113
742137
742163
742217
742222
742324
742433
742468
742629
742635
742688
742766
742831
742914
743019
743117
743149
743336
743434
743555
743714
743839
743906
743919
744157
744276
744471
744512
744719
744754
744791
745031
745118
745158
745161
745169
745184
745226
745690
745800
746059
746072
746146
746193
746215
746256
746350
746365
746394
746508
747014
747101
747229
747258
747473
747657
747706
747943
747964
748208
748294
748326
748347
748355
748548
748595
748789
748907
748960
749226
749316
749345
749524
749563
749608
749844
749889
749903
749944
750192
750246
750355
750403
750423
750462
750465
750485
750494
750657
750751
750765
750783
750986
751101
751196
751366
751433
751657
751725
751768
751814
751849
751911
751986
752019
752111
752340
752429
752438
752500
752513
752531
752748
752794
752875
753144
753238
753494
753552
753611
753806
753995
754006
754086
754188
755152
755229
755233
755280
755443
755505
756302
756329
756333
756353
756363
756368
756374
756472
756549
756743
756773
756803
756807
756908
757024
757088
757113
757192
757208
757364
757417
757605
757705
757759
757778
758011
758239
758332
758461
758477
758509
758667
758681
758714
758806
758895
758987
759048
759077
759261
759284
759315
759558
759652
759662
759758
759760
760039
760091
760103
760110
760201
760244
760268
760355
760388
760465
760473
760516
760593
760595
760659
760684
760724
760754
760785
760869
760881
760887
760895
760930
761177
761318
761407
761441
761449
761565
761789
761804
761933
762127
762187
762396
762473
762485
762534
762696
762798
763062
763078
763194
763210
763257
763378
763419
763637
764452
764474
764533
764554
764663
764921
765093
765097
765177
765280
765350
765445
765529
765536
765591
765626
765837
766329
766333
766419
766420
766421
766500
766507
766678
766799
766834
766875
766925
766963
766984
767009
767249
767542
767599
767668
767765
768103
768137
768230
768376
768377
768451
768533
768584
769000
769159
769183
769385
769504
769625
769686
769851
769875
769938
770021
770109
770311
770332
770384
770489
770560
770633
770939
770975
771016
771324
771514
771808
771836
771922
772073
772182
772354
772431
772460
772477
772484
772540
772595
772667
772730
772805
772917
772954
772961
773260
773477
773509
773582
773704
773804
773813
773838
773893
773919
774145
774614
774707
774927
774947
774996
775147
775361
775366
775692
775693
775741
775763
775897
776099
776104
776214
776280
776313
776531
776551
776622
776652
777173
777198
777288
777317
777528
777654
778210
778351
778354
778362
778385
778428
778485
778571
778751
778873
778919
779031
779224
779292
779321
779377
779457
779464
779843
779967
780485
780501
780571
780583
780701
780753
780765
780869
781087
781092
781138
781168
781202
781229
781389
781553
781861
781910
781979
782102
782143
782201
782524
782535
782653
782738
782783
783001
783010
783200
783279
783308
783442
783499
783722
783804
783888
784017
784091
784186
784368
784494
784505
784567
784707
784823
784865
784987
785045
785110
785158
785198
785417
785569
785706
785826
786110
786387
786483
786566
786569
786706
786711
786739
786851
786868
786902
786945
786971
786980
787059
787077
787209
787289
787307
787331
787388
787531
787689
787691
787858
787860
788116
788153
788294
788467
788539
788611
788686
788829
788840
788987
789023
789318
789397
789530
790099
790196
790224
790333
790503
790645
790722
790790
790864
790921
790943
790968
790995
791032
791162
791204
791277
791295
791335
791415
791583
791616
792010
792124
792161
792320
792349
792380
792385
792657
792666
792796
792842
793073
793167
793268
793286
793329
793349
793357
793551
793557
793684
793722
793750
793919
794487
794607
794615
794845
795012
795184
795272
795373
795431
795529
795725
795750
795907
795948
795966
796027
796199
796391
796440
796521
796543
796562
796768
796806
796843
797476
797479
797509
797517
797866
798291
798336
798502
798503
798759
798872
798985
799024
799133
799363
799374
799450
799516
799551
799714
799774
800104
800319
800324
800546
800633
800661
800686
800713
800729
800735
800742
800778
801246
801450
801487
801514
801558
801626
801669
801685
801786
801886
801991
802113
802207
802659
802793
802824
802861
802870
803063
803243
803272
803539
803566
803769
804093
804155
804302
804630
804817
804957
804978
805027
805201
805406
805440
805718
805777
806100
806129
806223
806491
806494
806555
806638
806677
806857
806977
807105
807133
807235
807271
807287
807317
807342
807452
807486
807929
807987
808243
808443
808460
808649
808676
808821
808902
809131
809172
809252
809339
809388
809738
809863
809980
809990
810313
810574
810783
810915
810943
811079
811088
811104
811125
811193
811252
811253
811433
811501
811606
811625
811652
811712
811740
811815
811869
812324
812326
812348
812516
812606
813159
813329
813373
813390
813451
813479
813602
813664
813685
813708
813848
814033
814150
814193
814391
814432
814617
814648
814675
814692
814716
814725
814884
814890
815073
815307
815438
815482
815540
815555
815808
815894
815928
816241
816297
816315
816416
816558
816674
816695
816817
817274
817545
817641
817882
817892
817953
818024
818121
818271
818489
818491
818514
818515
818610
818615
818624
818686
818866
818935
819107
819127
819276
819616
819683
819714
819858
819877
820026
820028
820189
820305
820553
820566
820606
820713
820831
820971
821046
821081
821092
821163
821258
821264
821381
821466
821470
821487
821533
821563
821693
821702
821958
822055
822080
822227
822356
822382
822538
822629
822686
822700
822818
822864
822902
822936
822948
822956
822996
823069
823122
823159
823456
823635
823655
824124
824161
824185
824444
824537
824658
824810
825261
825307
825441
825474
825494
825574
825772
825804
825952
825961
825985
826000
826003
826089
826122
826140
826310
826376
826379
826380
826497
826658
826683
826701
826721
826805
827012
827186
827319
827391
827463
827560
827633
827638
827706
827724
827831
827833
827913
827922
827929
828126
828190
828247
828572
828633
828682
828741
828792
829061
829123
829248
829252
829303
829352
829458
829467
829487
829492
829510
829575
829692
829789
829882
830029
830047
830129
830297
830372
830406
830546
830547
830569
830621
830635
830691
830842
830965
831037
831272
831541
831586
831735
831881
831904
831944
831954
832050
832128
832236
832238
832446
832497
832503
832642
832769
832785
832786
832862
832982
833137
833164
833258
833332
833494
833607
833791
833828
833832
833939
833972
834176
834319
834387
834432
834565
834623
834704
834711
834730
834772
835032
835171
835183
835372
835468
835486
835543
835632
835656
835684
835709
836143
836167
836201
836267
836397
836581
836602
836618
836755
836842
836857
836896
837146
837470
837656
837904
837912
838064
838099
838182
838456
838542
838574
838587
838631
838665
838681
838718
838755
838798
838849
838859
838932
839060
839153
839290
839360
839422
839463
839475
839508
839580
839657
839742
839821
839823
839903
839915
839991
840005
840047
840475
840483
840494
840709
840746
840991
840994
841017
841042
841249
841325
841436
841502
841557
841964
841967
842059
842155
842285
842345
842553
842559
843228
843250
843255
843272
843326
843483
843487
843490
843528
843562
843633
843634
843703
843719
843878
843969
844284
844535
844547
844684
844747
844829
845082
845103
845394
845521
845657
845685
845719
845785
845845
845874
846137
846184
846198
846295
846338
846471
846549
846618
846647
846713
846724
846916
847000
847016
847257
847303
847368
847425
848015
848075
848100
848276
848290
848329
848655
848741
848845
849120
849157
849173
849395
849476
849676
849717
849831
849941
849975
850083
850299
850308
850354
850360
850370
850415
850480
850546
850568
850968
851033
851146
851352
851554
851641
851874
851894
851938
851943
852019
852114
852207
852323
852454
852815
853071
853101
853167
853174
853197
853221
853242
853280
853480
853586
853598
853686
853722
853733
853862
853962
854087
854097
854108
854111
854113
854223
854259
854306
854451
854588
854595
854668
854693
854837
854902
854959
854998
855008
855051
855270
855439
855545
855600
855669
855754
855912
856280
856317
856418
856458
856540
856552
856558
856667
856739
856753
856776
856780
856902
857044
857056
857211
857230
857322
857440
857686
857777
857819
857843
858051
858260
858282
858344
858372
858679
858709
858713
858725
858781
858797
858863
858884
859481
859585
859836
859841
859927
859953
860013
860093
860107
860185
860252
860838
860953
861177
861240
861384
861522
861657
861688
862014
862166
862362
862368
862595
862628
862724
862882
862885
862904
863163
863286
863359
863489
863689
863756
863873
863952
864138
864223
864783
864802
864843
864928
864986
865033
865092
865314
865394
865426
865543
865632
865691
865813
866229
866273
866282
866574
866756
866882
866992
867220
867249
867263
867389
867452
867540
867596
867633
867664
867714
867769
867895
867946
867955
867969
868290
868443
868609
868681
868726
868815
869147
869182
869302
869313
869562
869573
869610
869649
869664
869674
870033
870135
870154
870227
870232
870256
870397
870416
870438
870512
870556
870732
870754
870941
871281
871344
871390
871395
871413
871526
871603
871670
871785
871796
871798
871826
871922
872116
872134
872228
872390
872401
872630
872789
872887
872901
872939
873081
873211
873382
873407
873416
873448
873469
873566
873635
873715
873856
873899
874005
874043
874049
874077
874203
874381
874442
874476
874486
874535
874564
874650
874709
874777
874922
874944
874984
875164
875197
875227
875251
875275
875364
875524
875671
875677
875696
875753
875802
875922
876069
876175
876282
876336
876458
876537
876675
876692
876775
877042
877075
877370
877708
877710
877743
877831
877886
877951
878072
878085
878121
878131
878174
878232
878244
878253
878286
878663
878702
878951
878980
879103
879264
879267
879495
879502
879669
879982
879983
880002
880109
880209
880304
880317
880330
880399
880410
880508
880552
880947
880975
881137
881179
881227
881258
881363
881395
881739
881884
881923
881955
882039
882133
882280
882285
882416
882537
882561
882573
882618
882701
882832
882908
883039
883235
883305
883344
883354
883385
883395
883536
883585
883707
883712
884082
884090
884122
884291
884573
884661
884837
884877
884931
884943
885059
885314
885452
885531
885582
885585
885590
885826
886000
886049
886077
886155
886402
886408
886443
886444
886459
886467
886665
886924
886931
887036
887053
887203
887353
887543
887556
887576
887699
887771
887827
888560
888609
888651
888819
888986
889126
889192
889209
889435
889468
889515
889535
889545
889681
889719
889812
889859
890017
890356
890364
890637
891018
891098
891333
891339
891414
891500
891537
891646
891723
891843
891922
891970
892034
892052
892063
892125
892274
892578
892615
892685
892809
893026
893082
893201
893209
893510
893747
893797
893820
893878
893971
894042
894078
894149
894365
894369
894514
894518
894731
894931
895201
895608
895679
895725
895783
895819
896034
896098
896134
896240
896301
896504
896652
896712
896737
896802
896825
896828
896966
897099
897253
897361
897467
897659
897731
897872
897897
898044
898123
898186
898199
898244
898264
898390
898393
898557
898611
898678
898733
898876
898881
898958
899495
899891
899935
900013
900085
900132
900201
900402
900501
900579
900594
900755
900802
900843
900850
900983
900997
901004
901012
901036
901054
901241
901402
901568
901603
901695
901807
901940
901944
902036
902133
902158
902230
902363
902404
902427
902565
903059
903226
903433
903483
903489
903519
903540
903706
903775
903859
903921
903929
904039
904084
904092
904622
904753
904863
904892
905012
905133
905243
905704
905885
905897
906110
906143
906189
906399
906433
906567
906577
906855
906868
906871
906933
906976
907020
907097
907149
907216
907311
907365
907582
907614
907657
907710
907909
908076
908094
908111
908344
908541
908600
908679
908840
908911
909112
909131
909274
909457
909756
909798
909805
909866
909905
910003
910170
910275
910317
910420
910469
910527
910691
910847
910861
910905
910919
910952
910998
911256
911364
911406
911438
911488
911740
911807
911870
911956
911962
912039
912086
912199
912270
912315
912321
912490
912527
912576
912733
912785
912848
912885
912904
912985
913001
913051
913054
913202
913208
913228
913416
913901
913966
914134
914192
914262
914299
914497
914514
914721
915087
915175
915206
915276
915279
915300
915315
915415
915424
915573
915581
915735
915904
915969
915987
916113
916130
916161
916280
916303
916437
916439
916454
916576
916646
916723
916829
916856
917103
917105
917115
917124
917285
917465
917527
917745
917985
918098
918103
918153
918275
918529
918540
918638
918826
918891
918908
918958
918990
919050
919513
919582
919583
919725
919861
919971
920027
920052
920321
920530
920549
920551
920814
920941
921027
921063
921139
921219
921280
921521
921898
921952
922232
922325
922375
922431
922453
922545
922741
922767
922846
922908
922988
923077
923158
923327
923339
923378
923433
923537
923716
923839
923854
923884
924317
924383
924450
924471
924905
925003
925199
925269
925337
925518
925533
925580
926124
926210
926254
926469
926724
926730
926794
926838
926919
926982
927192
927197
927405
927559
927705
927748
927872
928051
928371
928426
928539
928556
928588
928623
928658
928668
928722
929021
929024
929112
929121
929324
929338
929541
929853
930059
930095
930227
930309
930458
930917
930928
931033
931199
931223
931250
931273
931389
931443
931480
931567
931594
931712
931743
931997
932031
932055
932404
932421
932429
932605
932664
932667
932697
932720
932800
932852
932967
933124
933273
933274
933448
933589
933684
933770
933845
934027
934218
934339
934507
934519
934554
934585
934750
934838
935006
935035
935128
935157
935254
935410
935492
935540
935542
935695
935776
935842
935869
935920
935933
935959
936041
936121
936156
936208
936307
936313
936319
936365
936372
936515
936524
936689
936706
936758
936834
936970
937321
937357
937376
937567
937658
937744
937857
937920
937950
937959
938036
938197
938206
938244
938319
938376
938638
938654
938708
938739
938885
938889
938934
938984
939501
939569
939671
939721
939750
939842
940077
940132
940203
940253
940283
940350
940397
940485
940780
940787
941054
941162
941197
941278
941355
941582
941597
941708
941827
941870
941909
941927
942126
942134
942146
942377
942408
942411
942459
942470
942495
942568
942651
942654
942878
942995
943028
943122
943236
943364
943424
943451
943476
943500
943624
944008
944134
944265
944321
944353
944430
944819
944906
944998
945018
945165
945240
945451
945458
945507
945589
945774
945874
945951
945969
945992
946051
946075
946153
946228
946231
946235
946264
946501
946717
946977
946997
947003
947191
947202
947303
947527
947596
947657
947659
947678
947934
947958
948166
948221
948247
948275
948281
948532
948570
948630
948691
948744
948782
948901
948999
949092
949196
949224
949306
949391
949587
949589
949623
949685
949708
949836
949842
950028
950035
950063
950099
950102
950145
950349
950427
950508
950773
950780
950812
951138
951241
951360
951913
951965
952157
952194
952255
952277
952278
952331
952468
952496
952762
952806
952827
952855
952925
953277
953287
953764
953765
953791
953904
954064
954187
954290
954350
954439
954463
954476
954586
954819
954877
954881
955006
955146
955239
955559
955569
955599
955662
955871
955955
955962
956040
956041
956118
956133
956389
956590
956625
956758
957367
957628
957648
957715
957727
957904
958147
958169
958181
958478
958568
958628
958666
958746
958864
958984
959039
959135
959152
959153
959173
959573
959586
959817
959907
960016
960136
960265
960325
960342
960345
960429
960441
960752
960911
960917
961082
961113
961138
961231
961293
961332
961405
961408
961411
961417
961455
961707
961795
961891
961955
962061
962106
962224
962306
962332
962366
962372
962439
962651
962704
962974
962984
963049
963188
963237
963331
963412
963450
963540
963623
963678
963772
963857
963987
964001
964093
964137
964224
964289
964314
964438
964452
964481
964484
964652
964779
964851
964875
964896
964937
965222
965295
965388
965637
965838
965866
965876
965915
966153
966210
966219
966290
966297
966305
966315
966372
966384
966549
966699
966726
966795
966851
966899
967028
967032
967075
967090
967154
967161
967224
967236
967370
967421
967734
967793
967809
967823
967995
968018
968099
968285
968325
968362
968405
968415
968572
968610
968703
969077
969129
969518
969819
969839
969847
969953
969998
970007
970304
970392
970567
970606
970630
970659
970668
970886
970939
970967
971003
971029
971113
971516
971523
971528
971536
971603
971626
971762
971771
971995
972009
972331
972500
972617
973020
973110
973162
973171
973200
973260
973334
973413
973554
973578
973692
973814
973848
973863
973902
973913
974212
974447
974479
974502
974509
974688
974777
974821
974926
974966
974982
975038
975053
975166
975170
975197
975282
975311
975568
975608
975680
975728
975841
975860
975864
975876
976117
976132
976156
976178
976227
976364
976556
976568
976674
976925
976935
976951
977041
977313
977338
977429
977452
977620
977676
977806
977864
978010
978122
978711
978761
978763
978891
979004
979022
979065
979087
979276
979359
979365
979444
979505
979514
979743
979786
979884
980111
980230
980349
980355
980381
980571
980871
980932
980958
981128
981208
981487
981711
981720
981749
981876
981917
982098
982244
982389
982652
982748
983152
983226
983276
983281
983323
983425
983502
983506
983514
983779
983999
984037
984053
984155
984185
984307
984368
984465
984516
984636
984666
984711
984715
984723
985135
985401
985413
985493
985734
985739
985956
985966
986191
986418
986479
986608
986869
986924
986930
986931
987026
987301
987314
987390
987434
987714
987722
987738
987781
987792
987820
988099
988226
988252
988491
988748
988790
988804
988850
989079
989096
989140
989223
989275
989285
989401
989545
989653
989746
989751
989943
990018
990067
990122
990276
990358
990421
990483
990568
990665
990691
990717
990804
990825
990920
990922
991389
991530
991652
991761
991856
992069
992294
992697
992855
992934
992978
993036
993138
993230
993300
993440
993791
994231
994448
994554
994608
994773
994974
995136
995137
995144
995176
995229
995277
995302
995364
995560
995728
995795
995834
995897
995984
996023
996340
996450
996488
996667
996698
996759
996773
996791
996889
996938
997077
997235
997332
997599
997610
997657
997807
997811
997894
997902
998111
998153
998387
998703
999034
999185
999205
999206
999249
999275
999377
999387
999802
999844
999884
999938
999969
