49
141
148
217
289
698
969
1111
1115
1292
1443
1543
1633
1728
1816
2004
2067
2115
2164
2357
2463
2533
2550
2553
2654
2676
2849
2906
3000
3169
3193
3358
3397
3488
3784
3820
4046
4054
4082
4244
4295
4438
4487
4862
4917
5111
5183
5210
5224
5297
5356
5422
5483
5539
5630
5702
5788
6076
6103
6139
6141
6372
6385
6401
6436
6921
7006
7448
7555
7672
7772
7938
8026
8161
8362
8485
8622
8703
8852
8961
9162
9239
9272
9381
9418
9423
9466
9528
9529
9577
9580
9699
9894
9955
10147
10214
10315
10400
10803
10873
10989
11014
11026
11117
11128
11130
11172
11262
11268
11323
11403
11436
11460
11468
11730
11897
11973
12002
12063
12152
12173
12402
12464
12478
12497
12557
12604
12677
12707
12710
12714
12871
12891
12925
13039
13077
13211
13258
13316
13359
13375
13457
13579
13650
13671
13682
13777
13935
13958
14090
14266
14452
14474
14524
14755
14786
15005
15056
15232
15294
15392
15471
15476
15508
15516
15637
15642
15673
15699
15720
15795
15874
15932
16036
16121
16248
16370
16490
16539
16571
16648
16848
16926
16951
17038
17048
17089
17158
17279
17319
17472
17510
17714
17897
17960
17979
18172
18385
18511
18570
18600
18613
18655
18706
18715
18735
18802
18805
18985
19250
19321
19468
19612
19729
19862
19905
19911
19938
19968
20098
20147
20188
20278
20321
20383
20464
20676
20698
20784
20794
20818
20841
20946
21247
21333
21404
21437
21799
21849
21945
22039
22089
22095
22137
22221
22248
22657
22675
22898
22959
23026
23244
23425
23477
23553
23661
23723
23822
23863
23950
24035
24278
24323
24358
24399
24489
24539
24832
24858
24999
25151
25227
25247
25346
25750
25784
25946
26047
26078
26355
26357
26378
26509
26518
26577
26660
26669
26874
26965
27216
27286
27339
27624
27752
28089
28146
28404
28505
28558
28778
28792
28890
28892
28982
28984
29235
29277
29282
29333
29745
29814
29945
30103
30181
30259
30281
30288
30350
30430
30454
30540
30722
30830
31044
31341
31479
31559
31562
31646
31696
31699
31710
31794
31856
31936
32568
32614
32674
32709
32854
32900
33003
33308
33331
33332
33379
33620
34113
34118
34195
34337
34483
34509
34629
34650
34661
34685
34791
34808
34842
34930
34944
34966
34996
35066
35079
35191
35233
35333
35397
35677
35683
35724
35810
35855
35949
36268
36307
36819
36956
36969
37116
37168
37304
37313
37572
37601
37721
37900
37952
38131
38290
38446
38506
38526
38552
38615
38692
38703
38710
38743
38851
39125
39209
39300
39574
39735
39952
39964
40107
40243
40292
40314
40377
40407
40823
40857
40925
40975
41042
41070
41102
41287
41353
41376
41501
41579
41681
41688
41852
41929
42114
42246
42287
42357
42379
42473
42526
42589
42646
42682
42745
42926
42927
43010
43014
43067
43068
43077
43093
43260
43302
43352
43454
43527
43797
43955
44033
44155
44296
44381
44469
44843
44949
44988
45079
45098
45232
45234
45267
45416
45444
45456
45518
45554
45739
45926
45943
46227
46312
46368
46514
46562
46634
46731
46827
46835
46950
47024
47060
47081
47131
47221
47365
47531
47576
47662
47681
47732
47775
47796
47853
48135
48194
48209
48239
48357
48507
48558
48625
48692
48885
49120
49302
49355
49638
49700
49832
49971
49972
50243
50244
50400
50462
50473
50612
50750
50880
50883
50975
50982
51075
51209
51388
51423
51553
51752
51906
51954
51957
52096
52131
52285
52321
52337
52343
52469
52532
52728
52749
53031
53126
53456
53543
53748
53754
53837
53842
54135
54264
54330
54384
54620
54657
54703
54891
55021
55036
55185
55428
55515
55550
55595
55913
55990
56123
56245
56317
56398
56456
56547
56663
56779
56822
56840
56841
57099
57286
57333
57617
57692
57763
58037
58106
58228
58468
58496
58624
58793
58854
58918
59163
59352
59372
59394
59545
59563
59572
59591
59715
59738
59763
59925
60064
60128
60435
60497
60611
60644
60789
60846
60847
61172
61176
61328
61372
61397
61508
61785
61907
62135
62211
62450
62770
62868
62894
62946
62958
63029
63201
63292
63327
63335
63386
63617
63647
63668
63767
63880
63908
63985
64109
64131
64159
64468
64547
64623
64864
64865
65244
65463
65488
65557
65687
65789
65795
65831
65887
66104
66301
66330
66639
66650
66786
66802
66902
66986
66996
67153
67318
67414
67470
67490
67579
67643
67781
67798
67817
67892
68190
68386
68411
68472
68591
68621
68762
69011
69141
69152
69200
69235
69327
69461
69475
69785
69987
70047
70062
70094
70278
70288
70591
70699
70728
70884
70912
71231
71478
71490
71513
71544
71671
71810
71954
72109
72210
72434
72452
72596
72605
72616
72638
72642
72733
72811
73032
73183
73382
73588
73955
74071
74114
74223
74411
74434
74469
74668
74753
74896
75306
75457
75539
75658
75709
75803
75837
75918
76005
76063
76111
76121
76175
76278
76281
76428
76460
76703
76821
76939
76978
77063
77105
77174
77266
77370
77397
77427
77458
77496
77610
77615
77694
77728
77733
77776
77858
78048
78237
78355
78432
78583
78605
78692
78747
78864
79241
79319
79462
79463
79466
79484
79532
79637
80358
80391
80439
80485
80660
80810
80885
81143
81157
81167
81231
81237
81292
81311
81412
81586
81681
81817
81900
81910
81947
81998
82079
82098
82390
82551
82811
82818
83037
83040
83062
83084
83199
83297
83350
83645
83855
83896
83907
83969
84008
84045
84095
84117
84185
84195
84374
84563
84622
84867
85031
85320
85385
85441
85470
85622
85761
85829
85837
86553
86739
86836
86925
86958
87079
87393
87421
87459
87511
87635
87770
87816
87853
87898
88016
88221
88236
88239
88308
88330
88531
88552
88610
88652
88719
88785
88787
88793
88966
89011
89043
89060
89253
89282
89564
90464
90517
90585
90850
90874
90996
91002
91032
91082
91104
91166
91220
91328
91337
91440
91475
91599
91807
91842
92159
92441
92766
92814
92923
92957
93158
93185
93306
93412
93557
93569
93999
94020
94164
94231
94347
94406
94592
94733
94740
94778
94896
94939
95275
95375
95464
95533
95558
95569
95611
95628
95685
95961
96113
96126
96336
96384
96690
96802
96837
96924
96937
96953
96969
97162
97182
97482
97814
98026
98124
98239
98257
98329
98402
98454
98504
98540
98571
98674
98935
98937
99148
99178
99364
99596
99643
99664
99677
99687
99698
99738
99818
99965
100131
100312
100523
100544
100838
101106
101216
101295
101307
101473
101561
101609
101622
101632
101703
101791
102038
102208
102223
102291
102312
102464
102535
102549
102643
102772
102893
102917
103025
103093
103099
103354
103420
103434
103571
103614
103769
103776
103955
103995
104017
104067
104079
104113
104860
104929
104948
105111
105118
105186
105246
105301
105324
105448
105547
105561
105563
105934
106026
106095
106104
106128
106199
106356
106516
106576
106703
106724
106819
106866
106992
107036
107324
107341
107590
107612
107665
107682
107945
108124
108132
108440
108487
108501
108517
108547
108636
108693
108703
108753
108756
108828
108888
108929
109112
109148
109268
109442
109463
109476
109794
110029
110059
110169
110194
110200
110216
110286
110453
110503
110528
110750
110759
110821
110992
110996
111105
111234
111237
111263
111413
111538
111764
111807
111858
111944
111992
112157
112426
112525
112566
112679
112724
112725
112748
112779
112827
113025
113125
113222
113247
113263
113404
113406
113493
113621
113808
113846
113905
114209
114260
114267
114415
114588
114610
114706
114748
114774
114849
114965
115028
115130
115215
115275
115511
115533
115576
115588
115618
115865
115976
116036
116129
116427
116459
116655
116667
117103
117104
117107
117231
117407
117426
117652
117666
117683
117695
117891
118127
118138
118176
118232
118392
118480
118838
119017
119043
119064
119584
119683
119738
119800
120089
120110
120180
120209
120213
120280
120316
120318
120626
120782
120794
120819
120898
120923
121030
121033
121036
121043
121056
121078
121226
121717
121765
121873
122606
122836
122904
123018
123050
123059
123076
123181
123308
123403
123503
123524
123545
123711
123755
123808
123955
124107
124171
124221
124243
124335
124402
124452
124560
124683
124734
124742
124811
124866
124886
124905
125150
125282
125462
125565
125669
125712
126042
126163
126258
126367
126412
126420
126438
126466
126562
126699
126809
127025
127141
127320
127352
127354
127372
127547
127582
127660
127674
127691
127806
127826
127906
128019
128203
128229
128274
128374
128445
128496
128571
128886
129069
129110
129155
129159
129282
129384
129440
129482
129517
129630
129724
129813
130064
130074
130123
130147
130317
130464
130516
130670
131186
131212
131385
131414
131423
131657
131765
131886
131964
132118
132239
132613
132696
132713
132993
133041
133060
133092
133253
133254
133848
133852
133915
133935
133992
134136
134155
134199
134242
134283
134284
134340
134493
134625
134655
134744
135084
135105
135255
135389
135580
135582
135616
135632
135938
136081
136260
136566
136852
136918
137071
137157
137263
137317
137330
137460
137587
137924
138033
138218
138298
138465
138517
138767
138781
138866
138907
138921
138947
139273
139311
139338
139380
139494
139496
139653
139771
139779
139790
139796
139858
139886
139937
140040
140083
140116
140207
140229
140420
140458
140482
140511
140570
140933
140968
141180
141210
141213
141528
141609
141691
141732
141948
142018
142106
142114
142279
142452
142618
142633
142671
142720
142789
142877
142901
142923
142957
143002
143163
143220
143223
143224
143260
143484
143629
143699
143721
143745
143751
143891
143908
143931
144001
144028
144079
144116
144339
144427
144540
144630
144676
145205
145209
145225
145298
145375
145442
145578
145838
146010
146043
146070
146138
146144
146338
146631
146647
146671
146846
147178
147359
147761
147792
147812
147923
148046
148072
148136
148137
148424
148465
148497
148747
148850
148926
149004
149029
149188
149389
149435
149470
149514
149693
149702
149740
149869
149932
149980
149988
150020
150041
150129
150140
150185
150276
150357
150573
150586
150628
150810
150857
150860
151126
151132
151535
151544
151655
151657
151775
151843
151850
151915
151995
152214
152222
152271
152273
152352
152360
152509
152624
152730
152842
152891
152974
152977
153101
153102
153235
153345
153356
153406
153544
153562
153680
153841
154074
154106
154281
154334
154534
154601
154642
154777
155016
155033
155144
155270
155303
155328
155375
155392
155719
155786
156059
156082
156085
156224
156282
156359
156369
156547
156672
156862
156871
156883
156902
157161
157192
157391
157481
157562
157672
157731
157750
157758
157799
157972
158113
158123
158189
158353
158437
158490
158573
158646
158740
158870
159039
159056
159468
159492
159560
159752
159813
159905
159910
159989
160057
160196
160203
160301
160469
160486
160581
160798
160805
161167
161384
161520
161599
161617
161626
161689
161737
161738
161921
161933
162047
162097
162178
162189
162297
162481
162575
162714
162807
162815
162830
162883
162975
163021
163219
163255
163284
163433
163527
163579
163644
163936
164166
164238
164260
164294
164336
164341
164398
164400
164465
164476
164568
164627
164840
164907
165645
165661
166098
166292
167054
167141
167240
167299
167328
167337
167436
167638
167670
167722
167814
167833
167841
167951
167974
168082
168297
168334
168434
168754
168912
168973
168979
169232
169261
169375
169454
169565
169652
169836
169850
169971
170042
170074
170133
170153
170197
170383
170405
170607
170608
170783
170852
170944
171046
171088
171217
171360
171438
171689
171772
171925
172267
172294
172346
172573
172590
172594
172831
172860
172950
173044
173055
173224
173302
173307
173438
173555
173628
173650
173656
173739
173741
173878
174027
174173
174254
174303
174334
174375
174571
174692
174755
175040
175108
175207
175435
175489
175562
175765
175771
175924
175936
175957
176128
176197
176283
176504
176840
176914
176948
176960
176989
176998
177303
177362
177460
177618
177632
177696
177731
177934
178177
178550
178577
178722
178743
178948
179265
179303
179348
179395
179414
179504
179547
179573
179649
179937
179947
180006
180025
180035
180184
180271
180286
180307
180353
180518
180598
180668
180710
180763
180793
180802
181000
181044
181091
181192
181260
181285
181286
181362
181436
181537
181545
181685
181703
181746
181833
181988
182074
182078
182195
182336
182455
182592
182646
183032
183213
183290
183520
183570
183688
183759
183933
183996
184299
184313
184329
184386
184437
184719
184907
184943
185745
185814
185828
185846
185872
186359
186633
186643
186783
186785
187035
187114
187211
187222
187386
187453
187586
187747
187844
187922
187937
188081
188289
188450
188531
188535
188563
188600
188758
188887
189092
189169
189208
189252
189302
189304
189660
189690
189697
189723
189785
189871
189884
189958
189965
190064
190077
190079
190088
190200
190367
190512
190604
190640
190715
190756
190797
191074
191080
191153
191193
191321
191629
191781
191878
192005
192091
192094
192099
192118
192123
192297
192303
192349
192472
192501
192562
192587
192609
192639
192682
192953
193059
193216
193459
193720
193843
193976
194072
194160
194236
194367
194411
194444
194450
194455
194506
194585
194638
194775
194881
194929
195064
195106
195145
195222
195294
195643
195874
195956
196074
196086
196101
196169
196282
196318
196320
196405
196497
196581
197150
197203
197223
197282
197395
197437
197477
197679
197765
197786
197814
197996
198360
198422
198490
198605
198664
198692
198834
198878
198887
198975
199014
199085
199163
199197
199315
199417
199516
199620
199733
199803
199836
199887
199988
200545
200600
200675
200705
200730
200737
200912
201102
201182
201405
201487
201512
201602
201833
201930
202080
202141
202384
202583
202660
202662
202832
202838
203317
203402
203421
203622
203726
203809
203847
203870
203892
204053
204072
204338
204384
204535
204736
204843
204988
205107
205411
205436
205638
205861
206415
206489
206686
206849
206910
207092
207159
207184
207270
207275
207390
207508
207520
207760
207800
207813
207829
207878
208038
208058
208149
208179
208234
208259
208288
208400
208639
208670
208755
208873
208881
208960
208966
209125
209187
209273
209393
209431
209519
209521
209740
209790
209857
209958
210054
210139
210265
210329
210332
210393
210615
210826
210904
211025
211098
211116
211377
211388
211412
211440
211464
211479
211516
211534
211597
211665
211699
211739
211915
212004
212038
212081
212210
212295
212378
212651
212752
212880
213263
213295
213557
213601
213694
213719
213755
213902
214003
214010
214108
214260
214383
214414
214561
214571
214610
214673
214763
214919
214948
214983
215231
215260
215282
215313
215527
215583
215609
215655
215662
215750
215786
215818
215834
216076
216079
216095
216196
216223
216241
216428
216699
217348
217625
217688
217756
217770
217823
218063
218177
218201
218464
218593
218843
218935
219066
219084
219495
219622
219661
219773
219827
219867
219990
220037
220210
220379
220443
220560
220590
220852
221083
221139
221434
221462
221477
221652
221728
221797
221885
222010
222085
222216
222263
222278
222410
222411
222418
222897
222952
222994
223033
223144
223155
223354
223373
223471
223479
223495
223586
223832
224104
224382
224434
224704
224789
224835
224977
225120
225469
225529
225537
225604
225685
226210
226280
226503
226522
226538
226592
226613
226744
226859
227025
227227
227289
227413
227486
227587
227591
227640
227771
227820
227884
227907
228088
228130
228438
228479
228480
228821
228868
228879
229002
229011
229068
229265
229278
229318
229398
229502
229579
229629
229878
229927
229945
229972
229984
230256
230357
230375
230552
230818
230852
230870
230891
231182
231268
231475
231606
231650
231715
231766
231770
231823
231920
232105
232182
232204
232301
232426
232432
232502
232506
232868
233073
233084
233151
233302
233383
233443
233458
233500
233546
233839
233916
233936
234293
234686
234722
234740
234883
234994
235228
235257
235333
235366
235432
235595
235855
235964
236188
236263
236273
236306
236406
236553
236615
236690
236731
236787
237055
237110
237145
237154
237257
237401
237474
237488
237524
237690
237705
237814
237920
238090
238092
238157
238506
238542
238548
238697
238763
238780
238955
239060
239086
239175
239341
239343
239545
239614
239714
239875
239927
239954
240128
240129
240155
240206
240247
240286
240296
240312
240343
240423
240517
240766
240893
241397
241558
241598
241621
241638
241679
241719
241806
241934
241939
242174
242204
242209
242285
242493
242659
242828
243376
243404
243416
243605
243708
243778
243840
243914
243946
244041
244243
244331
244388
244481
244498
244673
244871
244938
245010
245106
245215
245222
245231
245411
245415
245421
245588
245732
245860
246388
246451
246510
246511
246582
246892
246901
246978
247052
247072
247158
247194
247216
247302
247303
247340
247424
247452
247502
247678
247756
247780
247786
247798
247825
247903
248056
248401
248493
248520
248627
248720
248747
248994
249028
249138
249152
249241
249515
249611
249671
249992
250080
250309
250389
250396
250456
250512
250537
250579
250599
250630
250668
250838
250864
250882
250968
251034
251373
251380
251515
251529
251534
251547
251687
251690
251827
251883
251980
252028
252104
252293
252380
252556
252784
252909
253054
253102
253255
253280
253317
253346
253406
253550
253674
253762
253878
253917
253986
254023
254029
254236
254250
254304
254445
254563
254591
254779
255125
255150
255386
255498
255600
255625
255737
255799
256033
256072
256188
256292
256334
256366
256377
256437
256450
256489
256592
256790
256938
256990
257122
257147
257167
257196
257262
257326
257486
257520
257534
257555
257851
258057
258189
258209
258348
258414
258458
258547
258582
258732
258764
258777
258781
258783
258932
258955
259094
259190
259197
259361
259723
259850
259950
260025
260418
260591
260701
260714
261054
261096
261119
261145
261165
261173
261237
261360
261363
261414
261742
261765
261931
261957
262101
262106
262204
262276
262323
262709
262712
262817
262823
262902
263000
263016
263040
263514
263603
263751
264002
264213
264282
264321
264467
264481
264613
264689
264738
264906
265061
265078
265186
265200
265304
265428
265602
265608
265634
265639
265897
265952
266057
266204
266218
266496
266647
266739
266860
267005
267013
267024
267035
267049
267686
267808
268014
268042
268061
268158
268340
268364
268639
268764
268978
269245
269376
269442
269455
269520
269568
269800
269819
269821
270055
270056
270100
270189
270312
270440
270584
270694
270729
270733
271096
271106
271133
271139
271650
271686
271687
271697
271698
271796
271943
272199
272356
272496
272572
272626
272678
272745
272818
273024
273242
273356
273421
273533
273692
273862
274011
274092
274191
274258
274552
274630
274690
274717
274769
274946
274982
275277
275325
275374
275544
275592
275606
275892
275911
275936
275952
275978
275986
276066
276234
276325
276425
276517
276527
276606
276636
276681
276683
276690
276722
276741
276828
276927
277264
277491
277512
277575
277684
277703
277825
278108
278151
278153
278404
278647
278810
278836
278845
278868
279052
279239
279359
279591
279612
279637
279643
279776
279874
279908
279927
280049
280058
280109
280328
280338
280523
280578
280596
280661
280691
280694
280724
280770
280911
281110
281328
281385
281389
281527
281646
281706
281937
282065
282304
282306
282551
282602
282857
282895
283075
283190
283225
283320
283382
283491
283546
283594
283642
283795
283949
284171
284209
284223
284279
284357
284436
284478
284528
284530
284570
284786
284807
284858
284990
285053
285157
285199
285282
285314
285340
285372
285724
285827
285846
286016
286102
286181
286300
286322
286337
286372
286403
286519
286634
286668
286711
286787
286995
287084
287104
287118
287131
287225
287239
287250
287252
287272
287298
287356
287410
287515
287551
287681
287749
287940
287995
288030
288125
288372
288421
288423
288488
288513
288764
289029
289076
289176
289180
289315
289583
289754
289761
289888
289953
289961
290222
290527
290593
290605
290651
290684
290860
291214
291249
291482
291519
291780
291854
291868
291971
292019
292086
292100
292125
292157
292173
292252
292323
292365
292635
292916
293047
293048
293130
293194
293220
293331
293395
293521
293535
293767
293874
293974
294002
294013
294127
294152
294163
294171
294505
294576
294626
294718
294730
294858
294993
295002
295125
295353
295579
295708
295766
295771
295837
295890
295902
295908
295927
295978
296061
296066
296082
296105
296238
296314
296766
296813
296899
296953
297204
297295
297357
297409
297452
297497
297610
297612
297835
297837
297907
298182
298199
298219
298488
298514
298567
298588
299058
299139
299276
299297
299491
299510
299685
299862
300090
300238
300297
300423
300424
300470
300539
300551
300629
300642
300677
300683
300687
300793
300833
300842
300879
300919
300932
301006
301008
301126
301172
301328
301334
301382
301464
301473
301526
301852
301910
302151
302239
302274
302333
302555
302648
302757
302779
303060
303185
303251
303416
303531
303634
303642
303646
303718
303748
303758
303915
303965
303995
304120
304181
304281
304460
304553
304569
304581
304597
304781
304891
304983
304996
305073
305105
305128
305146
305175
305246
305270
305554
305697
305750
305801
305816
305912
305915
305962
306070
306242
306413
306418
306543
306593
306798
306916
307051
307085
307376
307525
307538
307591
307626
307795
307807
307866
307911
308286
308625
308661
308919
308928
308968
309060
309110
309128
309358
309704
309738
309759
309814
310245
310250
310265
310342
310388
310391
310617
310662
310732
310928
310945
311041
311075
311175
311239
311365
311460
311739
311770
311825
312024
312071
312185
312212
312292
312326
312554
312558
312716
312726
312794
313084
313325
313561
313659
313678
313871
314037
314122
314205
314294
314312
314390
314408
314539
314584
314642
314703
314711
314885
315029
315088
315229
315333
315342
315823
315883
315932
316119
316162
316229
316413
316457
316612
316844
316847
316923
317270
317372
317382
317422
317600
317624
317674
317828
317969
318364
318468
318485
318489
318637
318876
318888
318907
318976
319059
319240
319290
319358
319379
319424
319431
319523
319649
319768
319893
319950
320017
320132
320163
320303
320335
320346
320696
320709
320723
320754
320882
321172
321301
321336
321355
321397
321425
321440
321599
321800
321826
321873
321884
322017
322417
322785
322852
322918
322952
322985
323023
323071
323093
323110
323214
323271
323275
323313
323473
323499
323733
323952
324004
324495
324635
325146
325170
325263
325360
325414
325420
325446
325562
325881
325901
325907
326014
326036
326082
326173
326305
326638
326677
326815
326915
326953
327127
327210
327275
327323
327424
327522
327621
327638
327654
327700
327710
327726
327779
327792
327900
327981
327991
328079
328113
328215
328230
328293
328373
328472
328557
328693
328750
328891
328941
329000
329059
329073
329093
329555
329592
329630
329695
329735
329928
329937
329993
330070
330203
330259
330270
330373
330374
330403
330437
330489
330580
330582
330758
330823
330866
330878
330922
330972
331047
331069
331294
331422
331425
331488
331649
331687
331727
331728
331826
331865
332081
332165
332174
332243
332290
332609
332625
332745
332765
332859
332917
333424
333488
333511
333611
333708
333774
333915
333958
334034
334046
334315
334942
335051
335105
335167
335221
335385
335507
335630
335722
335962
336023
336086
336123
336280
336286
336312
336485
336655
336683
336707
336805
336931
337011
337047
337080
337103
337136
337148
337264
337271
337273
337397
337398
337558
337627
337770
337905
338038
338084
338176
338558
338761
338770
338806
338922
338973
338980
338998
339158
339318
339403
339455
339500
340010
340139
340266
340283
340321
340349
340698
340822
340825
341005
341040
341108
341128
341255
341297
341389
341416
341439
341679
341680
341748
341753
341812
341962
342063
342207
342389
342401
342567
342650
342725
342816
342868
342965
342969
343117
343189
343214
343248
343270
343284
343443
343592
343646
343889
343949
344004
344107
344134
344261
344417
344597
344600
344641
344685
344700
344770
344802
344822
344868
344964
344976
345001
345038
345089
345254
345318
345500
345516
345635
345640
345656
345701
345755
345758
345792
345794
345799
345814
345841
345932
345949
346045
346102
346362
346851
347032
347123
347138
347145
347483
347484
347557
347631
347670
347750
347800
348093
348129
348149
348223
348334
348409
348422
348600
348634
348654
348742
348748
348798
348842
348933
349152
349357
349555
349695
349931
349982
349997
350055
350058
350092
350157
350160
350191
350242
350289
350542
350810
350900
350903
350981
350983
351018
351133
351292
351530
351550
351583
351595
351643
351693
351751
351846
352011
352018
352281
352303
352335
352724
352855
352879
352887
353051
353113
353119
353256
353357
353376
353456
353600
353613
353667
353707
353830
353895
354138
354182
354366
354392
354443
354445
354508
354583
354846
355070
355127
355314
355355
355447
355530
355626
355642
355776
355786
355989
356584
356676
356687
356776
356951
357102
357229
357294
357317
357354
357415
357425
357445
357477
357494
357585
357593
357839
357950
357975
357977
358071
358085
358330
358357
358397
358424
358659
358678
358713
358799
358827
359345
359357
359703
359768
359783
359793
359837
359844
360029
360077
360251
360336
360456
360506
360581
360699
360719
360837
360884
360928
361054
361157
361385
361421
361521
361575
361642
361654
361699
361869
361877
361908
361991
362030
362151
362274
362296
362354
362365
362391
362419
362486
362667
362673
362718
362732
362892
363036
363153
363253
363281
363478
363486
363577
363745
363757
363783
363808
363832
363901
363955
364118
364250
364258
364405
364608
364655
364769
365048
365235
365307
365361
365376
365529
365572
365591
365617
365674
365842
365887
366039
366150
366202
366224
366241
366264
366419
366519
366638
366702
366750
366777
366840
367041
367054
367131
367428
367601
367737
367794
368044
368092
368271
368283
368354
368663
368669
368728
368930
369091
369409
369439
369445
369448
369707
369719
369743
369918
369966
370136
370211
370220
370247
370734
370834
370850
371026
371092
371101
371427
371509
371653
371661
371712
371730
371782
371787
371821
371826
371910
372034
372212
372218
372307
372383
372539
372690
372734
372831
372909
373042
373095
373100
373141
373160
373295
373297
373312
373521
373530
373805
373924
373974
374095
374127
374183
374201
374213
374217
374278
374430
374481
374543
374680
374695
374807
374958
375239
375284
375304
375318
375337
375366
375459
375465
375515
375688
376014
376020
376040
376408
376442
376499
376545
376620
376627
376724
376746
376909
376967
377024
377119
377146
377191
377253
377279
377465
377691
377719
377799
377820
377940
378386
378418
378479
378493
378498
378592
378594
378615
378670
378733
378780
378784
379339
379393
379566
379636
379783
379822
379961
380239
380268
380358
380476
380535
380656
380686
380754
380848
380944
380987
381008
381112
381172
381201
381244
381315
381318
381350
381882
381991
382334
382639
382670
382677
382681
382731
382744
382998
383038
383091
383185
383260
383352
383384
383461
383534
383564
383646
383701
383702
383943
384132
384189
384248
384294
384562
384636
384742
384745
384769
384839
385057
385079
385168
385184
385308
385420
385512
385564
385611
385673
385705
385744
385771
385858
385868
386161
386317
386372
386489
386604
386718
386752
386760
386762
386971
386975
387050
387062
387206
387307
387618
387755
387759
387980
387995
387999
388143
388561
388753
388829
389458
389636
389724
389906
389996
390097
390123
390130
390141
390178
390228
390348
390419
390594
391020
391140
391289
391449
391453
391740
391869
391935
392053
392241
392261
392274
392284
392337
392465
392491
392606
392712
392856
392965
393036
393053
393054
393358
393418
393431
393589
393593
393639
393700
393742
393845
393874
393884
394112
394269
394316
394475
394497
394501
394503
394608
394867
394904
394958
395323
395325
395333
395353
395361
395676
395782
395936
395942
396075
396246
396299
396331
396350
396489
396642
396683
396715
396789
396829
396853
396945
397055
397086
397333
397471
397769
397852
397955
398012
398183
398214
398326
398391
398463
398726
398813
398915
398925
398962
399030
399138
399167
399269
399278
399413
399438
399777
399934
399949
400102
400346
400473
400554
400666
400693
400871
400905
400953
400970
401183
401249
401263
401307
401502
401544
401563
401626
401732
401779
401809
402022
402099
402147
402506
402761
402815
402966
402987
403073
403147
403347
403536
403613
403673
403694
403716
403818
403833
403878
404063
404139
404198
404260
404293
404299
404335
404367
404458
404583
404655
404671
404721
404784
404843
404972
405045
405163
405227
405249
405329
405380
405459
405743
405889
405914
405974
406053
406098
406308
406330
406806
406846
406852
406952
406992
407082
407295
407339
407399
407637
407659
407680
407711
407715
407810
408098
408467
408493
408586
408613
408635
408698
408732
408871
408950
409016
409154
409512
409555
409766
409827
409906
410091
410110
410126
410244
410280
410425
410433
410646
410655
410712
410726
410824
410861
410874
411037
411104
411172
411427
411467
411542
411580
411645
411657
411677
411812
411948
411971
412020
412079
412323
412372
412407
412467
412879
412925
413026
413121
413197
413378
413653
413662
413664
413668
413803
413905
413995
414134
414226
414263
414336
414345
414369
414487
414599
414667
414782
414882
414894
414958
414971
415005
415094
415102
415130
415412
415613
415877
415958
415961
415970
416185
416197
416351
416395
416445
416540
416580
416758
416903
417148
417221
417264
417359
417360
417367
417460
417539
417652
418010
418022
418082
418219
418308
418441
418490
418764
418899
419073
419102
419185
419417
419605
419607
419652
419668
419843
419856
419898
419924
420028
420206
420386
420403
420499
420509
420560
421144
421150
421202
421217
421257
421362
421921
421969
422144
422259
422347
422402
422438
422440
422670
422781
422784
422789
422874
422890
423044
423128
423178
423335
423433
423464
423945
423954
423986
424094
424286
424325
424354
424574
424584
424710
424741
424748
424916
425074
425087
425135
425191
425363
425438
425481
425823
425878
426242
426302
426345
426568
426589
426627
426633
426763
426854
427019
427176
427179
427318
427363
427454
427626
427734
427926
428012
428038
428060
428143
428313
428365
428420
428699
428735
428866
429220
429274
429445
429557
429653
429730
430058
430169
430213
430254
430391
430447
430605
430761
430803
430812
430898
430970
430973
431056
431112
431148
431292
431311
431368
431390
431479
431695
431858
431886
432021
432047
432341
432354
432462
432572
432736
432794
432887
433135
433191
433272
433506
433612
433871
434052
434096
434128
434145
434244
434283
434502
434523
434820
435093
435116
435279
435305
435503
435504
435656
435759
435769
435805
435850
435860
435941
435954
436092
436100
436209
436235
436434
436592
436751
436755
436821
436891
437065
437129
437296
437382
437402
437405
437549
437675
437676
437708
437769
437781
437951
438005
438258
438367
438543
438571
438587
438674
438741
438799
439062
439136
439244
439350
439408
439484
439666
439690
439713
439734
439736
439944
439955
440022
440033
440105
440239
440488
440620
440787
441168
441342
441742
441827
441866
442089
442101
442204
442306
442551
442905
442970
443013
443196
443250
443382
443402
443549
443561
443598
443624
443903
444040
444066
444073
444096
444230
444300
444319
444679
444766
444798
444938
444954
445147
445159
445173
445399
445424
445609
446004
446207
446427
446453
446503
446561
446766
446833
446923
446930
446993
447470
447628
447726
447786
447906
447958
448165
448277
448282
448315
448414
448450
448538
448556
448750
448807
448829
448887
449253
449254
449336
449367
449369
449386
449435
449464
449586
449655
449923
450513
450592
450664
450840
450892
450910
451043
451069
451222
451235
451303
451380
451695
451734
451817
451906
451962
451978
451997
452092
452236
452281
452484
452559
452582
452983
453070
453416
453488
453856
454127
454180
454200
454288
454301
454333
454496
454498
454535
454573
454801
454838
454844
454961
455043
455110
455222
455245
455315
455410
455422
455431
455542
455743
455763
455794
455811
455923
455935
455976
456116
456256
456614
456636
456652
456715
456937
456993
457014
457041
457069
457070
457506
457626
457749
457936
457970
457978
458134
458229
458451
458868
458879
458888
458981
459020
459066
459154
459343
459477
459535
459566
459631
459741
459750
459856
459907
460029
460533
460546
460568
460579
460661
460703
460712
460762
460809
460880
460932
460961
461168
461279
461515
461650
461872
461945
462137
462169
462186
462189
462257
462263
462271
462389
462643
462659
462673
462943
462976
463105
463161
463233
463321
463428
463433
463473
463552
463554
463749
463840
464074
464122
464220
464319
464521
464732
464755
464779
464860
464912
464964
464997
465052
465073
465250
465356
465689
465717
465738
465766
465987
466018
466048
466118
466203
466216
466333
466779
466891
467075
467187
467225
467468
467528
467572
467777
468029
468031
468204
468257
468342
468407
468477
468512
468555
468565
468635
468648
468802
468865
469009
469030
469129
469455
469502
469624
469829
469952
469989
469990
470138
470288
470369
470396
470541
470660
470690
470715
471088
471089
471140
471228
471239
471388
471660
471730
471748
471849
471856
471941
471973
472465
472483
472485
472564
472680
472735
472790
473074
473083
473213
473376
473412
473592
473602
473606
473634
473701
473726
473735
474017
474025
474056
474242
474257
474272
474421
474566
474731
474738
474842
474891
474935
474967
474973
475037
475407
475472
475505
475508
475554
475655
475860
475999
476055
476293
476467
476522
476600
476623
476643
476659
477120
477177
477181
477221
477327
477388
477471
477485
477523
477615
477656
477834
477892
478048
478094
478142
478253
478281
478497
478537
478551
478911
479079
479103
479117
479130
479229
479313
479385
479480
479507
479509
479695
479730
479807
480246
480365
480449
480653
480774
480897
480905
481005
481090
481199
481271
481500
481591
481876
482034
482067
482139
482402
482771
482840
482990
483096
483098
483352
483375
483412
483440
483453
483499
483535
483574
483715
483722
483750
483816
483915
483922
483993
484110
484435
484478
484679
484691
484782
485099
485114
485277
485412
485457
485490
485782
486194
486301
486331
486391
486408
486492
486588
486736
486806
486907
486908
486927
486977
487088
487173
487174
487221
487284
487385
487758
487775
487785
487872
487882
487977
488044
488310
488406
488429
488438
488454
488481
488512
488535
488548
488649
488969
488996
489008
489247
489255
489423
489460
489511
489622
489623
489653
489711
489858
489882
489968
490007
490049
490120
490173
490233
490375
490390
490447
490670
490919
490934
490943
490955
490996
491101
491149
491314
491330
491338
491432
491454
491524
491682
491820
491913
492225
492288
492315
492318
492319
492424
492483
492504
492766
492957
492999
493079
493166
493202
493712
493793
493816
493844
494087
494216
494240
494241
494251
494346
494636
494886
495138
495395
495442
495518
495630
495639
495727
495730
495808
495824
495886
496409
496416
496633
496693
496699
496709
496971
497021
497044
497064
497079
497144
497255
497441
497443
497903
497991
498076
498092
498437
498630
498651
498685
498737
498965
499157
499350
499488
499497
499650
499907
500064
500126
500161
500364
500425
500533
500561
500609
500735
500772
500871
501015
501038
501054
501074
501184
501197
501243
501294
501364
501371
501434
501574
501588
501606
501638
501754
501785
501847
502217
502353
502385
502392
502433
502498
502606
502661
502711
502717
502807
502853
502880
502902
503251
503527
503863
503907
503952
503954
504072
504133
504177
504295
504393
504540
504651
505032
505103
505133
505310
505362
505491
505594
505602
505849
506032
506201
506219
506477
506533
506563
506700
506776
507099
507238
507314
507510
507669
507867
507899
507921
508046
508140
508192
508217
508224
508399
508529
508636
508754
509286
509289
509299
509353
509507
509560
509654
509656
509881
510067
510097
510163
510182
510313
510373
510468
510661
510833
510837
510882
511162
511172
511393
511416
511528
511606
511788
511879
512189
512463
512908
512948
512969
513089
513173
513349
513356
513363
513424
513577
513624
513711
513724
514079
514112
514191
514411
514442
514551
514573
514583
514637
514724
514777
514807
514979
515048
515139
515196
515277
515351
515451
515452
515466
515663
515829
515888
515974
516658
516760
516823
517156
517201
517280
517428
517459
517524
517609
517707
517757
517772
517830
517913
518001
518114
518165
518212
518301
518582
518623
518649
519007
519061
519495
519648
519683
519778
519944
519947
520076
520086
520200
520207
520258
520281
520482
520518
520526
520625
520629
520712
521031
521058
521068
521227
521356
521395
521492
521499
521651
521894
521956
521977
521979
522017
522117
522184
522236
522313
522342
522416
522548
522765
522799
522801
522824
522908
523057
523100
523177
523299
523618
523664
523704
523845
523859
523894
523999
524079
524376
524385
524505
524593
524628
524670
524676
524835
524846
524902
525095
525161
525888
525980
526052
526063
526122
526324
526477
526483
526565
526590
526651
526794
526931
526973
527073
527165
527262
527432
527728
527805
527936
528020
528040
528389
528575
528615
528751
528764
528998
529043
529190
529476
529909
530034
530177
530253
530518
530552
530576
530613
530705
530743
530859
530898
531148
531182
531231
531244
531284
531479
531597
531693
531725
531794
531828
531881
531985
532019
532073
532126
532264
532623
532640
532749
532846
533154
533171
533186
533420
533433
533438
533448
533473
533481
533645
533655
533715
533932
533957
534136
534452
534783
534869
534923
535058
535109
535140
535178
535191
535228
535502
535650
535703
535779
535931
535945
535951
536023
536034
536310
536379
536432
536620
536709
536751
536799
537140
537432
537436
537616
537649
537729
537766
537970
537997
538051
538123
538189
538279
538292
538390
538396
538955
539092
539442
539518
539769
539992
540087
540156
540157
540417
540448
540604
540748
541020
541054
541148
541354
541544
541662
541669
541786
541844
541983
542017
542130
542153
542207
542225
542238
542266
542275
542280
542284
542292
542296
542509
542601
542626
542635
542700
542737
542979
543520
543569
543624
543895
543981
544251
544453
544634
544641
544711
544807
545076
545168
545249
545319
545334
545337
545358
545429
545546
545608
545712
545818
545857
545978
546007
546236
546301
546402
546470
546601
546828
546874
546911
547109
547138
547168
547179
547218
548097
548223
548297
548475
548659
548689
548693
548874
549014
549211
549233
549519
549528
549565
549615
549788
549819
549827
550176
550228
550285
550335
550358
550372
550463
550540
550591
550594
550597
550855
550918
550956
551022
551062
551067
551084
551175
551217
551395
551450
551458
551464
551630
551671
551834
551898
551925
552113
552115
552205
552510
552591
552682
552766
552845
552918
553222
553339
553454
553486
553546
553624
553950
553993
554085
554287
554338
554537
554561
554629
554804
554807
554890
554992
554995
555104
555141
555218
555475
555523
555531
555636
555686
555739
555888
555900
555907
555914
555945
556244
556470
556585
556630
556642
556747
556858
557027
557042
557098
557141
557402
557517
557519
557562
557633
557683
557688
557722
557767
557775
557804
557897
557915
557997
558203
558448
558491
558562
558621
558833
558866
559008
559252
559278
559463
559470
559692
559785
559805
559862
559879
559883
559897
560035
560046
560150
560381
560469
560585
560725
560749
560818
560899
561053
561063
561226
561271
561289
561330
561343
561358
561443
561592
561867
561916
562319
562361
562483
562486
562974
562976
562983
563035
563082
563148
563291
563408
563461
563465
563522
563618
563816
563935
564038
564050
564072
564125
564151
564199
564265
564385
564473
564625
564637
564692
565021
565082
565154
565167
565269
565325
565440
565463
565662
565711
565850
566064
566071
566125
566299
566306
566382
566554
566689
566853
566875
566923
566926
567074
567077
567082
567233
567245
567268
567371
567539
567646
567753
567817
567970
567979
568019
568172
568304
568357
568384
568462
568508
568535
568804
568825
568855
569030
569037
569167
569954
570064
570245
570260
570266
570532
570536
570603
570731
570757
570777
570798
570868
570896
570958
571240
571280
571459
571500
571536
571712
571764
571768
572265
572626
572782
572858
572990
573021
573138
573224
573243
573247
573332
573908
573923
573976
574026
574188
574212
574309
574368
574457
574649
574665
574752
574846
574917
574995
575012
575063
575110
575351
575374
575417
575540
575830
575860
575998
576069
576086
576196
576198
576381
576398
576494
576601
576626
576704
576723
576749
576774
576851
576982
577064
577090
577114
577158
577159
577275
577482
577499
577729
577753
577897
577915
577941
577992
578102
578249
578476
578722
578770
578792
578837
579018
579145
579171
579219
579246
579279
579410
579465
579609
579633
579694
579760
579941
579978
580174
580567
580648
580649
580806
580918
581339
581376
581393
581541
581632
581989
582082
582296
582313
582314
582351
582355
582453
582491
582597
582839
582910
583014
583095
583121
583199
583352
583368
583441
583494
583540
583636
583657
583674
583704
583812
583925
583954
584001
584299
584459
584513
584839
584992
585244
585262
585283
585384
585594
585615
585726
585769
586040
586131
586143
586182
586199
586214
586378
586387
586392
586446
586536
586688
586711
586784
586871
586986
587011
587061
587316
587458
587857
587872
587937
588044
588057
588251
588324
588325
588347
588496
588541
588738
588779
589070
589101
589166
589376
589445
589487
589652
589708
589747
589844
589900
590137
590292
590311
590349
590378
590530
590699
590829
590881
590921
590950
590990
591127
591167
591173
591245
591514
591828
591847
591887
591956
591994
592053
592057
592282
592346
592927
593016
593029
593185
593189
593380
593417
593639
593694
594197
594377
594423
594440
594566
594571
594802
594810
595024
595158
595195
595199
595269
595292
595297
595473
595569
595691
595727
595891
596002
596031
596249
596305
596554
596710
596780
597033
597104
597164
597269
597287
597439
597902
597993
597997
598080
598102
598113
598171
598315
598326
598337
598340
598358
598404
598747
598858
598975
599031
599209
599212
599275
599393
599407
599413
599571
599580
599665
599746
599800
599819
599947
599960
600014
600113
600318
600416
600436
600538
600624
600740
600793
601000
601109
601222
601496
601520
601597
601686
601773
601966
602095
602099
602108
602134
602173
602175
602312
602504
602653
603179
603182
603257
603440
603472
603531
603653
603683
603838
603849
603892
603910
603961
604094
604359
604427
604593
604712
604855
604868
604888
604940
604971
605024
605065
605121
605160
605214
605516
605523
605641
605744
605746
605764
605820
605823
605857
606023
606027
606028
606157
606188
606281
606531
606617
606701
606731
606883
606921
606949
606960
607034
607148
607220
607270
607322
607481
607527
607637
607663
607721
608014
608087
608121
608160
608191
608194
608495
608503
608536
608608
608622
608628
608696
608753
608922
609007
609127
609184
609346
609389
609459
609465
609552
609630
609650
609666
609673
609696
609769
609833
609936
610369
610473
610480
610544
610694
610724
610797
610882
611230
611261
611459
611602
611700
611750
611780
611842
611968
612096
612229
612233
612368
612578
612684
612745
612755
612763
612845
613011
613166
613194
613244
613347
613348
613387
613516
613703
613990
614069
614143
614165
614247
614363
614570
614607
614936
614962
614994
615117
615368
615462
615507
615533
615745
615761
615786
615798
616059
616135
616147
616156
616215
616232
616233
616378
616404
616473
616536
616937
617028
617237
617296
617372
617423
617435
617482
617528
617617
617641
618043
618138
618321
618472
618522
618536
618577
618788
618889
618904
618964
619053
619119
619128
619200
619241
619258
619409
619487
619811
619840
619985
620055
620153
620427
620514
620622
620930
621076
621100
621178
621211
621486
621610
621621
621673
621699
621762
621865
622038
622196
622311
622316
622326
622364
622457
622579
622652
622740
622813
622928
623066
623114
623149
623545
623558
623672
623736
623743
624083
624324
624539
624604
624637
624641
624660
624691
624723
625159
625487
625499
625656
625829
625890
625915
625929
626163
626213
626217
626654
626888
626978
626992
627744
627815
627879
627896
627943
627952
628037
628098
628102
628119
628239
628270
628396
628544
628791
628805
629012
629512
629624
629638
629729
629790
629838
629856
629949
630107
630190
630231
630307
630369
630437
630617
630644
630739
631188
631266
631387
631392
631397
631432
631437
631471
631538
631561
631867
631916
631951
631982
632172
632195
632348
632441
632647
632666
632720
632969
633052
633167
633203
633265
633280
633324
633345
633546
633588
633799
633913
633983
634053
634083
634119
634402
634574
634616
634792
634818
634844
634867
634970
635301
635314
635404
635576
635588
636009
636395
636399
636472
636613
636745
637138
637402
637413
637479
637529
637709
637765
637771
637799
638020
638050
638452
638776
638913
638918
639105
639155
639156
639178
639315
639399
639547
639586
639803
640013
640168
640196
640226
640265
640544
640548
640635
640693
640722
640764
640862
640904
641007
641027
641285
641438
641523
641641
641782
641813
642014
642063
642173
642195
642322
642323
642339
642387
642408
642489
642510
642579
642580
642937
642962
642984
643054
643249
643355
643457
643654
643720
643728
643789
643803
643903
643921
644040
644044
644271
644481
644534
644537
644594
644683
644778
644898
645088
645131
645161
645272
645299
645365
645525
646017
646031
646167
646452
646454
646480
646519
646686
646730
646753
646814
646873
646888
646935
646956
646961
647126
647128
647195
647216
647276
647439
647440
647506
647515
647526
647595
647766
647869
647939
648009
648307
648328
648350
648417
648615
649001
649124
649339
649389
649425
649464
649477
649563
649629
649677
649728
649768
649776
649812
649817
650113
650211
650243
650281
650287
650367
650402
650718
650805
650827
650838
650906
651213
651310
651353
651434
651440
651553
651665
651684
651693
651822
651889
652030
652091
652161
652177
652399
652414
652613
652744
652870
653008
653021
653022
653131
653261
653397
653443
653548
653600
653687
653693
653733
653953
654161
654165
654167
654186
654370
654723
654814
655062
655070
655075
655099
655186
655299
655391
655466
655560
655701
655792
655865
655931
655937
655960
656088
656109
656185
656252
656300
656366
656392
656449
656563
656681
656758
656766
656774
656829
656929
657082
657164
657320
657538
657714
657919
657969
658200
658336
658398
658421
658605
658620
658863
658911
658926
658952
659130
659169
659176
659239
659251
659293
659462
659598
659776
659889
659900
660062
660199
660245
660429
660471
660509
660517
660712
661042
661108
661354
661439
661586
661605
661658
661662
661861
662027
662046
662101
662250
662428
662432
662437
662454
662538
662565
662587
662707
662764
662770
662777
662827
662876
662931
663123
663148
663544
663666
663696
663744
663791
663857
663862
663902
663941
664001
664270
664286
664379
664428
664442
664475
664554
664735
664798
664821
665192
665216
665693
665894
665931
666256
666261
666310
666337
666356
666403
666466
666496
666795
667034
667203
667305
667593
667984
668037
668052
668059
668101
668166
668280
668314
668382
668401
668547
668706
668735
668832
669014
669207
669279
669327
669453
669591
669862
670079
670101
670189
670285
670335
670393
670418
670432
670743
670768
670894
671119
671332
671335
671638
671808
671937
671945
671988
672065
672290
672383
672442
672692
672764
673044
673169
673440
673484
674016
674036
674048
674058
674097
674108
674138
674242
674341
674402
674411
674450
674501
674531
674652
674995
674998
675090
675475
675568
675605
675689
675690
675738
675846
675880
675929
676037
676264
676329
676507
676542
676687
676900
677045
677048
677119
677143
677451
677459
677491
677536
677766
678049
678068
678172
678379
678669
678707
678848
678882
678954
678980
679004
679064
679086
679312
679370
679402
679526
679565
679570
679622
679692
679901
679918
679958
680035
680096
680148
680167
680194
680195
680345
680354
680464
680519
680626
680632
680692
680711
680774
680878
680917
681039
681090
681105
681253
681303
681325
681347
681394
681418
681427
681456
681494
681581
681612
681874
681889
682148
682219
682272
682325
682529
682655
682725
682841
682903
682905
683024
683032
683231
683395
683499
683692
683948
683962
684021
684032
684108
684259
684281
684397
684443
684604
684700
684947
685054
685055
685361
685404
685423
685428
685588
685641
685809
685833
685844
686061
686657
686803
686820
686956
686994
687030
687341
687368
687412
687418
687451
687629
687752
687756
687886
687929
688246
688489
688543
688659
688784
688937
688996
689006
689023
689046
689202
689347
689465
689716
689732
689923
690048
690056
690075
690484
690486
690522
690795
690799
690807
690947
690979
691030
691128
691415
691493
691613
691631
691636
691684
691813
692149
692184
692313
692404
692441
692932
692948
693021
693141
693488
693757
693834
693844
694041
694480
694524
694633
694698
694763
694843
695200
695295
695521
695753
695929
695934
695967
695968
695979
696295
696381
696418
696436
696687
696759
696870
696961
697157
697258
697259
697281
697634
697711
697773
697850
697977
698211
698427
698509
698756
698925
699003
699048
699049
699051
699124
699192
699248
699350
699352
699410
699459
699530
699604
699741
699754
699766
699817
699963
699967
699999
700526
700611
700620
700739
700829
700862
700924
700942
701153
701222
701223
701275
701329
701331
701338
701414
701522
701543
701680
701706
702040
702229
702233
702303
702329
702429
702525
702561
702611
702849
702917
702919
702961
703099
703109
703193
703323
703999
704003
704093
704101
704383
704508
704514
704568
704702
704705
704764
704960
705035
705236
705251
705359
705473
705672
705698
705958
706058
706142
706263
706582
706650
706688
706834
706931
706959
707015
707055
707114
707136
707150
707192
707362
707364
707435
707503
707596
707623
707753
707889
707970
708158
708217
708430
708475
708490
708502
708617
708679
708841
709031
709050
709125
709141
709177
709340
709375
709390
709735
709774
709786
709843
709854
710044
710288
710331
710378
710422
710520
710594
710838
710878
711070
711081
711110
711245
711456
711577
711693
711767
711774
711794
712218
712428
712454
712473
712615
712704
712850
712942
712966
713013
713134
713206
713457
713700
713819
713867
713876
713891
713926
713941
713950
713967
713977
714060
714115
714215
714314
714349
714363
714454
714653
714746
714946
715056
715277
715387
715397
715777
715825
715895
715938
716201
716206
716421
716570
716652
716897
717001
717051
717358
717551
717596
717747
717806
717834
717996
718099
718186
718227
718506
718593
718609
718768
718979
719048
719135
719162
719270
719494
719772
719952
720175
720229
720271
720286
720321
720732
720792
720828
720923
720963
721147
721178
721192
721226
721260
721269
721323
721335
721509
721606
721616
721687
721784
721795
721813
721820
721834
721843
721938
721961
721987
722149
722429
722884
722928
723023
723201
723230
723236
723243
723349
723382
723425
723479
723645
723676
723793
723803
724043
724328
724337
724351
724522
724524
724721
724910
725011
725065
725078
725131
725196
725209
725283
725391
725405
725414
725881
725978
726014
726128
726206
726266
726311
726552
726744
726822
727008
727084
727153
727155
727259
727416
727434
727438
727533
727599
727604
727780
727882
728019
728213
728240
728358
728552
728569
728784
728815
728857
729282
729289
729420
729437
729524
729673
729724
729778
729987
730070
730105
730328
730409
730503
730658
730670
730859
730943
731086
731143
731196
731295
731405
731477
731762
731785
731921
732149
732312
732439
732445
732469
732872
733182
733266
733429
733451
733482
733499
733549
733659
733858
733907
734029
734300
734336
734345
734361
734523
734684
735061
735100
735182
735258
735369
735391
735594
735600
735706
735716
735736
735753
735798
736075
736209
736316
736488
736614
736626
736658
736694
736779
736825
736911
736999
737055
737089
737134
737196
737268
737364
737455
737477
737503
737543
737571
737627
737646
737682
737701
738067
738078
738212
738298
738381
738399
738613
738654
738676
738908
738946
739025
739144
739152
739156
739286
739443
739507
739517
739568
739654
739759
739985
740018
740197
740418
740675
740795
740943
740970
741240
741324
741552
741630
741641
741846
741890
741912
742059
742158
742178
742588
742672
742740
742741
742755
742891
743098
743114
743258
743315
743380
743396
743553
743605
743776
744247
744543
744579
744986
745000
745246
745305
745380
745470
745562
745635
745732
745742
745838
745879
746025
746170
746181
746295
746390
746505
747004
747091
747135
747232
747340
747477
747497
747557
747778
747861
747900
748019
748118
748130
748194
748224
748285
748286
749058
749101
749104
749291
749491
749871
749902
750125
750170
750296
750329
750479
750529
750578
750582
750628
750664
750696
750806
750883
750928
750955
751005
751165
751255
751282
751345
751455
751516
751551
751571
751572
751611
751852
751903
751919
751970
752251
752269
752275
752298
752314
752670
752687
752747
752808
752910
753188
753260
753285
753292
753667
753750
753761
753984
754029
754136
754240
754278
754338
754410
754505
754680
754805
754847
754900
755020
755252
755269
755323
755399
755431
755451
755473
755518
755678
755735
755796
756102
756135
756199
756318
756568
756609
756778
756900
756954
757034
757050
757055
757188
757228
757229
757371
757550
757689
757856
757916
757954
758094
758095
758198
758345
758418
758650
758888
758941
759098
759131
759135
759221
759286
759408
759453
759456
759650
759844
759866
759903
759959
760081
760213
760365
760380
760407
760858
761199
761461
761527
761680
761750
761786
761810
761872
761911
761968
762224
762297
762299
762495
762513
762648
762705
762765
762815
762846
762872
762902
763173
763179
763251
763322
763719
763729
763796
763944
763980
764191
764330
764342
764362
764386
764436
764442
764468
764543
764573
764670
764832
764925
764980
765010
765112
765149
765173
765237
765281
765345
765347
765394
765462
765843
765858
765945
765998
766014
766181
766307
766317
766379
766399
766433
766490
766584
766720
766794
766934
766948
766975
767022
767027
767103
767124
767244
767266
767382
767569
767735
767758
767785
767901
768102
768107
768240
768429
768481
768621
768941
768945
769241
769344
769413
769434
769463
769529
769628
769701
769723
770052
770098
770115
770146
770171
770179
770262
770269
770357
770442
770456
770507
770574
770769
770792
770864
771015
771039
771286
771558
771581
771676
771754
771813
771883
771932
772019
772069
772140
772175
772404
772643
772971
773069
773210
773229
773242
773281
773458
773688
773705
773823
773867
773891
774019
774055
774108
774182
774186
774216
774242
774244
774456
774708
775076
775080
775168
775310
775423
775436
775597
775680
775795
775875
775989
775993
776074
776107
776230
776434
776571
776592
776670
776879
776938
777018
777107
777152
777248
777304
777374
777558
777837
778006
778069
778396
778400
778427
778503
778512
778562
778604
778639
778716
778732
778753
778802
779104
779234
779260
779374
779470
779512
779661
779667
779673
779806
779999
780058
780118
780182
780303
780347
780364
780401
780461
780473
780496
780575
780864
780913
780930
780956
781049
781191
781227
781376
781465
781761
781841
782057
782105
782179
782221
782282
782375
782444
782478
782490
782798
782848
782924
782934
782979
783063
783101
783244
783414
783723
783740
784029
784244
784438
784760
784787
784892
784928
784988
785179
785773
786020
786033
786085
786118
786224
786377
786540
786564
786649
786662
786865
786878
786891
786977
786998
787016
787195
787217
787291
787305
787552
787654
787701
787734
787888
787924
787960
788069
788276
788315
788380
788642
788894
789102
789251
789317
789340
789567
789602
789684
789875
789963
790145
790305
790443
790452
790600
790757
790899
791341
791517
791541
791730
791738
791759
791795
791823
791841
791979
792463
792541
792777
792875
792960
793084
793207
793370
793489
793572
794053
794255
794473
794548
794856
794918
794953
794969
794977
795090
795186
795209
795251
795344
795488
795489
795550
795648
795730
796010
796052
796059
796117
796225
796243
796244
796273
796367
796613
796625
796713
796733
796804
796835
797052
797116
797201
797349
797350
797386
797490
797516
797715
797901
797998
798032
798295
798484
798530
798545
798731
799066
799076
799469
799520
799605
799614
799747
799760
799786
799827
799855
799859
799994
800145
800264
800265
800339
800465
800513
800593
800707
800711
800719
800762
800939
800948
801063
801351
801429
801469
801493
801607
801697
801904
801985
802076
802299
802311
802317
802342
802436
802478
802577
802593
802624
802714
802902
802988
803012
803056
803065
803095
803146
803166
803202
803244
803270
803317
803407
803514
803521
803542
803555
803562
803762
803928
803985
804010
804362
804372
804593
804681
804692
804802
804856
804955
805013
805402
805722
805728
806026
806033
806112
806528
806674
806769
806910
807101
807150
807171
807194
807224
807476
807503
807638
807742
807892
807906
807958
808072
808147
808154
808919
809015
809018
809123
809157
809234
809345
809439
809506
809554
809573
809579
809645
809664
809683
809754
809803
809841
809953
809988
810149
810337
810361
810373
810706
810732
810782
810989
811043
811179
811273
811297
811353
811398
811431
811472
811541
811571
812025
812187
812193
812724
812771
812949
813040
813306
813378
813531
813603
813644
813851
813874
813984
814038
814062
814164
814172
814176
814424
814427
814898
814937
815013
815286
815405
815430
815534
815581
815836
816308
816370
816452
816855
816879
817122
817231
817357
817475
817584
817643
817721
817757
817853
817899
817901
818012
818132
818157
818213
818303
818488
818507
818513
818540
818587
818616
818619
818650
818664
818694
818822
818862
818941
819237
819318
819452
819570
819762
820079
820239
820416
820434
820466
820525
820582
820703
820704
820738
820754
821015
821023
821043
821243
821291
821545
821590
821931
822125
822265
822512
822659
822668
822699
822808
822958
823065
823085
823308
823360
823374
823495
823615
823722
823745
823835
823871
823903
823907
824009
824096
824277
824409
824688
824703
824821
824950
824984
825004
825097
825107
825134
825157
825199
825267
825375
825500
825627
825630
825817
825926
826016
826138
826192
826350
826378
826565
826897
827055
827254
827564
827617
827626
827678
827807
827857
827978
828080
828257
828354
828415
828539
828571
828793
828928
828937
829038
829322
829446
829453
829513
829619
829647
829727
830157
830214
830248
830435
830451
830472
830496
830581
830584
830611
830735
830839
831054
831082
831113
831161
831174
831222
831329
831474
831777
831984
832033
832217
832287
832295
832312
832437
832457
832530
832730
832923
832991
833114
833321
833440
833502
833509
833745
833755
833840
833924
834085
834095
834236
834249
834320
834521
834610
834696
834773
834803
834873
835135
835154
835325
835585
835697
835764
835925
835939
836199
836200
836284
836294
836523
836596
836607
836639
836822
836883
836890
836916
836961
837056
837302
837369
837376
837386
837414
837435
837477
837487
837732
837868
837871
838213
838218
838235
838289
838308
838346
838363
838461
838742
838800
838820
838853
839000
839041
839184
839254
839642
839943
839981
839992
840120
840131
840229
840259
840280
840359
840389
840728
840803
840906
840980
841142
841229
841313
841323
841617
841865
842281
842419
842579
842582
842608
842627
842854
842960
842982
842983
843042
843123
843126
843239
843422
843543
843602
843618
843637
843658
843721
843773
843934
844287
844288
844292
844364
844367
844442
844682
844745
844850
844869
844937
844943
844954
845126
845191
845237
845576
845648
845699
845753
845807
845895
846030
846106
846340
846349
846413
846473
846483
846517
846528
846562
846625
846651
846797
846857
846919
846923
846990
847062
847074
847098
847118
847148
847286
847315
847344
847393
847414
847655
847750
847888
847917
848058
848255
848266
848438
848451
848647
848707
848745
848762
848844
848891
848908
849075
849306
849400
849525
849565
849602
849671
849687
849747
849806
849834
849917
850273
850501
850606
850822
850958
851011
851035
851102
851298
851417
851423
851598
851605
851686
851902
852077
852198
852271
852438
852445
852500
853014
853058
853123
853163
853256
853298
853394
853582
853647
853675
853710
853756
853856
854239
854703
854763
854779
854858
854875
855413
855420
855543
855561
855763
855782
855808
855861
855865
856198
856228
856311
856373
856468
856485
856543
856583
856676
856677
856735
856771
856825
856875
857027
857059
857144
857191
857298
857327
857339
857359
857397
857432
857572
857626
857915
857960
858068
858081
858093
858118
858182
858245
858256
858342
858391
858463
858642
858670
858819
858861
859201
859221
859240
859335
859519
859664
859940
859964
860055
860257
860548
860798
860834
860935
860978
861103
861186
861333
861337
861468
861474
861772
861839
862059
862103
862123
862204
862306
862351
862383
862458
862658
862839
862939
862958
863224
863506
863557
863568
863642
863710
863744
863879
863937
863964
864049
864162
864175
864255
864301
864359
864506
864574
864679
864800
865071
865373
865466
865490
865566
865595
865646
865705
865732
865817
865943
866021
866051
866148
866266
866307
866318
866333
866340
866446
866658
866680
866860
866970
867116
867218
867304
867383
867394
867408
867499
867526
867672
867863
867878
867975
867984
868011
868035
868209
868374
868416
868599
868610
868651
868688
868697
868703
868827
868880
868958
869063
869196
869245
869250
869262
869366
869708
869721
869738
869775
869891
869916
870015
870018
870202
870362
870419
870542
870555
870563
870582
870651
870699
870704
870716
870765
870853
870932
870935
871015
871027
871033
871214
871396
871397
871423
871464
871501
871560
871872
872004
872096
872205
872391
872394
872509
872755
872974
872975
872976
872996
873054
873143
873168
873345
873405
873829
873866
874150
874357
874359
874571
874632
874975
875126
875235
875448
875523
875579
875647
875788
875894
875905
876158
876500
876590
876732
876746
876747
876763
876885
876894
876915
877182
877444
877564
877613
877630
877640
877656
877697
877769
877860
878020
878050
878165
878310
878344
878424
878662
878781
878950
878987
879064
879094
879162
879177
879193
879313
879347
879454
879518
879743
879856
879966
880140
880292
880332
880397
880440
880450
880593
880733
880771
880922
881022
881033
881036
881131
881154
881272
881304
881313
881355
881671
881789
881816
882060
882118
882307
882407
882460
882488
882760
882796
882857
883271
883314
883408
883426
883428
883568
883601
883829
883893
884127
884174
884395
884417
884427
884493
884533
884634
884679
884701
884743
884816
884880
884908
884942
885100
885110
885458
885466
885692
885733
885744
885812
885849
885909
885988
886335
886532
886548
886555
886623
886709
886778
886915
886991
887071
887251
887288
887474
887502
887517
887530
887650
887672
887708
887926
888066
888122
888130
888198
888281
888449
888547
888974
889508
889583
889659
889800
889824
889951
890212
890269
890310
890328
890341
890524
890732
890812
890871
890905
890959
890994
891174
891262
891292
891572
891580
891591
891640
891653
891693
891741
891983
892038
892050
892329
892438
892504
892829
892887
892934
893116
893152
893240
893270
893330
893446
893477
893633
893658
894147
894251
894277
894586
894643
894781
894831
895097
895155
895260
895459
895602
895701
895703
895795
895865
896394
896426
896487
896507
896606
896622
896782
897131
897137
897321
897389
897484
897862
897933
898120
898285
898293
898400
898441
898484
898507
898554
898664
898762
898977
899036
899156
899627
899797
899828
899842
899852
899963
900211
900345
900359
900397
900494
900558
900589
900776
901064
901075
901123
901135
901237
901336
901507
901595
901641
901670
902007
902022
902206
902401
902402
902555
902574
902633
902786
903388
903452
903712
903882
903919
903972
903987
904009
904076
904205
904617
904912
904938
905090
905093
905266
905339
905413
905564
905753
906053
906071
906082
906222
906298
906454
906488
906756
906770
907036
907067
907123
907140
907181
907229
907265
907373
907427
907436
907501
907502
907625
907849
907903
907927
907929
908038
908105
908118
908126
908364
908404
908487
908697
908810
909178
909237
909286
909290
909333
909388
909796
909991
910012
910079
910233
910239
910413
910442
910524
910575
910595
910726
910820
910860
911266
911356
911370
911419
911453
911482
911588
911635
912074
912231
912347
912362
912385
912580
912661
912701
912704
912739
912892
912927
912995
913193
913229
913250
913290
913371
913396
913647
913812
913874
913907
913987
914104
914167
914405
914468
914472
914541
914612
914727
914851
914882
914955
915108
915310
915456
915497
915553
915815
915829
915981
915996
916018
916065
916080
916157
916189
916248
916360
916373
916662
916704
916747
916779
916917
916923
916950
916955
916963
916969
917059
917060
917244
917354
917559
917636
917672
917719
917998
918023
918049
918107
918320
918382
918480
918611
918631
918716
918735
918823
919013
919090
919238
919262
919272
919432
919576
919746
919757
919827
919836
919884
919901
919911
920042
920091
920118
920322
920331
920345
920390
920439
920511
920580
920668
920677
920701
920919
920927
921043
921098
921380
921394
921573
921737
921816
921865
922020
922125
922178
922243
922255
922488
922516
922553
922651
922665
922672
922872
923093
923112
923153
923175
923179
923438
923554
923636
923752
923783
923929
923951
923986
924029
924036
924212
924324
924334
924394
924410
924497
924515
924575
924744
924805
924839
924878
925292
925316
925447
925506
925695
925708
925714
925721
925846
925861
926017
926150
926264
926497
926540
926541
926565
926652
926800
926905
926978
926999
927146
927257
927310
927315
927321
927416
927419
927432
927510
927548
927601
927654
927671
927740
928045
928109
928177
928214
928245
928266
928349
928402
928408
928476
928705
928803
928847
929023
929138
929163
929215
929372
929664
929669
929728
929734
929767
929778
929795
929943
929963
930036
930074
930145
930296
930582
930618
930803
930915
930973
930980
931071
931196
931555
931653
931737
931768
931924
932058
932106
932113
932209
932446
932470
932487
932534
932596
932791
932977
933040
933053
933144
933213
933244
933385
933392
933401
933422
933462
933504
933606
933993
934135
934180
934191
934215
934243
934248
934317
934378
934569
934580
934739
934765
934778
934786
934823
934835
934922
934992
935030
935184
935195
935331
935394
935454
935538
935623
935803
935875
935891
935909
935958
936161
936234
936517
936539
936692
936726
936789
936882
937125
937185
937283
937455
937563
937831
937840
937866
937877
937943
937966
938195
938509
938940
939034
939303
939322
939407
939775
939976
940209
940235
940269
940330
940392
940462
940521
940651
940748
940777
940788
940818
940886
941026
941103
941253
941772
941873
941899
941937
941945
942112
942160
942261
942289
943136
943257
943600
943937
944011
944076
944165
944197
944539
944669
944957
944971
945045
945069
945234
945563
945583
945610
945743
945878
946129
946152
946225
946275
946309
946332
946469
946924
946983
947061
947083
947137
947395
947421
947440
947464
947530
947812
947821
947936
948057
948089
948099
948227
948333
948445
948543
948577
948711
948717
948932
949042
949095
949235
949277
949571
949572
949676
949828
949847
950245
950369
950413
950418
950468
950519
950655
950699
950703
950905
950942
950962
951055
951092
951328
951455
951556
951564
951903
951992
952061
952198
952252
952385
952608
952903
953383
953388
953422
953432
953724
953784
953880
954057
954116
954123
954184
954190
954418
954527
954739
954981
955188
955255
955328
955479
955539
955544
955853
955854
955861
955918
955986
956022
956089
956129
956212
956243
956309
956340
956442
956506
956610
956618
956620
956795
957141
957181
957197
957279
957319
957398
957535
957537
957572
957611
957639
957848
958007
958091
958117
958118
958156
958160
958436
958520
958574
958575
958814
959166
959239
959478
959479
959508
959705
959742
959755
959773
959786
959851
959921
959937
959974
960099
960121
960280
960319
960326
960390
960514
960516
960587
960767
960813
960829
960848
960898
960913
960993
961060
961356
961668
961787
961816
961893
961944
962023
962054
962220
962305
962618
962776
962784
962836
962843
963004
963013
963041
963200
963219
963286
963697
963728
963920
964046
964261
964285
964825
964826
964829
964909
964925
964973
965040
965162
965297
965543
965571
965584
965698
965713
965726
965752
965908
965931
966039
966064
966727
966815
966820
966908
966938
967110
967212
967326
967335
967392
967451
967645
967768
967966
968006
968255
968616
968696
969016
969527
969631
969636
970042
970328
970391
970449
970485
970576
970582
970669
970734
970860
970894
971114
971141
971231
971328
971456
971464
971467
971572
971679
972007
972225
972239
972296
972328
972615
972663
972752
972801
972893
973008
973033
973101
973170
973212
973246
973251
973639
973713
973764
973770
973816
973938
974005
974057
974159
974205
974249
974338
974426
974640
974710
974749
974803
974842
974900
975060
975297
975344
975345
975355
975425
975432
976026
976144
976198
976251
976359
976466
976628
976652
976764
976819
976831
976876
977074
977079
977163
977926
977957
977985
978069
978074
978126
978202
978448
978558
978903
979000
979048
979109
979448
979598
979696
979791
979848
979928
979959
980119
980262
980748
980774
980990
981147
981244
981314
981343
981354
981480
981625
981805
981857
981882
981921
981936
981972
982122
982171
982243
982514
982589
982671
982751
982799
982914
983079
983174
983472
983820
983866
983948
984014
984125
984180
984212
984226
984239
984308
984343
984394
984520
984569
984582
985416
985440
985565
985808
985810
985886
985941
985947
985953
986033
986077
986139
986359
986428
986540
986791
986835
986865
986874
986910
987019
987061
987086
987100
987101
987171
987256
987261
987707
987981
988079
988223
988225
988534
988558
988655
988798
988916
988978
988995
989001
989408
989418
989464
989510
989538
989922
989923
990176
990206
990330
990426
990574
990641
990666
990951
991061
991219
991293
991300
991322
991569
991650
991760
991887
991890
992047
992092
992249
992260
992269
992315
992663
992779
993152
993222
993255
993349
993426
993530
993584
993745
993746
993790
993823
994070
994199
994225
994317
994676
994691
994727
994911
995050
995108
995138
995202
995309
995314
995339
995425
995429
995478
995568
995632
995743
995770
995771
995891
995903
996074
996126
996205
996337
996339
996594
996688
996736
996877
996992
997025
997110
997115
997149
997217
997227
997232
997317
997376
997427
997646
997775
997911
997933
998004
998116
998260
998264
998332
998419
998442
998983
999082
999107
999226
999300
999313
999472
999524
999599
999615
999977
