51
74
128
192
258
360
553
613
623
699
702
785
804
874
953
1097
1452
1508
1733
1917
2231
2638
2917
2942
2947
2987
2996
3002
3030
3039
3244
3369
3513
3598
3704
3783
4051
4132
4333
4347
4389
4413
4636
4743
4834
5006
5008
5085
5164
5499
5507
5590
5682
5747
5752
5757
5834
5870
6070
6209
6601
6629
6696
6915
7058
7172
7242
7329
7410
7420
7512
7551
7722
7765
8015
8017
8129
8224
8273
8391
8413
8534
8830
8894
8959
9024
9150
9184
9214
9297
9305
9404
9451
9522
9533
9614
9688
9860
10170
10435
10444
10470
10554
10681
10688
10695
10718
10754
10919
10958
11045
11062
11284
11389
11405
11478
11500
11610
11657
11849
11874
11887
12138
12281
12320
12341
12494
12500
12608
12659
12664
12921
13237
13243
13303
13480
13532
13559
13586
13590
13614
13625
13663
14022
14038
14134
14211
14217
14301
14307
14308
14366
14633
14766
15087
15148
15363
15408
15539
15734
15843
15903
15951
15965
16097
16119
16239
16368
16618
16718
16802
16803
16844
16970
16984
17023
17217
17296
17316
17375
17394
17442
17473
17706
17774
17781
17893
18036
18039
18381
18435
18676
18704
18753
18803
18901
19046
19375
19638
19713
19796
19812
19826
19852
19865
20106
20249
20369
20472
20511
20574
20869
20882
21078
21176
21331
21405
21805
21915
22138
22147
22631
22768
22814
22886
23109
23204
23344
23447
23503
23562
23614
23763
23964
24134
24155
24209
24270
24299
24301
24421
24456
24465
24518
24585
24639
24690
24771
25012
25014
25037
25179
25217
25474
25489
25525
26005
26062
26106
26178
26383
26473
26525
26676
26690
27132
27162
27193
27343
27642
27670
27744
27770
27914
28010
28021
28125
28164
28542
28660
28701
28859
28909
28915
28919
29051
29071
29186
29219
29452
29512
29642
29678
29690
29918
30134
30183
30376
30612
30824
30907
30973
31101
31158
31544
31702
31729
31907
32043
32046
32047
32125
32346
32383
32450
32460
32508
32531
32606
32621
32656
32797
32978
33086
33091
33117
33427
33442
33481
33484
33666
33674
33707
33867
33932
34049
34065
34243
34407
34478
34592
34642
34804
34999
35060
35065
35170
35277
35335
35353
35705
35725
35769
36135
36136
36440
36598
36626
36839
36899
36903
36955
37011
37098
37161
37212
37225
37241
37293
37468
37483
37501
37598
37652
37762
37872
38163
38222
38279
38753
38755
38778
38817
38855
38931
38981
39058
39149
39175
39202
39323
39357
39365
39369
39439
39485
39488
39697
39733
39769
39781
39898
39922
39974
39985
40157
40234
40241
40327
40333
40416
40531
40601
40603
40623
40872
41018
41038
41428
41448
41493
41506
41614
41629
41870
41928
42027
42122
42215
42409
42457
42553
42721
42820
42905
42917
43232
43240
43412
43464
43514
43591
43638
43898
43913
43935
43941
43999
44095
44338
44437
44577
44939
45016
45047
45141
45178
45218
45323
45409
45442
45570
45647
45706
45730
45824
45852
46137
46141
46337
46526
46568
46650
46816
46988
46991
47100
47144
47151
47276
47633
47803
48171
48238
48272
48513
48527
48544
48570
48592
48660
48765
48983
49027
49178
49327
49486
49545
49633
49786
49954
50011
50116
50170
50318
50380
50557
50624
50747
50790
50803
51154
51493
51619
51638
51699
51945
52013
52206
52246
52346
52667
52701
52837
52868
52871
52894
52927
52983
53024
53060
53097
53110
53234
53257
53362
53431
53502
53560
53649
53656
53702
53943
53995
54081
54170
54287
54428
54471
54598
54633
54636
54639
54705
54842
54885
55006
55257
55286
55339
55758
55791
56172
56199
56207
56256
56257
56292
56297
56332
56334
56377
56400
56619
56695
56795
56804
56956
57014
57026
57356
57445
57585
57621
57808
57813
58007
58064
58152
58224
58300
58449
58729
58750
58752
58945
59057
59097
59158
59286
59437
59464
59631
59810
59815
59909
59935
60096
60166
60220
60295
60436
60493
60514
60528
60629
60648
60659
60744
60747
60805
60821
61115
61373
61493
61580
61654
61660
61663
61801
62176
62215
62223
62288
62400
62429
62447
62480
62492
62824
63002
63006
63061
63090
63211
63540
63735
63871
64094
64119
64315
64378
64411
64415
64451
64494
64510
64637
64798
64800
64996
65062
65082
65208
65227
65231
65240
65334
65382
65503
65576
65716
65741
65786
65827
65897
65974
66116
66189
66268
66348
66360
66716
66749
66761
67187
67503
67514
67593
67747
67756
67828
67921
68039
68084
68183
68201
68267
68568
68577
68795
68854
69250
69299
69713
69796
69812
69943
69962
70004
70153
70356
70509
70601
70822
70851
70864
70971
70976
71028
71038
71193
71413
71430
71843
71922
71967
71969
72313
72389
72454
72604
72719
72745
72802
72866
73018
73203
73388
73530
73640
73663
73752
73837
73846
73879
74097
74203
74244
74282
74330
74334
74587
74589
74621
74715
74966
75011
75038
75110
75161
75173
75190
75297
75430
75436
75583
75827
76151
76218
76453
76659
76665
76731
76800
76815
76849
76908
76976
77004
77067
77125
77128
77144
77164
77584
77708
77798
77998
78126
78140
78197
78235
78324
78478
78966
79041
79184
79323
79325
79572
79701
79974
80059
80115
80183
80224
80225
80302
80326
80591
80600
80626
80738
80781
80783
81004
81033
81226
81257
81460
81616
81828
82158
82218
82222
82234
82339
82350
82376
82408
82583
82631
82803
82947
83000
83056
83089
83126
83219
83224
83246
83282
83324
83368
83405
83430
83671
83699
83717
83722
83747
83895
83975
84006
84455
84472
84574
85028
85090
85154
85383
85415
85445
85564
85628
85683
85947
85997
86025
86068
86077
86179
86189
86223
86269
86281
86419
86422
86559
86635
87017
87070
87213
87340
87346
87447
87483
87495
87769
87947
88118
88185
88245
88266
88380
88570
88694
88711
88868
89107
89150
89234
89239
89385
89555
89579
89798
90425
90621
90820
90891
91043
91349
91495
91586
91702
91835
92196
92213
92311
92357
92530
92534
92686
92775
93051
93114
93254
93477
93478
93598
93643
93700
93741
93859
94124
94222
94338
94373
94446
94638
94848
94865
94881
94904
94997
95082
95184
95336
95669
95676
95684
95741
95915
96074
96420
96483
96505
96532
96605
96639
96686
96698
96732
96777
96794
97047
97067
97099
97137
97421
97436
97453
97540
97657
97697
97807
97896
97928
97948
98066
98183
98274
98374
98437
98556
98946
99053
99222
99362
99399
99488
99502
99601
99615
99665
99669
99820
99894
99902
99906
100216
100283
100372
100421
100424
100514
100538
100600
100663
100686
100719
100730
101052
101194
101227
101270
101288
101481
101532
101658
102106
102130
102164
102488
102561
102614
102722
102769
102953
102983
103000
103095
103185
103287
103351
103379
103491
103492
103599
103603
103637
103710
103724
103920
104243
104254
104286
104457
104499
104598
104603
104614
104650
104710
104712
104793
104816
104930
104986
105209
105234
105236
105266
105289
105523
105644
105868
105872
105915
106096
106144
106227
106247
106441
106574
106602
106623
106840
106938
106990
107090
107093
107115
107172
107184
107394
107470
107561
107683
107867
107992
108114
108188
108201
108311
108354
108376
108563
108583
108665
108712
108775
108834
108953
108957
109135
109347
109508
109536
109634
109728
110063
110111
110128
110265
110283
110334
110640
110654
110704
110755
110756
110868
110875
111045
111058
111139
111144
111152
111156
111296
111452
111493
111576
111666
111854
111994
112074
112483
112485
112528
112616
112693
112764
113114
113118
113148
113344
113526
113674
113710
113727
114030
114306
114396
114515
114924
114931
114987
115167
115193
115214
115256
115298
115401
115613
116110
116472
116479
116621
116677
116683
116744
116773
117010
117015
117017
117060
117068
117082
117093
117167
117199
117204
117237
117269
117387
117679
117793
117796
117929
117950
118269
118387
118568
118604
118795
118815
119113
119161
119197
119249
119337
119355
119568
119630
119658
119775
119780
119831
120012
120028
120080
120249
120426
120434
120614
120836
120875
121080
121212
121262
121451
121622
121748
121814
121842
122033
122102
122175
122195
122200
122238
122343
122582
122737
123001
123156
123324
123452
123663
123707
124455
124465
124472
124952
124983
125000
125103
125174
125298
125301
125324
125379
125694
125883
126010
126048
126072
126105
126140
126331
126360
126373
126402
126476
126506
126539
126775
126846
127049
127218
127232
127278
127316
127334
127343
127477
127942
128023
128146
128194
128266
128514
128624
128630
128731
128966
128989
129027
129066
129178
129218
129456
129463
129725
130050
130136
130246
130297
130305
130367
130372
130409
130691
130747
130883
130891
130925
130981
131211
131241
131296
131302
131354
131574
131679
131958
132247
132778
132803
132914
132945
133050
133176
133239
133341
133668
133984
134044
134156
134492
134499
134621
134632
134906
135072
135260
135303
135344
135367
135611
135627
135665
135722
135961
135979
136246
136335
136357
136490
136518
136521
136548
136579
136725
136765
136926
136933
137338
137593
137616
137950
138155
138377
138597
138631
138653
138785
138809
138832
138852
138873
138938
139029
139042
139193
139247
139371
139464
139504
139613
139662
139676
139679
139748
139754
139933
139972
140013
140048
140076
140174
140220
140333
140379
140389
140439
140461
140738
140756
140789
141027
141140
141400
141437
141468
141697
141771
141793
141846
141883
141971
142082
142111
142118
142188
142224
142321
142350
142378
142383
142511
142759
143243
143267
143349
143374
143538
143597
143611
143736
143739
143826
144057
144300
144401
144631
144673
144727
144896
145017
145046
145088
145154
145157
145451
145863
145947
146140
146531
146670
146899
146909
146961
147051
147264
147265
147345
147403
147481
147498
147525
147740
147753
147828
147885
147899
147901
148007
148084
148089
148189
148192
148208
148237
148257
148415
148545
148567
148625
148804
148940
149040
149133
149230
149352
149412
149421
149609
149759
150061
150220
150291
150309
150496
150745
150908
150950
151085
151150
151334
151351
151408
151445
151579
151586
151739
151794
151832
152199
152210
152405
152445
152799
152839
152841
152926
152978
153160
153173
153590
153644
153669
153720
153774
153836
153840
153896
153908
153970
153978
153995
154021
154187
154305
154442
154603
154754
154816
154847
154923
154940
154961
154967
155085
155118
155215
155339
155383
155388
155447
155536
155725
155830
155878
155943
155991
156079
156153
156261
156404
156418
156695
156718
156747
156858
156952
157001
157278
157398
157710
157903
158168
158320
158330
158409
158413
158428
158449
158599
158937
159132
159145
159184
159235
159253
159508
159538
159629
159810
159877
159929
159954
160085
160284
160461
160889
160933
161093
161426
161496
161515
161573
161798
161903
161908
162057
162294
162342
162554
162569
162637
162679
162719
162896
162932
163054
163167
163202
163294
163323
163368
163479
163480
163521
163626
163953
164016
164315
164375
164418
164449
164478
164492
164510
164608
164628
164808
164821
164878
164956
165117
165131
165170
165202
165360
165447
165472
165501
165503
165598
165700
165716
165828
165945
166105
166409
166587
166605
166666
166749
166793
166808
166810
166837
167323
167488
167858
167952
167958
167981
168067
168070
168244
168249
168289
168608
168671
168835
168924
168939
169001
169037
169153
169165
169166
169169
169177
169185
169262
169528
169544
169609
169800
170002
170221
170281
170290
170311
170390
170464
170540
170863
171086
171139
171160
171358
171364
171404
171458
171666
171683
171690
171705
171783
171818
171822
171853
171957
172005
172034
172453
172547
172639
172808
172912
172928
172960
173128
173155
173267
173412
173446
173578
173689
173725
173769
173813
174078
174121
174151
174177
174363
174603
174624
174684
174908
175053
175123
175214
175335
175491
175612
175782
176017
176274
176392
176432
176485
176642
176832
177107
177131
177350
177800
177882
177915
178101
178105
178232
178273
178480
178524
178655
178955
179218
179250
179384
179421
179508
179535
179797
179806
179831
179871
179876
179903
179948
180022
180121
180266
180339
180439
180576
180602
180855
180943
180991
181195
181458
181587
181682
181751
181867
181941
181961
181969
181981
181993
182206
182261
182299
182424
182570
182572
182628
182729
182796
183039
183094
183479
183480
183752
183809
183936
183938
183983
184128
184180
184198
184478
184656
184737
184887
185031
185335
185364
185457
185468
185561
185922
186060
186091
186102
186103
186180
186226
186361
186374
186582
186696
186713
186723
187138
187273
187430
187650
187717
187894
187914
188146
188408
188493
188544
188674
188755
188793
188831
188872
189457
189463
189516
189548
189618
189698
189716
189859
189953
189986
190017
190057
190169
190260
190387
190431
190553
190615
190633
190660
190735
190854
190871
190875
190898
191058
191073
191146
191268
191447
191482
191712
191755
191772
191941
191943
192082
192159
192311
192370
192567
192707
192784
192909
193108
193212
193397
193465
193609
193635
193692
194012
194065
194154
194209
194211
194313
194314
194334
194544
194590
194740
194781
194785
194800
194867
194996
195000
195017
195035
195321
195380
195422
195446
195607
195621
195903
195955
196080
196219
196396
196412
196580
196675
196724
196820
197270
197281
197686
197729
197913
197978
198078
198317
198410
198576
198646
198756
198794
198902
198932
199046
199052
199223
199440
199482
199488
199588
199737
199821
199825
199897
199933
200067
200116
200321
200333
200446
200451
200497
200696
200724
200732
200766
200844
200900
200914
201001
201262
201547
201619
201675
201723
201753
201762
201910
201922
201950
202060
202279
202342
202375
202459
202509
202569
202575
202757
202800
202919
202997
203012
203134
203200
203363
203376
203476
203499
203671
203828
204019
204094
204153
204283
204285
204354
204365
204368
204418
204464
204670
204743
204860
204886
204994
205294
205358
205433
205486
205798
205940
206084
206167
206252
206280
206324
206329
206424
206478
206501
206558
206570
206664
206947
206949
207047
207087
207284
207346
207385
207398
207712
207810
208225
208643
208798
208838
208976
209042
209280
209301
209361
209412
209423
209441
209489
209530
209643
209687
209794
209846
209879
209924
210098
210122
210140
210228
210352
210423
210455
210571
210580
210624
210634
210816
210923
211067
211081
211112
211132
211140
211186
211244
211441
211518
211715
211765
211773
211805
211830
211837
211860
211869
211995
212187
212393
212515
212681
212721
212872
212889
213015
213046
213125
213194
213282
213433
213710
213870
213873
213910
213920
213975
213982
214041
214280
214353
214387
214427
214520
214611
214616
214777
214890
214927
214969
215115
215188
215428
216009
216043
216151
216213
216385
216574
216663
216827
216959
217128
217176
217311
217357
217606
217630
217678
217728
218030
218151
218260
218392
218467
218482
218526
218625
218651
218669
218805
218899
219064
219127
219138
219292
219570
219670
219838
219916
219955
220064
220101
220242
220288
220316
220396
220483
220494
220501
220518
220638
220802
220950
221115
221341
221375
221464
221609
221663
221703
221723
221788
221874
222072
222170
222243
222388
222468
222530
222694
222768
222786
222800
222948
222967
222993
223016
223032
223045
223258
223283
223338
223580
223648
223701
223706
223758
223963
224110
224211
224374
224547
224670
224749
224756
224849
225046
225080
225117
225336
225393
225580
225695
225742
225817
225854
226170
226234
226241
226340
226343
226384
226419
226421
226562
226643
226813
226937
227046
227077
227231
227254
227302
227388
227408
227787
227792
227836
227979
228047
228265
228346
228392
228558
228626
228676
228693
228711
228731
228837
229421
229426
229600
229769
229923
230058
230229
230302
230394
230415
230461
230813
231057
231121
231203
231359
231571
231625
231635
231668
231878
231932
231934
231954
231995
232101
232264
232275
232438
232511
232598
232609
232676
232793
232930
232955
232981
233131
233280
233503
233574
233634
233696
233990
234037
234146
234502
234536
234554
234564
234568
234597
234615
234631
234661
234704
234811
234877
234954
235083
235137
235329
235341
235391
235914
235915
235919
236016
236392
236469
236505
236558
236598
237353
237446
237584
237659
237742
237803
237908
237972
238224
238261
238348
238437
238519
238545
238683
238730
239068
239136
239188
239238
239262
239280
239312
239437
239487
239501
239564
239719
239755
239837
239985
240396
240448
240458
240470
240650
240890
240898
241056
241187
241828
241839
241877
241879
241938
242083
242099
242123
242321
242454
242582
242613
242708
242723
242729
242792
242835
242919
242969
242970
243027
243341
243367
243438
243622
243854
243975
244091
244118
244122
244190
244202
244203
244580
244844
244934
245080
245093
245139
245246
245287
245516
245533
245656
245657
245668
245733
245740
245759
245781
245856
245891
246104
246183
246286
246342
246356
246411
246419
246494
246685
246695
246799
246887
247053
247178
247220
247229
247286
247356
247403
247458
247518
247604
247617
247714
247791
247844
247866
247867
248003
248042
248119
248120
248168
248332
248517
248547
248664
248753
249045
249135
249158
249179
249255
249302
249434
249510
249514
249696
249770
249875
249993
250002
250009
250011
250032
250361
250368
250420
250532
250653
250801
251008
251048
251165
251345
251651
251707
251717
251777
251835
251951
252099
252123
252162
252216
252405
252457
252501
252587
252651
252825
252887
253006
253101
253241
253282
253424
253451
253666
253731
253736
253783
253791
253834
253921
253944
253964
253980
254161
254171
254479
254486
254771
254821
254875
254928
255128
255321
255334
255351
255354
255378
255409
255452
255583
255750
255800
255859
255876
255935
255971
256009
256092
256184
256239
256253
256362
256363
256568
256863
256902
256988
257403
257482
257772
257795
257835
258184
258187
258311
258427
258437
258530
258573
258692
258868
258936
258979
259080
259145
259263
259501
259503
259858
259923
260011
260044
260050
260091
260093
260162
260192
260310
260448
260574
260595
260616
260638
260862
261002
261227
261397
261588
261749
261808
261812
261862
261960
262028
262130
262337
262491
262522
262569
262769
262809
262873
263080
263091
263114
263123
263283
263422
263441
263908
264029
264178
264555
264782
264791
265152
265171
265184
265228
265543
265548
265656
265686
265706
265723
265782
265867
265934
265941
266019
266038
266101
266133
266173
266278
266412
266470
266483
266545
266835
266877
267081
267247
267251
267576
267635
267642
267715
267773
267798
267833
267850
267887
268086
268181
268246
268258
268503
268631
268843
269064
269095
269151
269301
269507
269543
269680
269697
269709
269762
269783
269805
269880
270072
270195
270213
270267
270434
270514
270669
270821
270883
270964
271114
271161
271238
271339
271432
271509
271583
271702
271772
271949
272029
272117
272130
272148
272209
272374
272479
272632
272840
272867
272965
273146
273168
273264
273279
273285
273381
273435
273568
273581
273697
273883
273929
274021
274062
274157
274194
274297
274393
274480
274518
274564
274718
274990
275000
275038
275179
275207
275273
275324
275330
275372
275419
275567
275589
275612
275813
275929
275971
276050
276132
276355
276529
276647
276763
276861
276863
276954
276960
277351
277561
278161
278179
278222
278680
278828
279061
279106
279303
279401
279484
279752
279933
279973
280085
280178
280249
280318
280357
280413
280427
280451
280529
280726
281004
281078
281177
281212
281323
281449
281474
281716
281736
281859
281906
281962
281982
282089
282162
282216
282243
282267
282348
282366
282445
282537
282558
282562
282726
282732
282760
282823
282917
282965
283054
283069
283113
283276
283289
283333
283336
283339
283448
283461
283533
283744
283785
283806
283879
283917
284056
284106
284125
284126
284679
284793
284841
284877
284927
284936
284957
285064
285092
285176
285187
285333
285693
285817
285862
286254
286266
286326
286383
286799
286956
286992
287049
287286
287473
287490
287592
287622
287701
287727
287805
287843
288293
288478
288781
288812
288882
288883
288884
288953
289052
289147
289241
289356
289421
289613
289658
289697
289702
289720
289971
289974
290110
290117
290127
290336
290350
290387
290579
290581
290858
291160
291168
291219
291304
291564
291566
291669
291786
291821
291887
291998
292216
292280
292355
292418
292696
292900
292992
293196
293273
293322
293471
293507
293759
293775
293883
294126
294132
294176
294329
294356
294391
294568
294604
294636
294666
294670
294845
294868
294958
294972
295015
295120
295212
295306
295416
295441
295565
295642
295856
296024
296044
296326
296475
296577
296620
296854
296866
296956
296964
297128
297595
297679
297704
297911
298029
298293
298466
298487
298685
298774
298875
298920
299023
299109
299112
299221
299272
299300
299364
299463
299519
299665
299692
299715
299915
299939
299984
300450
300573
300681
300749
300885
300895
301005
301175
301511
301679
301765
301842
301860
301894
301901
301958
302226
302314
302553
302600
302711
302738
302756
302895
302949
303142
303207
303407
303465
303515
303643
303767
303851
303877
304079
304116
304218
304266
304758
304803
305107
305179
305209
305261
305314
305404
305439
305489
305645
305648
305743
305761
305792
305951
306150
306366
306393
306551
306658
306817
306870
306882
306921
306971
307065
307092
307152
307326
307393
307547
307619
307874
307991
308207
308217
308355
308361
308414
308439
308531
308555
308944
308959
309134
309257
309264
309350
309352
309370
309478
309767
309810
309985
309986
310347
310400
310756
311010
311137
311265
311489
311501
311523
311571
311695
311777
311965
312134
312255
312283
312338
312423
312464
312501
312543
312590
312594
312608
312711
312910
313073
313229
313429
313476
313672
313756
313800
313860
313961
314034
314087
314230
314340
314351
314359
314371
314402
314527
314640
314695
314874
314990
315233
315501
315531
315748
315900
316039
316212
316410
316787
316889
317003
317188
317304
317353
317571
317575
317613
317741
317842
317860
318004
318108
318234
318310
318372
318461
318756
318929
319108
319208
319227
319257
319307
319316
319414
319542
319548
319722
319859
319878
320011
320079
320201
320507
320518
320524
320853
320864
320890
320900
321019
321091
321264
321628
321631
321637
321692
321761
321775
321851
321895
321919
322028
322113
322207
322227
322233
322354
322376
322419
322545
322598
322644
322681
322760
322819
322833
322853
323082
323277
323562
323582
324112
324268
324311
324686
324707
324937
325044
325176
325477
325554
325933
326124
326231
326504
326566
326598
326690
326777
326794
326997
326999
327004
327111
327231
327266
327278
327390
327444
327511
327533
327549
327580
327681
327755
327757
327859
327868
327910
328066
328463
328604
328691
328722
328886
329100
329129
329208
329441
329794
329909
329994
330021
330028
330210
330217
330492
330688
330767
330903
331071
331075
331165
331246
331441
331504
331567
331648
331791
331937
332085
332094
332618
333027
333161
333298
333445
333772
333813
333819
333931
334111
334262
334280
334360
334511
334530
334531
334788
334867
334875
334924
334938
335156
335258
335475
335509
335522
335548
335580
335597
335761
335890
336028
336065
336287
336364
336368
336492
336543
336604
336670
336695
336773
336902
337224
337285
337420
337483
337563
337665
337766
337867
337952
337998
338025
338349
338403
338412
338476
338627
338643
338661
338680
338704
338766
338789
338811
338877
339040
339075
339206
339296
339460
339548
339738
339762
339791
339855
339879
340213
340325
340361
340461
340590
340713
340865
341010
341325
341420
341506
341526
341658
341697
342237
342272
342317
342395
342454
342746
342866
342995
343054
343391
343524
343562
343571
343694
343750
343877
343882
343961
344097
344168
344436
344630
344779
344793
344881
345072
345286
345303
345663
345665
345808
345905
346239
346320
346486
346873
347090
347211
347651
347786
347846
347968
348002
348030
348058
348131
348195
348210
348335
348576
348616
348733
348847
349178
349180
349184
349269
349311
349337
349358
349482
349643
349919
349921
349937
350178
350402
350414
350433
350480
350517
350710
350727
350734
350842
351024
351046
351335
351336
351435
351571
351670
351691
351727
351730
351770
351840
351892
351918
351926
351956
352089
352465
352711
352794
352803
352866
352870
353070
353078
353248
353277
353301
353505
353533
353574
353688
353769
353882
353891
353929
353943
354148
354161
354169
354188
354378
354460
354604
354943
355132
355134
355265
355487
355619
355793
355808
355847
355950
356144
356318
356691
356733
356742
357026
357159
357263
357315
357432
357438
357487
357631
357674
357704
357737
358032
358093
358220
358317
358365
358373
358403
358408
358442
358523
358529
358800
358818
358842
358952
359151
359236
359245
359318
359432
359439
359454
359544
359646
359812
359843
359910
360121
360230
360263
360279
360623
360630
360682
360714
360785
360841
360972
361185
361191
361439
361584
361729
361749
361782
361917
362017
362067
362073
362097
362210
362366
362367
362487
362505
362515
362536
362641
362839
363001
363034
363119
363270
363585
363634
363773
363861
364025
364286
364422
364592
364602
364629
364738
364841
364905
365008
365013
365049
365083
365184
365192
365289
365315
365341
365453
365461
365488
365491
365538
365578
365748
365789
365796
365816
366014
366023
366096
366155
366161
366417
366470
366541
366628
366679
366869
366943
366970
366972
367047
367075
367089
367135
367476
367485
367512
367521
367618
367841
367843
367876
367884
367918
368026
368050
368058
368059
368217
368270
368298
368407
368447
368493
368738
368744
368795
368821
368933
368994
369014
369540
369565
369583
369662
369712
369730
369800
369868
370000
370111
370162
370218
370283
370535
370563
370582
370665
370689
370775
370885
370927
371045
371050
371096
371170
371307
371408
371435
371513
371555
371582
371761
371766
371919
372640
372773
372810
372861
372894
372898
373035
373045
373049
373053
373870
373882
373943
373950
373955
373985
374283
374391
374554
374677
374829
374982
375058
375066
375166
375173
375638
375870
375885
375930
375935
376031
376247
376341
376565
376674
376693
376748
376771
376800
376832
376939
376980
376987
377155
377304
377603
378158
378215
378277
378404
378468
378561
378757
378803
378990
379199
379297
379436
379905
379940
380134
380221
380238
380263
380351
380415
380536
380615
380618
380852
380886
380904
381288
381396
381409
381503
381643
381691
381767
381813
381897
382048
382132
382144
382574
382577
382701
382767
382771
382980
383020
383060
383116
383152
383181
383422
383569
383812
383817
383840
383880
383971
384045
384059
384320
384369
384441
384536
384623
384714
384754
384780
384825
384909
384981
384986
385034
385065
385113
385158
385247
385345
385546
385547
385841
385850
385867
385969
385988
386007
386105
386184
386595
386658
386875
387315
387337
387401
387440
387485
387491
387558
387679
387881
387924
388088
388103
388260
388294
388304
388384
388420
388761
388983
388984
389039
389081
389342
389551
389676
389745
389837
389864
389966
390031
390244
390414
390747
390763
391029
391130
391268
391271
391318
391376
391486
391661
391674
391736
391934
392018
392072
392171
392293
392386
392439
392456
392680
392701
392830
392842
393076
393088
393260
393279
393516
393718
394058
394063
394108
394455
394504
394582
394636
394641
394643
394827
394853
395307
395379
395449
395521
395611
396041
396060
396238
396256
396283
396378
396500
396670
396739
396801
397157
397450
397459
397729
397792
397813
397950
398035
398081
398086
398180
398443
398464
398474
398505
398559
398607
398808
398852
399044
399159
399300
399304
399307
399397
399407
399526
399781
399835
400150
400227
400311
400401
400412
400430
400603
400913
401272
401297
401426
401598
401618
402041
402079
402100
402266
402272
402297
402770
402805
402931
403074
403107
403422
403834
403848
403883
403885
404036
404080
404103
404227
404340
404425
404514
404548
404571
404591
404592
404663
404705
404915
404960
405107
405182
405192
405208
405287
405363
405427
405471
405590
405678
405682
405973
406073
406078
406105
406538
406719
406783
406882
407048
407153
407205
407306
407433
407443
407473
407556
407592
407615
407735
407741
407830
408094
408204
408414
408538
408807
408828
408837
408991
408995
409014
409213
409398
409469
409660
409724
409777
409795
409924
410064
410348
410501
410621
410709
410741
410923
410934
411003
411285
411417
411546
411863
412032
412040
412159
412182
412185
412293
412486
412545
412733
412748
412786
412839
412981
413156
413162
413184
413209
413446
413687
413944
414032
414210
414291
414441
414512
414602
414704
414844
415029
415065
415067
415315
415585
415633
415662
415682
415742
415873
415885
415986
416002
416183
416400
416433
416485
416607
416645
416678
416816
416886
416960
417130
417132
417248
417571
417580
417771
417812
417920
417949
418013
418267
418350
418538
418580
418623
418730
418981
418999
419071
419083
419355
419381
419444
419474
419584
419646
419751
419795
419799
419842
419874
419914
420048
420441
420448
420515
420612
420847
420944
420950
421199
421390
421530
421556
421563
421735
421773
421815
422050
422082
422522
422571
422594
422684
422726
422786
423068
423114
423184
423198
423228
423259
423346
423406
423460
423602
423654
423694
423704
423776
423973
423976
424053
424055
424172
424315
424353
424494
424569
424583
424606
424634
424650
424730
424780
424818
424867
425103
425160
425179
425314
425321
425342
425406
425707
425834
425877
426014
426307
426397
426424
426524
426696
426760
426811
427014
427070
427310
427423
427516
427529
427680
427722
427755
427794
427833
427836
427870
427969
428030
428041
428072
428151
428288
428522
428605
428670
428727
428830
428845
428996
429030
429076
429262
429280
429376
429385
429553
429572
429759
429795
429956
430293
430368
430464
430552
430570
430707
430804
430813
430832
431052
431134
431206
431265
431392
431497
431505
431508
431514
431532
431639
431872
432026
432218
432373
432416
432494
432559
432703
432722
432723
432846
432865
433000
433106
433217
433350
433363
433483
433512
433519
433580
433797
433849
434025
434210
434341
434424
434464
434508
434784
434830
434961
435120
435256
435397
435589
435711
435793
435806
435827
435891
436060
436111
436164
436394
436442
436641
436969
436984
436991
437064
437070
437074
437133
437364
437688
437705
437918
437967
438212
438251
438383
438563
438597
438625
438793
438851
438992
439038
439344
439469
439483
439525
439540
439714
439977
440379
440391
440773
440842
440955
440979
440987
441148
441261
441426
441464
441509
441527
441840
441869
441918
442138
442188
442447
442566
443194
443238
443314
443396
443471
443768
443777
444263
444274
444463
444465
444712
444731
444742
444745
444763
444943
445045
445157
445269
445281
445432
445473
445631
445657
445668
445673
445761
445772
445786
445864
445903
446029
446108
446307
446328
446485
446596
446693
446914
446960
447025
447108
447145
447168
447188
447197
447351
447360
447389
447504
447594
447663
447708
447717
447720
447749
447753
448139
448580
448858
448923
448949
448968
449012
449228
449237
449313
449432
449472
449543
449657
449729
449836
449995
450145
450188
450224
450351
450371
450608
450692
450700
450708
450719
450771
450799
450962
451212
451273
451647
451897
451934
452151
452184
452230
452514
452627
452803
452980
453053
453054
453116
453173
453598
453757
453799
453807
453811
453894
453983
454009
454052
454073
454076
454087
454098
454269
454305
454476
454478
454702
454721
455028
455108
455122
455147
455150
455175
455200
455226
455229
455252
455308
455354
455405
455570
455575
455593
455631
455727
455962
455999
456032
456151
456327
456387
456389
456432
456562
456581
456623
456625
456684
456703
456806
456972
457227
457286
457337
457359
457420
457459
457558
457777
457927
458047
458207
458286
458382
458564
458584
458605
458694
458740
458962
459030
459055
459060
459070
459225
459234
459286
459458
459918
459992
460222
460264
460478
460563
460729
460794
460929
460973
461007
461113
461659
461793
461895
462021
462198
462209
462355
462420
462501
462526
462585
462705
462709
462713
462927
463248
463323
463450
463509
463511
463567
463679
463797
463798
464012
464064
464219
464534
464545
464638
464702
464902
464935
465071
465126
465188
465249
465278
465391
465414
465510
465674
465846
465928
466264
466375
466520
466635
466731
466790
466804
467016
467064
467199
467353
467388
467457
467498
467552
467554
467641
467717
467897
467905
467928
468264
468411
468541
468588
468675
468690
468709
468711
468982
469019
469140
469277
469338
469352
469491
469548
469551
469578
469582
469596
469657
469749
469812
469905
469949
470071
470075
470153
470297
470299
470308
470579
470817
470956
470984
471014
471131
471156
471219
471393
471414
471498
471605
471888
472064
472070
472231
472358
472365
472418
472870
473104
473121
473257
473268
473350
473445
473454
473641
473656
473667
473679
473820
473965
474035
474065
474127
474226
474376
474387
474453
474669
474937
475044
475071
475081
475157
475428
475557
475628
475676
475725
475735
475825
475833
475987
476013
476083
476111
476231
476345
476398
476416
476543
476778
476793
476871
476911
476945
476959
476961
477043
477045
477097
477150
477156
477191
477302
477332
477452
477500
477608
477709
477954
478008
478161
478227
478380
478442
478523
478680
478851
478855
478882
479008
479089
479166
479212
479231
479236
479513
479532
479537
479574
479646
479658
479781
479836
479838
479846
479890
479894
480005
480033
480038
480174
480371
480509
480588
480731
481318
481570
481572
481789
481952
482049
482065
482087
482412
482421
482436
482525
482604
482635
482648
483064
483322
483361
483387
483485
483589
483664
483673
483837
483931
483948
484119
484226
484240
484378
484404
484489
484689
484697
484847
485035
485352
485569
485641
485648
486051
486063
486081
486276
486417
486515
486556
486832
487009
487048
487435
487579
487592
487911
488120
488164
488212
488284
488498
488526
488744
488764
489022
489026
489257
489353
489494
489596
489754
489783
490088
490110
490266
490324
490377
490403
490519
490587
490600
490602
490609
490616
490668
490845
490854
490989
491009
491039
491070
491123
491180
491401
491514
491528
491559
491973
492129
492442
492453
492641
493023
493098
493383
493412
493603
493779
493822
493840
493921
493944
494061
494088
494295
494360
494392
494578
494592
494628
494673
494954
495296
495305
495371
495529
495668
495792
495841
495883
495911
495979
495992
496115
496245
496569
496744
496787
496916
496996
497000
497002
497098
497388
497543
497638
497834
497869
497911
498097
498207
498387
498506
498628
498713
498744
498775
498862
498869
499076
499139
499203
499357
499476
499483
499491
499634
499843
499859
500029
500080
500193
500213
500376
500377
500427
500861
500884
500907
501014
501037
501042
501160
501429
501467
501488
501701
501715
501723
501904
501987
502177
502252
502473
502492
502507
502564
502719
502760
502840
502998
503008
503033
503039
503108
503188
503190
503215
503288
503374
503466
503518
503776
503990
504075
504091
504406
504589
504612
504626
504732
504814
504910
505014
505025
505470
505531
505565
506353
506367
506471
506485
506832
506836
506916
507032
507178
507278
507362
507391
507569
507861
507863
507970
507972
508002
508013
508112
508498
508657
508787
508849
509155
509383
509505
509539
509613
509756
509803
509858
509926
509938
510159
510228
510344
510441
510601
510628
510933
510941
511005
511019
511098
511256
511266
511369
511687
511694
512263
512270
512388
512417
512509
512513
512514
512726
512790
512968
513131
513150
513158
513331
513358
513447
513526
513609
513696
513959
514081
514163
514253
514320
514425
514474
514485
514504
514582
514770
514774
515023
515053
515099
515113
515168
515229
515655
515727
515861
515872
515881
515889
515939
516266
516380
516397
516438
516509
516564
516751
516787
516911
517204
517304
517333
517450
517709
517857
517954
518006
518060
518100
518156
518176
518304
518310
518499
518539
518751
518809
518902
518998
519079
519457
519489
519496
519599
519789
519799
520148
520235
520286
520296
520442
520446
520560
520626
520871
520945
521462
521859
521913
521949
522047
522090
522093
522234
522272
522379
522383
522588
522684
522742
522796
522857
523013
523109
523152
523418
523501
523506
523605
523640
523670
524000
524010
524034
524103
524196
524300
524331
524450
524455
524544
524649
524789
524913
524965
525015
525180
525259
525310
525428
525487
525833
525843
525946
526098
526403
526413
526536
526579
526733
526966
526984
527579
527619
527631
527636
527839
528065
528214
528361
528604
528652
528669
528824
528861
528917
529016
529122
529300
529393
529421
529610
529621
529624
529791
529801
529824
529826
529868
529908
530056
530130
530166
530283
530682
530737
530775
530804
530866
531037
531067
531177
531195
531215
531272
531298
531363
531467
531476
531614
531646
531757
531778
531791
531931
531993
532025
532117
532123
532156
532175
532206
532219
532225
532245
532301
532312
532659
533027
533094
533156
533322
533356
533477
533480
533569
533646
533760
533856
533979
534140
534524
534582
534602
534810
534999
535128
535153
535225
535240
535375
535384
535386
535436
535448
535732
535766
535809
536032
536064
536153
536383
536409
536456
536570
536583
536610
536812
536835
536965
537147
537215
537272
537387
537619
537872
537919
537951
538118
538125
538273
538455
538568
538675
538789
538892
538915
539176
539181
539212
539425
539468
539490
539653
539654
539756
539781
539820
539907
539915
540227
540300
540394
540496
540744
540804
540888
540899
540913
541030
541114
541252
541267
541337
541361
541594
541793
542000
542068
542210
542229
542325
542352
542389
542512
542519
542541
542636
542851
542904
543022
543023
543035
543135
543290
543426
543532
543717
543838
543872
543951
544067
544172
544274
544333
544579
544581
544800
544880
544971
545217
545225
545371
545376
545401
545479
545533
545649
545950
545997
546050
546089
546191
546202
546245
546473
546493
546541
546584
547003
547080
547120
547171
547199
547586
547753
547843
547857
547957
548134
548553
548645
548669
548921
549074
549081
549288
549308
549337
549345
549412
549459
549510
549609
549617
549754
549795
549803
550011
550124
550174
550209
550236
550241
550298
550300
550396
550421
550708
550761
550854
551010
551039
551121
551123
551304
551316
551524
551754
551817
551844
551848
551930
551989
552007
552019
552129
552191
552303
552539
552645
552767
552879
553282
553373
553533
553613
553617
553648
553964
554204
554279
554404
554423
554457
554460
554487
554499
554637
554750
554806
554901
555019
555125
555195
555262
555350
555544
555942
555947
555987
555994
556136
556157
556570
557044
557251
557269
557271
557361
557413
557444
557560
557574
557577
557646
557675
557814
558049
558066
558367
558420
558566
558718
558814
559112
559137
559157
559196
559290
559345
559468
559652
559814
559927
559953
560000
560156
560189
560245
560309
560700
560896
560931
560933
561105
561142
561236
561322
561360
561430
561635
561680
561757
561775
561792
561798
561838
561942
562033
562217
562247
562273
562293
562387
562472
562537
562568
562585
562679
562710
562715
562749
562973
562992
563104
563149
563223
563330
563352
563491
563787
563899
563905
563992
564090
564208
564256
564467
564535
564548
564810
564848
565041
565051
565075
565121
565258
565302
565380
565392
565423
565439
565536
565751
565855
565931
566199
566242
566277
566297
566322
566407
566558
566572
566643
566652
566754
566783
567058
567090
567328
567406
567605
567677
567710
567847
567906
567921
567984
568078
568200
568412
568686
568711
568718
568766
568793
568947
569046
569273
569350
569353
569397
569470
569592
570020
570207
570295
570329
570400
570468
570859
570871
570935
570950
571155
571234
571241
571339
571407
571426
571572
571655
571915
572216
572256
572267
572271
572491
572668
572870
573105
573244
573270
573377
573449
573775
573807
573956
574100
574327
574377
574391
574407
574424
574447
574714
574901
575050
575255
575266
575293
575355
575429
575457
575749
575757
575854
575882
576067
576179
576237
576423
576705
576822
576843
577109
577205
577264
577435
577458
577556
577814
577818
577825
577852
577878
577901
578105
578183
578561
578931
579025
579273
579317
579356
579385
579432
579500
579916
579947
580042
580145
580155
580783
580814
580908
580940
580978
581053
581188
581335
581524
581708
581715
581903
582028
582089
582144
582376
582917
582978
583113
583222
583229
583237
583243
583302
583817
583844
583985
584100
584141
584152
584323
584357
584371
584497
584679
584689
584857
584875
584913
584970
585038
585276
585333
585533
585536
585572
585654
585691
586051
586074
586124
586149
586365
586502
586636
586644
586650
586905
587090
587141
587168
587245
587263
587412
587476
587568
587695
587761
587880
588184
588214
588252
588346
588410
588423
588518
588678
588806
588814
588918
588944
588974
589032
589039
589148
589200
589231
589251
589436
589465
589500
589503
589582
589665
590087
590146
590643
590676
590729
590782
590839
590978
591001
591019
591356
591364
591550
591681
591693
591730
591895
592029
592324
592351
592408
592425
592547
592576
592637
592720
592746
592761
592790
592909
592914
593100
593194
593244
593333
593377
593378
593464
593589
593617
593659
593696
593703
593859
593860
593931
594202
594261
594266
594329
594408
594463
594491
594965
595077
595111
595206
595211
595278
595440
595840
595904
595972
596065
596232
596242
596327
596628
596647
596774
596927
597225
597366
597371
597457
597476
597494
597543
597610
597695
597763
597773
597788
597974
598124
598136
598272
598306
598323
598336
598374
598614
598826
598830
599065
599119
599165
599195
599344
599467
599883
599935
599937
600008
600142
600216
600308
600322
600396
600588
600728
600816
600849
600875
601087
601132
601228
601402
601404
601465
601568
601676
601810
601919
602062
602341
602452
602632
602633
602642
602645
602727
602814
602868
603205
603225
603385
603411
603448
603502
603539
603963
603988
604195
604349
604389
604548
604736
605004
605123
605152
605175
605188
605191
605381
605426
605741
605811
605945
605991
606064
606098
606111
606146
606216
606380
606392
606519
606845
607049
607058
607104
607119
607196
607282
607319
607536
607601
607619
607751
607779
607894
607930
608018
608028
608118
608198
608431
608487
608575
608623
608813
608832
608906
609159
609270
609446
609618
609678
609854
609900
609948
610310
610357
610365
610429
610492
610598
610706
610714
610727
610769
610777
610829
610847
611165
611202
611204
611275
611403
611572
611681
611944
611953
612314
612338
612441
612443
612448
612520
612715
612757
612784
612879
613070
613153
613238
613266
613272
613364
613633
613656
613768
613935
613955
614198
614411
614452
614559
614822
614903
614984
614991
615085
615107
615199
615326
615353
615545
615550
615596
615611
615693
615958
616128
616154
616167
616355
616391
616445
616518
616603
616661
616699
616724
616862
617000
617021
617132
617238
617302
617568
617728
618025
618064
618145
618199
618276
618529
618633
618672
618690
618750
618756
618779
619288
619593
619915
619997
620061
620215
620338
620351
620413
620650
620660
620931
621255
621368
621389
621438
621554
621751
622059
622127
622298
622426
622713
622810
622886
622892
622974
622993
623131
623135
623357
623423
623726
623775
623862
624088
624373
624512
624560
624579
624682
624983
625144
625434
625453
625482
625519
625537
625582
625839
625935
626086
626096
626230
626239
626357
626454
626509
626518
626545
626751
626821
626829
627246
627330
627442
627720
627825
628026
628184
628442
628459
628513
628551
628572
628828
628901
628949
629063
629161
629250
629353
629437
629500
629667
629705
629837
629846
629906
629941
629944
630000
630017
630071
630402
630427
630432
630670
630772
630812
631109
631346
631367
631481
631533
631592
631728
631739
631817
631931
632113
632164
632219
632241
632263
632513
632703
632731
633056
633124
633210
633320
633342
633369
633514
633586
633773
633926
634269
634270
634290
634364
634559
634573
634667
634738
634806
634912
634942
634947
635108
635262
635379
635474
635622
635758
635798
635864
635867
635889
635933
635970
636068
636075
636104
636115
636129
636220
636305
636400
636453
636557
636691
636851
636887
636974
636988
637007
637090
637408
637443
637448
637526
637938
638085
638087
638123
638153
638349
638531
638556
638755
638797
638919
638935
639375
639412
639448
639559
639649
639662
639682
639709
639757
639800
639807
639809
639855
640042
640072
640128
640136
640143
640200
640217
640357
640369
640580
640700
640792
641204
641226
641227
641290
641362
641391
641401
641430
641730
641764
641773
642057
642318
642324
642348
642517
642696
642909
642966
643502
643509
643552
643568
643665
643726
643745
643801
643820
643877
644280
644295
644605
644630
644688
644914
644921
645072
645355
645435
645586
645614
645634
645716
646182
646293
646435
646515
646532
646540
646664
646693
646883
646892
647102
647105
647129
647333
647418
647574
647606
647762
647822
647874
647882
648043
648055
648059
648095
648351
648408
648409
648419
648724
648741
648856
648920
648943
648957
648981
649088
649094
649357
649362
649368
649410
649452
649534
649727
649746
649884
650016
650152
650254
650342
650474
650561
650620
650704
650731
650807
650922
650960
650980
650998
651054
651071
651074
651179
651192
651240
651278
651340
651361
651377
651456
651530
651664
651694
651702
651769
651774
651813
651901
651985
652473
652489
652605
652664
652780
652784
652953
653160
653298
653458
653502
653561
653735
653796
653830
654080
654198
654353
654367
654381
654525
654562
654713
654735
654782
654821
654831
654832
654869
654968
654977
655189
655201
655401
655729
655769
655840
655870
656114
656334
656347
656428
656477
656650
656775
656777
656788
656813
656876
657020
657030
657103
657121
657142
657146
657178
657348
657511
657525
657737
657894
658013
658159
658195
658347
658594
658816
658829
658958
659008
659059
659107
659195
659282
659324
659549
659576
660127
660151
660190
660586
660847
660905
661016
661079
661182
661195
661237
661255
661388
661483
661563
661890
661961
661990
661993
662023
662100
662143
662169
662178
662366
662404
662415
662445
662500
662518
662617
662747
662785
662793
662805
662822
663068
663388
663468
663796
663901
663918
664012
664111
664204
664328
664350
664385
664417
664605
664630
664728
665094
665232
665243
665344
665430
665505
665590
665591
665596
665625
665752
665910
666281
666357
666813
666923
667121
667161
667243
667255
667417
667480
667717
667732
667999
668041
668147
668194
668323
668491
668674
668780
668825
668965
669104
669125
669133
669221
669290
669361
669387
669399
669412
669415
669635
669698
669791
669830
670166
670249
670451
670454
670554
670626
670654
670681
670715
671321
671426
671617
671810
672038
672144
672254
672280
672422
672435
672458
672480
672602
672860
672912
673011
673017
673075
673096
673229
673280
673299
673325
673339
673586
673839
673966
674192
674339
674589
674739
674811
674823
674845
674856
674909
675008
675010
675111
675246
675347
675383
675444
675480
675484
675638
675700
675773
675830
675947
676137
676160
676251
676257
676286
676475
676924
677025
677096
677284
677307
677370
677454
677519
677531
677862
677965
678002
678035
678074
678084
678180
678261
678374
678644
678702
678812
678964
679023
679038
679039
679055
679197
679430
679823
680223
680663
680748
680761
680772
680915
680940
681024
681030
681530
681592
681687
681806
681848
681969
681989
682104
682215
682276
682345
682507
682558
682641
682657
683059
683125
683206
683306
683375
683511
683580
683740
684235
684346
684353
684361
684707
684758
684760
684944
684964
684967
685090
685120
685137
685235
685379
685633
685646
685654
685715
685804
685945
686029
686154
686167
686281
686314
686486
686495
686913
687123
687333
687511
687552
687838
687875
688006
688029
688047
688086
688195
688204
688399
688592
688597
688602
688650
688843
688907
688954
689003
689144
689169
689250
689341
689351
689492
689544
689636
689705
690018
690129
690216
690283
690473
690519
690549
690624
690626
690680
690729
690730
690791
690825
690834
690845
690925
691263
691392
691455
691524
691578
691669
691784
691793
691816
691868
691879
691933
691941
691987
692062
692162
692258
692440
692631
692976
693061
693093
693179
693429
693455
693603
693619
693640
693858
693892
693895
694275
694293
694306
694320
694446
694570
694609
694653
694668
694703
694895
694974
695104
695127
695187
695323
695398
695431
695628
695648
695659
695755
695998
696028
696099
696128
696161
696222
696253
696336
696467
696499
696556
696616
696730
696907
697189
697256
697268
697439
697714
697970
698098
698111
698131
698178
698305
698488
698511
698584
698647
698805
698834
698860
698901
698909
699021
699027
699113
699244
699344
699355
699497
699522
699602
699633
699646
699681
699726
699771
699799
699833
699855
699860
699905
699907
699952
700065
700166
700298
700356
700399
700501
700590
700787
700828
700859
700943
701411
701441
701548
701663
701694
701714
701823
701836
701905
702035
702140
702460
703086
703173
703215
703216
703217
703278
703281
703537
703594
703775
703921
704054
704060
704068
704248
704292
704349
704467
704490
704534
704942
705275
705745
706032
706145
706202
706273
706321
706371
706615
706657
706791
706822
706824
706938
707095
707138
707254
707276
707358
707376
707418
707628
707644
707716
707748
707782
707904
707945
707966
707982
708067
708181
708241
708278
708284
708352
708359
708363
708469
708496
708700
708859
708943
708993
709021
709094
709352
709405
709412
709499
709522
709554
709632
709741
709848
709913
710173
710268
710317
710384
710482
710485
710597
710650
710734
710811
711159
711232
711549
711569
711588
711724
711773
711829
711859
712044
712110
712278
712339
712451
712596
712696
712703
712743
712787
712978
712996
713200
713292
713431
713491
713545
713566
713570
713605
713688
713728
713946
713970
714020
714036
714214
714406
714427
714568
714569
714642
714766
715267
715376
715449
715597
715684
715768
715991
716077
716123
716148
716534
716536
716560
716563
716939
716958
717193
717241
717284
717415
717435
717517
717547
717714
717753
717817
717818
717966
718125
718238
718284
718287
718337
718688
718823
718853
719249
719401
719564
719568
719623
719646
719695
719813
719887
720125
720214
720219
720358
720432
720478
720689
720690
720968
721055
721126
721175
721284
721328
721452
721766
721915
722053
722194
722216
722292
722314
722530
722629
722656
722891
722975
723067
723103
723206
723224
723266
723543
723795
724015
724024
724319
724324
724355
724373
724401
724552
724592
724601
724625
724677
724848
724851
725073
725172
725284
725467
725613
725655
725722
725802
726012
726032
726095
726166
726352
726380
726437
726627
726787
726806
726944
727162
727435
727471
727508
727595
727736
727890
727956
728005
728060
728124
728209
728409
728468
728577
728903
728956
729036
729372
729432
729564
729738
729745
729901
729982
730021
730038
730262
730367
730499
730502
730722
730732
730811
730848
730948
731122
731165
731171
731244
731276
731344
731487
731629
731662
731700
731822
731984
731985
732141
732169
732267
732293
732344
732429
732440
732530
732554
732559
732688
732854
732942
732996
733010
733035
733133
733304
733533
733611
734166
734421
734535
734864
734961
734982
734983
735135
735281
735571
735644
735647
735771
735911
735957
736238
736407
736459
736479
736517
736651
736833
736908
736958
736973
737270
737274
737748
737769
737830
737854
737865
737927
738008
738011
738049
738134
738140
738181
738196
738485
738586
738667
738733
738745
738843
738963
739006
739042
739125
739135
739401
739407
739670
739731
739966
739989
740300
740310
740341
740363
740577
740616
740654
740671
740727
740730
740928
741094
741230
741268
741273
741308
741387
741519
741553
741703
741739
741939
741944
741964
742036
742152
742381
742443
742491
742497
742620
742680
742723
742787
742935
742954
742960
743072
743201
743470
743529
743551
743627
743668
743881
744075
744127
744194
744224
744368
744396
744406
744464
744470
744584
744761
745018
745029
745167
745308
745422
745487
745583
745675
745677
745713
745718
745734
745783
745881
745902
746336
746349
746455
746474
746551
746605
746676
746721
746759
746832
747019
747066
747111
747126
747272
747295
747507
747717
747942
748062
748089
748602
748609
748611
748645
748694
748722
748790
748879
749024
749053
749092
749217
749282
749366
749469
749649
749678
749906
749951
749953
749994
750169
750323
750438
750456
750566
750625
750629
750716
750901
750964
750969
751029
751036
751066
751193
751637
751881
752001
752188
752501
752620
752674
752690
752853
752969
753114
753122
753161
753257
753425
753433
753524
753616
753658
753980
754018
754048
754174
754193
754304
754468
754634
754678
754756
754915
755028
755138
755282
755291
755357
755491
755497
755556
755568
755614
755622
755993
756027
756067
756337
756548
756578
756659
756661
756737
756857
756944
757198
757394
757516
757573
757580
757731
757813
757895
758021
758025
758028
758302
758463
758469
758548
758609
758949
758954
759017
759045
759054
759258
759278
759343
759542
759568
759588
759645
759755
759820
759873
760251
760471
760510
760562
760739
760890
761006
761035
761140
761230
761299
761344
761517
761564
761654
761806
761829
761964
762055
762103
762138
762176
762247
762249
762552
762639
762779
762780
763136
763249
763276
763292
763299
763394
763477
763540
763710
763814
763836
763890
764096
764136
764406
764415
764631
764810
764863
764869
765028
765034
765091
765098
765244
765421
765457
765585
766095
766279
766281
766335
766417
766503
766595
766719
766788
766812
766860
766888
766981
767107
767158
767183
767385
767432
767481
767511
767572
767590
767689
767734
767771
767966
768255
768261
768288
768480
768592
768599
768754
768910
768956
769001
769300
769313
769400
769432
769564
769604
769615
769653
769721
769779
769888
770034
770071
770150
770194
770226
770265
770297
770324
770469
770539
770665
770668
770677
770729
770812
770950
771360
771527
771546
771599
771677
771743
771788
771820
771887
772153
772203
772355
772646
772676
772703
772729
772764
772778
772822
772889
772943
772962
773078
773193
773205
773329
773485
773526
773612
773634
773653
773715
773731
774057
774121
774142
774375
774582
774597
774724
774737
774818
774901
774982
775180
775309
775313
775435
775577
775601
775613
775756
775872
775899
776001
776061
776345
776355
776461
776497
776658
776728
776890
776965
776992
777036
777221
777345
777348
777444
777524
777614
777618
777694
777699
777775
777966
778148
778232
778278
778287
778514
778643
778665
778695
778720
778916
778928
778974
778976
779281
779477
779495
779511
779530
779662
779836
779845
780127
780161
780187
780272
780373
780611
780637
780803
780945
780952
781091
781154
781162
781182
781253
781445
781486
781616
781694
781836
781872
781903
781938
782174
782358
782546
782581
782592
782629
782753
782760
782850
782860
782919
782940
782994
783007
783012
783146
783319
783328
783359
783372
783441
783539
783566
783639
783653
783692
783693
783711
783720
783780
783937
783994
784044
784116
784434
784558
784695
784856
784883
784896
784984
784989
785022
785196
785248
785287
785315
785357
785372
785378
785447
785526
785613
785721
785724
785868
785921
786048
786223
786298
786344
786363
786373
786498
786681
786704
786723
786808
786893
787043
787068
787140
787296
787426
787517
787768
788267
788415
788479
788657
788680
788893
789375
789657
789786
789869
790111
790160
790347
790356
790369
790539
790558
790648
790686
790803
790849
790862
790890
791046
791196
791685
791813
791843
792430
792496
792545
792726
792738
792793
792893
792972
793039
793095
793232
793238
793250
793313
793543
793669
793737
793771
793953
794019
794439
794772
794867
795482
795507
795531
795704
795745
795795
795828
796034
796043
796064
796252
796344
796535
796599
797072
797305
797658
797742
797765
797770
797879
797973
798011
798069
798173
798217
798243
798342
798510
798547
798611
798613
798767
799011
799123
799396
799401
799421
799453
799513
799966
800137
800222
800305
800437
800519
800570
800614
800663
800694
800708
800764
801070
801121
801206
801221
801231
801396
801416
801436
801440
801506
801520
801702
801711
801809
801830
801844
801916
802151
802310
802394
802404
802429
802574
802600
802712
802782
802895
802958
802995
803001
803037
803090
803222
803241
803287
803291
803402
803528
803591
803913
804014
804303
804569
804576
804934
804939
804994
805088
805151
805153
805213
805243
805272
806012
806013
806164
806299
806478
806564
806619
806803
806841
806891
806986
807045
807527
807659
807706
807727
807850
808255
808345
808366
808515
808592
808770
808782
809037
809038
809159
809356
809377
809413
809578
809601
809697
809820
809830
809833
810059
810271
810309
810349
810375
810424
810478
810617
810854
810891
810927
810935
811201
811234
811254
811262
811349
811399
811552
811777
811792
811816
811849
812116
812447
812545
812645
812714
812725
812820
812833
813025
813139
813200
813409
813429
813465
813646
813694
813813
813942
813951
814064
814078
814252
814287
814333
814489
814713
815105
815255
815287
815452
815459
815559
815683
815721
815748
815764
815847
815895
816005
816084
816197
816419
816636
816688
816846
816961
816968
816981
817043
817123
817162
817260
817353
817576
817679
817746
818145
818286
818569
818715
818829
819075
819099
819162
819221
819392
819539
819685
819734
819782
819861
819887
819938
819950
820039
820366
820427
820603
820654
820883
820906
821069
821112
821124
821196
821385
821514
821530
821624
821660
821967
822009
822016
822394
822684
822834
822920
823004
823100
823136
823168
823500
823819
823855
824399
824422
824789
824924
824966
824992
825110
825363
825415
825490
825547
825611
825635
825684
825808
825982
826072
826454
826459
826596
826759
826960
826983
827076
827142
827192
827213
827295
827313
827376
827435
827561
827625
827670
827937
827958
828092
828274
828310
828529
828610
828996
829088
829196
829258
829319
829498
829503
829630
829636
829854
829912
829976
830027
830183
830396
830517
830619
830681
830689
830765
830807
830996
831146
831196
831253
831437
831442
831552
831577
831597
831600
831743
831811
831817
831907
831945
832041
832102
832241
832273
832389
832762
832791
832970
833057
833066
833079
833097
833184
833372
833406
833474
833484
833541
833559
833658
833672
833720
833742
833788
833988
834226
834278
834568
834594
834632
834992
834995
835014
835114
835187
835381
835479
835535
835708
835756
835774
835855
835928
836084
836380
836566
836594
836605
836688
836740
836756
836787
836840
836918
836947
837071
837184
837228
837259
837290
837329
837567
837657
837696
837761
837937
838039
838594
838608
838609
838773
838806
838942
839207
839334
839381
839499
839574
839587
839674
839792
839839
839977
840118
840161
840407
840448
840564
840596
840657
840715
840735
840888
840929
840939
840952
841055
841231
841237
841428
841539
841613
841644
841679
841979
841993
842044
842160
842165
842220
842318
842396
842469
842511
842686
842803
842880
842885
842961
843021
843046
843122
843337
843392
843491
843905
843987
843996
844011
844088
844124
844137
844472
844739
844750
844832
844840
844880
844996
845113
845224
845285
845507
845613
845621
845658
845702
845740
845841
845871
846073
846092
846170
846246
846264
846557
847097
847120
847374
847443
847478
847767
847794
847897
848155
848202
848320
848406
848677
848830
848873
849133
849187
849364
849379
849408
849532
849576
849621
849682
849699
849721
849798
849887
849963
849981
850077
850161
850395
850655
850709
850765
850780
850794
850830
850841
850937
851002
851018
851031
851049
851251
851323
851370
851437
851462
851498
851510
851603
851996
852039
852260
852379
852466
852766
852838
852942
852997
853011
853028
853034
853180
853200
853414
853476
853561
853661
853963
854414
854430
854483
854598
854670
854783
854854
854856
854863
854903
855059
855186
855267
855338
855469
855537
855567
855575
855604
855628
855719
855794
855863
856374
856384
856432
856440
856527
856644
856854
856939
857004
857032
857036
857086
857110
857216
857389
857409
857465
857663
857730
857764
857859
857876
857878
857892
858222
858302
858546
858555
858697
858915
858991
858993
859023
859169
859232
859433
859524
859644
859686
859777
859924
859934
860117
860260
860285
860311
860496
860525
860881
860920
861042
861126
861165
861185
861356
861532
861549
861618
861644
861708
861763
862092
862229
862318
862347
862350
862388
862394
862522
862540
862759
862800
862817
862840
862901
863025
863109
863189
863449
863453
863604
863634
863997
864112
864566
864621
864720
864833
864984
865109
865118
865142
865236
865277
865399
865424
865484
865770
865816
865959
865961
865980
865998
866060
866164
866324
866429
866615
866716
866729
866773
866801
866930
866971
866974
867273
867338
867578
867587
867734
867990
868029
868307
868406
868421
868525
868674
868903
868946
868956
869115
869129
869297
869477
869514
869540
869543
869556
869695
869742
869790
869857
870077
870156
870392
870461
870616
870667
871041
871185
871259
871305
871442
871637
872005
872042
872065
872186
872237
872349
872539
872843
872848
873072
873083
873103
873156
873239
873288
873323
873375
873388
873442
873465
873643
873994
873998
874022
874266
874356
875057
875414
875421
875486
875659
875757
875880
875890
875963
876043
876071
876207
876246
876260
876297
876355
876520
876565
876569
876591
876633
876643
876711
876741
876822
876920
877010
877251
877262
877391
877550
877952
878062
878212
878307
878317
878593
878657
878701
878765
878816
878882
878903
879109
879165
879245
879254
879259
879317
879477
879703
879796
879859
879926
879987
880049
880051
880249
880409
880448
880452
880494
880503
880514
880529
880586
880687
880828
880886
881138
881197
881263
881371
881448
881490
881526
881737
881769
881999
882324
882367
882369
882508
882550
882629
882654
882707
882744
882879
882909
882944
882961
883028
883118
883187
883210
883252
883347
883412
883586
883693
883730
884024
884191
884413
884436
884855
884949
884998
885170
885227
885228
885382
885415
885438
885688
886002
886009
886088
886236
886265
886340
886354
886383
886434
886484
886693
886952
887499
887938
888157
888158
888182
888404
888619
888743
888793
888799
888854
888893
888896
888957
888959
889262
889316
889365
889416
889438
889511
889567
889834
890046
890053
890157
890244
890421
890488
890502
890521
890582
890593
890607
890660
890796
890901
891031
891070
891118
891192
891399
891457
891525
891577
891732
891749
891939
892101
892300
892322
892398
892550
892567
892592
892636
892665
892704
892800
892850
893190
893205
893262
893326
893444
893504
893612
893625
893655
893762
893928
893938
894034
894156
894196
894642
894648
894733
894808
895013
895053
895142
895146
895154
895316
895496
895506
895676
895712
895776
895831
896270
896326
896434
896485
896562
896871
896943
897289
897300
897375
897583
897853
897912
897938
898250
898298
898373
898414
898455
898493
898498
898520
898569
898647
899075
899273
899331
899545
899642
899652
899674
899733
899789
899878
900044
900075
900414
900435
900476
900547
900865
900887
900903
900986
900990
901335
901837
901882
901948
902074
902180
902256
902311
902496
902528
902536
902585
902593
902699
902717
902728
902747
902833
902930
903007
903019
903053
903211
903222
903229
903287
903353
903569
903598
903618
903650
903730
903740
903941
904025
904064
904168
904171
904239
904254
904324
904430
904432
904462
904584
904982
905219
905278
905294
905320
905400
905477
905630
905641
906247
906383
906428
906521
906585
906617
906694
906881
906967
907104
907350
907414
907499
907637
907859
908039
908169
908190
908250
908260
908279
908361
908454
908845
908922
908952
908956
909647
909657
909675
909682
909838
910116
910271
910424
910448
910542
910817
910916
910942
911079
911082
911105
911133
911267
911354
911525
911583
911653
911712
911786
911861
911937
912024
912180
912181
912191
912476
912538
912545
912574
912863
912906
913055
913363
913584
913674
913725
913743
913840
914461
914488
914490
914619
914637
914655
914673
914737
914833
915006
915133
915162
915180
915240
915379
915388
915732
915784
915839
916153
916237
916412
916421
916467
916552
916604
916717
916849
917067
917097
917200
917240
917269
917583
917684
917775
917827
917889
917898
918473
918807
918855
919095
919151
919190
919415
919754
919759
920103
920115
920282
920287
920367
920624
920713
920736
920846
920869
920966
921005
921135
921406
921707
922004
922127
922242
922407
922578
923174
923181
923215
923285
923301
923392
923544
923570
923764
923835
924119
924182
924194
924402
924573
924636
924667
924681
924763
924950
925055
925088
925220
925270
925296
925353
925366
925435
925596
925717
925868
925870
925874
925883
925925
926065
926211
926223
926261
926288
926395
926435
926444
926552
926573
926591
926607
926631
926707
926732
926828
926830
926847
926987
926991
927328
927495
927561
927776
927921
927932
928492
928538
928564
928637
928643
928742
928891
929050
929094
929273
929302
929427
929459
929650
929710
929726
929744
929772
930060
930097
930191
930278
930331
930337
930464
930690
930801
930866
930905
930918
931135
931171
931372
931417
931473
931508
931522
931557
931685
931692
931707
931714
931727
931849
931966
932023
932109
932140
932213
932230
932305
932308
932371
932402
932432
932433
932480
932602
932706
933009
933089
933207
933405
933406
933636
933727
933810
933906
933964
934080
934199
934261
934395
934512
934709
934966
935011
935090
935241
935316
935376
935645
935668
935793
935859
935887
935895
935902
935923
935999
936003
936043
936120
936145
936408
936420
936436
936505
936738
936914
936978
937001
937215
937353
937436
937485
937511
937743
937929
938010
938190
938355
938539
938545
938565
938637
938760
938783
939117
939249
939336
939515
939978
940075
940125
940227
940251
940335
940466
940538
940593
940625
940656
940726
940735
940940
941128
941165
941302
941327
941444
941496
941745
941837
941847
942101
942103
942117
942229
942282
942292
942310
942346
942427
942483
942864
942890
943010
943058
943066
943128
943164
943381
943471
943539
943654
943667
943866
944032
944119
944220
944449
944506
944511
944710
944771
944813
944830
944872
945031
945105
945159
945199
945300
945361
945429
945462
945514
945546
945568
945596
945617
945673
945711
945852
946099
946263
946561
946698
946709
946718
946855
946939
947330
947353
947787
947887
948131
948174
948332
948395
948410
948604
948642
948707
948903
948986
948994
949141
949401
949546
949805
949876
949993
950194
950198
950458
950466
950698
950795
950800
950969
951033
951051
951289
951331
951474
951522
951563
951801
951910
952142
952228
952310
952547
952581
952685
953079
953093
953127
953194
953297
953302
953415
953639
953654
953657
953704
953830
953918
953935
954079
954292
954347
954689
954835
954865
954959
955098
955177
955855
955888
956394
956614
956646
956803
956969
956993
957002
957027
957089
957305
957457
957521
957609
957702
957705
957749
957756
957776
957914
957988
957997
958013
958220
958350
958430
958535
958583
958643
958940
959104
959317
959361
959383
959435
959522
959633
959651
959664
959765
959848
959915
959923
960031
960145
960157
960249
960279
960286
960287
960435
960452
960469
960620
960762
960781
960789
960864
960941
961057
961212
961281
961403
961597
961794
962057
962257
962262
962406
962484
962509
962630
962697
962805
962820
962831
962871
962985
963051
963120
963123
963180
963370
963408
963430
963489
963741
963775
963905
963906
964246
964326
964591
964645
964727
964907
964910
964934
965010
965281
965564
965600
965947
966004
966143
966215
966331
966498
966508
966629
966640
966760
966779
966823
966909
966987
967048
967198
967402
967673
967729
967763
967784
967920
968118
968202
968399
968444
968480
968574
968620
968665
968777
968832
968902
968924
969037
969150
969180
969224
969227
969248
969341
969421
969448
969508
969723
969760
969815
970083
970278
970454
970472
970598
970800
970981
970996
971015
971092
971099
971109
971291
971343
971378
971436
971524
971618
971694
971873
971880
972171
972191
972406
972445
972461
972475
972674
972731
972898
972943
972958
973043
973117
973262
973549
973569
973634
973638
973737
973776
973810
973840
973900
973959
973966
973999
974122
974165
974223
974224
974328
974404
974523
974613
974725
974744
974826
974931
975007
975022
975035
975118
975294
975319
975365
975406
975570
975664
975977
976029
976166
976253
976319
976542
976787
976793
976917
977128
977263
977310
977419
977540
977546
977757
977794
978007
978057
978301
978306
978353
978420
978478
978514
978679
978729
978796
978852
978917
979027
979277
979294
979303
979488
979503
979549
979621
979638
980037
980049
980057
980175
980365
980446
980517
980576
980603
980706
980830
980876
980911
980986
981083
981245
981273
981283
981319
981388
981429
981561
981578
981637
981780
981784
981933
981943
982040
982222
982398
982610
982739
982809
982821
982862
982965
983015
983124
983254
983273
983328
983360
983421
983451
983744
983812
983972
984128
984210
984293
984467
984477
984587
984657
984676
984730
984761
984890
984981
985009
985022
985102
985155
986075
986185
986219
986231
986259
986397
986433
986444
986709
986858
986907
986950
986968
987251
987485
987545
987606
987659
987699
987718
987878
987989
988064
988312
988373
988397
988520
988565
988612
988722
988756
988967
989216
989353
989583
989618
989723
989876
990123
990261
990305
990559
990593
990733
990735
990858
990886
990967
991164
991189
991211
991509
992034
992067
992070
992127
992130
992302
992374
992485
992573
992898
993135
993285
993395
993464
993481
993482
993533
993607
993695
993797
993819
993856
994022
994043
994097
994224
994235
994244
994276
994309
994560
994598
994621
994669
994700
994717
994808
995039
995063
995353
995494
995588
995594
995615
995658
995684
995695
995807
995837
996315
996317
996399
996540
996543
996641
996778
996795
997097
997138
997147
997230
997400
997405
997710
997760
998041
998082
998192
998203
998302
998351
998393
998453
998478
998543
998803
998866
998914
998939
999026
999091
999370
999501
999559
999715
999731
