100
243
392
521
633
855
878
1082
1251
1325
1428
1604
1610
1705
1722
1732
1763
1806
1850
1893
1952
2198
2213
2248
2327
2336
2350
2465
2663
2726
2777
2884
2893
3140
3178
3218
3225
3304
3349
3476
3800
4014
4077
4096
4165
4184
4265
4433
4573
4811
4941
5411
5438
5485
5490
5541
5822
6153
6191
6331
6525
6604
6693
6755
6899
6971
7268
7430
7456
7462
7719
7733
7745
7811
7855
7867
7913
7982
8123
8238
8264
8298
8341
8354
8402
8488
8628
8766
8833
8943
9029
9053
9097
9185
9459
10458
10475
10520
10570
10583
10634
10761
10813
10954
10970
11004
11144
11192
11198
11367
11424
11633
11833
11906
12012
12051
12144
12164
12375
12615
12644
12999
13034
13047
13071
13091
13101
13386
13401
13512
13705
13803
13933
13998
14120
14222
14354
14437
14621
14652
14777
14884
15205
15332
15421
15639
15798
15847
16002
16080
16430
16599
16812
16875
17032
17133
17255
17256
17343
17560
17678
17763
17770
17812
17857
18013
18095
18153
18187
18239
18274
18342
18601
18757
18767
18836
18949
19006
19239
19267
19313
19409
19677
19802
20103
20115
20117
20159
20282
20283
20329
20469
20630
20647
20648
20826
20850
20952
20964
21001
21039
21309
21436
21498
21528
21867
22041
22068
22191
22197
22349
22428
22460
22506
22718
22756
22775
22831
22889
23257
23260
23333
23340
23532
23567
23598
23684
23911
23924
23974
24100
24149
24173
24175
24265
24428
24439
24472
24575
24654
24853
24890
25031
25051
25442
25645
25932
25999
26031
26061
26190
26245
26476
26608
26635
26878
26879
27024
27342
27437
27439
27526
27534
27665
27787
27898
27929
28024
28055
28355
28470
28760
28823
28991
29042
29080
29294
29358
29442
29487
29528
29603
29612
29802
29999
30268
30408
30633
30685
30710
30742
30978
30982
31021
31105
31129
31250
31284
31343
31531
32005
32062
32076
32183
32285
32334
32357
32523
32707
32759
32817
32824
32837
32949
32970
32997
33075
33088
33497
33559
33685
33825
33896
34075
34152
34201
34258
34626
34853
34941
34979
35048
35075
35172
35243
35482
35995
35996
36137
36180
36284
36324
36387
36510
36575
36586
36927
36982
37066
37089
37193
37211
37439
37449
37549
37584
37600
37696
37730
37759
37796
37810
37871
37896
37933
38148
38300
38331
38476
38520
38595
38596
38919
38975
38982
38989
39081
39176
39318
39663
39852
40089
40373
40389
40401
40405
40563
40618
40666
40813
40868
41033
41039
41055
41121
41129
41153
41232
41414
41553
41762
42011
42014
42235
42282
42364
42381
42497
42519
42529
42642
42699
43050
43096
43239
43455
43469
43712
43737
43809
43829
43859
43896
43904
44035
44163
44470
44481
44566
44579
44624
44934
44968
45073
45256
45272
45322
45422
45519
45592
45612
45693
45734
45892
45897
45940
46026
46146
46168
46418
46686
46732
47230
47232
47234
47325
47471
47602
47756
47767
47953
48079
48299
48308
48338
48410
48425
48473
48542
48572
48624
48677
48857
49089
49212
49218
49279
49381
49424
49497
49580
49628
49665
49731
49752
49789
49958
50021
50138
50167
50173
50202
50213
50303
50390
50516
50550
50609
50707
51187
51612
51632
51986
52018
52049
52053
52105
52123
52136
52447
52472
52679
52835
52900
52937
53014
53064
53127
53224
53279
53347
53360
53392
53556
53935
54038
54080
54178
54216
54257
54653
54678
54811
54813
54835
54903
55010
55119
55160
55514
55538
55639
55664
55736
55862
56188
56284
56509
56624
56679
56691
56706
56738
56800
56869
56986
57007
57179
57267
57501
57689
57932
57983
58043
58136
58343
58427
58477
58495
58611
58631
58637
58837
58932
59077
59124
59209
59243
59350
59358
59436
59823
59879
60027
60082
60102
60183
60246
60328
60358
60374
60543
60595
60660
60717
60813
60945
61325
61381
61388
61505
61670
61796
62046
62088
62099
62143
62188
62518
62541
62591
62697
63024
63279
63528
63604
63653
63698
63700
64068
64123
64320
64342
64436
64552
64574
64597
64614
64615
64642
64841
64856
64899
64981
65436
65660
65943
66022
66051
66287
66337
66393
66622
66711
66718
66735
66782
66857
67176
67183
67275
67320
67465
67499
67608
67837
67971
68215
68460
68706
68807
68838
69108
69386
69403
69443
69485
69580
69766
69822
69891
69956
70095
70205
70488
70503
70549
70727
70921
70956
71112
71143
71216
71697
71732
71750
71799
71814
71917
71997
72026
72101
72125
72180
72253
72308
72529
72557
72575
72645
72729
72773
72823
72858
73023
73277
73291
73302
73445
73838
74060
74254
74273
74372
74679
74696
74878
74950
75114
75210
75217
75484
75656
75711
75713
75852
75868
76214
76230
76251
76253
76311
76365
76441
76623
76761
76823
76955
77216
77423
77718
77741
77743
77812
77875
77892
77920
77963
78188
78644
78672
78700
78748
78753
78767
79085
79385
79396
79398
79407
79434
79447
79474
79674
79695
79724
79791
79838
79963
80196
80197
80214
80265
80294
80304
80337
80567
80850
80854
80970
81144
81149
81399
81530
81687
81731
81762
81791
81876
81903
82018
82127
82307
82310
82333
82361
82455
82704
82842
82865
82927
83067
83107
83192
83438
83559
83584
83668
83702
83704
83851
83872
83915
83947
83952
84048
84154
84193
84238
84274
84446
84515
84630
84657
84748
84793
84852
84971
85053
85404
85557
85627
85638
85860
85901
86239
86332
86519
86550
86643
86654
86689
86742
86775
86878
87024
87050
87135
87194
87385
87398
87508
87665
87774
87787
87946
88137
88207
88299
88313
88323
88542
88553
88620
88839
88925
88950
88958
89000
89139
89172
89189
89277
89376
89389
89551
89642
89791
89982
90114
90169
90221
90374
90501
90696
90796
90819
90915
90944
91165
91168
91187
91231
91313
91318
91515
91563
91638
91672
91681
91830
91856
91894
92136
92184
92312
92328
92412
92475
92600
92685
92768
92826
92896
92953
92971
93021
93184
93250
93281
93334
93537
93571
93663
93768
93912
93969
94014
94063
94127
94257
94327
94361
94600
94615
94633
94643
94645
94660
94821
94996
95035
95118
95155
95291
95359
95378
95504
95574
95644
95795
95847
95921
96194
96216
96481
96542
96668
96691
96731
96741
96771
96815
96875
96881
96907
96975
97244
97261
97368
97411
97447
97677
97783
97791
97797
97997
98165
98177
98475
98505
98607
98675
98727
98812
98899
98920
98932
99015
99052
99089
99120
99291
99472
99529
99851
99985
100226
100228
100575
100657
100664
100771
100821
100836
101017
101122
101560
101646
101744
101771
101802
101952
102045
102175
102185
102246
102256
102259
102381
102778
102825
102968
103090
103164
103194
103250
103294
103542
103793
103831
103897
103927
103954
103991
104195
104247
104267
104269
104314
104345
104400
104542
104606
104693
104777
104844
104915
104921
105019
105031
105161
105314
105409
105428
105610
105635
105740
105807
105862
105947
106037
106301
106311
106330
106349
106425
106904
107041
107059
107077
107385
107500
107560
107568
107841
107872
107946
107962
108004
108035
108139
108237
108255
108489
108607
108614
108680
108915
109063
109092
109145
109290
109318
109499
109529
109805
109872
109974
110135
110471
110602
110605
110618
110705
110806
110913
111141
111303
111304
111327
111482
111516
111742
111896
111949
111982
111991
112119
112160
112176
112238
112332
112360
112499
112820
112900
112908
112913
112922
113103
113387
113549
113555
113577
113582
113825
114008
114017
114101
114154
114244
114264
114453
114466
114501
114547
114614
114747
114913
115029
115196
115224
115229
115313
115346
115397
115544
115724
115922
115930
115933
116302
116367
116369
116437
116794
116830
116911
116980
117200
117235
117250
117261
117264
117271
117289
117325
117510
117580
117584
117612
117627
117982
118002
118207
118582
118705
118970
119458
119479
119550
119691
119728
119901
120072
120222
120285
120466
120601
120685
120936
120963
121028
121081
121082
121099
121335
121499
121725
121949
121954
122138
122347
122379
122406
122543
122553
122649
122718
122774
123080
123103
123130
123188
123224
123392
123400
123417
123444
123674
123769
123793
123840
123891
123969
124069
124331
124484
124506
124534
124695
124888
125063
125221
125265
125639
125824
125896
126061
126100
126125
126321
126453
126648
126661
126787
126815
127075
127171
127362
127387
127404
127586
127978
128132
128385
128545
128674
128743
128840
128906
128990
128997
129244
130100
130162
130260
130279
130283
130434
130435
130535
130572
130675
130863
130941
131123
131204
131243
131563
131662
131664
131836
131843
131949
131982
132005
132010
132217
132252
132453
132488
132655
132678
132692
132733
132888
132939
132941
133057
133075
133087
133094
133095
133170
133384
133554
133721
133944
134087
134096
134224
134546
134689
134881
134947
135018
135247
135264
135295
135430
135594
135929
136019
136215
136305
136366
136482
136580
136598
136620
136794
136943
137142
137282
137364
137791
137843
137854
138116
138151
138171
138261
138691
138898
138899
138957
139219
139258
139288
139313
139314
139481
139488
139515
139664
139845
139889
139947
140236
140312
140321
140409
140502
140505
140508
140592
140627
140684
140703
140878
140986
141075
141088
141133
141317
141410
141817
141865
141869
141912
142181
142197
142334
142337
142443
142669
143173
143318
143532
143715
144096
144154
144209
144238
144337
144402
144543
144564
144622
144627
144691
144711
144789
145075
145139
145182
145192
145194
145204
145212
145218
145248
145452
145512
145550
145573
145610
145614
145648
145669
145716
145754
145756
145830
146200
146220
146376
146472
146607
146617
146719
146798
146874
146940
147177
147182
147206
147509
147511
147521
147583
147906
148485
148561
148945
149089
149292
149371
149434
149730
149929
150280
150764
151009
151060
151066
151217
151251
151260
151284
151285
151333
151590
151724
151732
151815
151868
151940
152068
152192
152250
152364
152421
152493
152538
152552
152589
152626
152698
152861
152929
152948
153026
153145
153802
153921
154141
154423
154440
154958
155022
155049
155058
155152
155191
155254
155306
155344
155348
155457
155480
155510
155639
155903
156071
156131
156251
156318
156351
156501
156573
156603
156804
156857
156975
157036
157225
157375
157428
157698
157764
157815
157950
158085
158178
158207
158273
158309
158397
158407
158750
158770
158775
158797
158863
158938
158999
159222
159347
159350
159465
159850
160040
160245
160280
160310
160417
160453
160455
160611
160633
160887
160951
161027
161447
161450
161563
161583
161747
161911
161916
162026
162084
162256
162359
162389
162713
162771
162784
162794
162876
162941
162967
163060
163071
163169
163239
163269
163296
163421
163469
163485
163507
164072
164221
164474
164537
164593
164824
164966
165017
165124
165229
165307
165324
165366
165444
165448
165544
165758
165780
165793
165820
165846
165882
165949
165960
166082
166139
166154
166222
166237
166239
166289
166394
166431
166631
166649
166673
166829
166908
166958
166975
167102
167207
167221
167272
167314
167369
167422
167508
167762
167782
167806
167929
168154
168205
168314
168457
168510
168566
168594
168604
168653
168655
168755
168992
169226
169251
169301
169406
169538
169569
169612
169745
169756
169857
170161
170270
170283
170392
170542
170612
170920
171143
171187
171262
171575
171675
171844
171910
172069
172140
172145
172172
172326
172387
172561
172972
173045
173058
173459
173596
173985
174087
174198
174232
174613
174786
174846
174897
174916
175101
175103
175124
175215
175309
175723
175848
175933
176091
176173
176218
176441
176474
176547
176915
177039
177147
177224
177242
177311
177336
177394
177501
177610
177628
177671
177732
177954
178364
178501
178552
178599
178624
178695
178909
179036
179100
179164
179188
179246
179575
179593
179657
179689
179846
179975
180159
180201
180400
180436
180470
180593
180729
180731
180856
180995
181079
181111
181214
181242
181342
181446
181812
182144
182251
182401
182407
182464
182546
182716
182792
182823
182837
182838
182886
182956
182995
183036
183109
183142
183271
183409
183437
183445
183467
183711
183952
184010
184060
184137
184217
184232
184257
184412
184491
184862
184925
184964
185041
185082
185189
185250
185269
185358
185376
185450
185460
185507
185663
185700
185934
185944
186170
186240
186364
186403
186469
186510
186605
186649
186939
186954
186982
187016
187100
187256
187265
187651
187673
187680
187701
187884
187890
187896
188155
188160
188525
188751
188789
188819
188991
189011
189056
189075
189187
189223
189356
189436
189514
189631
189673
189735
189893
189906
189949
189954
190121
190230
190291
190328
190492
190493
190495
190511
190536
190581
190686
190793
190873
190906
191114
191440
191697
191733
191803
191925
191931
192186
192312
192437
192532
192548
192606
192632
192700
192872
192924
193226
193231
193436
193470
193557
193879
193938
193968
194014
194102
194249
194629
194820
194924
195195
195412
195493
195599
195644
195743
195916
196062
196154
196164
196168
196441
196553
196620
196623
196630
196661
196667
196868
196936
197069
197140
197154
197232
197372
197396
197417
197519
197614
197631
197788
197990
198040
198572
198600
198603
198927
199017
199302
199304
199461
199494
199514
199681
199775
199861
199964
199971
200031
200044
200052
200065
200210
200251
200260
200450
200467
200539
200590
200640
200749
200838
200921
200926
201497
201562
201628
201648
201667
201672
201924
201945
202276
202325
202589
202663
202686
202711
202716
202745
203003
203191
203229
203392
203657
203758
203960
204004
204008
204060
204175
204289
204318
204374
204452
204505
204521
204783
204866
204881
204969
205029
205106
205189
205367
205376
205454
205500
205624
205947
206045
206144
206261
206413
206587
206606
206633
206917
206932
206943
206991
207052
207100
207170
207176
207348
207369
207490
207735
207848
207905
208009
208063
208097
208344
208361
208496
208906
208933
208968
209019
209197
209255
209380
209725
209910
209940
210261
210356
210431
210433
210484
210487
210490
210526
210654
210832
210842
210989
211075
211366
211448
211587
211704
211752
212112
212213
212288
212519
212575
212597
212620
212759
212925
213059
213140
213151
213265
213301
213353
213476
213628
213648
213676
213735
213754
213801
213823
213986
214013
214035
214170
214456
214695
214723
214930
214963
214971
215047
215290
215314
215438
215528
215568
215612
215704
215873
215936
215968
216209
216240
216318
216319
216412
216498
216512
216577
216785
216838
216973
217030
217184
217240
217312
217398
217412
217650
217810
217888
217933
217934
217961
218136
218188
218372
218395
218416
218548
218682
218955
219091
219100
219424
219454
219522
219595
219767
219784
219883
220254
220303
220318
220359
220419
220422
220472
220490
220684
220701
221035
221071
221303
221398
221527
221726
221840
221850
222195
222235
222266
222482
222501
222668
222716
222724
223017
223073
223096
223122
223160
223264
223761
223763
223825
224139
224277
224299
224387
224409
224534
224604
224662
224788
224992
225179
225283
225505
225536
225622
225698
225752
225935
226209
226428
226495
226787
226794
227004
227024
227037
227081
227101
227164
227251
227312
227673
227759
227953
228072
228210
228270
228324
228376
228753
228805
228864
228871
228923
228952
229189
229244
229381
229431
229445
229529
229532
229620
229901
229996
230057
230171
230192
230354
230408
230432
230472
230511
230541
230685
230731
230763
230888
231244
231295
231396
231486
231563
231745
231818
231888
231901
231970
232124
232435
232652
232705
232846
232847
233010
233022
233365
233588
233618
233780
233862
233954
234025
234054
234088
234261
234424
234494
234513
234635
234666
234790
234851
234852
234936
235030
235098
235152
235369
235411
235565
235575
235614
235866
235947
236142
236159
236224
236548
236891
236919
237234
237287
237303
237355
237513
237569
237678
238075
238403
238472
238514
238517
238626
238714
238882
238897
239246
239269
239336
239429
239448
239593
239594
239596
239683
239685
239696
239772
239819
240051
240054
240124
240186
240194
240328
240383
240457
240545
240675
240681
241074
241241
241272
241461
241464
241485
241550
241734
241993
242198
242415
242458
242488
242662
242776
242863
243219
243413
243505
243559
243588
243662
243692
243704
243757
243838
243882
243909
243919
244092
244177
244200
244210
244211
244372
244445
244451
244458
244565
244585
244603
245022
245123
245186
245238
245309
245353
245480
245699
245780
245804
245808
245980
246026
246055
246256
246285
246456
246503
246523
246593
246594
246624
246725
246871
246954
247656
247705
247725
247863
247952
248012
248197
248294
248352
248576
248593
248817
248957
248978
249274
249334
249340
249872
250020
250059
250095
250339
250357
250384
250392
250606
250670
250731
250818
250895
250981
251010
251072
251177
251396
251436
251700
251774
251791
251882
251945
251991
252095
252106
252209
252223
252270
252313
252558
252615
252620
252690
253125
253224
253411
253708
253891
253942
253961
253963
253978
254127
254189
254278
254417
254504
254594
254608
254609
254640
254688
254724
254730
254813
254882
255057
255187
255189
255208
255225
255268
255376
255507
255646
255650
255693
255709
255736
256017
256243
256300
256402
256994
257298
257377
257619
257652
257692
258020
258085
258118
258180
258198
258237
258270
258282
258294
258510
258524
258572
258618
258659
258704
258797
258802
258817
258883
258886
259154
259309
259465
259507
259677
259754
259792
260007
260156
260207
260356
260543
260589
260635
260668
260756
260841
260861
260871
260926
260928
260971
260984
261000
261024
261027
261069
261514
261697
261738
262067
262262
262361
262398
262455
262486
262498
262537
262597
262717
262914
262973
263122
263238
263274
263331
263358
263434
263528
263685
263715
263943
264138
264169
264230
264329
264530
264627
264691
264817
264841
264874
264893
265205
265212
265227
265252
265311
265591
265646
265699
265922
266244
266307
266556
266562
266736
266759
266789
266838
266967
267031
267070
267155
267178
267288
267397
267604
267701
267763
267877
267967
268004
268302
268357
268368
268564
268645
268822
268881
269093
269094
269110
269171
269222
269338
269420
269707
269746
269753
269843
269874
269881
270020
270436
270451
270510
270542
270629
270677
270680
270695
270810
271023
271069
271275
271441
271552
271661
271725
271807
271882
272067
272192
272250
272301
272370
272485
272842
272983
273020
273136
273245
273247
273254
273304
273367
273373
273518
273552
273620
273644
273847
273898
273937
274007
274082
274114
274186
274389
274426
274431
274487
274591
274614
274796
274926
275012
275075
275114
275276
275384
275405
275428
275591
275616
275748
275755
275788
275930
276062
276143
276312
276584
276922
277152
277246
277248
277395
277570
277740
277962
278152
278162
278345
278481
278650
278878
278979
278996
279209
279230
279467
279473
279603
279631
279727
279855
280024
280185
280432
280749
280824
280829
281153
281253
281277
281370
281403
281404
281676
281703
281752
282049
282050
282248
282259
282440
282539
282696
282752
283043
283077
283097
283124
283170
283189
283238
283244
283291
283439
283512
283572
283683
283813
283908
283950
284107
284152
284362
284425
284785
284854
284962
285004
285150
285179
285227
285341
285448
285692
285877
285913
285967
286212
286237
286258
286297
286373
286483
286516
286544
286623
286842
286907
286910
287174
287295
287570
287604
287726
288001
288103
288366
288535
288598
288688
288726
288917
289320
289432
289487
289507
289579
289598
289667
289866
289968
290082
290143
290202
290220
290380
290447
290876
290906
291000
291083
291250
291271
291274
291327
291383
291478
291629
291701
291938
291980
292049
292071
292082
292089
292130
292224
292301
292582
292601
292673
292817
292851
292996
293093
293114
293121
293138
293191
293285
293399
293456
293683
293731
293939
294055
294064
294281
294365
294462
294743
294803
295035
295049
295161
295200
295325
295428
295573
295628
295670
295674
295680
296001
296276
296462
296560
296579
296701
296816
296906
296914
296979
297076
297231
297240
297381
297469
297573
297638
297801
298114
298117
298141
298163
298200
298238
298408
298425
298439
298482
298513
298518
298537
298860
298914
299038
299052
299079
299291
299617
299641
299664
299856
299960
300076
300218
300435
300510
300600
301296
301463
301583
301642
301813
301878
302092
302144
302252
302288
302301
302371
302440
302622
302631
302683
302742
303017
303058
303225
303242
303282
303420
303543
303590
303669
303671
303865
303881
303943
304137
304279
304301
304535
304576
304586
304648
304799
304808
304853
305081
305084
305183
305252
305359
305600
305667
305866
305895
305950
306014
306031
306083
306202
306230
306584
306596
306604
306737
306922
307009
307020
307036
307196
307225
307544
307635
307777
307984
308017
308194
308294
308333
308407
308424
308502
308508
308562
308597
308628
308639
308732
308808
309063
309249
309267
309273
309754
309785
309822
309856
309864
309923
310160
310375
310727
310753
310863
310891
310962
311056
311067
311105
311163
311473
311809
311959
312089
312384
312414
312416
312436
312614
312829
312837
312873
312900
312941
312951
313090
313247
313427
313471
313611
313643
313889
313990
314103
314267
314401
314423
314528
314604
314654
314796
314922
315043
315098
315164
315188
315483
315507
315603
315627
315648
315789
316008
316086
316240
316308
316367
316380
316404
316581
316607
316620
316780
316888
317312
317326
317437
317451
317759
317763
317830
317977
317999
318092
318101
318125
318568
318626
318856
319050
319090
319192
319213
319351
319392
319412
319656
319764
319945
320014
320025
320127
320240
320282
320290
320442
320464
321010
321027
321038
321189
321375
321385
321500
321866
321992
322064
322087
322148
322532
322583
322585
322603
322668
322676
322767
322768
322881
322957
323135
323223
323227
323386
323491
323494
323522
323897
323911
323914
323930
324067
324151
324161
324239
324260
324319
324434
324642
324900
324973
325012
325270
325400
325435
325512
325774
325855
326011
326021
326032
326074
326166
326351
326464
326492
326607
326685
326711
326740
326909
326984
327057
327144
327294
327367
327545
327593
327680
328110
328180
328195
328427
328487
328497
328655
328678
328747
328883
328889
328972
329084
329110
329197
329297
329328
329454
329546
329607
329647
329884
329889
330071
330183
330272
330294
330404
330510
330563
330667
330670
330674
330708
330880
331023
331257
331281
331300
331363
331625
331798
331807
331892
332291
332439
332541
332550
332723
332886
332948
333084
333264
333568
333684
333832
334117
334163
334194
334228
334239
334414
334624
334727
334887
334966
335018
335040
335152
335243
335303
335410
335568
335577
335667
335739
335740
335853
335901
336075
336136
336145
336166
336214
336301
336464
336583
336635
336667
336689
336696
336772
336838
336951
337070
337230
337501
337506
337531
338249
338297
338360
338369
338427
338467
338475
338509
338551
338675
338725
338815
338819
339010
339051
339117
339124
339234
339270
339546
339624
339678
339775
339985
340095
340202
340387
340669
340799
340833
340878
340910
341013
341097
341190
341237
341371
341453
341590
341647
341805
341822
342113
342126
342138
342330
342420
342453
342573
342575
342926
342951
342982
343306
343450
343547
343874
344186
344211
344397
344416
344426
344668
344959
345046
345074
345210
345366
345497
346088
346321
346350
346359
346572
346842
346948
347036
347327
347364
347369
347433
347523
347583
347730
347736
347748
347903
347951
348057
348270
348321
348336
348431
348564
348570
348572
348578
348824
348910
348927
348939
349018
349035
349081
349144
349172
349218
349366
349487
349520
349546
349627
349755
349827
349925
350045
350148
350152
350361
350412
350702
350704
350760
350870
350874
351016
351104
351219
351267
351358
351419
351524
351528
351642
351687
351851
352009
352041
352063
352098
352212
352507
352782
352909
353069
353090
353163
353239
353316
353329
353579
353627
353673
353703
353727
353797
353860
354044
354094
354128
354149
354238
354268
354276
354310
354318
354382
354447
354582
354695
354734
354810
355130
355698
355758
356022
356241
356273
356436
356504
356642
356891
356895
356936
356992
356994
357072
357226
357291
357433
357444
357649
357663
357668
357707
357725
357812
357915
358370
358460
358481
358732
358767
358885
359265
359506
359560
359597
359751
359835
360098
360220
360334
360354
360466
360520
360600
360614
360718
360988
361106
361225
361536
361601
361648
361718
362001
362087
362130
362293
362316
362775
362788
362963
363068
363224
363257
363271
363370
363438
363505
363601
363633
363648
363828
364078
364126
364257
364267
364281
364396
364455
364687
364694
364701
364983
365007
365063
365193
365205
365427
365466
365612
365733
365767
365896
365965
366152
366211
366229
366325
366477
366497
366670
366868
367027
367037
367057
367221
367242
367270
367319
367647
367802
367815
367976
368112
368200
368216
368223
368288
368291
368297
368365
368540
368635
368684
368871
368990
369071
369090
369112
369313
369380
369462
369573
369644
369654
369796
369877
369923
370053
370340
370446
370536
370757
370842
370862
371273
371289
371367
371461
371503
371650
371732
371741
371791
371801
371837
371849
371917
371918
372146
372176
372254
372287
372454
372523
372579
372743
372774
372860
373151
373238
373523
373775
374029
374323
374382
374416
374556
374637
374639
374640
374656
374781
374984
375115
375141
375243
375373
375423
375433
375444
375509
375589
375663
375685
375730
375796
375805
375913
375995
376249
376261
376291
376513
376529
376587
376682
376752
376948
377027
377080
377263
377478
377636
377812
377921
377980
377982
378056
378062
378391
378466
378473
378647
378796
378937
378946
378989
379001
379002
379052
379079
379125
379164
379293
379457
379677
379709
379745
379749
379793
379794
379800
379866
380098
380126
380217
380585
380794
380822
380936
381090
381228
381295
381458
381471
381589
381592
381598
381808
381873
382174
382210
382325
382372
382605
382611
382788
382794
382830
383054
383102
383125
383196
383311
383320
383527
383783
383980
384089
384096
384141
384206
384292
384551
384672
384943
385092
385104
385356
385638
385753
385818
385922
385994
386034
386124
386212
386234
386334
386459
386667
386835
386932
387088
387160
387175
387362
387459
387498
387731
387824
387842
388236
388382
388401
388536
388597
388643
388670
388714
388733
388758
388968
388970
388996
389152
389161
389238
389316
389336
389360
389375
389406
389607
389634
389963
390008
390029
390089
390101
390105
390272
390311
390356
390774
390932
391042
391075
391099
391109
391228
391562
391630
391709
391794
392061
392062
392148
392195
392238
392248
392272
392381
392564
392643
392717
392757
392794
392812
392998
393095
393326
393490
393601
393629
393839
393887
393936
394040
394212
394255
394516
394671
394757
394809
394900
395087
395157
395205
395209
395310
395315
395397
395451
395462
395481
395701
395874
395947
396090
396137
396397
396493
396647
396657
396748
396793
396827
396852
396941
397040
397314
397559
397723
397866
397945
398049
398131
398166
398356
398433
398466
398516
398528
398599
398722
398898
398899
398911
399092
399203
399232
399242
399303
399315
399450
399459
399621
399725
399763
399858
399945
400453
400544
400581
400602
400653
400983
400992
401004
401018
401056
401612
401689
402033
402043
402058
402218
402268
402317
402370
402387
402533
402544
402754
402829
403069
403282
403356
403462
403527
403548
403567
403591
403607
403702
403831
404208
404346
404508
404515
404584
404603
404993
405170
405194
405284
405296
405330
405347
405443
405629
405714
405724
405744
405826
405833
406117
406183
406271
406451
406459
406472
406555
406715
406787
406826
406887
406922
407019
407044
407079
407111
407130
407135
407170
407202
407218
407374
407613
407688
407865
407951
408195
408511
408949
409061
409084
409327
409348
409437
409913
410633
410661
410737
410759
410888
410962
411081
411084
411192
411264
411438
411494
411507
411638
411719
411840
411925
411950
412076
412156
412158
412659
412667
412833
412963
413031
413070
413200
413409
413538
413572
413623
413676
413690
413723
413790
413947
413977
414019
414099
414156
414194
414203
414367
414397
414457
414468
414571
414794
414880
415042
415111
415177
415316
415333
415399
415403
415450
415943
415978
416036
416459
416613
416682
416695
416705
416708
416789
416952
417053
417095
417172
417271
417284
417335
417703
417734
417780
417827
417830
417883
417981
418086
418364
418366
418483
418569
418584
418629
418744
418767
418813
419042
419115
419145
419160
419173
419195
419229
419299
419396
419466
419515
419528
419529
419572
419580
419689
419950
420144
420198
420217
420407
420556
420728
420838
420856
421035
421273
421308
421365
421551
421583
421668
421774
421871
421941
421952
422541
422550
422559
422567
422656
422687
422764
422816
422819
422995
423058
423123
423126
423182
423412
423455
423615
423708
423773
423788
423815
423826
423870
423959
423987
424011
424048
424075
424173
424226
424362
424579
424808
424848
424902
425029
425397
425472
425479
425622
425637
425718
425761
426099
426305
426328
426427
426579
426741
426808
426840
426932
427228
427258
427385
427460
427491
427575
427612
427665
427706
427761
427890
427977
428007
428197
428255
428377
428406
428472
428516
428616
428711
428726
428849
428867
429008
429562
429596
429627
429643
429773
429775
429882
429919
430079
430087
430215
430310
430390
430802
430853
431033
431068
431075
431088
431181
431241
431290
431567
431571
431575
431722
431723
431774
431915
431940
432126
432199
432210
432396
432483
432558
432561
432685
432732
432796
432852
432870
433136
433199
433318
433378
433531
433583
433595
433620
433656
433700
433742
433800
433855
433947
434239
434368
434460
434488
434515
434690
434981
434989
435387
435424
435530
435612
435713
435843
435949
435950
436052
436169
436183
436197
436373
436431
436602
436783
436801
436807
436981
437045
437073
437329
437380
437454
437526
437618
437715
437800
438026
438090
438361
438647
438659
438773
438783
438839
439001
439147
439209
439372
439393
439406
439475
439574
439989
440032
440043
440177
440431
440436
440598
440761
440950
441024
441047
441048
441212
441435
441480
441546
441661
441873
441935
441940
442008
442027
442055
442221
442296
442449
442665
442702
442833
442844
442903
442909
443506
443728
444113
444132
444142
444325
444357
444408
444419
444477
444496
444542
444660
444681
445010
445176
445311
445594
445865
445873
445979
445999
446183
446262
446284
446531
446556
446580
446650
446716
446762
446822
446839
446857
446878
446910
447320
447401
447481
447595
447659
447794
448013
448123
448151
448154
448374
448547
448618
448673
448733
448824
448927
449163
449173
449312
449315
449345
449501
449512
449581
449608
449645
450039
450074
450183
450483
450721
450767
450820
450869
450906
450911
450919
450939
450941
450997
451244
451302
451351
451579
452019
452159
452258
452723
452968
452976
453060
453063
453870
453876
454135
454184
454193
454314
454392
454483
454567
454678
454787
454963
455040
455123
455265
455342
455419
455924
455954
456058
456300
456633
456699
456809
456950
456961
457032
457218
457428
457548
457578
457700
457743
457785
457830
457854
457863
457930
457961
457986
458027
458215
458266
458288
458513
458580
458628
458632
458655
458742
458953
459052
459135
459213
459220
459275
459369
459375
459465
459504
459537
459558
459696
459921
460009
460119
460376
460400
460413
460425
460493
460522
460574
460614
460819
460867
460942
461025
461181
461289
461301
461453
461464
461506
461534
461569
461891
461968
461970
462298
462324
462373
462550
462594
462745
462817
462863
462868
462948
462957
463182
463253
463324
463448
463514
463570
463633
463878
464016
464226
464443
464524
464547
464582
464726
464749
465031
465099
465424
465427
465482
465498
465516
465668
465932
465968
465975
466051
466052
466108
466121
466299
466352
466534
466597
466678
466877
466949
466968
466985
467036
467252
467254
467272
467374
467407
467437
467564
467700
468095
468145
468406
468431
468582
468687
468747
468844
468911
468963
468972
469002
469111
469144
469199
469227
469313
469347
469615
469738
469743
469766
469784
469911
469994
470067
470245
470293
470463
470627
470937
470969
471135
471195
471216
471367
471379
471447
471526
472019
472198
472268
472290
472302
472409
472430
472513
472687
472761
472833
472972
473086
473125
473134
473169
473287
473438
473751
473834
473982
474276
474331
474335
474486
474499
474511
474543
474556
474601
474658
474809
474948
475001
475099
475117
475158
475449
475529
475602
475658
475906
476045
476053
476074
476122
476249
476255
476341
476508
476969
477065
477108
477253
477315
477403
477568
477783
477784
477841
477844
478037
478072
478132
478274
478565
478650
478724
478755
478817
478976
479152
479244
479358
479459
479570
479719
479787
479869
479971
480028
480046
480077
480085
480092
480126
480127
480264
480462
480639
480744
480779
480787
480797
480996
481000
481243
481288
481359
481453
481455
481538
481562
481696
481710
481721
481759
481867
481910
482022
482147
482192
482430
482440
482475
483021
483068
483563
483721
483787
483789
483826
484147
484220
484225
484245
484275
484286
484425
484440
484529
484764
484834
484895
485078
485197
485279
485445
485472
485677
485765
485814
485834
485948
485970
486074
486148
486172
486196
486230
486280
486459
486472
486486
486560
486643
486749
486860
486979
487007
487033
487417
487565
487576
487693
487703
487976
488058
488170
488209
488227
488299
488472
488532
488741
488761
488786
489030
489034
489293
489369
489467
489496
489574
489618
489655
489680
489725
489909
490027
490066
490099
490108
490170
490408
490490
490630
490764
490849
490972
491092
491175
491237
491255
491352
491572
491603
491791
491806
491910
492383
492389
492558
492568
493066
493105
493274
493358
493409
493499
493734
493818
493958
494003
494247
494293
494804
494811
494826
494968
495006
495107
495197
495391
495437
495464
495466
495515
495637
495795
495839
495860
496251
496255
496515
496657
496753
496856
497115
497322
497547
497667
497677
497782
497815
497825
498127
498147
498168
498341
498381
498571
498592
498634
498746
498962
499099
499462
499516
499625
499777
499779
499817
500040
500061
500163
500195
500295
500468
500521
500611
500838
500894
500959
500971
501071
501088
501608
501742
502023
502039
502137
502153
502216
502280
502381
502528
502631
502647
502658
502904
502929
503258
503270
503406
503501
503712
504008
504298
504308
504562
504670
504690
504781
504928
505052
505194
505241
505345
505364
505510
505581
505609
505801
505913
505914
505952
506071
506095
506126
506150
506172
506224
506271
506355
506684
506754
506777
507075
507138
507141
507341
507554
507586
507695
507768
507782
507906
507931
508056
508194
508231
508383
508445
508508
508605
509040
509058
509102
509121
509190
509237
509295
509437
509479
509516
509548
509696
509702
509869
510171
510470
510479
510581
510815
510858
510873
510931
511037
511105
511146
511198
511259
511427
511492
511510
511511
511555
511665
511692
511836
512064
512077
512322
512344
512585
512604
512739
512745
512779
513040
513059
513123
513183
513208
513245
513434
513533
513557
513581
513666
513735
513836
513867
513874
513890
513919
514008
514086
514217
514227
514250
514348
514429
514522
514727
514746
515181
515268
515373
515388
515420
515632
515673
515712
515742
515756
515805
515875
515891
516008
516085
516216
516269
516331
516333
516420
516454
516513
516747
516766
516910
516999
517007
517062
517187
517302
517335
517344
517432
517434
517485
517603
517615
517623
517919
518045
518120
518262
518332
518696
518709
518799
518858
518928
519058
519063
519368
519541
519579
519629
519763
519794
519893
519902
519921
519943
520099
520185
520209
520277
520374
520388
520429
520651
520696
520782
521025
521044
521079
521681
521866
521889
521987
522119
522129
522171
522340
522445
522481
522552
522608
522615
522624
522626
522640
522726
522761
522803
522836
522873
522945
523339
523567
523639
523686
523732
523793
523872
523887
523989
524030
524047
524059
524156
524254
524278
524313
524770
524790
524847
524956
525377
525392
525541
525616
525689
525698
525700
526028
526082
526242
526345
526381
526522
526553
526589
526660
526690
526881
527048
527195
527291
527298
527314
527696
527705
527718
527950
528185
528240
528261
528544
528774
528892
529336
529399
529426
529891
530292
530299
530360
530446
530713
530976
530997
531040
531070
531140
531210
531226
531520
531749
531776
531979
532028
532163
532226
532443
532571
532586
532611
532634
532769
532979
532988
533043
533066
533121
533169
533286
533313
533468
533501
533746
533748
533801
533811
533855
534057
534160
534254
534405
534620
534683
534699
534706
534823
534973
534984
535042
535279
535369
535391
535597
535731
535922
535953
536042
536052
536094
536098
536102
536138
536228
536354
536381
536611
536618
536795
536865
536906
537011
537084
537221
537269
537275
537315
537670
537977
538023
538115
538228
538287
538401
538430
538504
538511
538594
538724
538840
538940
538976
539019
539038
539076
539199
539231
539246
539272
539376
539422
539563
539748
539840
540135
540187
540286
540377
540396
540613
540773
540824
540891
540895
540922
541034
541089
541390
541590
541736
541749
541954
541969
542111
542162
542177
542393
542427
542521
542530
542698
543109
543119
543239
543373
543407
543418
543531
543573
543701
543831
543905
544204
544206
544290
544300
544402
544440
544496
544844
544902
544961
545007
545170
545208
545263
545416
545427
545462
545481
545526
545726
545729
545809
545870
545880
545982
546063
546163
546247
546294
546303
546376
546518
546615
546761
547017
547111
547201
547463
547486
547521
547534
547775
547804
547824
547889
547902
548093
548136
548352
548434
548528
548559
548760
548851
548922
549167
549190
549397
549527
549602
549631
549665
549692
549694
549717
549848
549919
549934
550206
550244
550246
550340
550408
550521
550656
550766
550850
550908
551125
551155
551182
551234
551332
551388
551462
551592
551605
551660
551684
551695
551843
551894
551979
552044
552147
552168
552188
552189
552230
552251
552318
552411
552412
552857
552957
553027
553045
553046
553162
553235
553237
553367
553387
553445
553705
553987
554003
554178
554227
554255
554442
554549
554587
554621
554976
554997
555352
555585
555789
555894
555925
555938
555969
555973
555976
556026
556197
556373
556674
556743
556811
556883
556925
557072
557113
557150
557166
557280
557326
557476
557514
557705
557771
557839
557981
557987
557990
558173
558330
558529
558573
558616
558634
558728
558732
558795
559057
559079
559142
559382
559406
559443
559539
559624
559911
559945
560106
560172
560232
560303
560305
560421
560442
560495
560564
560770
560876
560912
561086
561112
561132
561475
561797
562044
562112
562144
562424
562482
562647
562703
562835
562903
562971
563066
563128
563255
563278
563353
563396
563483
563501
563563
563693
563725
563913
563958
563962
564073
564252
564301
564305
564312
564342
564752
564813
565069
565110
565145
565242
565282
565679
565756
565866
565979
565986
566051
566161
566165
566203
566276
566284
566351
566370
566432
566647
567057
567112
567127
567138
567155
567258
567405
567473
567579
567619
567699
567766
567839
568007
568248
568280
568336
568397
568499
568547
568662
568885
568950
568992
569016
569193
569220
569288
569351
569484
569630
569643
569698
569750
569898
570069
570100
570143
570286
570379
570499
570526
570612
570631
570658
570667
570671
570795
570844
570989
571179
571203
571589
571773
571851
571877
571880
572047
572222
572245
572246
572351
572426
572463
572469
572560
572565
572623
572833
573071
573156
573459
573486
573787
573841
573858
573905
573977
573992
574012
574228
574321
574392
574431
574443
574527
574559
574652
574656
574896
574904
574999
575173
575304
575330
575418
575462
575505
575536
575546
575581
575620
575727
575745
575746
575819
575909
575948
576038
576173
576187
576246
576290
576367
576372
576563
576622
576655
576700
576703
576720
576826
576929
577182
577218
577364
577484
577610
577783
578192
578196
578293
578440
578593
578684
578764
578986
579083
579147
579226
579324
579468
579520
579576
580181
580342
580506
580538
580883
580895
580922
580944
580964
580977
581016
581040
581178
581250
581417
581485
581570
581648
582228
582237
582605
583067
583308
583310
583662
583774
583832
583891
583959
584020
584049
584181
584267
584271
584425
584427
584526
584702
584789
584795
584847
584906
584950
584958
584980
585201
585390
585591
585650
586029
586036
586092
586128
586177
586203
586296
586469
586600
586690
586749
586759
586902
586929
587065
587068
587079
587184
587282
587376
587494
587566
587748
587792
587876
588069
588087
588095
588195
588274
588307
588354
588391
588483
588862
589013
589024
589030
589120
589146
589204
589208
589237
589246
589352
589483
589533
589637
589732
589805
589916
589966
590044
590134
590161
590186
590463
590597
590602
590719
590828
590838
590918
590957
591011
591148
591170
591250
591373
591387
591408
591438
591826
591883
591884
591897
591943
591973
592298
592494
592506
592509
592631
592862
592892
593009
593063
593064
593263
593370
593601
593608
593640
593646
593682
593797
593837
594030
594069
594203
594213
594498
594935
594983
595020
595049
595212
595225
595266
595387
595502
595536
596006
596007
596021
596218
596326
596439
596654
596762
596813
596849
596972
597012
597113
597207
597240
597733
597745
597849
597936
597980
598031
598191
598375
598634
598663
598755
598775
598788
598900
599032
599146
599156
599214
599529
599732
599895
599913
599963
599971
600047
600131
600271
600321
600323
600360
600679
600687
600887
600950
600963
600984
601071
601108
601112
601202
601268
601306
601321
601370
601464
601573
601598
601648
601891
601904
602024
602383
602471
602558
602562
602626
602777
602819
602947
602991
603015
603051
603080
603098
603500
603518
603717
603940
604013
604072
604221
604237
604596
604606
604820
604860
604885
605013
605282
605581
605678
605695
605855
605959
605966
605990
606095
606250
606264
606325
606338
606411
606486
606589
606767
606918
607052
607367
607416
607515
607670
607696
607770
607914
607976
608059
608400
608501
608679
608726
608776
608814
609018
609026
609071
609138
609192
609246
609498
609526
609704
609937
609978
610111
610337
610449
610580
610736
610744
610752
610780
610819
610870
611234
611254
611357
611482
611655
611665
611726
611835
611858
611923
612024
612126
612147
612355
612439
612442
612449
612498
612640
612660
612737
612886
612959
613179
613197
613407
613474
613573
613632
613781
613846
613982
613986
614060
614062
614154
614178
614585
614592
614799
614902
614908
615078
615099
615238
615387
615579
615729
615906
615939
616056
616078
616173
616455
616460
616654
616672
616680
616732
616877
616896
617004
617073
617093
617148
617303
617448
617480
617732
617906
617937
618130
618318
618355
618432
618559
618638
618663
618802
618810
618946
619051
619076
619394
619406
619420
619757
619775
619854
619932
620095
620109
620128
620188
620284
620392
620416
620441
620612
620628
620636
620647
620657
620695
620755
620803
620851
620864
620968
621009
621031
621058
621182
621441
621506
621563
622037
622065
622072
622094
622192
622347
622573
622832
623092
623115
623176
623321
623350
623390
623417
623420
623427
623492
623622
623663
623669
623695
623930
623958
624099
624318
624404
624672
624741
624866
624913
624915
625139
625175
625287
625336
625348
625388
625565
625601
625767
625919
626153
626170
626277
626289
626428
626450
626452
626459
626641
626759
626825
626896
626952
626989
627115
627118
627131
627143
627381
627434
627468
627605
627691
627738
627886
627924
627973
628196
628362
628469
628487
628624
628639
628690
628765
628817
628916
629254
629260
629298
629327
629448
629471
629518
629593
629737
629769
629772
629805
629915
629946
630105
630118
630136
630137
630193
630394
630473
630481
630567
630569
630598
630730
630735
630771
630852
630941
631006
631015
631026
631092
631180
631221
631303
631326
631530
631575
631586
631755
631788
632023
632025
632098
632264
632561
632757
632849
632920
633269
633284
633404
633550
633552
633579
633661
633868
634025
634066
634075
634159
634241
634296
634387
634444
634445
634464
634473
634494
634511
634553
634609
634847
634857
635033
635188
635190
635279
635408
635470
635517
635524
635774
635821
635913
636034
636165
636195
636205
636298
636380
636495
636513
636607
636680
636723
636871
636884
636893
636958
637016
637042
637112
637233
637278
637300
637362
637400
637477
637513
637660
637970
638030
638062
638181
638659
638775
638883
638909
639038
639074
639118
639159
639247
639360
639407
639439
639487
640118
640161
640190
640296
640416
640449
640476
640647
640691
640791
640980
641122
641177
641292
641386
641415
641486
641673
641712
641774
641777
641876
642060
642107
642269
642607
642643
642743
642798
642799
642804
642890
643042
643074
643223
643360
643436
643445
643511
643585
643621
643725
643962
644051
644324
644423
644554
644637
644876
645050
645181
645415
645438
645468
645488
645552
645627
645648
645675
645691
645703
645833
645900
645932
646137
646232
646289
646419
646660
646870
647043
647233
647378
647760
647803
647888
647902
648250
648393
648418
648439
648604
648795
648837
648890
649152
649207
649275
649347
649372
649513
649574
649592
649707
649767
649847
649868
649894
650276
650435
650451
650614
650700
650708
650900
650950
651241
651262
651354
651557
651591
651601
651670
651803
651988
652023
652035
652074
652084
652103
652140
652280
652400
652598
652697
652796
652978
653210
653247
653349
653410
653416
653429
653527
653603
653609
653738
654128
654216
654611
654624
654635
654753
654937
654984
654994
655035
655061
655136
655247
655420
655504
655515
655657
655692
655693
655716
656170
656336
656627
656963
656988
657032
657080
657163
657209
657523
657613
657800
657870
657877
657999
658017
658226
658299
658306
658394
658408
658453
658463
658493
658640
658681
658776
658826
658927
658971
658997
659017
659022
659051
659150
659225
659288
659418
659513
659555
659743
659813
659908
659940
659953
659965
660072
660087
660119
660255
660317
660340
660417
660418
660569
660703
661126
661158
661173
661351
661355
661511
661538
661607
661633
661660
661753
661898
662162
662268
662336
662993
663086
663154
663328
663336
663425
663441
663490
663579
663866
663970
664000
664063
664403
664457
664661
664849
664894
664950
665066
665137
665251
665307
665315
665343
665564
665697
665727
665751
665846
665909
666350
666468
666841
666901
667148
667211
667256
667276
667281
667453
667576
667639
667715
667763
667825
667830
668508
668602
668681
668775
668971
668972
669099
669300
669560
669645
669653
669748
669805
669858
669876
669880
669988
670076
670085
670378
670534
670679
670752
670850
671112
671231
671295
671508
671723
671914
671966
672107
672261
672414
672597
672877
672967
673035
673115
673133
673162
673721
673775
673827
673828
673854
673956
673959
673975
674176
674263
674273
674296
674346
674509
674677
674679
674705
674732
674736
674766
674929
674943
674972
675253
675286
675298
675487
675746
676053
676245
676592
676613
676927
677026
677476
677493
677787
677891
677932
677956
678190
678206
678219
678406
678456
678489
678578
678700
678715
678810
678816
678992
679103
679130
679185
679264
679392
680009
680386
680518
680535
680613
680642
680716
681145
681158
681163
681164
681208
681265
681282
681555
681579
681600
681673
681708
681763
681880
681907
682140
682334
682387
682391
682439
682487
682628
682850
682883
683117
683143
683220
683273
683366
683485
683506
683578
683595
683750
683815
683891
683953
684136
684284
684630
684635
684968
685099
685150
685347
685354
685476
685503
685576
685597
685640
685839
685959
686000
686165
686283
686377
686391
686776
686815
686889
686957
687012
687137
687200
687385
687493
687663
687839
687898
687930
687949
687986
688025
688112
688134
688347
688396
688400
688415
688420
688480
688559
688564
688594
688747
688766
688790
688846
688953
689011
689225
689227
689369
689373
689485
689525
689628
689831
689916
690010
690081
690085
690233
690312
690819
690905
690957
691146
691205
691355
691598
691782
691926
692061
692112
692357
692449
692546
692677
692729
692731
692759
693153
693195
693233
693353
693380
693564
693769
693817
693905
693926
694015
694099
694117
694405
694419
694672
694770
694821
694857
694952
694961
695013
695098
695473
695484
695600
695621
695785
695816
695916
695945
695956
696030
696057
696076
696084
696142
696173
696180
696201
696261
696283
696306
696390
696430
696458
696513
696637
696699
696792
696974
697137
697319
697378
697404
697511
697529
697864
697922
698000
698291
698419
698836
698913
698947
698980
699219
699308
699328
699460
699898
700180
700254
700473
700477
700676
701172
701212
701332
701564
701721
701748
701822
701832
701918
701983
702002
702054
702254
702353
702371
702388
702431
702610
702728
702763
703286
703315
703316
703433
703482
703579
703661
703743
703904
703956
704017
704033
704138
704339
704384
704516
704527
704557
704599
704616
705036
705268
705346
705402
705526
705563
705614
705650
705687
705853
705981
706008
706052
706082
706125
706350
706408
706432
706506
706516
706659
706673
706801
706894
706986
706997
707003
707083
707186
707336
707458
707554
707570
707625
707676
707919
708262
708431
708441
708559
708611
708627
708631
708684
708801
708881
708902
709000
709066
709366
709391
709607
709818
709920
709930
710160
710272
710328
710387
710447
710456
710458
710523
710649
710653
710864
710972
710989
711144
711274
711467
711476
711513
711540
711831
711835
711911
711975
711976
712219
712462
712551
712571
712768
712778
712805
712839
712934
712939
712952
712994
713001
713031
713092
713310
713410
713442
713472
713600
713676
713760
713842
714010
714141
714155
714187
714245
714262
714269
714297
714521
714673
714749
714917
714922
714940
715226
715295
715447
715712
715750
715781
715801
715809
715952
716104
716259
716411
716414
716425
716500
716747
716768
716792
717212
717475
717480
717560
717688
717708
717709
718021
718029
718101
718225
718241
718470
718520
718614
718633
718647
718761
718778
718816
718871
718895
719087
719179
719327
719450
719791
719959
720083
720182
720316
720548
720727
721109
721133
721679
721738
721851
721970
722139
722207
722525
722566
722668
722692
722774
722852
723094
723248
723293
723305
723332
723351
723464
723468
723640
723828
723927
723952
724020
724159
724249
724582
724691
724950
725048
725085
725093
725098
725173
725278
725312
725344
725347
725422
725658
725761
725859
725894
725939
725973
726147
726238
726394
726591
726607
726662
726765
726948
727144
727170
727242
727529
727768
727787
727803
727868
727899
727998
728048
728071
728082
728126
728144
728192
728292
728487
728542
728906
728999
729142
729171
729188
729192
729242
729310
729333
729361
729378
729617
729674
729749
729832
729880
730053
730089
730099
730318
730326
730596
730601
730647
730677
730709
730719
730778
730977
731109
731427
731522
731535
731577
731584
731588
731706
731750
731797
731810
731821
732252
732289
732362
732434
732547
732587
732643
732668
732724
733540
733723
733778
733916
733920
733922
734324
734416
734695
734740
734860
735009
735240
735310
735336
735344
735597
735662
735711
735778
735930
735982
736015
736160
736189
736283
736322
736558
736810
736864
736874
737396
737593
737602
737608
737651
737988
738062
738283
738321
738354
738397
738420
738648
738936
739028
739040
739279
739409
739681
739771
739859
740129
740214
740223
740402
740628
740925
740944
740999
741004
741182
741564
741604
741675
741722
741789
741832
741952
741958
741982
742010
742085
742164
742359
742370
742575
742964
743071
743174
743404
743462
743477
743480
743648
743677
743725
743847
743878
743896
744061
744074
744432
744480
744566
744568
744569
744857
745143
745280
745514
745655
745978
746044
746051
746314
746345
746574
746611
746618
746722
746766
747062
747075
747092
747103
747220
747274
747293
747374
747544
747685
747735
747805
747841
747891
748109
748111
748307
748427
748515
748606
748632
748650
748764
748851
748908
748936
748954
748969
749125
749273
749508
749737
749749
749980
750016
750043
750107
750281
750579
750606
750742
750829
750843
750848
750892
750975
751153
751328
751337
751556
751580
751599
751615
751977
752009
752202
752280
752300
752370
752412
752516
752518
752525
752551
752567
752616
752642
753033
753175
753294
753474
753573
753641
753757
753909
753941
754061
754070
754075
754310
754333
754377
754441
754487
755014
755045
755211
755231
755354
755537
755583
755629
755786
755962
755971
756054
756144
756221
756230
756364
756369
756449
756457
756637
756680
756705
757126
757171
757372
757389
757560
757679
757757
757848
757871
758020
758062
758103
758118
758214
758269
758339
758389
758427
758465
758733
758773
758838
758952
759119
759217
759418
759473
759533
759574
759689
759709
759831
759910
759952
760144
760180
760231
760373
760475
760596
760606
760626
760636
760772
760840
761053
761164
761191
761379
761428
761512
761559
761642
761851
761859
761915
762204
762223
762238
762395
762546
762671
762704
762726
762731
762767
762814
762847
762931
762997
763135
763233
763387
763424
763434
763449
763575
763820
764211
764266
764465
764630
764651
764730
764820
764836
764839
765007
765048
765359
765389
765417
765499
765514
765725
766198
766253
766355
766397
766464
766480
766502
766987
767156
767214
767217
767250
767312
767502
767536
767537
767654
767702
767793
767879
768184
768219
768385
768528
768565
768595
768671
768688
768826
768846
768971
769059
769336
769665
769783
769833
769842
769854
769863
769952
769957
769981
770074
770148
770177
770221
770327
770397
770430
770498
770587
770745
770852
771104
771179
771553
771614
771679
771717
772015
772096
772270
772318
772395
772423
772762
772771
772825
772890
772999
773042
773074
773122
773399
773418
773442
773462
773506
773580
773622
773651
773710
773781
773787
773871
773896
774194
774321
774350
774499
774750
774821
774824
774839
774861
774868
774871
774969
774995
775027
775404
775617
775943
775966
775985
776114
776165
776190
776632
776655
776672
776700
776718
776951
777025
777313
777385
777393
777413
777810
777831
777976
778000
778037
778177
778387
778457
778572
778590
778842
778946
778953
779088
779194
779277
779320
779659
779678
779884
779944
779945
779950
780015
780086
780092
780123
780207
780259
780405
780502
780752
780874
780966
780973
781014
781034
781046
781101
781123
781140
781245
781343
781422
781555
781716
781914
781986
781998
782051
782134
782198
782209
782256
782268
782543
782552
782558
782884
782897
782986
783125
783320
783376
783481
783497
783540
783840
784194
784271
784348
784377
784403
784604
784613
784677
784690
784693
784796
785013
785187
785263
785380
785487
785720
785835
785860
785899
786052
786081
786147
786222
786296
786301
786334
786437
786446
786459
786475
786530
787035
787088
787312
787337
787416
787465
787647
787725
787910
787935
788017
788070
788316
788402
788443
788458
788480
788533
788583
788628
788717
788801
789252
789262
789341
789422
789462
789784
789796
789943
789961
790072
790082
790126
790262
790298
790592
790607
790783
790799
790875
790977
791239
791494
791530
791603
791726
792138
792217
792262
792516
792576
792590
792620
792706
792752
792768
792874
792917
793162
793262
793297
793414
793420
793446
793519
794007
794374
794424
794438
794601
794645
794648
795005
795070
795108
795286
795397
795443
795685
795713
795773
795790
795864
796080
796137
796191
796284
796375
796558
796563
796564
796675
796820
796945
797090
797099
797108
797211
797234
797266
797434
797550
797833
797858
798100
798105
798184
798255
798367
798395
798498
798552
798556
798615
798642
798724
798734
798848
799058
799246
799249
799610
799699
800107
800351
800436
800510
800723
800833
800848
800919
801103
801106
801137
801252
801376
801377
801613
801746
801832
801931
802031
802244
802289
802314
802469
802617
802690
802929
802933
802968
803164
803203
803290
803496
803549
803659
803809
803834
803889
804026
804078
804228
804578
804624
804761
805165
805268
805357
805418
805590
805686
805711
805996
806149
806202
806234
806244
806421
806432
806517
806657
806687
806703
806752
806766
806787
806871
806909
806962
807156
807278
807406
807579
807641
807834
807865
808008
808092
808148
808610
808662
808739
808879
808979
809051
809113
809265
809402
809465
809747
809807
809880
809919
809942
809994
810017
810197
810428
810458
810460
810484
810506
810552
810611
810655
810756
810853
811101
811126
811142
811145
811157
811172
811194
811229
811240
811419
811427
811451
811525
811710
811756
811953
812096
812133
812217
812306
812331
812421
812670
812793
812795
812799
812999
813011
813071
813153
813164
813181
813219
813233
813315
813354
813525
813677
813680
813698
813790
813816
813962
814281
814351
814400
814409
814553
814785
814994
815054
815167
815195
815212
815260
815289
815342
815588
815591
815633
815702
815793
815927
815962
815983
815988
816233
816290
816506
816537
816898
816906
816918
816952
817032
817050
817315
817474
817673
817734
818082
818084
818120
818283
818385
818519
818602
818726
818757
818778
819032
819050
819167
819786
819899
819916
819944
819960
820043
820077
820081
820089
820221
820253
820279
820314
820323
821010
821035
821133
821347
821588
821716
821870
821960
822214
822266
822365
822504
822508
822565
822739
822858
822985
823121
823364
823404
823668
823678
823934
824011
824061
824090
824156
824168
824350
824456
824542
824550
824602
824666
824751
824791
824807
825048
825057
825068
825202
825567
825581
825971
826050
826071
826220
826273
826446
826582
826587
826670
826680
826771
826775
826864
826962
827019
827145
827181
827378
827458
827493
827507
827587
827853
827962
828016
828215
828272
828340
828434
828580
828695
828737
828796
828968
829149
829192
829209
829270
829671
829730
829867
829899
829951
829974
830042
830095
830243
830362
830417
830422
830432
830550
830762
830792
830858
831078
831229
831273
831296
831410
831430
831508
831711
831868
831939
831983
832186
832242
832421
832971
833014
833088
833273
833286
833349
833451
833659
833660
833857
833868
833870
834267
834368
834463
834640
834833
834919
834989
835025
835198
835217
835360
835403
835406
835443
835698
835830
835874
835938
835957
836097
836139
836183
836276
836498
836630
837090
837096
837139
837208
837252
837253
837307
837409
837504
837545
837636
837650
837821
837885
837926
838149
838226
838307
838376
838391
838399
838433
838492
838669
838827
838833
838963
839006
839059
839067
839072
839214
839524
839726
839753
839755
840108
840247
840499
840547
840566
840691
840721
840765
840918
841134
841290
841349
841541
841553
841631
841853
841915
841947
842017
842027
842051
842062
842119
842192
842215
842490
842558
842654
842655
843117
843134
843335
843682
843765
843992
844356
844378
844418
844456
844474
844603
844691
844799
844818
844870
844921
844947
845061
845131
845186
845206
845579
845586
845883
845985
846002
846118
846318
846490
846513
846684
846933
846998
847017
847209
847309
847328
847542
847711
847754
847805
847826
847912
848079
848123
848225
848277
848351
848371
848401
848424
848449
848734
848826
848959
849178
849201
849274
849325
849354
849457
849596
849968
849970
850016
850025
850155
850162
850293
850320
850346
850639
850718
850808
850954
851022
851065
851122
851208
851255
851299
851426
851841
851860
851863
851915
852244
852288
852494
852580
852674
852746
852988
853122
853144
853159
853259
853303
853343
853440
853533
853553
853609
853682
853991
854027
854180
854313
854420
854644
854732
854895
854913
854987
855098
855336
855388
855392
855478
855497
855583
855614
855844
856103
856564
856577
856710
856923
856964
857005
857039
857150
857441
857473
857500
857515
857520
857555
857615
857724
857828
857934
858077
858114
858122
858162
858191
858330
858524
858614
858721
858765
858831
858885
858897
858984
859168
859173
859295
859358
859374
859445
859521
860095
860291
860420
860494
860536
860564
860674
860836
860848
860874
860919
860986
861100
861155
861413
861440
861554
861606
861608
861852
861888
861897
861974
862001
862032
862193
862266
862515
862576
862597
862657
862666
862685
862702
862715
862747
862765
862787
862807
862823
862893
862924
862932
862977
862983
863212
863281
863372
863467
863522
863691
863792
863793
863841
864001
864088
864204
864457
864496
864522
864541
864596
864604
864656
864747
864850
864868
864869
864881
864916
865018
865050
865378
865785
865793
865841
866211
866256
866480
866624
866700
866809
866904
867092
867108
867135
867197
867349
867362
867535
867582
867592
867645
867698
867724
867849
867858
867917
867928
868215
868246
868305
868306
868630
869015
869027
869130
869173
869841
869881
870035
870043
870070
870071
870157
870167
870196
870264
870413
870584
870603
870609
870693
870766
870771
870920
870942
871077
871102
871301
871308
871692
871994
872054
872098
872229
872304
872342
872398
872411
872431
872502
872583
872640
872646
872943
873087
873406
873588
873598
873606
873607
873704
873748
873959
874006
874096
874100
874369
874417
874546
874865
875039
875056
875075
875171
875232
875571
875600
875867
875891
875939
876091
876149
876202
876378
876428
876877
876893
876942
876973
877053
877060
877118
877367
877407
877441
877555
877670
877845
877863
877884
878038
878222
878562
878582
878616
878670
878683
878779
878823
878865
878887
878901
878961
879007
879083
879147
879201
879382
879904
879988
880141
880146
880695
880964
881132
881257
881335
881341
881454
881481
881503
881546
881580
881597
881835
881881
881927
882081
882137
882168
882259
882340
882463
882524
882559
882776
882841
882846
883011
883198
883255
883464
883777
883878
883928
883934
884124
884154
884173
884195
884423
884456
884528
884562
884630
884644
884712
884717
884897
885020
885237
885242
885247
885282
885295
885299
885310
885441
885442
885461
885561
885596
885724
885786
885919
886153
886329
886683
886746
886771
886859
887212
887214
887237
887289
887330
887510
887653
887864
887927
887996
888021
888096
888228
888469
888485
888530
888681
888693
888695
888721
888756
888866
888867
889104
889181
889198
889292
889441
889540
889854
889877
889901
889931
890006
890027
890054
890079
890093
890162
890196
890230
890254
890517
890788
890951
891102
891204
891331
891506
891535
891571
891632
891744
891795
891826
891931
891953
892155
892311
892388
892511
892533
892552
892741
892789
892855
892856
893075
893109
893193
893403
893408
893437
893493
893568
893751
893879
893885
893889
894086
894195
894356
894456
894545
894712
894758
894858
894875
894898
894963
895030
895082
895193
895294
895591
895739
895816
896305
896829
896890
896902
897065
897177
897304
897376
897562
897595
897613
897684
897921
897994
898027
898070
898139
898147
898196
898266
898311
898318
898362
898397
898446
898492
898730
898768
898892
898969
899078
899201
899478
899500
899547
899693
899759
899883
899937
899944
900069
900166
900167
900185
900208
900223
900695
900751
900799
900810
900914
901086
901093
901342
901347
901442
901536
901567
901575
901758
901943
902083
902522
902553
902710
902818
902993
903248
903267
903314
903321
903386
903454
903679
903753
903903
903982
903986
904072
904248
904295
904305
904349
904373
904383
904477
904524
904741
904783
904812
905017
905057
905146
905213
905324
905466
905778
905975
906075
906088
906126
906231
906243
906400
906463
906634
906849
906882
907219
907471
907676
907754
907761
907794
907840
907851
907890
907915
907963
907965
908230
908251
908423
908470
908510
908569
908612
908877
908894
908908
908954
909011
909026
909057
909338
909646
909832
909909
909941
910036
910227
910253
910264
910423
910470
910574
910756
910777
910886
910990
911001
911075
911287
911334
911574
911625
911695
911906
911958
911985
912054
912089
912129
912198
912296
912310
912414
912498
912502
912517
912552
912658
912700
912815
912873
913074
913083
913197
913289
913343
913500
913563
913586
913628
913646
913663
913717
913769
913898
913936
914114
914157
914171
914191
914272
914285
914486
914581
914604
914671
914692
914852
914998
915210
915316
915381
915432
915443
915543
915578
915707
915776
915851
915928
915955
916036
916100
916500
916541
916888
916889
917039
917119
917131
917203
917211
917238
917301
917310
917558
917595
917641
917659
917726
917802
917834
917884
917923
917945
918027
918230
918258
918718
918845
918851
918954
919008
919225
919264
919386
919427
919492
919506
919586
919658
919717
919719
919738
920127
920128
920145
920306
920309
920468
920649
920818
920891
920904
920917
921053
921108
921267
921354
921371
921566
921576
921619
921748
921761
921855
921889
922194
922195
922286
922328
922438
922598
922607
922709
922905
922928
922955
922961
922969
923004
923148
923220
923231
923272
923286
923306
923443
923472
923888
924174
924333
924345
924378
924380
924482
924510
924577
924587
924594
924674
924845
924863
924913
925005
925099
925361
925560
925661
925701
925797
925892
926099
926195
926273
926312
926353
926426
926429
927169
927187
927200
927244
927245
927276
927361
927371
927609
927613
927663
927690
927718
928000
928085
928373
928424
928648
928735
928859
928994
929012
929252
929539
929544
929547
929559
929584
929645
929904
929981
929991
930078
930103
930188
930253
930378
930450
930463
930540
930641
930751
930823
930829
931028
931107
931148
931176
931188
931226
931324
931431
931441
931759
932037
932095
932294
932309
932366
932465
932805
932899
932937
933023
933030
933423
933528
933564
933734
933756
934047
934090
934335
934505
934598
934828
934929
935040
935068
935242
935299
935388
935557
935662
935806
936167
936187
936239
936308
936377
936421
936431
936568
936587
936847
936902
936979
936992
937127
937136
937221
937363
937452
937639
937764
937856
937894
937978
938256
938357
938446
938491
938607
938610
938626
939072
939191
939400
939616
939813
940081
940331
940437
940533
940584
940590
940640
940660
940687
940706
940747
940840
940985
941019
941062
941146
941534
941621
941626
941728
941773
941783
941901
941993
942006
942131
942307
942359
942457
942501
942511
942530
942537
942576
942597
942615
942710
942787
942896
942899
942918
943040
943231
943345
943373
943807
943973
944150
944311
944402
944666
944678
944698
944719
944777
944793
944917
944937
945266
945370
945396
945434
945449
945485
945518
945548
945646
945816
945919
945998
946100
946146
946224
946236
946307
946533
946609
946627
947150
947318
947340
947455
947724
947921
947937
948117
948263
948300
948442
948480
948536
948574
948706
948845
948942
948974
949017
949047
949072
949191
949198
949257
949670
949753
949796
950267
950296
950390
950576
950590
950614
950702
950886
951058
951192
951325
951430
951577
951640
951677
951702
951725
951770
951788
951836
951895
951897
952106
952311
952382
952388
952597
952615
952766
953035
953078
953232
953265
953399
953595
953643
953670
953750
953815
953844
953954
954028
954369
954490
954577
954680
954688
954710
954825
954831
954923
954932
955049
955362
955591
955690
955846
955945
956001
956092
956095
956126
956215
956296
956345
956441
956481
956514
956635
956655
956699
956858
956933
956945
957177
957439
957662
957716
957803
957811
957870
958034
958171
958208
958221
958277
958340
958344
958402
958403
958455
958463
958554
958558
958567
958610
958801
958855
959025
959214
959217
959367
959798
959896
959956
960066
960160
960676
960702
960751
960853
960889
961077
961130
961141
961149
961227
961506
961577
961681
961756
962110
962178
962397
962487
962532
962676
962852
962868
962957
962987
963288
963357
963383
963475
963542
963549
963740
963744
963766
963787
963833
963917
963935
963948
964227
964340
964437
964465
964493
964671
964742
965098
965168
965410
965718
965856
965969
966030
966096
966209
966257
966272
966480
966502
966515
966523
966568
966609
966637
966835
966903
967022
967220
967227
967340
967377
967471
967520
967611
967888
967904
967996
968169
968204
968606
968686
968848
968922
968957
969243
969306
969310
969333
969402
969516
969776
969787
969870
969973
970008
970085
970090
970259
970274
970418
970639
970690
970776
970812
970858
970919
971220
971359
971441
971635
971639
971909
971965
972001
972199
972232
972288
972303
972462
972502
972819
973012
973052
973070
973124
973159
973168
973301
973363
973384
973450
973511
973831
973882
973962
974073
974088
974174
974244
974507
974533
974565
974566
974591
974664
974761
974785
974828
974984
974986
975091
975276
975308
975424
975478
975513
975538
975592
975661
976169
976209
976262
976305
976391
976427
976533
976540
976613
976714
976742
976769
976800
976826
977099
977224
977367
977458
977602
978190
978335
978485
978594
978636
978772
978801
979089
979121
979182
979306
979639
979677
979954
979989
980032
980141
980173
980280
980379
980396
980418
980426
980741
980816
980891
981169
981187
981274
981282
981303
981362
981478
981484
981583
981589
981607
981618
981719
981766
982095
982149
982406
982499
982557
982702
982786
982894
983057
983189
983342
983392
983595
983795
983815
983989
984038
984105
984341
984623
984635
984697
984822
984881
985074
985383
985457
985465
985875
986026
986042
986155
986183
986244
986308
986320
986498
986536
986549
986688
986730
986877
986918
987032
987039
987153
987207
987402
987504
987615
987908
987977
988010
988048
988056
988187
988242
988295
988326
988438
988468
988570
988763
988795
988960
989045
989048
989150
989289
989327
989349
989561
989674
989780
989795
989857
989900
989919
989929
989961
989965
990026
990049
990267
990411
990660
990727
990847
991077
991170
991187
991355
991398
991540
991636
991655
991966
992097
992314
992329
992780
992876
992984
993302
993524
993566
993626
993631
993690
993789
993821
994029
994039
994059
994127
994480
994516
994525
994534
994542
994679
994701
994726
994947
995283
995415
995532
995550
995581
995732
995791
995821
996063
996227
996461
996470
996474
996532
996569
996618
997015
997168
997218
997334
997429
997477
997536
997549
997602
997638
997653
997938
998029
998095
998339
998445
998551
998558
998667
998740
998753
998766
998818
998989
999049
999050
999283
999288
999352
999373
999419
999570
999602
999605
999654
999720
