93
115
156
420
715
753
769
896
978
986
1203
1232
1233
1378
1457
1641
1644
1664
1887
1920
2026
2030
2539
2557
2608
2648
2684
3224
3448
3756
3931
3955
3988
4016
4108
4576
4588
4782
4791
4812
4880
4910
4929
4937
4969
5245
5252
5279
5287
5350
5355
5435
5473
5723
5728
5743
5803
6253
6255
6256
6266
6316
6367
6406
6473
6490
6574
6597
6602
6739
6768
6870
6925
7001
7060
7091
7107
7163
7198
7214
7263
7269
7297
7572
7667
7764
7849
7854
7895
8022
8032
8125
8221
8429
8466
8501
8527
8593
8775
8826
8966
8968
9046
9255
9392
9458
9471
9782
9797
9811
9915
10064
10118
10283
10361
10418
10527
10654
10757
10864
10974
11113
11168
11237
11548
11590
11638
11755
11770
11814
12059
12178
12311
12331
12345
12427
12443
12653
12674
12684
12688
12736
12798
12966
13035
13072
13197
13310
13338
13343
13392
13406
13454
13489
13515
13569
13604
13735
13787
13844
13944
14164
14333
14350
14374
14385
14421
14425
14517
14845
15188
15355
15393
15541
15550
15559
15606
15612
15694
15715
15771
15849
15921
16042
16043
16072
16128
16209
16332
16353
16545
16569
16602
16637
16896
16923
16993
17001
17059
17170
17437
17497
17585
17642
17689
17797
18137
18299
18386
18530
18651
18669
18698
18779
18990
19108
19621
19648
19781
19866
19893
20070
20193
20248
20274
20417
20429
20520
20983
20984
20985
21022
21035
21053
21131
21228
21374
21523
21530
21553
21567
21634
21641
21645
21667
21826
21835
21865
21887
21925
22105
22202
22237
22306
22318
22371
22501
22534
22740
22777
22936
23025
23041
23048
23117
23144
23295
23406
23701
23771
23844
23898
23954
23965
24105
24191
24241
24376
24406
24494
24565
24613
24726
24828
24864
24865
25255
25334
25355
25500
25713
25831
25952
26066
26073
26139
26377
26432
26452
26569
26658
26762
26902
27009
27112
27117
27238
27251
27274
27650
27755
28059
28240
28269
28403
28480
28617
28649
28883
28926
28987
29268
29449
29533
29762
29778
29813
29900
29975
30027
30222
30340
30423
30427
30434
30646
30765
30785
30884
30908
30983
31118
31239
31480
31633
31678
31780
31838
31953
32096
32279
32371
32414
32506
32629
32976
32977
33026
33184
33359
33436
33449
33704
33754
33795
33891
34072
34111
34466
34695
34707
34739
34786
34790
34828
35107
35261
35279
35332
35442
35458
35470
35605
35665
35691
35800
36077
36116
36227
36323
36379
36448
36553
36655
36799
36925
37031
37047
37249
37258
37309
37358
37587
37610
37658
37827
38028
38150
38240
38298
38306
38389
38393
38536
38576
38623
38670
38853
38974
39072
39285
39377
39428
39495
39591
39612
39758
39791
39813
39848
39877
40047
40222
40226
40269
40311
40334
40448
40517
40536
40613
40791
40850
41212
41264
41275
41282
41335
41583
41603
41683
41802
41810
41842
41848
41894
41936
41971
42142
42482
42541
42544
42586
42591
42797
42817
42885
42916
43009
43060
43191
43192
43324
43576
43625
43650
43792
43956
44005
44071
44267
44306
44337
44383
44420
44751
44795
44826
44845
44896
44907
45129
45159
45206
45219
45366
45454
45579
45850
46147
46215
46296
46327
46623
46629
46724
46744
46809
46881
47006
47295
47310
47323
47443
47585
47679
47912
48030
48162
48217
48347
48406
48462
48512
48806
48868
48871
49003
49044
49219
49231
49285
49296
49387
49445
49453
49686
49838
49870
49904
50063
50093
50523
50686
50940
51047
51224
51382
51656
51760
52015
52070
52085
52127
52158
52252
52294
52396
52530
52777
52853
52946
52959
53048
53109
53182
53243
53261
53308
53351
53606
53720
53917
54226
54346
54441
54544
54569
54619
54635
54672
54752
54864
55163
55178
55315
55335
55341
55520
55521
55601
55679
55737
55749
55761
55772
55842
55929
55935
55969
56114
56248
56322
56422
56455
56526
56659
56701
56709
56837
56847
57054
57156
57230
57251
57296
57371
57383
57401
57729
57736
57782
57826
57842
57908
57952
58253
58361
58480
58494
58537
58592
58643
58679
58694
58764
59045
59368
59416
59444
59573
59714
59968
60139
60305
60316
60412
60414
60434
60542
60547
60568
60594
60598
60654
60748
60774
60845
60946
61069
61171
61177
61245
61383
61497
61509
61995
62063
62106
62336
62337
62357
62632
63018
63448
63482
63600
63814
63863
63950
64001
64002
64110
64150
64413
64466
64502
64667
64755
64789
64924
65059
65185
65302
65347
65466
65516
65569
65582
65911
66255
66297
66358
66481
66494
66507
66518
66815
66848
66872
66928
67001
67063
67142
67175
67222
67248
67283
67337
67388
67433
67564
67616
67634
67665
67859
68148
68175
68233
68484
68536
68989
69137
69155
69270
69288
69319
69333
69479
69511
69717
69847
69961
70097
70130
70184
70229
70243
70515
70584
70866
70908
70960
71042
71164
71354
71398
71484
71570
71623
71627
71643
71656
71793
71870
71938
71974
72037
72129
72147
72406
72446
72678
72806
72815
72865
72925
72944
72961
73005
73014
73260
73329
73348
73453
73515
73852
73902
74177
74310
74338
74472
74644
74703
74757
74913
75078
75166
75223
75264
75309
75355
75413
75471
75593
75734
75878
75917
75924
75929
75972
75976
76020
76097
76330
76351
76585
76656
76720
76989
77084
77132
77262
77305
77775
77785
77913
77941
78012
78168
78189
78204
78438
78503
78573
78603
78708
78736
78755
78815
78819
78899
78909
78932
78970
78973
79065
79570
79657
79673
79760
79939
80004
80007
80020
80147
80255
80423
80494
80689
80697
80833
80845
80849
80882
81271
81514
81525
81533
81707
81712
81990
82028
82226
82337
82347
82490
82564
82655
82738
83058
83159
83256
83257
83381
83468
83493
83531
83557
83568
83690
83742
83885
84097
84100
84113
84123
84219
84412
84621
84651
84984
85071
85443
85745
85790
85864
85884
85988
86038
86097
86150
86228
86404
86468
86708
86888
86946
86951
86973
87350
87362
87420
87422
87463
87504
87569
87618
87690
87756
87851
87913
88024
88362
88616
88670
88685
89077
89088
89316
89476
89600
89711
89720
89752
90178
90202
90479
90592
90660
90897
91097
91207
91547
91629
91813
91955
91984
92017
92135
92212
92505
92563
92592
92725
92743
92846
93327
93444
93464
93491
93581
93755
93866
93905
94059
94105
94133
94435
94581
94628
94956
94971
95005
95044
95093
95125
95315
95352
95372
95537
95704
95733
95752
95770
96232
96437
96615
96679
96708
96866
96922
96944
97134
97191
97555
97672
97709
97744
97851
97939
97976
97989
98176
98206
98304
98327
98458
98518
98543
98579
98845
98927
99038
99045
99294
99474
99622
99757
99762
99893
99907
100033
100375
100378
100417
100473
100740
100751
100868
100975
101018
101079
101118
101236
101264
101457
101639
102218
102219
102399
102606
102704
102832
102874
103072
103103
103442
103609
103981
104036
104100
104127
104156
104176
104194
104356
104382
104388
104488
104570
104581
104619
104635
104669
104740
105063
105176
105179
105667
105726
105789
105812
106201
106308
106352
106354
106527
106566
106593
106654
106737
106970
107087
107228
107395
107496
107586
107595
107863
107897
107919
107943
107964
107995
108041
108055
108067
108180
108191
108250
108268
108271
108276
108435
108438
108526
108551
108652
108745
108750
108901
109131
109256
109349
109398
109422
109739
109818
109858
110081
110251
110418
110519
110603
110726
111012
111142
111158
111189
111200
111328
111515
111789
112026
112035
112138
112143
112244
112286
112323
112337
112399
112423
112428
112464
112851
112887
112921
113022
113061
113094
113135
113186
113212
113229
113284
113418
113539
113701
113796
114007
114045
114089
114195
114197
114205
114231
114232
114297
114360
114447
114452
114859
114953
115127
115173
115212
115348
115377
115617
115807
115819
116038
116068
116361
116403
116564
116789
116849
116948
117074
117091
117296
117416
117431
117483
117537
117540
117610
117638
117671
117720
117801
117937
117944
118010
118149
118177
118272
118287
118394
118422
118564
118648
118716
118730
118743
118760
118787
118801
118809
118890
118964
119079
119142
119170
119175
119254
119336
119417
119462
119485
119497
119619
119711
119724
119858
119942
119953
120034
120053
120055
120083
120096
120168
120231
120277
120406
120689
120918
120921
121024
121032
121068
121140
121340
121409
121431
121493
121766
121957
122254
122521
122686
123004
123020
123040
123058
123095
123301
123412
123584
123650
123657
123680
123719
123744
123787
123868
124010
124276
124304
124650
124943
125154
125172
125186
125193
125253
125317
125327
125356
125482
125554
125555
125838
126238
126241
126368
126442
126459
126464
126747
126791
126936
126945
126974
127257
127400
127752
127785
128016
128052
128102
128180
128264
128272
128442
128524
128543
128587
128612
128613
128673
128726
128738
128758
128821
128969
129067
129214
129379
129428
129490
129756
129771
129939
129986
130018
130206
130451
130490
130600
130989
131061
131146
131179
131546
131649
131690
131743
131848
132047
132073
132134
132382
132459
132517
132628
132647
132710
132795
132845
132935
133017
133034
133150
133178
133316
133344
133403
133418
133527
133560
133600
133644
134021
134122
134145
134393
134403
134472
134562
134605
134763
134766
135062
135083
135108
135560
135783
135829
135863
135873
135921
136003
136012
136317
136382
136578
136811
136892
136989
137002
137083
137114
137198
137323
137592
137913
137945
138025
138108
138183
138247
138451
138804
139050
139057
139424
139493
139555
139584
139661
139703
139743
139890
139968
139980
140077
140104
140160
140217
140944
141252
141297
141311
141360
141394
141397
141404
141583
141587
141611
141657
141719
141979
141985
142073
142086
142092
142379
142388
142413
142484
142491
142654
142828
142848
142912
143006
143053
143159
143185
143428
143535
143556
143665
143668
143708
143846
143902
143918
144311
144414
144580
144583
145028
145325
145507
145565
145674
145814
145888
145953
146045
146191
146537
146716
146741
146755
146789
146913
147037
147088
147147
147162
147165
147197
147270
147294
147341
147356
147563
147627
147651
147946
148031
148076
148098
148399
148522
148854
148980
149289
149309
149364
149484
149703
149850
149935
149967
149999
150010
150047
150076
150153
150296
150305
150313
150348
150405
150514
150555
150660
150661
150793
150813
150877
151344
151660
151712
151757
152060
152176
152253
152339
152453
152474
152583
152634
152774
153177
153305
153357
153704
153708
153946
154195
154288
154296
154558
154721
154759
154837
154853
155059
155124
155595
155630
155659
155674
155850
155860
155959
155969
156052
156165
156196
156286
156535
156566
156642
156799
156982
156995
157096
157129
157170
157497
157537
157572
157613
157779
157827
157900
158090
158148
158215
158282
158485
158673
158913
158923
158989
159093
159213
159239
159374
159380
159399
159542
159567
159699
159787
159795
159857
159881
160011
160132
160177
160210
160246
160330
160384
160490
160520
160523
160547
160598
160659
160663
160971
161041
161102
161258
161263
161479
161480
161548
161618
161661
161726
161761
161878
161987
162002
162394
162492
162506
162643
162718
162805
162861
162930
162936
163001
163038
163119
163217
163271
163359
163402
163875
164002
164104
164399
164558
164572
164881
164951
165207
165211
165310
165470
165490
165551
165709
165781
165843
165891
165908
165910
165921
166134
166141
166243
166309
166379
166527
166638
166726
166774
166950
167056
167258
167294
167506
167646
167749
167897
167905
167920
168202
168664
168927
169093
169173
169188
169293
169354
169360
169435
169495
169521
169529
169537
169542
169604
169814
169880
169901
169990
170053
170190
170206
170229
170303
170414
170419
170592
170987
171017
171136
171488
171551
171643
171674
171750
171799
171847
171908
171994
172106
172117
172184
172567
172675
172813
172881
173096
173135
173244
173326
173347
173361
173461
173515
173959
174017
174287
174588
174713
174980
175032
175127
175130
175190
175210
175268
175336
175386
175415
175420
175522
175976
176008
176122
176259
176267
176302
176359
176413
176493
176622
176841
176854
176934
176996
177138
177145
177304
177316
177562
177825
177883
177947
177968
178172
178190
178210
178280
178340
178418
178543
178762
178886
179125
179344
179498
179509
179571
179759
179971
180001
180036
180241
180259
180394
180397
180464
180556
180756
180907
180984
181095
181232
181244
181399
181454
181469
181529
181535
181600
181603
181683
181811
181887
181919
181921
181968
182017
182055
182518
182944
182964
183100
183120
183205
183217
183474
183487
183782
183860
183864
184397
184415
184584
184671
184709
184798
184869
184914
185150
185509
185521
185533
185544
185623
185698
185783
185829
185843
185858
185987
186026
186032
186185
186251
186264
186283
186637
186769
186777
186843
186848
186857
186932
186992
187206
187318
187340
187434
187464
187630
187702
187715
187753
187879
188246
188336
188637
188781
188790
189094
189116
189158
189413
189502
189671
189770
190102
190125
190126
190224
190231
190284
190290
190331
190485
190566
190732
190813
190830
190868
190887
191004
191106
191195
191286
191302
191477
191533
191774
191894
192111
192141
192146
192163
192208
192211
192523
192575
192607
192884
192896
192997
193103
193135
193143
193170
193421
193516
193672
193763
193775
193799
194001
194248
194321
194339
194406
194478
194677
194745
194811
194855
195102
195242
195292
195559
195742
195801
195958
196006
196122
196134
196181
196278
196359
196378
196415
196433
196476
196481
196517
196519
196748
196779
196861
196899
196958
196971
197055
197177
197266
197407
197409
197433
197540
197600
197701
197797
197816
197947
198011
198036
198408
198435
198477
198507
198644
198657
198714
198832
198868
198879
198935
199001
199284
199328
199386
199578
199602
199606
199610
199611
199678
199795
199871
199925
199981
199999
200205
200209
200477
200498
200588
200597
200663
200718
200719
200811
200972
200985
201059
201152
201186
201299
201470
201514
201606
201626
201636
201695
201764
201846
202315
202448
202461
202886
202936
203027
203179
203263
203265
203340
203341
203442
203607
204000
204311
204362
204515
204566
204697
204730
204934
205011
205067
205101
205157
205287
205314
205373
205458
205622
205689
205694
205764
205776
205818
205895
205994
206010
206331
206362
206384
206385
206481
206509
206615
206617
206688
206755
206758
206881
206944
207083
207149
207277
207280
207421
207585
207653
207661
207674
207951
208022
208042
208126
208229
208244
208249
208253
208321
208469
208605
208832
208852
208980
209084
209365
209569
209695
209702
209728
209816
209885
209899
209921
209941
209986
210063
210105
210141
210200
210242
210463
210489
210500
210607
210627
210740
210784
210888
210939
211134
211288
211574
211764
211969
212047
212083
212167
212207
212326
212467
212573
212580
212711
212736
212770
213115
213363
213499
213634
213685
213839
213855
214114
214123
214203
214247
214316
214379
214454
214455
214487
214696
214784
214846
214884
214920
214973
215059
215092
215137
215175
215263
215265
215524
215578
215600
215732
215738
216013
216157
216205
216558
216630
216715
216769
216778
216794
216819
217072
217083
217103
217193
217292
217459
217568
217602
217632
217852
217906
217949
217964
217983
218453
218472
218540
218803
218894
219098
219227
219239
219320
219386
219423
219444
219452
219510
219530
219575
219580
219808
219987
220011
220188
220195
220399
220440
220454
220610
220705
220811
220894
220921
221025
221090
221147
221192
221292
221309
221317
221391
221658
221687
221729
221811
221829
221908
221921
221961
221978
222264
222359
222434
222489
222607
222831
222845
223036
223070
223327
223358
223366
223403
223502
223564
223672
223681
223756
223906
223942
223951
223955
224128
224149
224203
224357
224407
224637
224659
224767
224769
224804
224858
225011
225078
225168
225199
225210
225452
225464
225602
225870
225881
225896
225965
226027
226330
226339
226446
226488
226548
226575
226618
226671
226791
226862
226929
227017
227063
227071
227073
227148
227178
227190
227237
227361
227401
227434
227452
227646
227887
228255
228461
228583
228600
228680
228776
228953
229078
229201
229465
229531
229547
229596
229638
229744
229908
229930
229980
230055
230131
230139
230377
230425
230433
230740
230831
231007
231379
231520
231549
231637
231894
231939
231942
232095
232164
232181
232290
232504
232513
232515
232539
232602
232623
232671
232956
233118
233261
233298
233357
233507
233536
233602
233626
233709
233812
234143
234217
234620
234659
234708
234744
235036
235072
235194
235302
235344
235524
235605
235618
235634
235725
235759
235794
235814
236037
236088
236354
236362
236420
236595
236769
237030
237450
237491
237597
237682
237748
237903
238028
238660
238725
238939
239018
239038
239072
239301
239321
239356
239604
239663
239956
239986
240020
240063
240288
240291
240417
240431
240508
240611
240715
240769
240875
241163
241304
241350
241467
241695
241726
241753
242009
242034
242059
242096
242282
242287
242319
242438
242463
242603
242623
242657
242772
242881
243153
243353
243359
243432
243608
243641
243663
243775
243906
243994
243996
244253
244323
244408
244443
244654
244665
245048
245184
245223
245293
245399
245439
245501
245511
245798
245851
245993
246103
246265
246360
246399
246418
246459
246496
246562
246649
246834
246861
246922
246935
247060
247120
247373
247412
247703
247732
247931
248052
248094
248116
248161
248172
248395
248462
248816
248968
249052
249148
249156
249185
249336
249477
249550
249629
249634
249640
249771
249798
249922
249934
250006
250352
250390
250601
250667
250704
250757
250841
251028
251054
251080
251128
251169
251242
251455
251468
251637
251744
251788
251837
251868
251893
251950
251962
251988
252012
252019
252043
252401
252612
252645
252663
252853
252856
252988
253050
253537
253559
253614
254047
254061
254064
254099
254294
254455
254466
254494
254525
254549
254617
254654
254715
254742
254743
254799
254893
255005
255012
255083
255084
255086
255254
255285
255313
255539
255572
255603
255872
256002
256131
256199
256204
256226
256230
256342
256343
256575
256627
256651
256724
256757
256853
256906
256919
256984
257197
257255
257510
257697
257705
257710
257822
257931
257962
258072
258095
258370
258444
258467
258620
258832
258923
259083
259179
259273
259344
259401
259467
259745
260075
260161
260177
260189
260273
260283
260308
260390
260398
260649
260824
260865
260934
261034
261046
261052
261171
261265
261326
261390
261595
261707
261736
261795
261868
261883
262069
262256
262397
262447
262499
262523
262844
262851
262887
262890
263130
263153
263198
263326
263340
263378
263456
263458
263475
263756
263806
263902
263918
263934
263935
263971
264067
264266
264319
264400
264473
264572
264626
264632
264674
264849
264908
265031
265077
265101
265144
265328
265401
265587
265609
265633
265663
265748
265801
265983
265995
266007
266257
266460
266527
266542
266543
266554
266588
266590
266705
266800
267157
267202
267221
267345
267560
267583
267707
267727
267871
267936
267946
267990
268175
268381
268448
268580
268611
268736
268738
268811
268946
269210
269235
269454
269636
269641
269695
269731
270160
270235
270245
270351
270377
270607
270646
270682
270799
270897
270952
270962
271363
271417
271493
271529
271541
271563
271579
271798
271804
271825
271963
272172
272188
272280
272283
272464
272550
272598
273153
273211
273429
273497
273565
273731
273769
273807
273982
273992
274013
274692
274978
275001
275113
275243
275274
275288
275303
275389
275408
275474
275571
275768
275774
275857
275899
276047
276178
276202
276208
276277
276399
276600
276707
276893
276912
276915
276952
276977
277145
277204
277373
277451
277474
277593
277609
277732
277841
278014
278135
278200
278209
278215
278217
278300
278429
278564
278574
278615
278657
278669
278687
278895
278909
278980
279173
279183
279235
279332
279341
279394
279499
279696
279780
279801
280108
280156
280206
280246
280308
280336
280344
280371
280500
280639
280776
280781
280806
280811
280934
281019
281061
281115
281142
281297
281477
281499
281514
281547
281591
281595
281615
281629
281892
281928
281950
282146
282331
282335
282383
282392
282400
282621
282920
282982
283103
283182
283285
283330
283441
283534
283581
283708
283790
283817
283995
284025
284117
284119
284305
284546
284593
284675
284733
284876
284881
284946
284949
285111
285132
285644
285710
285875
285934
286044
286182
286224
286503
286521
286523
286597
286722
286735
286912
286922
287013
287022
287023
287033
287167
287651
287660
287751
288048
288131
288241
288335
288370
288380
288481
288505
288510
288532
288655
288952
289357
289382
289477
289569
289714
289743
289835
289858
289867
289886
289890
290163
290196
290537
290656
290891
291117
291236
291521
291554
291571
291607
291918
291965
291991
292096
292446
292458
292557
292748
292856
292957
293219
293221
293230
293237
293261
293426
293427
293495
293567
293610
293651
293653
293715
293745
293812
293848
294021
294081
294141
294247
294463
294771
294897
294926
295006
295098
295191
295209
295278
295339
295405
295455
295536
295649
295757
295760
295832
295841
295983
296049
296051
296065
296189
296342
296356
296497
296549
296663
296735
296736
296770
296984
297098
297126
297366
297627
297865
297892
297894
298068
298192
298310
298323
298511
298638
298642
298750
299162
299388
299492
299526
299534
299642
299697
299699
299749
299772
299931
300009
300085
300217
300308
300367
300440
300456
300758
300778
300847
301053
301209
301263
301392
301477
301554
301627
301743
301802
302029
302042
302281
302361
302535
302688
302769
302835
302999
303123
303125
303186
303322
303366
303589
303600
303623
303672
303715
303776
303835
304105
304141
304406
304418
304433
304534
304938
305007
305025
305033
305143
305337
305375
305387
305414
305427
305453
305524
305560
305603
305634
305710
305711
305900
306015
306021
306148
306263
306385
306696
306930
306944
307030
307146
307176
307177
307221
307295
307436
307459
307629
307746
307808
307871
307998
308016
308139
308149
308205
308234
308315
308346
308465
308481
308622
308868
308945
308999
309124
309332
309387
309514
309617
309623
309629
309679
309756
310018
310024
310100
310133
310163
310169
310187
310240
310639
310776
310868
311101
311226
311268
311350
311495
311566
311618
311649
311759
311913
312087
312124
312518
312656
312721
312827
313062
313236
313306
313332
313697
313739
313818
313849
313853
313876
313925
314070
314097
314126
314427
314542
314572
314587
314631
315011
315177
315257
315579
315584
315612
315651
315693
315706
315784
315801
316440
316587
316645
316658
316679
316761
316762
316992
317030
317046
317065
317181
317184
317210
317250
317438
317511
317546
317570
317628
317630
317833
317956
318037
318039
318327
318371
318418
318432
318473
318535
318674
318721
318738
318744
318864
319063
319121
319129
319187
319467
319541
319577
319629
319673
319687
319744
319753
319770
319839
319938
319955
320081
320104
320247
320310
320543
320650
320655
320685
320777
321095
321311
321364
321365
321374
321381
321533
321570
321618
321738
321821
321845
321856
322043
322249
322425
322505
322534
322688
322719
322759
322844
323098
323099
323292
323304
323371
323529
323619
323723
323751
323818
323928
323951
323966
324097
324358
324544
324584
324764
324766
324795
324939
325217
325315
325490
325842
326029
326175
326301
326310
326537
326538
326776
326785
326867
327112
327188
327223
327325
327343
327655
327696
327923
327997
328015
328120
328176
328227
328263
328342
328401
328426
328489
328580
328729
328885
328930
328968
328970
329094
329099
329172
329209
329275
329375
329432
329501
329524
329701
329708
329718
329831
329865
329896
330024
330154
330194
330412
330549
330584
330628
330678
330712
330938
330958
330998
331007
331019
331130
331456
331460
331763
331849
331855
331905
331915
332262
332274
332767
332795
333056
333067
333076
333095
333164
333237
333651
333702
333905
333978
334011
334169
334289
334378
334419
334672
334746
334785
334852
335005
335067
335208
335446
335451
335708
335805
335822
336078
336208
336341
336560
336681
336703
337250
337328
337387
337459
337535
337556
337788
337822
337877
337911
337957
338186
338220
338246
338390
338657
338745
339226
339312
339390
339502
339544
339790
339795
339803
339871
339897
339980
340166
340431
340486
340550
340552
340885
340887
340992
341099
341113
341136
341362
341377
341391
341549
341556
341609
341786
341803
341807
341811
341813
341957
341990
342030
342119
342165
342178
342323
342449
342530
342544
342607
342664
342743
342768
342826
342958
343199
343448
343468
343492
343540
343794
343857
343861
343865
343866
344050
344077
344128
344348
344396
344399
344455
344507
344508
344529
344583
344620
344797
344866
344941
344958
345132
345136
345195
345258
345260
345449
345669
345689
345988
346017
346237
346268
346411
346544
346553
346606
346641
346766
346821
346903
346905
346927
347003
347019
347085
347092
347207
347252
347435
347526
347604
347865
347902
347905
347934
347977
348054
348102
348109
348260
348394
348447
348478
348510
348776
348849
348852
348870
348874
348969
349006
349414
349435
349579
349581
349652
349848
349924
350146
350320
350362
350425
350567
350749
350755
350769
350961
351099
351152
351246
351252
351306
351409
351442
351576
351608
351708
351713
351795
351834
351880
351940
351969
351999
352066
352130
352260
352325
352517
352706
352739
352939
353056
353123
353198
353255
353280
353359
353369
353592
353662
353669
353695
354090
354755
354860
354950
354973
355016
355138
355224
355251
355303
355419
355728
355795
355904
355945
355952
355954
355955
356239
356244
356248
356485
356600
356727
356788
356843
356866
356871
356879
356908
356986
357066
357168
357196
357251
357320
357339
357382
357446
357633
357689
357690
357993
358126
358303
358499
358664
358802
358957
359009
359311
359405
359621
359738
359883
359907
359948
360082
360083
360161
360172
360260
360540
360606
360625
360649
360702
360753
360815
360846
360881
360969
361134
361176
361325
361415
361494
361827
361828
361840
361871
361883
361990
361997
362015
362120
362171
362332
362352
362726
362754
362848
362888
362927
362965
363069
363157
363317
363322
363333
363392
363414
363475
363545
363636
363695
363961
364146
364163
364218
364383
364406
364503
364576
364616
364748
364927
364931
365018
365019
365065
365080
365113
365243
365284
365334
365442
365644
365772
366192
366254
366371
366383
366400
366461
366697
366785
366924
366954
367060
367111
367404
367560
367657
367742
367928
368054
368091
368353
368432
368524
368559
368692
368735
368746
368774
369000
369066
369074
369129
369231
369238
369268
369286
369444
369461
369554
369566
369768
369925
370151
370246
370297
370401
370432
370462
370490
370523
370545
370668
370747
370767
370882
370947
370986
371009
371114
371208
371247
371251
371258
371368
371398
371441
371506
371530
371561
371565
371839
371983
372197
372650
372671
372715
372807
372919
373043
373226
373337
373380
373400
373479
373511
373552
373614
373682
373689
373718
373729
373750
373848
373895
374009
374147
374160
374205
374607
374758
374830
375004
375222
375354
375512
375524
375585
375771
375779
375842
376710
376854
376944
377000
377008
377046
377362
377408
377475
377492
377566
377642
377703
377823
377978
377986
378019
378070
378088
378164
378237
378311
378330
378421
378588
378657
378793
379015
379279
379391
379530
379575
379584
379687
379980
380069
380083
380174
380209
380261
380346
380355
380372
380524
380738
380764
380845
381123
381175
381720
382020
382021
382068
382193
382199
382304
382342
382502
382551
382671
382719
382893
382988
383114
383201
383283
383363
383366
383773
383818
384109
384219
384451
384637
384800
384866
384910
384914
384944
385000
385018
385142
385143
385268
385296
385608
385817
385892
386033
386143
386164
386380
386407
386477
386805
386824
386917
386923
387080
387129
387196
387205
387207
387222
387324
387400
387446
387480
387501
387671
387819
387930
387938
388034
388053
388106
388519
388525
388548
388591
389064
389146
389394
389753
389776
389825
390053
390165
390199
390238
390292
390317
390328
390353
390475
390479
390511
390660
390748
390766
390898
391565
391639
391682
391705
391729
391968
392024
392031
392251
392305
392317
392479
392487
392615
392719
392755
392762
392810
392949
392957
393277
393312
393354
393400
393488
393554
393791
393798
393844
393942
394592
394610
394635
394667
394701
394720
394736
394738
394769
394844
394892
395019
395105
395599
395869
395884
395924
396216
396329
396836
396914
396934
396996
397074
397114
397191
397430
397481
397519
397710
397840
397924
397933
397984
397997
398039
398102
398231
398303
398419
398507
398533
398603
398778
398886
398930
399047
399130
399166
399170
399218
399487
399550
399627
399631
399637
399946
399984
400006
400096
400219
400334
400341
400507
400516
400584
400702
400964
401076
401257
401271
401543
401740
401768
401805
401858
402131
402274
402336
402490
402540
402546
402602
402687
403078
403489
403496
403710
403781
403804
403849
403877
404120
404145
404206
404237
404261
404348
404427
404483
404553
404605
404720
404755
404803
404859
404891
405053
405225
405250
405324
405489
405515
405516
405605
405639
405784
406003
406033
406045
406193
406248
406435
406702
406816
406881
406920
406942
407227
407293
407312
407413
407450
407498
407524
407536
407642
407742
407963
407985
408081
408101
408372
408417
408590
408642
408733
408755
409013
409164
409325
409408
409665
409765
409907
409986
410087
410136
410145
410171
410176
410260
410610
410629
410635
410645
410668
410776
410898
410928
411078
411086
411142
411153
411238
411452
411475
411503
411683
411695
411724
411754
411779
411976
412077
412174
412320
412353
412578
412933
412976
412996
413333
413457
413520
413692
413698
413721
413725
413929
413937
413948
413967
414129
414151
414232
414258
414382
414385
414415
414546
414649
414769
414777
414837
414914
414945
415153
415157
415163
415198
415522
415758
415939
416034
416079
416112
416115
416177
416195
416258
416365
416559
416687
416733
416764
416775
416809
416897
416919
417025
417035
417125
417140
417154
417193
417246
417300
417450
417456
417515
417559
417684
417692
417762
417789
417872
417942
418054
418060
418115
418137
418348
418382
418589
418791
418843
418932
418935
418943
418989
419343
419354
419617
419743
419850
419862
419888
420218
420287
420364
420546
420784
420947
421021
421248
421282
421466
421706
421724
421753
421770
421930
422048
422067
422231
422241
422255
422284
422424
422660
423203
423262
423375
423415
423439
423514
423530
423861
424074
424092
424095
424100
424102
424124
424127
424179
424198
424258
424327
424357
424430
424773
424804
424823
425121
425140
425250
425319
425324
425442
425573
425599
425656
425704
425754
425765
425770
425807
425876
425957
426009
426070
426073
426080
426104
426115
426128
426213
426390
426490
426554
426571
426606
427157
427162
427227
427257
427263
427604
427898
427907
427994
428037
428186
428439
428514
428578
428594
429064
429265
429470
429521
429565
429691
429693
429720
429736
429853
430110
430227
430360
430518
430551
430629
430729
430965
431014
431063
431197
431250
431447
431462
431488
431850
431900
432046
432066
432123
432516
432539
432642
432649
432687
432754
432778
432780
432867
432918
433018
433142
433206
433514
433549
433566
434015
434044
434169
434203
434264
434494
434588
434615
434630
434681
434787
434806
434955
434978
435211
435261
435542
435548
435923
436004
436080
436156
436348
436357
436381
436496
436584
436730
436878
436910
437115
437251
437342
437377
437399
437488
437517
437647
437680
437728
437731
437963
438468
438617
438766
438825
438939
439214
439430
439652
439839
439841
439935
439963
439983
440057
440063
440113
440394
440419
440441
440472
440491
440533
440566
440745
440805
440971
441045
441101
441135
441164
441183
441381
441460
441593
441792
441830
441891
441924
442116
442127
442182
442213
442222
442436
442478
442522
442678
442739
442789
442798
442838
442852
443055
443066
443167
443340
443371
443508
443573
443860
443959
444328
444604
444624
444725
444880
445137
445181
445304
445365
445521
445741
445826
445989
446057
446067
446129
446148
446166
446172
446357
446458
446497
446757
446829
446972
447174
447365
447430
447509
447517
447521
447735
447934
447949
448083
448097
448263
448303
448429
448535
448625
448925
448958
449059
449064
449208
449387
449446
449470
449673
449714
449807
449820
450327
450373
450498
450633
450695
450803
451056
451122
451198
451275
451333
451441
451473
451558
451565
451615
451877
451882
451900
451931
452058
452093
452167
452190
452210
452285
452411
452432
452457
452820
452973
453083
453408
453453
453478
453566
453602
453658
453859
454131
454326
454373
454430
454504
454517
454585
454638
454732
454774
454883
454889
454910
455011
455100
455230
455263
455317
455388
455658
455730
455906
456006
456149
456215
456360
456458
456497
456551
456613
456700
456971
456983
457065
457123
457193
457210
457304
457334
457534
457551
457580
457730
457768
457786
457967
458043
458093
458277
458347
458435
458467
458616
458733
458930
459186
459399
459417
459421
459607
459623
459718
459757
459866
459998
460088
460357
460373
460739
460863
460892
460903
460934
460967
461082
461154
461191
461196
461567
461699
461759
461914
461921
461926
462136
462167
462588
462818
462910
463004
463042
463088
463113
463179
463280
463307
463351
463412
463481
463488
463607
463673
463803
463838
463925
463956
464212
464361
464435
464475
464538
464659
464808
464873
465021
465049
465065
465139
465252
465454
465457
465590
465623
465881
466097
466101
466284
466286
466304
466931
466947
467092
467124
467541
467649
467710
467879
468072
468181
468246
468386
468570
468574
468647
468661
468825
468945
469007
469234
469365
469476
469560
469655
469679
469708
469753
469814
469959
470037
470038
470106
470432
470637
470981
471036
471038
471169
471172
471205
471401
471461
471628
471643
471939
471950
471995
472043
472056
472176
472187
472325
472342
472529
472638
472765
472786
473061
473141
473159
473246
473533
473538
473548
473650
473698
473706
473842
473871
473895
473935
473973
474071
474101
474258
474635
474641
474715
474744
474794
474850
475130
475504
475601
475626
475665
475720
476154
476162
476254
476464
476491
476660
476664
476718
476826
476843
476943
477170
477312
477445
477679
478040
478174
478246
478445
478510
478661
478793
478808
478902
479175
479317
479390
479434
479609
479673
479718
479761
480136
480180
480327
480427
480430
480608
480664
480696
480784
480809
481012
481223
481685
481766
481983
482051
482465
482546
482601
482709
482777
482964
482978
482999
483025
483046
483125
483203
483300
483517
483684
484072
484234
484254
484274
484277
484321
484332
484358
484384
484441
484541
484615
484627
484638
484899
485230
485397
485575
485643
485785
485800
485812
485818
486002
486187
486421
486504
486654
486657
486699
486862
487052
487128
487231
487256
487286
487333
487335
487360
487420
487440
487449
487644
487883
487921
487925
488099
488135
488173
488311
488314
488376
488409
488456
488491
488522
488593
488689
488769
489009
489251
489306
489368
489408
489687
489810
489873
489894
489950
489973
489997
490284
490679
490684
490693
490717
490766
490793
491185
491257
491293
491371
491388
491462
491641
491688
491784
491873
491879
491904
491983
492048
492249
492282
492326
492409
492477
492616
492809
492816
492850
492876
492891
492896
493117
493260
493306
493507
493531
493602
493827
493890
494004
494033
494217
494306
494390
494523
494635
494658
494741
494780
494833
494894
494961
495039
495074
495233
495585
495673
495931
496065
496206
496244
496676
496781
496895
497007
497024
497140
497154
497162
497173
497188
497289
497291
497484
497561
497655
497692
497764
497979
498083
498184
498298
498601
498635
498748
498831
498849
498929
498944
499130
499175
499187
499236
499262
499413
499471
499511
499562
499589
499648
499810
499973
500042
500053
500306
500435
500804
500837
500847
501195
501250
501385
501394
501413
501548
501589
501671
501693
501729
501996
502090
502225
502579
502775
503032
503179
503207
503246
503272
503359
503422
503499
503642
503649
503821
504017
504028
504034
504175
504180
504206
504444
504463
504489
504512
504518
504571
504586
504604
504637
504948
505058
505169
505252
505382
505384
505434
505742
505883
506048
506083
506141
506192
506213
506291
506300
506394
506423
506432
506547
506632
506868
506963
507176
507371
507394
507420
507438
507557
507756
507857
507948
508015
508143
508313
508587
508904
508990
509051
509066
509393
509662
509939
510017
510232
510243
510257
510359
510528
510529
510618
510752
510883
510926
511063
511071
511114
511123
511141
511143
511604
511671
511885
511982
512018
512118
512158
512458
512484
512546
512569
512605
512817
512862
512887
512909
512912
512927
512934
513005
513047
513081
513152
513227
513341
513421
513466
513532
513854
513935
513995
514107
514196
514225
514332
514587
514691
514763
514800
515008
515031
515079
515114
515227
515311
515369
515741
515789
516093
516196
516325
516494
516528
516537
516670
516835
517125
517199
517235
517310
517505
517548
517592
517804
517815
518037
518153
518253
518299
518376
518386
518524
518626
519087
519142
519203
519359
519402
519405
519477
519654
519695
519732
520037
520067
520134
520302
520404
520419
520641
520731
520770
520884
520956
521002
521164
521215
521238
521253
521319
521322
521333
521472
521515
521661
521774
521775
522210
522315
522423
522450
522833
522937
522947
523208
523234
523261
523439
523580
523728
523840
523842
523895
523970
524174
524274
524276
524473
524723
524726
524793
524865
525183
525206
525277
525453
525572
525615
526060
526146
526185
526751
526796
526860
526911
527186
527209
527309
527663
527740
527771
527821
527868
527989
528032
528237
528272
528436
528533
528571
528619
529022
529025
529248
529276
529324
529415
529422
529423
529485
529489
529502
529509
529728
529803
530110
530163
530185
530376
530416
530706
530717
530796
530901
530928
531026
531062
531075
531080
531096
531157
531213
531369
531388
531414
531490
531678
531762
532003
532014
532125
532263
532306
532308
532327
532359
532552
532665
532903
532935
532955
533012
533232
533259
533842
533848
533862
534104
534147
534176
534223
534235
534444
534454
534535
534595
534722
534732
534748
534814
534828
534846
534896
534917
534954
534967
535036
535163
535281
535388
535418
535738
535791
535832
536224
536250
536292
536351
536560
536862
537004
537129
537154
537300
537477
537501
537506
537708
537814
538075
538486
538565
538763
538848
538954
539010
539073
539080
539082
539339
539351
539360
539403
539572
539633
539677
539875
539894
539912
539976
539987
540020
540263
540311
540456
540666
540829
540842
540851
540859
540906
540927
540941
541145
541254
541430
541494
541571
541649
541934
541956
542036
542188
542213
542474
542620
542639
542660
542972
543019
543030
543132
543366
543568
543821
543858
543873
543923
543985
544062
544092
544217
544233
544298
544478
544523
544547
544646
544770
544813
544873
544893
545112
545264
545269
545305
545390
545594
545936
545975
545986
546367
546400
546523
546580
546661
546744
546759
546781
546837
547133
547183
547188
547424
547473
547496
547543
547563
547685
547758
547869
547966
548032
548070
548267
548467
548560
548665
548682
548781
548937
548977
549096
549123
549138
549206
549235
549303
549376
549428
549431
549449
549455
549685
549729
549732
549775
549860
549970
549977
550060
550220
550418
550448
550905
550926
550990
551112
551204
551206
551686
551903
551961
551983
552281
552577
552653
552867
553006
553058
553221
553356
553563
553641
553673
553756
553842
554046
554095
554097
554167
554408
554631
555033
555181
555184
555252
555293
555416
555497
555500
555525
555664
555732
555904
556008
556055
556067
556078
556120
556165
556363
556494
556514
556654
556765
556903
556905
557014
557080
557273
557289
557468
557777
557793
557908
557917
557967
558000
558021
558073
558166
558327
558352
558412
558536
558756
558877
558973
559021
559058
559069
559102
559165
559398
559647
559654
559708
559838
559880
559905
560031
560040
560051
560097
560111
560144
560298
560338
560649
560746
560845
561128
561261
561398
561459
561553
561744
561888
562058
562070
562191
562337
562339
562530
562652
562892
562949
563308
563342
563469
563478
563620
563678
563691
563750
563885
563944
564062
564232
564339
564632
564816
564883
564901
564965
565159
565174
565479
565542
565630
565719
565841
565858
565912
566143
566264
566298
566347
566452
566642
566679
566748
566892
566901
567124
567201
567356
567595
567628
567966
568165
568262
568311
568431
568559
568796
568848
569249
569283
569458
569480
569615
569850
569857
569887
569902
569975
570128
570181
570394
570475
570480
570661
570792
570820
570876
570973
570997
571046
571065
571158
571275
571302
571443
571514
571717
571759
571789
571822
571845
571921
572254
572363
572413
572751
573197
573203
573406
573407
573492
573495
573615
573692
573809
573844
573863
573896
574039
574487
574609
574681
574976
575003
575180
575222
575224
575275
575379
575583
575612
575756
575850
575939
576113
576177
576226
576300
576538
576557
576619
576672
576729
576987
577137
577203
577356
577445
577576
577665
577730
577774
577781
577966
577971
578013
578065
578098
578104
578228
578268
578565
578567
578606
578729
578787
578887
579067
579186
579204
579555
579649
579779
579815
579861
580077
580131
580449
580522
580833
580892
580921
581117
581140
581154
581263
581275
581295
581372
581657
581678
581731
581875
582066
582105
582176
582517
582538
582637
582853
582905
583042
583289
583330
583450
583543
583549
583659
583941
583974
584046
584047
584116
584326
584370
584465
584482
584569
584757
584880
585448
585581
585599
585803
585816
585887
585919
586096
586110
586168
586310
586483
586501
586571
586588
586776
587010
587031
587071
587288
587314
587365
587403
587618
587638
587745
587917
587918
587938
587962
588099
588225
588359
588395
588416
588556
588668
588669
588691
588925
588988
589075
589136
589150
589214
589229
589390
589399
589400
589508
589744
589854
589860
589991
590007
590299
590319
590363
590505
590939
590985
591032
591080
591505
591515
591531
591542
591786
591852
591948
591983
592040
592326
592453
592556
592558
592559
592754
592841
593018
593137
593182
593440
593517
593523
593539
593614
593717
593798
593989
594016
594121
594344
594390
594500
594685
594688
594869
594917
595619
595640
595652
595766
595827
595935
596211
596239
596350
596351
596382
596395
596532
596555
596595
596621
596884
596990
597410
597424
597484
597579
597619
597646
597742
597759
597900
597906
598020
598180
598361
598539
598563
598627
598997
599009
599203
599524
599545
599640
599668
599714
599753
599919
600020
600082
600133
600143
600314
600480
600515
601114
601128
601159
601278
601319
601488
601536
601634
601726
601941
602218
602251
602281
602333
602494
602514
602578
602615
602893
603106
603156
603310
603524
603635
603650
603694
603777
603780
603836
603874
603998
604133
604135
604268
604280
604299
604347
604351
604454
604495
604497
604725
604730
604843
604967
605082
605194
605210
605306
605333
605344
605365
605879
606022
606033
606168
606205
606219
606220
606482
606533
606553
606598
606618
606819
606954
607394
607451
607508
607605
607636
607727
607774
607831
607901
608041
608123
608286
608335
608428
608609
608781
608840
608907
608918
609232
609350
609439
609503
609587
609599
609625
609628
609680
609685
609709
610029
610083
610107
610192
610207
610290
610305
610481
610508
610906
610907
610913
610929
610945
610980
611132
611429
611589
611628
611646
611707
611711
611734
611772
611830
611881
611950
611983
612320
612340
612429
612857
613106
613130
613540
613548
613924
613959
613971
613979
614092
614161
614224
614338
614468
614523
614548
614615
614732
614833
614919
615000
615008
615042
615322
615352
615400
615411
615471
615484
615485
615499
615535
615599
615788
615821
615890
615987
616069
616122
616186
616334
616665
616701
616955
617253
617286
617292
617359
617457
617544
617552
617630
617734
617968
617971
618020
618087
618195
618256
618394
618437
618501
618525
618541
618687
618715
618955
619090
619114
619351
619372
619561
619714
619777
619969
620044
620071
620189
620238
620252
620263
620363
620474
620600
620684
620730
620877
620882
620974
620982
621170
621179
621236
621239
621555
621783
621803
621864
621905
622155
622471
622594
622693
622719
623014
623102
623406
623468
623477
623488
623670
623948
623970
624013
624034
624111
624115
624166
624196
624268
624270
624282
624400
624578
624661
624839
624868
624949
624950
624952
624969
625064
625099
625292
625311
625312
625346
625700
626188
626358
626457
626482
626733
626839
626954
627133
627224
627384
627498
627634
627651
627712
627770
627775
628014
628050
628230
628563
628657
628742
628905
629017
629073
629214
629257
629261
629349
629477
629587
629630
629788
629804
629809
629898
629957
630010
630044
630168
630327
630459
630885
630959
630976
631136
631193
631310
631327
631490
631555
631566
631650
631722
631845
631865
631946
632018
632089
632165
632258
632616
632633
632634
632638
632662
632692
632718
632756
632938
633195
633322
633353
633361
633539
633610
633618
633738
633825
633981
634216
634238
634262
634313
634416
634534
634679
634707
634709
634872
634889
635065
635069
635164
635234
635340
635536
635646
635669
635705
635720
635826
635839
635887
635950
635960
636007
636090
636154
636295
636349
636352
636469
636485
636514
636574
636647
636657
636840
636933
636939
637027
637086
637176
637204
637226
637251
637416
637519
637574
637602
637833
637873
637943
637967
638132
638149
638162
638278
638388
638475
638502
638588
638660
638673
638698
638890
639233
639331
639348
639479
639520
639660
639954
640012
640030
640053
640219
640375
640436
640483
640783
640813
640846
640906
640931
641084
641108
641129
641345
641812
642066
642105
642170
642237
642267
642603
642656
642697
642733
642835
642943
643026
643077
643135
643244
643328
643353
643449
643567
643580
643912
644018
644081
644130
644255
644369
644609
644756
644847
644985
645011
645023
645213
645229
645295
645327
645390
645408
645467
645582
645823
646365
646373
646711
646758
646825
646864
647090
647152
647202
647247
647343
647373
647684
647856
647877
647883
647898
647993
648042
648206
648219
648337
648599
648716
648767
648807
648822
648848
648944
648987
649081
649183
649377
649578
649645
649669
649675
649679
649838
650040
650068
650431
650434
650549
650627
650849
650903
650947
651023
651185
651201
651272
651423
651757
651849
651852
652064
652267
652270
652490
652669
652685
652730
652793
652900
653073
653454
653772
653795
653897
653942
653975
653979
654295
654347
654517
654614
654836
654878
654936
654983
655317
655447
655556
655613
655687
655691
655824
656135
656150
656255
656313
656506
656525
656821
656913
657005
657477
657552
657610
658015
658027
658068
658538
658707
658901
658944
659081
659084
659100
659156
659214
659291
659318
659345
659348
659378
659387
659469
659529
659791
659848
659886
659888
659895
659909
659947
659981
659989
660000
660016
660248
660279
660430
660487
660626
660687
660732
660743
660766
660780
660815
660860
661102
661256
661284
661321
661376
661428
661467
661986
662014
662031
662188
662464
662564
662570
662579
662609
662810
662853
662872
662984
663373
663471
663496
663602
663781
663789
664022
664190
664241
664273
664546
664677
664779
664784
664900
664937
664943
665043
665045
665056
665118
665207
665422
665604
665622
665683
665706
665897
665940
665969
666244
666324
666513
666598
666628
666695
666733
666854
666947
666979
666982
667061
667145
667388
667449
667865
667878
668129
668177
668365
668548
668992
668994
669130
669322
669397
669450
669646
669654
669950
670141
670163
670348
670354
670385
670433
670821
670861
670914
671103
671206
671273
671323
671397
671480
671668
671699
671707
671781
671897
671949
671985
672090
672122
672277
672411
672451
672585
672718
672846
673028
673043
673071
673088
673110
673146
673149
673194
673480
673670
673707
673767
673905
674028
674052
674103
674149
674345
674715
674720
674807
674868
674872
674876
674885
674933
675056
675190
675209
675283
675342
675616
675986
676059
676392
676437
676473
676476
676506
676522
676557
676569
676639
676662
676761
676807
676906
677046
677141
677147
677225
677249
677260
677484
677778
677795
677910
677959
678046
678122
678310
678347
678416
678447
678554
678680
678743
678932
679061
679179
679227
679268
679438
679521
679523
679610
679793
679826
679833
679953
679963
680126
680163
680203
680256
680271
680600
680622
680637
681015
681248
681437
681476
681844
681918
681968
682077
682220
682228
682296
682306
682373
682485
682693
682936
683113
683172
683209
683289
683489
683601
683610
683619
683700
683868
683900
684104
684147
684267
684279
684462
684504
684589
684689
684771
684786
684854
684883
684903
684956
685224
685290
685521
685565
685621
685651
685728
685748
685752
685806
685820
685860
685866
685985
686055
686092
686124
686246
686397
686527
686544
686545
686874
687007
687196
687335
687521
687537
687784
687860
687935
688107
688180
688299
688402
688524
688561
688635
688753
688898
688913
689173
689221
689655
689669
689676
689996
690012
690157
690309
690409
690538
690903
690977
691013
691068
691085
691169
691480
691862
691922
691978
692107
692161
692377
692397
692461
692501
692669
692700
692902
692945
692963
692964
693066
693180
693224
693335
693347
693541
693638
693663
693680
693739
693800
693966
694280
694337
694376
694531
694759
694791
694962
695214
695461
695669
695683
695751
695869
696004
696116
696307
696323
696324
696469
696628
696793
696831
696895
696903
696985
697361
697474
697506
697660
697801
697814
697882
698147
698204
698256
698265
698369
698370
698594
698719
699157
699175
699321
699371
699502
699630
699843
699936
700041
700129
700223
700472
700804
701126
701150
701288
701342
701351
701379
701484
701540
701774
702018
702098
702173
702204
702230
702246
702271
702586
702606
702696
703396
703460
703474
703635
703641
703702
703754
703757
703980
703986
703991
704193
704212
704286
704291
704638
704755
704797
704837
704881
705115
705494
705588
705609
705674
705681
705686
706105
706160
706301
706333
706366
706508
706554
706644
706708
706747
706813
707332
707452
707499
707507
707540
707618
707784
707839
708129
708240
708248
708322
708368
709002
709119
709187
709217
709265
709291
709333
709634
709702
709764
709792
709862
709969
709994
710114
710124
710341
710550
710634
710638
710677
710774
711031
711057
711251
711254
711276
711398
711430
711437
711618
711729
711740
711851
711974
712083
712249
712283
712293
712371
712416
712477
712541
712627
712702
712741
713068
713227
713369
713377
713473
713505
713516
713646
713736
713808
714018
714049
714076
714086
714149
714220
714250
714350
714377
714449
714598
714626
714981
715156
715228
715245
715292
715374
715499
715530
715641
715650
715695
715757
715798
715880
716243
716439
716473
716537
716553
716573
716603
716617
716761
716790
716804
716907
716908
716928
717327
717565
717597
717636
718100
718290
718307
718346
718403
718496
718507
718750
718892
718918
718937
719080
719293
719356
719560
719676
719691
719698
719884
719955
720034
720135
720250
720386
720398
720416
720426
720469
720518
720742
720896
721006
721099
721168
721203
721288
721305
721420
721453
721460
721465
721638
721725
721818
721857
721981
722093
722181
722611
722640
722745
722897
722898
722927
723253
723291
723429
723583
723773
723875
723936
724138
724158
724221
724329
724513
724529
724534
724732
724880
725042
725254
725464
725538
725555
725689
726143
726176
726484
726732
726893
726895
726970
726999
727339
727360
727372
727465
727558
727656
727669
727727
727942
727959
728121
728141
728168
728178
728202
728207
728296
728393
728591
728768
728894
728990
729003
729249
729261
729344
729370
729474
729518
729732
729756
729783
729801
730031
730350
730553
730557
730733
730905
730957
731253
731537
731654
731770
731808
732310
732311
732392
732709
732725
732727
732752
732870
733081
733126
733245
733252
733571
733600
733645
733692
733780
733902
733936
734487
734586
734651
734711
734714
735017
735031
735074
735210
735251
735269
735296
735329
735335
735409
735435
735437
735598
735681
735729
735841
735954
736364
736391
736625
736692
736785
736809
736856
737010
737032
737068
737113
737148
737238
737363
737370
737482
737601
737732
737897
737899
737916
738066
738117
738166
738521
738651
738749
738856
738863
738920
738973
738989
739173
739398
739399
739467
739641
739720
739730
739742
739767
739834
740054
740114
740167
740183
740186
740307
740417
740894
741120
741205
741295
741320
741470
741726
741730
741760
741814
741876
741923
741925
742014
742040
742101
742383
742410
742432
742538
742569
742584
742851
743034
743058
743131
743144
743191
743246
743391
743666
743840
743863
743907
744028
744116
744327
744412
744433
744508
744531
744538
744654
744709
744725
744823
744920
744996
745208
745363
745462
745480
745501
745515
745576
745621
745663
745840
745915
746016
746039
746069
746358
746479
746494
746516
746561
746576
746599
746657
746667
746682
746749
746851
747065
747080
747123
747260
747310
747341
747373
747676
747824
747884
747941
748015
748205
748281
748395
748415
748443
748555
748666
748770
748825
749174
749398
749400
749424
749632
749654
749757
749881
749987
749997
750032
750037
750166
750176
750191
750206
750249
750460
750537
750608
750774
750777
750860
750874
750905
750983
751221
751238
751241
751339
751666
751696
751750
751800
751806
751853
752003
752122
752376
752468
752572
752664
752728
752751
752777
753352
753459
753607
753638
753710
753797
753926
754026
754106
754117
754120
754250
754267
754552
754659
754779
754796
754871
754896
755084
755089
755097
755120
755265
755337
755369
755439
755469
755498
755531
755681
755900
755915
755926
756092
756140
756300
756389
756441
756627
756897
756905
756921
757123
757265
757293
757311
757602
758196
758219
758264
758424
758533
758594
758775
759154
759165
759193
759634
759727
759743
759773
759779
759853
759877
759936
760154
760175
760318
760348
760470
760556
760592
760618
760726
760870
761210
761278
761494
761579
761671
761705
761849
761895
761935
761955
762032
762046
762066
762070
762130
762198
762290
762324
762443
762451
762488
762627
762996
763338
763563
763629
763858
763927
764058
764079
764084
764190
764238
764355
764492
764526
764664
764706
764757
764849
765020
765154
765254
765336
765357
765431
765521
765600
765603
765618
765642
765689
765749
766332
766534
766536
766572
766685
766980
767074
767194
767571
767859
767863
767939
768055
768245
768268
768487
768505
768518
768859
768953
769106
769117
769340
769486
769550
769583
769591
769742
769760
769780
770049
770198
770404
770573
770795
770968
770969
771000
771019
771064
771224
771321
771368
771556
771584
771851
771853
771902
771938
772049
772103
772116
772702
772797
772866
772981
773009
773121
773148
773151
773321
773351
773456
773564
773663
773696
774000
774239
774359
774465
774574
774763
774775
774891
774989
775009
775129
775223
775273
775341
775377
775504
775751
775812
775953
775964
776175
776370
776445
776471
776479
776577
776618
776721
776963
777063
777097
777137
777269
777359
777516
777567
777594
777731
777785
777817
777878
777949
778022
778047
778051
778112
778136
778139
778183
778318
778449
778529
778761
778821
778824
778841
778865
779151
779308
779363
779421
779440
779456
779467
779520
779603
779690
779773
779815
779880
779881
780069
780102
780107
780324
780366
780369
780464
780621
780715
780924
781005
781013
781032
781165
781266
781295
781404
781488
781543
781643
781712
781847
781906
781916
781926
781991
782094
782107
782285
782401
782415
782437
782520
782586
782917
783154
783296
783330
783602
783687
783735
783797
783956
783996
784105
784209
784282
784289
784392
784491
784655
784797
784926
784932
784940
785049
785115
785160
785252
785345
785667
785767
785812
785827
785846
785917
785945
785996
786034
786234
786465
786771
786792
786837
786879
786906
787091
787147
787158
787160
787193
787247
787252
787304
787514
787613
787660
787776
787904
787934
787973
788328
788367
788484
788528
788815
788846
788897
788951
789245
789253
789307
789727
789849
789959
790014
790083
790087
790364
790567
790575
790671
790723
790817
790940
790959
790965
791031
791076
791213
791237
791479
791483
791605
791869
791905
792007
792339
792354
792418
792426
792452
792611
792638
792696
792723
792771
792800
792963
793023
793044
793215
793273
793322
793373
793473
793486
793523
793577
793583
793588
793680
793743
793933
793987
794165
794174
794178
794183
794323
794354
794467
794475
794482
794591
794885
794943
795141
795172
795436
795585
795754
795953
796118
796155
796206
796262
796351
796461
796517
796741
796775
796968
797257
797367
797620
797789
797832
798244
798381
798447
798602
798604
798684
798720
798760
798775
798780
798841
798937
799074
800059
800060
800158
800220
800278
800381
800411
800480
800558
800588
800679
800688
800736
800947
801004
801120
801263
801284
801306
801389
801526
801673
801684
801699
801850
801922
802120
802327
802381
802440
802498
802506
802534
802651
802770
802780
802848
802889
803126
803273
803279
803340
803356
803418
803427
803452
803516
803707
803904
804067
804083
804086
804100
804152
804355
804373
804502
804550
804608
804648
804797
805041
805261
805278
805295
805360
805412
805518
805566
805681
805864
806118
806239
806290
806480
806514
806694
806824
806838
806989
807000
807065
807146
807184
807225
807254
807311
807333
807681
807720
807869
807901
807926
808166
808288
808403
808410
808470
808602
808689
808769
808813
808857
808903
808914
808997
809129
809156
809204
809257
809359
809398
809431
809576
809749
809763
809870
809877
810007
810063
810088
810194
810218
810409
810489
810513
810748
810897
810911
810951
811093
811177
811355
811356
811359
811470
811524
811745
811941
811964
811979
811996
812108
812219
812469
812485
812567
812839
812859
813288
813337
813497
813568
813681
813986
814049
814163
814267
814413
814477
814511
814682
814908
814928
814978
815049
815082
815424
815475
815522
815592
815611
815723
815740
815788
815843
815960
815976
816082
816095
816146
816663
816824
816914
816982
817049
817174
817258
817269
817382
817477
817483
817528
817563
817726
817739
817825
817919
817946
818128
818211
818312
818461
818509
818547
818684
818878
818893
818925
819158
819390
819541
819550
819579
819739
819883
820019
820131
820150
820192
820200
820363
820399
820543
820621
820856
820922
820993
821110
821137
821154
821299
821436
821724
821738
821890
821895
821909
821966
822038
822301
822377
822403
822623
822846
822880
822914
823201
823214
823395
823460
823488
823492
823751
823798
823838
824237
824345
824394
824412
824418
824517
824593
824716
824822
824927
824981
824989
825092
825164
825463
825691
825739
825779
826087
826132
826242
826485
826595
826623
826739
826853
826943
826955
827039
827139
827194
827287
827360
827387
827453
827481
827665
827699
827872
828015
828287
828423
828759
828958
829039
829160
829169
829210
829223
829242
829306
829341
829396
829654
829677
829765
830013
830018
830191
830315
830341
830622
830639
830658
830731
830827
830862
830957
831139
831206
831394
831479
831592
831637
831727
831849
832069
832129
832176
832374
832436
832515
832584
832604
832706
832892
832920
833199
833213
833449
833515
833571
833681
833700
833724
834104
834205
834248
834515
834598
834627
834689
834757
834829
834991
835018
835060
835063
835089
835175
835212
835283
835345
835347
835451
835549
835653
835696
835784
835872
835942
836004
836091
836262
836265
836304
836487
836537
836576
836615
836831
836927
837185
837536
837555
837575
837754
838098
838247
838277
838284
838538
838545
838606
838675
838716
838738
838902
838961
839007
839037
839119
839127
839303
839421
839520
839631
839635
839857
840045
840071
840169
840182
840290
840667
840736
840763
840876
841088
841101
841117
841266
841334
841340
841465
841492
841510
841716
841783
841878
841935
841980
842057
842130
842438
842643
842697
842915
842965
843017
843079
843083
843091
843116
843152
843286
843446
843576
843609
843689
843722
843771
843844
844012
844112
844113
844138
844204
844275
844642
844731
844848
844862
845220
845343
845375
845545
845771
845792
845927
845997
846090
846291
846390
846453
846459
846570
846601
846644
846705
846815
847301
847469
847590
847592
847603
847681
847809
847935
848274
848293
848536
848540
848827
848946
849183
849305
849378
849402
849404
849508
849566
849760
849795
849880
849899
850106
850126
850140
850149
850350
850396
850433
850534
850630
850671
850814
850884
850944
850950
851050
851229
851297
851372
851398
851533
851578
851606
851754
851758
851816
851859
852050
852078
852091
852145
852222
852324
852365
852591
852736
853188
853211
853339
853424
853466
853629
853703
854190
854281
854399
854466
854545
854578
854740
854993
855009
855121
855134
855285
855342
855376
855436
855717
855799
855926
855993
856011
856236
856336
856383
856696
856714
856736
856866
856922
856948
857100
857183
857225
857395
857487
857503
857545
857577
857870
857946
858040
858193
858223
858291
858388
858547
858625
858682
858845
858881
858910
858936
859015
859052
859060
859128
859227
859396
859412
859782
859973
860045
860331
860367
860649
860850
860865
860901
860984
860987
861045
861247
861506
861538
861563
861750
861920
861932
862221
862226
862290
862470
862633
863133
863229
863345
863413
863520
863538
863652
863729
863820
863867
863979
864114
864254
864334
864352
864469
864526
864568
864702
864703
864733
864748
864893
865096
865097
865143
865218
865224
865552
865621
865657
865919
866165
866354
866591
866599
866861
867175
867204
867243
867585
867681
867759
867808
867977
868086
868096
868103
868196
868283
868303
868348
868366
868376
868489
868534
868586
868624
868777
868785
869091
869309
869466
869684
869794
869837
869847
869984
870080
870098
870117
870134
870233
870250
870844
870952
870968
870989
871003
871062
871078
871285
871714
871790
871808
871829
871925
871943
871974
872100
872150
872183
872217
872235
872360
872606
872853
872871
872916
872923
872962
872985
873140
873171
873314
873341
873698
873728
873792
873813
873850
873966
874294
874376
874414
874565
874625
875000
875040
875065
875201
875648
875666
875786
875821
875834
876496
876595
876791
877301
877397
877586
877650
877837
877858
878011
878018
878127
878216
878229
878248
878396
878435
878590
878691
878742
878780
878868
878943
879025
879225
879302
879331
879415
879517
879660
879931
879984
880054
880346
880350
880439
880445
880454
880497
880541
880560
880677
880708
880725
880743
880898
881045
881056
881169
881190
881396
881475
881528
881536
881571
881619
881704
881756
882094
882219
882222
882223
882310
882352
882380
882406
882494
882546
882557
882589
882785
882921
883012
883087
883103
883209
883229
883415
883499
883678
883695
883705
883820
883821
883824
883991
884014
884115
884330
884396
884461
884495
884555
884682
884725
884753
884991
885099
885143
885245
885251
885414
885558
885626
885994
886094
886326
886397
886509
886569
886603
887255
887404
887472
887667
887772
887870
887937
888033
888094
888473
888637
888650
888690
889116
889223
889236
889496
889533
889549
889559
889669
889718
889789
889894
889907
889952
890041
890120
890170
890296
890486
890501
890526
890822
890857
890863
890946
891084
891187
891246
891459
891769
891789
891901
891918
891956
892169
892357
892481
892795
892832
892844
892908
892955
893281
893414
893425
893638
893779
893923
893936
893998
894157
894217
894353
894402
894457
894492
894554
894621
894701
894763
895108
895121
895248
895313
895375
895474
895636
895655
895806
895850
895927
896003
896073
896186
896195
896251
896289
896357
896408
896431
896589
896608
896654
896728
896880
896971
897009
897124
897282
897410
897416
897477
897481
897646
897749
897753
897807
897916
898086
898202
898408
898463
898623
898640
898683
898732
898799
899382
899419
899568
899811
899919
899981
900122
900295
900301
900428
900430
900620
900725
900729
900980
901063
901172
901566
901893
902033
902111
902306
902504
902582
902646
902744
902817
903089
903146
903393
903659
903959
903974
904036
904399
904468
904517
904642
904785
904793
904911
905007
905102
905325
905454
905513
905550
905551
905812
905932
906014
906118
906402
906674
906684
906733
906826
906864
906872
906931
907069
907146
907315
907399
907659
907835
907850
907889
907939
907992
908009
908349
908476
908675
908773
908912
908948
908966
909052
909058
909157
909159
909464
909474
909498
909535
909620
909736
909878
909908
909915
909954
910042
910150
910242
910259
910268
910360
910374
910473
910483
910497
910607
910668
910803
910827
910910
911004
911199
911328
911365
911700
911734
911757
911817
911854
911980
912028
912059
912312
912314
912532
912633
912650
912652
912679
912684
912745
912855
913096
913113
913358
913487
913488
913530
913652
913657
913830
913856
913903
913921
914023
914176
914196
914314
914341
914507
914611
914740
915158
915530
915665
915697
915727
915793
915895
916466
916571
916612
916685
916772
916777
916797
916813
916896
916914
916941
916976
917044
917047
917168
917183
917227
917276
917433
917644
917867
917925
918040
918244
918465
918569
918822
919140
919193
919519
919675
919741
919923
919926
919994
920155
920373
920402
920496
920588
920669
920750
920850
920942
921106
921116
921162
921545
921567
921585
921592
921881
921899
921956
922068
922378
922435
922462
922572
922591
922640
922821
922977
923011
923180
923376
923760
923786
923794
923817
923879
923941
923955
924065
924173
924290
924323
924399
924421
924473
925008
925416
925553
925616
925794
925948
925983
926040
926069
926330
926367
926381
926635
926831
926843
926863
926914
927016
927019
927040
927229
927368
927526
927627
927695
927724
927890
928286
928752
928824
928831
928911
928924
929231
929274
929348
929414
929431
929817
929911
929922
929944
929988
930199
930342
930353
930571
930602
930604
930640
930916
931257
931700
931793
931821
931946
932170
932296
932456
932559
932742
933014
933154
933171
933243
933285
933444
933632
933777
934126
934194
934211
934460
934621
934644
934809
934845
934955
935205
935392
935503
935718
935822
935838
935905
935963
936124
936223
936677
937083
937128
937225
937236
937239
937414
937480
937697
937706
937713
937717
937734
937738
937806
937888
937915
937936
937937
938176
938275
938462
938529
938755
938775
938978
939006
939046
939129
939329
939410
939449
939589
939642
939709
939720
939736
939809
939855
939942
940093
940118
940553
940734
940791
941092
941136
941287
941382
941725
941902
941912
941948
942015
942024
942433
942469
942697
942971
943043
943090
943269
943391
943465
943533
943561
943588
943636
943741
943868
943967
944163
944188
944278
944398
944405
944564
944589
944803
945038
945044
945089
945393
945483
945494
945510
945523
945642
945881
946007
946020
946043
946178
946238
946250
946317
946321
946439
946520
946686
946743
946768
946885
947096
947163
947227
947298
947307
947502
947668
947718
947727
947811
948033
948059
948066
948081
948109
948135
948194
948222
948347
948363
948425
948455
948492
948879
949161
949247
949460
949479
949488
949515
949609
949783
949846
949881
950060
950068
950122
950189
950300
950430
950628
950788
950948
950971
951151
951662
951742
952040
952201
952469
952627
952941
952966
953018
953038
953085
953262
953452
953636
953645
953774
953779
954082
954323
954360
954370
954394
954447
954518
954601
954724
954745
954914
955053
955059
955075
955095
955281
955463
955500
955556
955589
955612
955668
955731
955779
955781
955865
956113
956599
956789
956954
956961
956986
956998
957000
957106
957220
957259
957289
957523
957571
957761
958009
958138
958158
958194
958272
958329
958361
958606
958609
958776
958797
958802
958813
958924
959046
959107
959148
959271
959833
959949
960273
960318
960353
960368
960507
960645
960804
960874
961394
961471
961485
961490
961523
961792
961863
961884
962000
962085
962214
962252
962340
962390
962410
962472
962497
962515
962566
962607
962722
963258
963381
963515
963525
963657
963755
963764
963887
963985
964175
964222
964358
964585
965026
965102
965192
965455
965651
965681
965761
965774
965848
965875
965959
965967
966079
966091
966352
966357
966370
966389
966409
966504
966589
966687
966759
966786
966800
966822
966893
966912
967129
967333
967352
967360
967515
967544
967571
967616
967853
967935
968122
968171
968276
968319
968367
968452
968562
968627
968667
968701
968841
968915
969058
969149
969245
969355
969364
969509
969529
969575
969633
969651
969665
969985
970301
970417
970424
970426
970484
970489
970730
970848
970918
971274
971760
971840
972032
972187
972217
972282
972448
972470
972525
972625
972726
972942
973064
973067
973163
973211
973264
973366
973378
973419
973437
973552
973855
973891
974092
974135
974192
974269
974321
974381
974567
974615
974733
974746
974805
975244
975360
975457
975598
975807
975818
975821
975866
976051
976058
976237
976361
976423
976515
976535
976558
976592
976594
976597
976658
976736
976807
976888
976944
977077
977111
977116
977212
977296
977345
977448
977490
977640
977707
977843
978047
978135
978212
978221
978527
978649
978662
978758
978807
978905
978910
979046
979100
979115
979245
979265
979400
979420
979516
979528
979597
979637
979839
979866
979917
979948
980185
980273
980363
980472
980515
980527
980565
980578
980661
980730
980874
980909
980924
981008
981015
981127
981167
981204
981298
981450
981513
981554
981612
981700
981717
981734
981802
981832
981902
981969
982125
982224
982334
982485
982656
982756
982757
982803
982828
982930
983106
983197
983253
983274
983295
983546
983574
983809
983829
983833
983935
983949
984034
984174
984306
984342
984551
984627
984633
984638
984681
984752
984946
984993
985232
985293
985379
985508
985555
985610
985659
985813
985835
985837
985975
986006
986186
986780
986797
986941
986948
987085
987097
987294
987463
987583
987814
987848
987900
987929
988032
988145
988175
988203
988394
988470
988482
988498
988531
988554
988562
988609
988816
988907
988925
988963
989170
989331
989455
989504
989686
989687
989711
989840
989970
990040
990045
990277
990346
990395
990418
990522
990530
990578
990616
990652
990720
990721
990842
991004
991115
991138
991209
991213
991357
991578
991876
991879
991899
991928
991941
991976
992059
992078
992096
992112
992139
992147
992274
992296
992429
992456
992613
992666
992671
992767
992803
992955
992996
993015
993077
993095
993125
993201
993420
993430
993495
993653
993691
994270
994400
994551
994675
994904
995024
995221
995245
995557
995719
995957
996198
996368
996530
996531
996576
996739
996765
996837
996890
996951
997044
997085
997221
997241
997242
997413
997701
997706
997715
997751
997962
997963
998090
998273
998401
998423
998431
998554
998575
998610
999063
999065
999080
999170
999299
999345
999580
999653
999676
999710
999882
