215
408
429
462
646
924
938
1079
1249
1345
1370
1412
1448
1510
1741
1815
1837
2035
2129
2352
2543
2598
2698
2706
2743
3207
3518
3629
3786
3963
4010
4044
4175
4225
4480
4490
4578
4709
4904
4925
4950
4987
5005
5017
5106
5115
5200
5281
5384
5569
5570
5582
5848
5949
6078
6160
6186
6337
6362
6507
6636
6697
6764
6935
6992
6996
7256
7370
7447
7526
7600
7629
7822
7972
8122
8172
8252
8261
8348
8539
8674
8988
9140
9298
9327
9344
9440
9587
9650
9748
9798
9903
9928
10231
10255
10449
10522
10602
10786
10843
10885
10967
11019
11563
11580
11607
11623
11805
11806
11862
11993
12031
12085
12186
12336
12524
12829
12879
12962
13191
13417
13429
13566
13630
13685
13796
14142
14168
14331
14463
14589
14664
14880
14905
15028
15095
15141
15206
15261
15295
15338
15347
15527
15536
15950
16088
16112
16171
16322
16344
16348
16380
16428
16431
16535
16746
16761
16768
16780
16994
17077
17086
17233
17242
17418
17435
17456
17476
17506
17556
17581
17645
17837
17952
18164
18230
18238
18242
18284
18447
18456
18519
18569
18696
18859
18923
18939
19230
19670
19736
19943
20075
20136
20144
20308
20366
20470
20478
20502
20651
20827
20851
20969
20992
21033
21221
21563
21800
21821
21881
22017
22110
22199
22239
22323
22550
22641
22673
22687
22858
22894
23138
23241
23293
23526
23531
23613
23668
23883
23960
24154
24204
24603
24937
25069
25078
25175
25439
25519
25588
26027
26351
26389
26436
26475
26519
26521
26575
26758
26847
27084
27139
27331
27392
27415
27431
27547
27610
27713
27731
27772
27912
27920
27953
28041
28066
28107
28108
28169
28201
28230
28317
28442
28444
28463
28502
28603
28636
28644
28888
28995
29143
29168
29191
29236
29342
29345
29360
29386
29652
29702
29773
30469
30706
30730
31190
31267
31372
31435
31452
31652
31664
31691
31736
31931
32061
32222
32232
32236
32292
32434
32545
32670
32768
32825
32849
32853
32898
32952
33330
33392
33533
33601
33801
33866
33926
33994
34034
34050
34074
34099
34173
34376
34528
35054
35083
35124
35126
35321
35340
35373
35487
35530
35534
35684
35755
35776
35869
36189
36330
36340
36346
36529
36558
36688
37061
37219
37268
37361
37432
37470
37605
37909
38032
38040
38068
38084
38385
38577
38630
38791
38973
39042
39217
39302
39360
39398
39538
39596
39795
39834
39872
39904
40272
40549
40712
40732
40860
40963
41173
41184
41227
41281
41423
41581
41582
41664
41671
41726
41866
41901
41962
41995
42180
42210
42211
42738
42767
42947
43006
43149
43186
43196
43337
43357
43392
43413
43442
43526
43555
43735
43997
44013
44104
44129
44131
44509
44541
44662
44706
44850
45171
45222
45782
45854
46129
46226
46232
46235
46277
46361
46374
46616
46619
46739
46896
47073
47088
47123
47168
47339
47498
47552
47764
47815
47840
47861
47980
48147
48258
48378
48423
48672
48684
48802
48944
48996
49020
49022
49286
49334
49362
49524
49648
49659
49697
49702
49773
50111
50214
50265
50344
50643
50724
51048
51076
51095
51114
51207
51264
51344
51364
51457
51571
51885
51987
52140
52157
52194
52201
52224
52451
53081
53349
53443
53803
53884
54139
54157
54306
54352
54377
54427
54460
54467
54516
54784
54929
54950
55068
55098
55131
55302
55308
55433
55541
55602
55663
55731
55802
56026
56068
56102
56122
56219
56228
56276
56369
56672
56673
56768
56797
56886
56967
57271
57527
57748
57997
58073
58312
58335
58382
58455
58740
58833
58847
59024
59112
59319
59400
59403
59568
59693
59760
59930
59973
60205
60219
60233
60447
60449
60515
60548
60551
60772
60786
60809
60836
60982
61077
61152
61188
61503
61535
61552
61561
61612
61692
61780
61783
61880
61912
61920
62027
62156
62291
62424
62507
62656
62900
62943
63019
63063
63391
63597
63629
63706
63752
63832
63922
63954
64050
64175
64200
64363
64511
64523
64670
64716
64761
64885
64893
64921
64954
65068
65100
65123
65278
65351
65367
65648
65729
65783
66079
66169
66196
66315
66371
66378
66531
66536
66601
66653
66779
66807
66825
66831
66874
67019
67177
67249
67250
67255
67453
67540
67586
67652
67784
67787
68445
68528
68760
68938
68949
68990
69052
69111
69153
69195
69259
69282
69591
69674
70026
70038
70437
70539
70542
70573
70604
70674
70700
70970
71014
71020
71132
71138
71165
71196
71257
71469
71522
71560
71899
71981
72023
72076
72271
72483
72530
72816
72915
73024
73088
73158
73252
73263
73272
73516
73525
73599
73708
73798
73931
73962
73992
74172
74253
74350
74455
74742
74754
74830
74921
75284
75335
75336
75384
75442
75504
75666
75779
76265
76387
76481
76644
77026
77059
77135
77158
77185
77291
77693
77704
77756
78116
78136
78144
78199
78261
78372
78423
78436
78600
78697
78711
78880
79024
79157
79186
79188
79307
79503
79525
79579
79843
79862
80055
80176
80187
80444
80481
80737
80881
80908
80978
81078
81170
81173
81212
81624
81638
81671
81720
81776
81809
81873
82002
82009
82020
82251
82254
82267
82352
82366
82420
82421
82534
82781
82974
82981
83023
83170
83208
83363
83706
83707
83720
83738
84135
84414
84415
84440
84679
84689
84781
84835
84963
85211
85344
85345
85521
85548
85721
85768
85956
85975
85989
86027
86477
86614
86921
86936
87060
87163
87171
87334
87493
87737
87915
87942
87962
88333
88455
88480
88539
88825
88844
88854
88871
88884
88920
89003
89201
89248
89427
89501
89609
89694
89753
90077
90189
90220
90386
90634
90659
90784
91049
91090
91199
91202
91235
91585
91677
91692
91778
91806
92010
92012
92189
92264
92528
92872
92919
93017
93173
93219
93421
93505
93864
93901
93984
94057
94081
94151
94184
94223
94418
94464
94582
94693
94730
94798
94975
94991
95078
95114
95145
95402
95448
95605
95721
95850
95876
95911
96002
96091
96142
96175
96215
96283
96372
96470
96694
97133
97238
97267
97272
97372
97789
97891
97957
97962
98006
98119
98182
98314
98500
98507
98714
98747
98780
98852
98915
99099
99190
99303
99423
99457
99464
99525
99663
99707
99760
99808
99863
99870
99946
99977
100388
100391
100458
100704
100742
100817
100859
101027
101029
101228
101244
101254
101257
101298
101328
101385
101440
101448
101484
101551
101653
101683
101950
101958
101982
102075
102386
102551
102637
102728
102750
103021
103067
103152
103184
103219
103310
103313
103407
103501
103579
103713
103737
103778
103923
104016
104031
104334
104511
104541
104551
104647
104685
105088
105212
105245
105251
105259
105406
105430
105443
105503
105538
105551
105803
105954
105998
106107
106276
106293
106545
106639
106717
106729
106815
106851
106981
107116
107200
107232
107276
107347
107424
107472
107608
107734
108153
108245
108283
108569
108588
108592
108608
108803
108851
108978
109044
109046
109439
109668
109871
109927
109941
109948
109977
110118
110159
110362
110412
110440
110532
110632
110950
111054
111092
111256
111501
111504
111671
111674
111715
111777
111868
111931
112030
112041
112168
112370
112471
112642
112767
112867
112896
112987
113044
113756
114056
114092
114100
114117
114439
114521
114529
114542
114549
114557
114577
114686
114688
114691
114743
114959
114967
115012
115032
115119
115176
115575
115604
115628
115763
115866
115997
116119
116179
116237
116305
116423
116954
116963
116983
117233
117521
117575
117654
117732
117878
117901
117946
118004
118115
118151
118167
118226
118307
118428
118522
118556
118606
118629
118677
118749
118824
118860
118894
118939
119137
119408
119442
119525
119659
119747
119764
119790
119857
119926
119959
120039
120216
120327
120401
120435
120853
121071
121637
121671
121804
121818
121879
122245
122284
122344
122425
122690
122700
122759
122778
122792
122796
122889
123026
123091
123207
123298
123539
123662
123818
123986
124063
124139
124144
124246
124267
124433
124537
124572
124577
124833
124878
125026
125232
125360
125403
125499
125533
125547
125649
125911
126022
126082
126148
126206
126313
126372
126400
126540
126552
126707
126711
126797
126879
126914
126992
127072
127104
127162
127266
127325
127328
127461
127479
127676
127742
127841
127985
127996
128078
128433
128740
128745
128868
128874
128903
129033
129331
129474
129551
129614
129927
129953
130049
130106
130251
130294
130365
130417
130544
130644
130739
130934
131045
131088
131219
131328
131402
131431
131500
131621
131625
131770
131938
132025
132264
132269
132366
132526
132586
132684
132918
133115
133281
133458
133748
133873
133989
134002
134010
134047
134061
134074
134080
134109
134341
134461
134573
134728
134734
134743
134832
134920
134931
134948
135142
135358
135477
135478
135608
135621
135648
135746
135820
135916
136005
136099
136236
136244
136257
136519
136576
136734
136886
136908
136971
136975
136977
137078
137086
137094
137216
137230
137248
137355
137486
137734
137795
137833
137866
137892
137905
137944
138099
138100
138217
138431
138494
138600
138602
138672
138688
138882
139259
139321
139575
139690
139874
139938
140047
140141
140280
140299
140327
140356
140457
140630
140806
140812
141084
141146
141216
141268
141422
141434
141485
141512
141534
141555
141560
141633
141712
141759
141896
141977
141981
142120
142144
142274
142285
142302
142319
142358
142392
142477
142703
143230
143301
143332
143338
143650
143774
144005
144020
144100
144134
144214
144350
144376
144475
144495
144738
144751
144882
145108
145128
145285
145341
145349
145382
145401
145457
145714
145718
145880
145935
146075
146082
146151
146400
146451
146567
146743
146802
146950
147094
147219
147286
147354
147423
147533
148158
148163
148249
148264
148281
148282
148552
148598
148620
148624
148628
148745
148862
148982
148992
149043
149214
149393
149463
149721
149834
149853
149883
149941
149978
150057
150058
150110
150207
150246
150315
150519
150638
150667
150797
150847
150969
151261
151265
151271
151318
151536
151631
151697
151839
151976
151985
152145
152163
152177
152229
152312
152545
152662
152740
152800
152991
153002
153106
153180
153595
153878
153945
153974
153989
154008
154308
154322
154462
154488
154507
154539
154585
154718
154811
154894
155148
155345
155578
155664
155831
156043
156088
156137
156139
156168
156321
156652
156690
156795
156984
157095
157143
157195
157669
157688
157922
157968
157985
158009
158302
158370
158389
158453
158489
158509
158760
158761
158976
159173
159193
159299
159300
159310
159334
159447
159525
159642
159708
159805
159885
160236
160361
160600
160656
160661
160840
160871
160912
160987
161086
161303
161438
161486
161500
161544
161666
161748
161771
161780
161902
161905
162087
162165
162237
162398
162461
162565
162629
162892
163616
163721
163788
163792
163892
164008
164139
164222
164290
164347
164458
164692
164807
164864
165038
165046
165086
165203
165321
165334
165650
165654
165687
166011
166109
166123
166145
166189
166230
166305
166455
166553
166637
166868
167082
167114
167124
167215
167313
167351
167434
167442
167730
167743
167880
167895
167954
167977
168258
168273
168322
168341
168418
168468
168484
168763
168798
169078
169089
169117
169325
169353
169398
169558
169585
169781
169909
169999
170234
170254
170492
170513
170556
170775
170895
170982
171123
171202
171252
171442
171475
171524
171607
171621
171796
171916
171931
172001
172088
172149
172314
172369
172422
172443
172556
172672
172679
172791
172823
172977
173062
173087
173088
173109
173223
173259
173262
173410
173476
173950
174223
174264
174336
174406
174412
174461
174505
174507
174760
174905
174981
175048
175264
175385
175388
175569
175649
175683
175704
175732
175929
176251
176292
176463
176488
176511
176558
176745
177093
177114
177128
177198
177423
177433
177456
177534
177539
177669
177686
177994
178015
178276
178753
178777
178783
178910
179046
179066
179249
179393
179424
179433
179447
179576
179667
179724
179957
180138
180204
180254
180265
180276
180301
180374
180579
180607
180658
180826
180952
181053
181136
181211
181241
181498
181538
181734
181905
182198
182536
182564
182612
183030
183146
183415
183492
183610
183683
183689
183822
183965
183975
184006
184058
184099
184101
184172
184253
184646
184652
185456
185532
185577
185599
185751
185845
185871
185900
185932
185950
186404
186496
186499
186535
186584
186666
186693
186778
187191
187395
187457
187500
187904
187940
187990
187999
188104
188413
188437
188501
188564
188620
188678
188686
188710
188990
188998
189006
189019
189120
189373
189387
189417
189420
189547
190293
190420
190794
190874
190896
190910
191067
191269
191327
191344
191432
191596
191636
191658
191660
191679
191683
191713
191777
191794
191893
192035
192067
192106
192359
192390
192446
192452
192666
192721
192791
192903
192989
193050
193055
193342
193371
193538
193591
193690
193700
193886
194124
194156
194164
194327
194438
194447
194454
194515
194571
194778
194845
194894
195403
195457
195487
195514
195528
195543
195550
195578
195617
195719
195876
195898
195946
195992
196007
196018
196045
196048
196118
196148
196173
196186
196311
196575
196643
196768
196859
196968
196991
197093
197121
197187
197290
197365
197383
197672
197769
198165
198202
198207
198368
198424
198470
198524
198592
198721
198750
198839
198892
199081
199229
199344
199505
199525
199533
199534
199560
199574
199590
199619
199677
199883
199960
199987
200119
200245
200371
200428
200461
200492
200602
200637
200638
200684
200872
200943
200945
201004
201054
201080
201092
201147
201259
201317
201327
201373
201643
202198
202283
202350
202456
202496
202559
202560
202611
202689
202713
202718
202795
202985
203010
203086
203170
203176
203273
203375
203581
203634
203697
203769
203958
203963
203994
204029
204099
204139
204273
204361
204409
204687
204768
204799
204885
205015
205123
205233
205237
205341
205621
205636
205664
205757
206207
206244
206411
206727
206783
206809
206884
207006
207289
207292
207374
207489
207677
207725
207946
207985
208080
208150
208173
208186
208254
208307
208333
208409
208647
208746
208937
209207
209230
209307
209348
209370
209391
209469
209611
209670
209784
209787
209862
209878
210047
210471
210476
210672
210688
210720
210799
210908
210933
210945
211040
211141
211199
211284
211313
211389
211553
211630
211697
211799
211861
211906
212051
212104
212244
212384
212394
212569
212606
212631
212714
212745
212754
212758
212809
212891
212932
212960
213075
213101
213431
213537
213555
213558
213624
213641
213788
213966
213971
214027
214356
214491
214513
214526
214676
214717
215017
215119
215321
215413
215419
215502
216467
216527
216546
216614
216757
216822
216918
216921
216925
216948
216983
216987
217089
217093
217095
217235
217509
217612
217748
217796
217905
218027
218144
218163
218295
218362
218657
218694
218847
218973
219081
219141
219187
219211
219226
219277
219334
220112
220230
220268
220374
220742
220816
220880
220927
220944
221048
221108
221151
221168
221199
221244
221372
221456
221503
221504
221584
221598
221604
221622
221638
221754
221781
221899
222042
222145
222183
222286
222336
222678
222777
222959
222969
223059
223068
223114
223191
223317
223329
223387
223391
223572
223762
224026
224042
224184
224195
224242
224303
224413
224486
224495
224546
224585
224623
224674
225050
225434
225646
225684
225769
225885
226071
226119
226254
226350
226439
226634
226687
226775
226810
226915
226967
226977
226979
226991
227080
227141
227215
227293
227488
227661
227748
227805
227861
227982
228061
228063
228066
228192
228219
228226
228276
228470
228586
228601
228649
228842
228846
228874
228877
228882
228978
229101
229119
229188
229196
229251
229360
229415
229434
229457
229534
229586
229605
229721
229999
230276
230339
230606
230671
230872
230953
231075
231080
231338
231372
231513
231575
231780
231857
231912
231947
232065
232089
232110
232130
232469
232476
232551
232662
232664
232717
232798
232857
233004
233155
233389
233409
233462
233527
233797
233906
233937
234121
234281
234758
234799
234816
235016
235046
235102
235254
235675
235832
235961
235991
236004
236096
236132
236414
236427
236466
236539
236540
236583
236620
236847
236989
237029
237258
237322
237343
237390
237515
237607
237843
237882
237913
237922
238046
238898
238907
239117
239134
239158
239291
239304
239363
239389
239444
239669
239715
239790
239846
239928
240148
240163
240192
240195
240258
240372
240673
240711
240746
240764
240765
241087
241162
241236
241407
241425
241645
241656
241696
241830
241918
242172
242246
242255
242342
242388
242502
242567
242726
242987
243062
243125
243231
243250
243321
243357
243390
243418
243476
243551
243580
243594
243752
243764
243857
243973
243986
244012
244021
244140
244293
244303
244314
244353
244440
244503
244518
244862
244956
244977
245039
245101
245148
245236
245242
245245
245360
245427
245534
245620
245690
245809
246145
246254
246279
246422
246576
246675
246687
246723
246840
246875
247163
247240
247308
247428
247535
247655
247712
247815
247818
248245
248273
248356
248427
248428
248476
248486
248554
248577
248631
248954
249207
249300
249401
249490
249491
249882
249897
249978
250000
250294
250359
250415
250846
250925
251143
251267
251337
251481
251491
251729
251734
251860
251967
252100
252262
252319
252597
252740
252749
253002
253040
253193
253278
253780
253876
254002
254030
254125
254159
254401
254511
254600
254633
254656
255166
255286
255347
255399
255408
255495
255501
255908
255931
255946
256065
256134
256176
256375
256531
256548
256569
257017
257031
257068
257259
257304
257366
257428
257443
257662
257747
258011
258109
258288
258729
258869
258887
259072
259090
259250
259274
259350
259674
259740
259913
259971
259974
260104
260167
260243
260508
260646
260886
260968
261111
261249
261288
261303
261327
261563
261634
261650
261811
261934
261998
262008
262057
262123
262160
262234
262257
262272
262484
262552
262581
262666
262867
262907
262943
263060
263073
263286
263298
263369
263459
263465
263494
263562
263640
263717
263819
263900
263986
263989
264086
264100
264284
264348
264648
264655
264663
264721
264891
264987
265026
265162
265209
265305
265475
265536
265565
265724
265753
265975
266167
266180
266646
266949
266981
267048
267244
267276
267321
267398
267448
267869
267913
268045
268054
268093
268337
268374
268827
268911
268975
269010
269373
269556
269560
269623
269660
269822
269892
269918
270008
270048
270222
270236
270319
270908
270992
271003
271113
271157
271263
271280
271287
271367
271482
271587
271652
271742
271857
271983
272032
272163
272361
272645
272744
272801
272813
273004
273070
273072
273196
273267
273291
273305
273492
273514
273517
273558
273634
273856
273941
273948
274056
274075
274281
274287
274628
274664
274753
274920
274961
275077
275268
275338
275484
275526
275750
275969
276115
276156
276431
276472
276496
276559
276569
276605
276798
276986
277072
277113
277137
277157
277294
277350
277368
277385
277461
277630
277717
277729
277831
277944
278015
278078
278080
278316
278630
278839
278893
278920
279232
279393
279557
279673
279675
279735
279758
279788
280078
280168
280169
280225
280744
280792
280820
280822
280863
280915
280959
281038
281428
281643
281802
281909
281922
282101
282300
282340
282407
282545
282793
282835
282872
282879
282913
283088
283110
283173
283550
283622
283663
283695
284021
284061
284268
284430
284479
284480
284548
284612
284619
284705
284809
284861
284866
284940
284945
284983
284986
285020
285035
285126
285172
285365
285587
285749
285844
285871
286015
286167
286724
286817
286834
286983
287233
287315
287546
287568
287736
288133
288203
288252
288318
288413
288514
288549
288559
288631
288636
288651
288668
288785
288818
288833
289007
289194
289446
289627
289639
289791
289952
290079
290254
290266
290331
290344
290467
290485
290580
290732
290909
291212
291260
291333
291415
291436
291454
291516
291762
291776
292080
292105
292226
292263
292590
292627
292772
292819
292917
292977
293108
293160
293225
293247
293377
293514
293583
293633
293656
293680
293830
293871
293970
294019
294117
294119
294295
294308
294390
294453
294979
295174
295221
295239
295280
295358
295395
295403
295412
295556
295657
295721
295777
295865
295931
296006
296045
296095
296113
296144
296217
296302
296442
296586
296596
296599
296628
296755
296769
296799
296860
296893
296942
297020
297463
297512
297656
297753
297755
297979
298058
298150
298157
298208
298228
298233
298505
298515
298603
298678
299042
299110
299141
299263
299403
299452
299512
299660
299670
299674
299909
299999
300038
300369
300439
300695
300975
301032
301044
301132
301233
301243
301461
301588
301662
301732
302104
302118
302147
302168
302325
302397
302525
302676
302894
302910
302963
303038
303151
303277
303360
303436
303692
303827
303844
304388
304632
304663
304681
304752
304946
305161
305264
305396
305538
305733
305734
305901
306027
306297
306432
306446
306552
306640
306693
306883
307097
307237
307520
307561
307677
307738
307771
307813
307828
307902
307938
308117
308288
308328
308397
308504
308734
308775
308833
308843
308965
309007
309011
309021
309083
309101
309207
309449
309489
309526
309673
309698
310173
310251
310333
310368
310389
310429
310551
310735
310767
310769
310833
310907
311199
311250
311323
311424
311464
311519
311532
311564
311606
311689
311710
311783
311852
311855
311947
311977
311993
312012
312245
312252
312327
312339
312368
312469
312513
312659
313024
313281
313298
313472
313585
313679
313803
313804
313875
313931
313983
313988
314031
314044
314154
314261
314480
314499
314850
314939
315217
315325
315377
315378
315522
315524
315527
315586
315637
315656
315770
315851
315874
315993
316035
316133
316299
316307
316335
316356
316375
316617
316682
316830
316873
317064
317167
317186
317435
317585
317614
317768
317812
317919
317932
318029
318112
318117
318126
318128
318146
318162
318194
318423
318653
318815
318900
319011
319106
319263
319310
319475
319520
319530
319632
319689
319837
319864
319866
320016
320032
320044
320053
320139
320194
320230
320239
320243
320620
320628
320814
321108
321383
321393
321709
321721
321768
321804
321848
322111
322206
322241
322272
322326
322366
322404
322408
322527
322581
322673
322685
322689
322782
322811
322882
323022
323114
323134
323318
323476
323542
323592
323653
323881
324018
324032
324202
324210
324304
324400
324471
324483
324516
324524
324802
324854
324878
324892
324912
324928
325074
325099
325191
325266
325409
325410
325515
325530
325615
325635
325662
325672
325784
325821
325949
326063
326095
326147
326238
326274
326340
326381
326435
326614
326665
326739
326834
326907
326955
327117
327289
327319
327490
327493
327542
327573
327585
327642
327650
327817
327822
327838
327913
328017
328217
328226
328255
328395
328415
328438
328652
328745
328839
328898
329052
329150
329193
329314
329321
329326
329336
329588
329652
329694
329767
329850
329995
330148
330361
330393
330453
330577
330588
330743
330795
330833
330951
331189
331353
331376
331412
331416
331427
331495
331513
331571
331605
331765
331770
331787
331884
331962
332022
332142
332190
332201
332207
332334
332355
332548
332567
332638
332811
332861
333155
333157
333162
333263
333277
333309
333544
333676
333993
334250
334424
334556
334557
334647
334729
334903
335087
335091
335125
335294
335393
335404
335407
335463
335564
335668
335816
335848
335963
335965
336029
336062
336403
336503
336568
336830
337053
337067
337093
337164
337176
337439
337440
337445
337462
337495
337564
337598
337601
337651
337753
337759
337850
337874
338002
338153
338179
338236
338547
338767
338785
338887
338888
339198
339207
339341
339377
339539
339655
339737
339957
340114
340259
340551
340560
340566
340571
340580
340592
340689
340755
340960
340985
341271
341288
341652
341677
341758
341770
341785
341922
342127
342219
342299
342362
342432
342505
342731
343087
343104
343310
343330
343505
343560
343756
344026
344194
344418
344560
344582
344952
345287
345333
345467
345473
345629
345664
345674
345749
345849
345980
345996
346013
346092
346274
346798
346982
347006
347007
347061
347181
347273
347317
347372
347716
347985
348266
348523
348573
348601
348725
348740
348752
348767
348952
348979
349140
349147
349166
349193
349284
349286
349348
349444
349537
349762
349786
349792
350024
350041
350129
350233
350500
350503
350832
350876
350899
351146
351199
351497
351776
351857
352131
352319
352388
352604
352633
352788
352845
353052
353323
353497
353534
353603
353632
353763
353867
353916
353951
354011
354019
354125
354297
354433
354436
354450
354474
354526
354555
354616
354779
354936
355146
355253
355386
355438
355528
355540
355545
355553
355805
355870
355951
356218
356397
356882
357455
357549
357569
357708
357846
357885
358045
358136
358251
358363
358405
358525
358579
358588
358655
358716
358971
359109
359260
359269
359374
359458
359461
359677
360097
360527
360538
360559
360671
360680
360709
360777
360861
360951
361117
361129
361207
361295
361312
361328
361404
361406
361589
361640
361723
361725
361746
361793
361874
361896
361914
361965
362041
362100
362191
362288
362373
362398
362609
362621
362640
362747
362860
362967
362971
363150
363226
363316
363415
363419
363610
363659
363711
363937
363940
364041
364137
364148
364259
364312
364722
364828
364857
365059
365311
365316
365522
365541
365561
365618
365649
365668
366020
366343
366364
366412
366472
366585
366644
366673
366748
366889
366965
366998
367090
367098
367137
367139
367170
367345
367554
367646
367649
367652
367704
367800
367816
367823
367858
368020
368063
368089
368180
368376
368424
368449
368568
368889
369285
369389
369466
369509
369516
369586
369615
369641
369714
369911
369915
369930
370040
370139
370290
370355
370491
370594
370844
370861
371155
371211
371212
371283
371290
371326
371521
371620
371655
371705
371720
371808
371934
372060
372119
372196
372257
372591
372682
372745
372802
372832
372873
372910
372953
373308
373442
373633
373643
373733
373992
374015
374041
374045
374291
374433
374723
374888
375017
375203
375228
375530
375584
375617
375775
375987
376079
376117
376287
376323
376331
376392
376799
377152
377172
377377
377445
377481
377749
377775
378045
378076
378504
378834
378853
378941
378958
379083
379188
379252
379469
379859
379885
379965
380006
380208
380396
380781
380790
380821
380881
380924
381057
381063
381171
381182
381240
381362
381517
381522
381595
381600
381652
381693
381792
381794
381886
381968
382049
382159
382258
382651
382860
382990
383112
383129
383130
383174
383253
383618
383811
383847
383888
383973
383977
384235
384350
384435
384554
384668
384790
384862
384958
385010
385015
385044
385164
385376
385464
385470
385529
385596
385667
385816
385952
386177
386259
386277
386351
386393
386406
386441
386588
386854
386954
387055
387350
387506
387595
387796
387832
387905
387906
387949
387984
388060
388179
388239
388290
388436
388501
388711
388864
388888
389115
389626
389691
389830
389834
390073
390095
390106
390445
390658
390754
390764
390869
390963
391120
391392
391442
391716
391867
391932
392301
392424
392472
392591
392641
392690
392692
392786
392950
393157
393170
393596
393773
393828
393941
394015
394034
394080
394142
394154
394157
394222
394362
394366
394395
394466
394600
394725
394808
394817
395474
395526
395671
395826
396027
396168
396232
396274
396278
396541
396563
396662
396693
396806
397053
397310
397536
397544
397651
397653
397733
397855
397968
398368
398465
398615
398622
398733
398752
398765
398789
398846
398903
399180
399261
399290
399498
399635
399766
399873
399882
399889
399976
400004
400024
400281
400326
400369
400662
400688
400741
400846
400876
400977
400991
401114
401219
401331
401421
401423
401444
401576
401609
401799
401955
402023
402146
402213
402225
402407
402585
402652
402658
403239
403349
403357
403471
403587
403751
403850
403867
403917
403975
403986
404112
404235
404241
404315
404577
404638
404844
404869
405075
405089
405114
405137
405717
405912
405920
405961
405962
406268
406340
406370
406377
406576
406659
406700
406927
406967
407051
407184
407370
407439
407580
407600
407646
407818
407822
407972
408115
408504
408713
408783
408821
408922
409337
409670
409739
409955
410029
410103
410146
410274
410604
410743
410825
410856
410886
411057
411063
411251
411274
411277
411387
411437
411454
411616
411753
411801
411807
411957
411981
412155
412243
412339
412399
412446
412461
412519
412612
412798
412878
413129
413217
413311
413405
413414
413465
413540
413605
413740
413819
413889
413900
413976
414056
414152
414466
414515
414868
415021
415059
415115
415231
415260
415552
415719
415732
415784
415881
415890
415893
415898
415914
416090
416178
416186
416213
416234
416330
416331
416356
416397
416431
416443
416681
416971
417160
417362
417412
417437
417509
417553
417612
417642
417719
417891
417900
418327
418370
418378
418381
418423
418547
418642
418672
418895
419009
419133
419150
419163
419244
419260
419277
419345
419509
419722
420054
420068
420222
420224
420316
420328
420379
420446
420717
420867
420961
420992
421254
421272
421283
421300
421361
421707
421728
421825
422042
422194
422219
422261
422379
422489
422623
422738
422794
422824
422827
422870
422889
422965
422989
422991
423007
423060
423094
423139
423305
423443
423450
423605
423643
423686
423794
423979
424036
424067
424080
424298
424335
424351
424361
424393
424394
424673
424696
424881
424924
425006
425025
425077
425127
425269
425270
425278
425305
425322
425435
425612
425818
425974
426024
426186
426253
426492
426643
426697
426851
426896
427092
427137
427236
427406
427808
427932
428020
428170
428209
428266
428294
428369
428396
428421
428509
428590
428970
428980
429052
429120
429161
429210
429213
429232
429362
429393
429459
429483
429526
429527
429719
429991
430005
430023
430180
430400
430852
430857
430868
431090
431153
431268
431309
431346
431457
431460
431500
431740
431859
431930
432135
432160
432326
432421
432711
432725
432872
432991
433166
433192
433325
433448
433459
433904
433994
434038
434040
434054
434116
434157
434456
434721
434775
434921
434937
434992
435081
435107
435110
435117
435158
435168
435216
435316
435436
435557
435691
436014
436058
436079
436127
436167
436170
436179
436220
436533
436561
437034
437288
437637
437658
437777
437844
437959
438068
438119
438134
438221
438295
438550
438909
438932
439258
439291
439538
439648
439658
439687
439739
439968
440013
440346
440372
440471
440484
440802
440817
440835
440845
440974
441003
441050
441066
441069
441229
441326
441361
441365
441377
441418
441474
441481
441551
441818
441863
441916
441984
442011
442184
442284
442326
442336
442359
442483
442507
442632
442634
442687
443187
443197
443268
443305
443542
443553
443565
443570
443630
443678
443722
443811
443885
444106
444170
444346
444369
444397
444599
444834
445338
445440
445450
445507
445548
445570
445694
445764
445785
445799
445840
445855
445883
445912
445937
445949
446044
446192
446475
446481
446565
446633
446725
446751
447310
447490
447730
447771
447806
447855
447939
448035
448261
448383
448578
448687
448749
448774
448794
449104
449165
449352
449389
449557
449641
449765
449812
449981
450005
450253
450262
450368
450524
450543
450956
451096
451251
451263
451322
451401
451656
451683
451721
451732
451795
452125
452153
452293
452306
452482
452506
452594
452763
452770
452789
452910
453007
453134
453191
453225
453523
453629
453688
453700
453782
453867
453899
453972
453996
454063
454096
454109
454169
454248
454365
454388
454406
454448
454474
454697
454833
454946
454955
455151
455299
455409
455447
455459
455511
455513
455550
455748
455821
455881
455913
455945
455960
456067
456126
456687
456772
456779
456916
456939
457004
457013
457066
457102
457194
457445
457474
457593
457839
458014
458306
458316
458517
458667
458744
458878
458956
459317
459326
459339
459377
459446
459530
459684
459717
459739
459780
459990
460192
460404
460584
460870
460928
460948
461004
461147
461193
461512
461608
461619
461647
461829
461874
461930
461983
462128
462150
462243
462262
462332
462418
462454
462475
462492
462704
462755
462793
462794
462810
463128
463131
463138
463231
463350
463502
463513
463566
463733
463845
463856
463868
463887
463941
464009
464251
464402
464531
464578
464823
465120
465156
465240
465274
465281
465473
465691
465780
465819
465835
465935
465995
466058
466195
466237
466293
466392
466394
466497
466542
466610
466616
466646
466647
466649
466691
466765
467285
467331
467376
467458
467509
467613
467847
467930
468086
468087
468091
468481
468530
468625
468630
468658
468826
469262
469454
469463
469467
469686
469755
469775
469779
470021
470025
470176
470261
470351
470406
470532
470546
470558
470565
470577
470850
470885
470945
470947
471137
471171
471269
471515
471622
471655
471750
471765
471780
471782
471793
471850
471859
471869
472057
472087
472140
472146
472151
472196
472323
472454
472489
472519
472624
472980
473094
473138
473158
473222
473596
473715
473827
474034
474224
474228
474463
474626
474646
474897
474952
475021
475149
475166
475521
475590
475785
475836
476001
476051
476056
476108
476155
476186
476228
476272
476395
476638
476796
476810
476868
476918
477002
477085
477243
477285
477309
477374
477418
477609
477778
478030
478139
478393
478432
478457
478459
478550
478640
478675
478723
478776
478885
478908
478948
478960
479028
479041
479168
479277
479412
479534
479610
479692
479721
479801
479853
479885
479903
480240
480248
480296
480370
480450
480755
480837
480860
480907
480982
481082
481145
481179
481275
481437
481599
481699
481762
481982
482125
482233
482283
482385
482429
482504
482566
482598
482639
482646
482663
482759
482879
483033
483095
483103
483127
483174
483175
483402
483462
483547
483652
483936
483947
484016
484154
484273
484301
484335
484528
484576
484815
484830
484860
484869
484939
485153
485185
485206
485235
485282
485383
485464
485599
485759
485778
485942
485993
486070
486126
486247
486363
486404
486420
486611
486646
486689
486834
486953
487025
487304
487484
487503
487522
487690
487705
487744
487772
487792
487828
487905
488067
488151
488175
488190
488330
488370
488373
488587
488589
488849
488871
488913
489017
489058
489060
489081
489176
489305
489772
489955
490281
490302
490440
490568
490579
490880
491106
491210
491488
491747
491813
491836
491972
491989
492105
492233
492349
492609
492628
492638
492679
492867
492939
493006
493207
493232
493422
493520
493545
493546
493652
493653
493720
493839
493996
494158
494213
494355
494411
494489
494526
494625
494675
494766
494868
495052
495066
495068
495287
496014
496022
496164
496190
496278
496479
496588
496682
496750
496858
496881
496949
497250
497376
497427
497456
497639
497768
497771
497796
497836
497951
497958
498171
498230
498320
498392
498669
498686
498704
498763
498999
499080
499121
499204
499263
499442
499567
499641
499767
499798
499842
499965
500063
500301
500329
500392
500663
500673
500947
500952
501029
501055
501107
501233
501245
501463
501763
501808
501827
501861
501961
502148
502359
502487
502504
502601
502657
502709
502806
502833
502907
502979
503000
503038
503070
503261
503291
503371
503569
503766
503905
504001
504065
504096
504274
504338
504411
504524
504620
504630
504638
504707
504711
504775
504894
504895
505022
505066
505432
505541
505679
505943
505946
506011
506018
506060
506080
506156
506214
506319
506452
506541
506555
506683
506865
506869
506885
506972
507059
507318
507319
507342
507837
508314
508325
508423
508930
509081
509123
509197
509217
509423
509514
509540
509545
509774
509787
509792
509816
509867
509916
509935
510098
510377
510446
510558
510627
510696
510741
510771
510902
511004
511018
511046
511330
511439
511513
511517
511568
511797
511801
511863
511907
512050
512251
512254
512305
512382
512598
512889
512918
512974
513029
513035
513060
513157
513264
513365
513414
513418
514116
514137
514599
514605
514613
514866
514894
514898
515037
515058
515154
515170
515224
515532
515705
515847
515882
516373
516382
516471
516729
516732
516772
516818
516870
517036
517122
517148
517231
517311
517351
517464
517558
517567
517692
517821
517943
518222
518585
518678
518720
518781
518818
518829
518920
518977
519109
519266
519290
519292
519718
519721
519810
519833
520000
520004
520131
520186
520239
520275
520573
520799
520903
520939
521065
521131
521217
521247
521380
521571
521677
521693
521755
521800
521908
521941
522097
522197
522215
522353
522486
522792
523187
523248
523290
523353
523401
523497
523500
523533
523759
523761
523770
523798
523961
523966
524096
524345
524447
524636
524697
524724
524939
524976
524994
525021
525099
525534
525576
525903
525915
526156
526160
526318
526334
526663
526772
526835
526997
527160
527273
527328
527357
527366
527520
527524
527540
527544
527600
527707
527710
527714
527807
527942
528287
528448
528455
528460
528552
528635
528723
528730
528847
528895
529400
529580
529741
529764
529857
529866
529948
529972
530170
530182
530205
530539
530583
530947
531232
531555
531608
531631
531657
531708
531813
531830
531861
531901
531974
532498
532520
532533
532615
532715
532802
532900
532942
532962
532994
533254
533256
533325
533658
533667
533673
533714
533759
533788
533806
533880
534043
534112
534126
534181
534210
534331
534353
534415
534497
534650
534758
534763
534847
534916
534925
534941
534998
535003
535159
535183
535187
535473
535536
535556
535557
535776
535808
535836
535887
536036
536069
536145
536210
536236
536330
536352
536363
536573
536687
536834
536951
537022
537113
537172
537327
537403
537577
537692
537747
537762
537763
537812
537824
537882
538306
538308
538445
538597
538674
538693
538707
538948
538959
539048
539054
539060
539067
539079
539094
539276
539326
539402
539446
539541
539542
539974
539991
540004
540026
540083
540215
540324
540534
540658
540734
540742
540835
540847
540853
540940
540999
541047
541092
541178
541279
541281
541362
541382
541408
541428
541593
541601
541726
541810
542087
542454
542572
542613
542622
542643
542674
542756
542762
542863
542997
543096
543466
543514
543670
543684
543965
543998
544090
544228
544395
544400
544454
544498
544676
544783
544926
544964
545040
545190
545195
545199
545218
545336
545356
545361
545425
545483
545556
545567
545579
545702
545896
546061
546082
546116
546149
546155
546156
546159
546182
546276
546311
546333
546395
546540
546588
546638
546697
546709
546716
546811
546883
546917
547159
547403
547434
547536
547566
547578
547781
547791
548011
548058
548161
548168
548197
548314
548349
548384
548511
548516
548633
548642
548696
548734
548744
548802
548812
548849
548941
549069
549251
549413
549439
549508
549570
549574
549575
549737
550021
550042
550544
550686
550706
550821
551027
551157
551301
551324
551467
551708
551937
551968
552096
552180
552414
552442
552485
552798
552902
553088
553133
553192
553194
553398
553810
554100
554199
554343
554346
554426
554464
554510
554678
554738
554773
554797
554827
554914
554916
554971
555357
555575
555649
555791
555806
555865
556132
556188
556312
556385
556420
556432
556548
556578
556787
556810
556965
556974
557012
557382
557401
557442
557608
557664
557888
558015
558031
558036
558105
558162
558165
558183
558223
558256
558262
558552
558809
558816
558875
558977
559117
559184
559190
559221
559232
559301
559424
559476
559486
559521
559585
559592
559726
559988
560089
560132
560233
560390
560430
560433
560464
560483
560713
560723
560760
560850
560860
560961
561110
561120
561244
561332
561400
561452
561479
561918
561971
561989
562001
562009
562019
562050
562190
562400
562401
562432
562509
562514
562567
562742
562824
562962
562975
563131
563136
563428
563439
563457
563535
563588
563770
563820
564408
564451
564539
564541
565066
565103
565369
565417
565467
565473
565544
565586
565649
566129
566153
566283
566333
566375
566396
566441
566626
566658
566766
567499
567534
567588
567663
567668
567702
567895
568098
568130
568276
568544
568626
568635
568816
568886
568960
568976
568981
569094
569182
569227
569243
569369
569401
569433
569501
569669
569789
569790
569896
569933
569948
570187
570202
570215
570321
570387
570724
570736
570742
570837
570841
570939
570971
571278
571307
571409
571633
571708
571798
571942
572003
572031
572132
572325
572403
572507
572517
572534
572600
572738
572768
572772
572798
572879
573035
573047
573345
573369
573391
573463
573525
573672
574104
574203
574428
574460
574484
574513
574534
574779
575122
575298
575337
575553
575634
575733
575828
576106
576274
576287
576388
576409
576440
576488
576679
576831
576926
576952
577030
577065
577257
577555
577574
577706
577761
577863
577868
577873
577874
577927
578151
578160
578222
578223
578271
578749
578949
578996
579199
579221
579290
579535
579577
579826
579985
580073
580101
580184
580219
580432
580485
580598
580828
580936
580972
580997
581021
581130
581271
581368
581373
581414
581422
581482
581517
581613
581675
581730
581815
581905
581906
581942
581982
582159
582489
582537
582586
582642
582670
582723
582950
583107
583128
583339
583353
583361
583394
583487
583605
583615
583649
583751
583951
584012
584013
584117
584232
584295
584329
584606
584667
584758
584771
584941
584979
585368
585439
585583
585783
585788
585839
585896
585927
586012
586152
586290
586459
586614
586822
586838
586936
587119
587325
587358
587521
587548
587580
587858
588052
588090
588100
588360
588446
588604
588641
588690
588832
589022
589081
589369
589519
589595
589616
589750
589796
589820
589990
590668
590727
590995
591063
591136
591341
591465
591603
591639
591680
591766
591825
591911
591990
592106
592145
592243
592273
592295
592464
592670
592674
592675
592997
593036
593122
593124
593143
593176
593406
593424
593649
594129
594232
594262
594520
594801
594910
594950
595039
595205
595312
595449
595490
595756
595792
595939
596016
596414
596698
596803
597038
597138
597142
597212
597242
597443
597660
597688
597807
597896
597929
598169
598395
598407
598655
598680
598710
598763
598790
598865
598876
598878
599311
599401
599530
599537
599650
599770
600043
600065
600150
600286
600294
600340
600367
600479
600517
600536
600660
600765
600791
600840
600928
601275
601515
601521
601714
601719
601827
601832
602086
602308
602401
602442
602724
602768
602838
602984
603016
603077
603138
603185
603260
603326
603362
603372
603458
603667
603708
603880
603945
603958
604181
604246
604457
604528
604631
604764
604803
604838
604887
604982
604986
605006
605187
605233
605573
605723
605736
605766
605793
605816
605913
605931
606005
606074
606183
606241
606262
606582
606601
606634
606692
606704
606818
606837
606872
606903
606943
607013
607080
607225
607560
607575
607946
607955
607965
607972
608013
608067
608097
608249
608380
608643
608989
609037
609230
609244
609251
609428
609558
609744
609785
609870
609975
609986
610032
610048
610072
610205
610327
610479
610527
610656
610664
610708
610799
610852
611065
611075
611214
611218
611296
611409
611519
611736
611790
611798
612076
612206
612234
612282
612419
612425
612491
612521
612822
612850
612869
612899
612919
612945
613035
613082
613321
613437
613597
613904
614082
614214
614563
614565
614650
614683
614791
614889
614898
614911
614942
615100
615176
615184
615229
615248
615285
615621
615730
615785
615842
615900
616014
616141
616236
616253
616263
616280
616363
616520
616566
616638
616848
616851
616976
617040
617051
617052
617056
617349
617367
617400
617452
617521
617870
618023
618038
618070
618246
618270
618281
618391
618463
618520
618595
618627
618665
618787
618858
618877
618900
618971
619038
619319
619357
619374
619629
619630
619663
619710
619824
619835
620022
620030
620034
620246
620453
620492
620605
620756
620805
620965
621007
621008
621025
621045
621074
621087
621151
621328
621414
621419
621596
621615
621715
621718
621755
621814
621897
622067
622075
622093
622219
622245
622329
622351
622499
622525
622665
622801
622804
622867
623163
623190
623207
623380
623435
623449
623522
623601
623625
623734
623767
623813
623814
624384
624418
624446
624528
624544
624615
624708
624721
624724
624775
624906
624953
624970
624992
625085
625142
625201
625302
625585
625816
626040
626167
626285
626329
626411
626471
626528
626559
626634
626748
626797
626831
626882
626900
626901
627069
627094
627314
627656
627685
627686
627765
627769
627778
627783
627796
627903
628127
628295
628336
628347
628365
628667
628675
628954
628976
628998
629008
629155
629417
629494
629599
629757
629879
629917
630176
630265
630322
630395
630546
630638
630651
630652
630782
630911
631005
631070
631079
631119
631178
631217
631273
631537
631791
631830
631852
631929
631980
631981
632186
632390
632496
632511
632559
632632
632711
632813
632825
633139
633164
633329
633407
633603
633632
633700
633791
633830
633934
633960
634212
634258
634312
634356
634396
634411
634480
634581
634674
634856
634972
635098
635199
635443
635445
635466
635484
635520
635598
635616
635664
635698
635724
635775
635809
635901
635929
635937
636000
636023
636094
636152
636159
636230
636281
636301
636360
636483
636581
636766
636906
636940
637105
637163
637217
637237
637386
637387
637440
637459
637627
637886
637995
638093
638260
638314
638443
638444
638877
638982
638999
639002
639162
639232
639289
639380
639391
639393
639467
639562
639594
639713
639741
639779
639868
639893
639934
639945
640109
640192
640386
640799
640806
641032
641037
641403
641528
641614
641694
641747
641902
641964
642090
642414
642426
642595
642694
642770
642807
642912
642913
643015
643222
643440
643523
643551
643676
643818
643894
643996
644119
644231
644328
644395
644413
644446
644456
644566
644618
644650
644827
644905
645100
645102
645140
645189
645227
645291
645321
645436
645494
645773
645787
645804
645843
646001
646030
646158
646183
646217
646229
646367
646464
646712
646877
647008
647085
647153
647209
647548
647790
647825
647890
648026
648194
648346
648507
648535
648547
648677
648706
648723
648794
648810
648873
649009
649302
649430
649504
649595
649680
649703
649748
649798
649837
649984
650050
650201
650321
650395
650408
650538
650802
651049
651317
651399
651548
651786
652192
652396
652491
652592
652606
652632
652859
653030
653106
653112
653127
653193
653357
653392
653534
653583
653590
653782
654002
654035
654134
654189
654439
654572
654583
654603
654710
654911
654947
655022
655096
655158
655190
655237
655334
655346
655422
655494
655528
655730
655839
656041
656141
656172
656561
656654
656791
656889
657000
657072
657088
657243
657505
657615
658086
658103
658121
658172
658209
658236
658592
658758
659049
659089
659262
659390
659412
659591
659664
659716
659806
659898
659915
660018
660270
660568
660578
660593
660669
660841
661035
661107
661196
661303
661315
661329
661398
661503
661545
661730
661740
661816
662216
662353
662639
662669
662684
662685
662729
662806
662885
662907
663062
663098
663100
663424
663465
663481
663556
663566
663598
663733
663738
663750
663975
664233
664700
664758
664790
664933
664975
665038
665174
665293
665311
665804
665984
666213
666255
666423
666531
666599
666639
666826
666833
666847
666898
667017
667039
667056
667142
667334
667347
667356
667461
667474
667784
667856
667936
667993
668186
668204
668408
668495
668496
668662
668771
668952
669066
669069
669070
669218
669488
669515
669525
669589
669801
670091
670279
670368
670380
670492
670514
671045
671053
671194
671593
671639
671842
671903
671924
671951
672046
672134
672320
672359
672409
672439
672440
672452
672589
672612
672645
672707
672708
672767
672915
672980
673037
673109
673191
673217
673268
673457
673509
673581
673666
673671
673715
674005
674057
674133
674143
674237
674312
674494
674529
674534
674560
674578
674692
674767
674776
674834
674904
674965
675085
675138
675385
675461
675500
675533
675960
676073
676227
676261
676375
676491
676546
676694
676703
676783
676946
677060
677194
677204
677374
677526
677595
677774
678010
678263
678343
678425
678675
678724
678796
678958
679010
679050
679189
679257
679285
679356
679435
679575
679771
679998
680313
680435
680501
680606
680856
680872
681369
681651
681709
681713
681978
682099
682230
682257
682386
682537
682545
682654
682656
682710
682713
682858
682926
683201
683288
683445
683492
683657
683701
683777
683807
683873
683946
684057
684067
684146
684179
684237
684307
684554
684690
684864
684941
684985
685053
685067
685133
685233
685244
685355
685384
685398
685508
685513
685614
685622
685657
685732
685836
685914
685990
686186
686364
686386
686399
686609
686628
686696
686713
686931
686976
687232
687239
687282
687526
687607
687652
687674
687714
687879
687904
687917
687928
688012
688103
688124
688165
688249
688375
688565
688638
688848
688947
688964
689297
689353
689372
689404
689471
689503
689742
689748
689950
690057
690350
690404
690423
690515
690589
691032
691089
691136
691183
691209
691353
691418
691611
691626
691757
691955
691981
692136
692208
692411
692650
693036
693060
693074
693377
693436
693501
693505
693630
693679
693729
693789
693806
693849
693888
693976
694103
694114
694295
694330
694476
694664
694782
694783
694877
694923
694924
695133
695351
695369
695375
695392
695424
695464
695510
695595
695639
695642
695723
695779
695902
696125
696333
696443
696493
696532
696703
696749
697392
697563
697590
697626
697745
697805
697848
697860
697871
697890
697931
697932
698070
698190
698624
698752
698798
698908
698941
698944
699092
699135
699150
699173
699377
699403
699416
699686
699822
700243
700290
700380
700418
700419
700443
700461
700505
700547
700580
700602
700622
700769
700821
700832
701017
701585
701612
701688
701895
701952
702171
702276
702437
702509
702528
702627
702843
702886
702924
703274
703453
703479
703554
703764
704102
704225
704256
704280
704660
704719
704865
704973
705018
705241
705258
705415
705546
705580
705613
705633
705715
705728
705879
706134
706201
706214
706320
706374
706526
706564
706588
706771
706821
706907
707113
707193
707434
707480
707500
707521
707735
707751
707835
707851
707884
707911
708050
708117
708276
708531
708690
708878
708924
708964
709022
709075
709231
709264
709360
709485
709525
709528
709621
709718
709734
709891
710028
710115
710130
710308
710321
710414
710450
710630
710882
711014
711030
711174
711223
711357
711419
711484
711630
712012
712196
712390
712525
712592
712751
712829
712888
713011
713049
713204
713405
713406
713549
713559
713753
713792
714351
714394
714426
714430
714467
714556
714634
714685
714702
714738
714754
714822
714896
714971
715033
715107
715150
715162
715261
715368
715379
715551
715571
715680
715743
715792
715852
716121
716153
716161
716263
716294
716350
716485
716541
716580
716704
716950
716978
717060
717186
717329
717544
717562
717585
717751
717771
717797
717801
717887
718067
718197
718251
718365
718596
718665
718786
718973
719106
719151
719380
719597
719759
719775
719787
719914
720364
720392
720423
720437
720559
720920
720932
721009
721216
721236
721297
721306
721325
721397
721515
721610
721762
721796
721827
721855
722030
722068
722297
722474
722490
722658
722951
723109
723174
723287
723324
723504
723563
723599
723895
724060
724121
724235
724404
724409
724626
724643
724780
724888
724932
725298
725317
725427
725439
725446
725554
725615
725735
726041
726237
726252
726373
726396
726479
726560
726643
726658
726702
726837
726918
726956
727103
727132
727320
727489
727522
727549
727710
728000
728026
728069
728098
728171
728259
728479
728566
728792
728809
728907
728952
729385
729409
729431
729526
729558
729709
729815
729899
729934
729984
730036
730063
730103
730220
730407
730665
730847
730853
731041
731092
731291
731643
731687
731749
731830
731864
731896
732007
732060
732154
732280
732407
732424
732733
732812
732963
733153
733186
733358
733371
733475
733490
733805
733969
733978
734018
734052
734559
734588
734634
734764
734846
735105
735139
735328
735361
735392
735663
735724
735821
735909
735979
736136
736215
736293
736408
736430
736448
736458
736461
736501
736536
736634
736812
736847
736944
736967
737026
737186
737266
737312
737319
737367
737369
737605
737625
737881
738152
738250
738259
738275
738342
739108
739121
739277
739309
739358
739468
739615
739690
739719
739853
739997
740037
740088
740091
740104
740130
740478
740527
740770
740836
740844
740864
740905
741206
741254
741372
741447
741453
741658
741688
741817
741847
741869
742081
742237
742448
742647
742677
742801
743021
743244
743504
743525
743588
743636
743679
743754
743867
743880
743967
743978
744021
744048
744234
744519
744583
744779
745012
745064
745257
745266
745369
745532
745602
745836
745862
745911
746061
746211
746528
746643
746702
746760
746850
746855
746937
746952
747342
747401
747445
747799
747913
747916
747945
747947
748060
748135
748257
748359
748382
748470
748931
749040
749132
749145
749151
749305
749412
749626
749703
749794
750055
750069
750162
750290
750313
750447
750656
750692
750709
750732
750911
751118
751125
751178
751212
751250
751252
751343
751649
751732
751868
751884
751969
752018
752094
752194
752445
752451
752754
752828
752989
753084
753110
753112
753154
753186
753305
753373
753540
753835
754196
754400
754517
754705
754824
754916
755042
755048
755062
755139
755304
755363
755445
755449
755578
755617
755787
755806
756008
756111
756130
756269
756299
756426
756496
756724
756781
756840
756894
756988
757234
757485
757508
757519
757667
757710
757719
757733
757735
757818
757919
757948
758096
758407
758441
758447
758454
758601
758698
758749
758942
758991
759057
759243
759300
759368
759589
759792
759799
759954
759996
760261
760272
760401
760581
761047
761099
761117
761133
761214
761395
761607
761645
761812
761882
761937
762039
762053
762087
762171
762409
762458
762625
762650
762841
763042
763124
763163
763178
763348
763420
763472
763603
763666
763674
763839
763946
764071
764150
764202
764235
764327
764551
765115
765141
765191
765194
765232
765251
765286
765321
765384
765414
765546
765631
765639
765641
765748
765798
765824
765842
765863
766042
766084
766102
766115
766273
766276
766325
766349
766402
766477
766577
766605
766609
766634
766701
766955
767010
767031
767064
767116
767287
767494
767601
767694
767746
767754
767831
767974
768229
768319
768329
768568
768636
768732
768736
768749
768764
768965
769009
769041
769062
769076
769239
769311
769339
769350
769396
769406
769421
769552
770013
770135
770181
770342
770374
770462
770598
770932
771293
771446
771451
771595
771768
771989
772321
772581
772629
772630
772860
772947
772996
773024
773046
773085
773135
773137
773146
773161
773172
773208
773258
773535
773583
773628
773633
773637
773690
773870
773910
773949
773957
774112
774160
774236
774264
774293
774817
774849
774875
775003
775068
775082
775320
775853
775857
776128
776323
776419
776428
776442
776864
777078
777080
777130
777187
777236
777262
777523
777570
777981
778014
778056
778074
778242
778388
778489
778543
778623
778722
778850
778995
779032
779076
779131
779141
779395
779545
779549
779613
779700
779838
779990
780130
780348
780378
780927
780946
780968
781031
781141
781351
781412
781420
781444
781504
781722
781731
781929
782037
782194
782365
782426
782564
782748
782787
783046
783239
783317
783430
783629
783757
783760
783913
784063
784169
784444
784451
784691
784732
784749
784817
784882
784884
784990
785001
785074
785133
785150
785212
785235
785259
785407
785825
785926
786204
786214
786240
786369
786458
786471
786715
786780
786810
786818
786854
786946
787181
787364
787366
787381
787499
787518
787627
787632
787715
787741
787790
787998
788111
788256
788447
788453
788596
788618
788719
788791
788926
789024
789066
789136
789172
789296
789339
789845
789892
789904
789949
790008
790229
790486
790493
790619
790760
790941
790985
791070
791142
791272
791300
791330
791409
791447
791555
791619
791670
791765
791775
791776
792238
792290
792487
792521
792534
792570
792596
792649
792650
792667
792680
792715
792751
792836
793012
793065
793118
793302
793399
793461
793675
794170
794193
794399
794551
794616
794839
794878
794954
794985
795001
795150
795155
795190
795282
795343
795378
795450
795504
795847
796045
796069
796092
796171
796431
796518
796622
796670
796736
797005
797147
797284
797286
797310
797335
797598
797638
797731
797894
798096
798130
798284
798306
798554
798557
798566
798614
798743
798776
798878
798963
799017
799063
799102
799160
799236
799248
799439
799515
799924
799947
800027
800271
800304
800354
800402
800443
800446
800508
800526
800806
800890
800960
801186
801194
801237
801293
801317
801388
801397
801417
801482
801898
802297
802468
802558
802884
803017
803228
803229
803533
803581
803602
803716
803966
803992
804054
804106
804342
804620
804658
804694
804774
804854
804913
805206
805211
805330
805430
805614
805618
805676
805733
805904
806079
806192
806522
806759
806772
806783
806815
806817
806918
806961
806971
807046
807167
807215
807608
807619
807826
807976
808107
808198
808311
808494
808704
808760
808845
808869
808872
808945
809068
809072
809148
809223
809287
809350
809538
809791
809832
809930
809963
809986
810038
810078
810253
810382
810716
811117
811329
811367
811406
811721
811955
812178
812321
812430
812438
812522
812554
812593
812603
812629
812957
813495
813665
813666
813830
813840
813870
813940
814081
814087
814128
814277
814567
814580
814687
814813
814848
814975
814988
815061
815135
815171
815172
815261
815308
815337
815529
815545
815616
815706
815953
815989
816171
816198
816232
816353
816394
816491
816578
816806
816813
816843
816958
817069
817087
817283
817305
817371
817446
817463
817497
817518
817723
817982
818105
818375
818388
818552
818591
818673
818816
818993
819087
819202
819239
819433
819508
819552
819654
819777
820004
820319
820357
820486
820602
820780
821034
821114
821132
821262
821394
821580
821655
821735
821805
821849
821874
821943
822000
822029
822095
822295
822319
822353
822714
822760
822842
822859
822898
822910
823120
823154
823216
823222
823303
823307
823369
823450
823451
823479
823552
823574
823641
823705
823716
823743
823756
823783
823810
823844
823865
823958
824082
824285
824525
824568
824608
824674
824680
824704
824744
824748
824781
824855
824893
824894
825015
825130
825379
825453
825473
825485
825703
826308
826327
826386
826493
826756
826825
826832
826848
826950
826991
827063
827202
827322
827345
827362
827449
827529
827540
827554
827946
827952
828102
828111
828116
828348
828408
828495
828574
828577
828641
828674
829031
829041
829081
829154
829237
829265
829456
829609
829632
829648
829669
829889
829915
830028
830048
830269
830391
830403
830424
830454
830482
830508
830688
830816
830954
830975
831073
831131
831230
831231
831293
831400
831754
831892
831949
831950
831987
832016
832083
832209
832272
832324
832382
832438
832439
832492
832625
832741
832750
832839
832856
832913
832951
832968
833145
833163
833338
833344
833529
833562
833727
833810
833847
833886
833920
833969
833975
834020
834375
834460
834572
834683
834717
834732
834901
835093
835386
835455
835515
835544
835685
835832
835930
836008
836138
836165
836176
836240
836295
836387
836445
836502
836510
836780
836781
837112
837136
837381
837722
837777
838041
838163
838168
838204
838256
838352
838371
838402
838428
838603
838728
838834
839217
839253
839455
839846
839948
839950
839965
840004
840106
840269
840357
840360
840438
840527
840574
840612
840641
840768
840821
840874
840936
841004
841053
841549
841946
842034
842073
842131
842186
842240
842291
842329
842330
842354
842415
842445
842458
842529
842541
842577
842584
842606
842629
842842
842859
842913
843013
843020
843056
843214
843231
843257
843452
843550
843570
843759
843908
844040
844109
844185
844209
844221
844424
844525
844770
844941
845092
845195
845449
845480
845508
845643
845713
845806
845819
845988
846129
846273
846293
846343
846366
846385
846435
846672
846700
846980
847432
847439
847627
847777
847892
847906
848101
848173
848179
848394
848527
848547
848700
848736
849091
849109
849283
849316
849366
849398
849401
849426
849459
849572
849665
849753
849816
849817
849901
849966
850096
850266
850298
850324
850409
850539
850541
850590
850638
850681
850787
850908
851023
851025
851088
851132
851181
851183
851354
851380
851583
851656
851684
851797
851798
851819
851892
851897
851989
851994
852201
852233
852234
852354
852356
852841
852956
852962
853107
853121
853133
853199
853224
853317
853705
853764
853792
853855
853986
854000
854261
854529
854899
854929
854936
854975
855245
855432
855877
855922
856260
856476
856505
856514
856621
856636
857033
857046
857078
857080
857272
857450
857781
857890
857895
857977
857983
858107
858209
858217
858241
858246
858253
858275
858303
858318
858340
858596
858643
858667
858749
858824
858891
858923
858950
859000
859041
859050
859067
859094
859263
859571
860061
860076
860264
860282
860432
860554
860756
860793
860993
861043
861120
861123
861137
861145
861271
861367
861427
861466
861564
861673
861761
861781
861787
861882
861953
861958
862006
862158
862390
862392
862411
863088
863235
863560
863697
863715
863858
863943
863972
863993
864310
864449
864693
864716
864751
864805
864920
865186
865240
865250
865692
865752
865758
865834
865842
865854
865861
865964
866088
866200
866357
866377
866508
866592
866708
866712
866723
866736
866923
867062
867230
867374
867516
867661
867687
867780
867801
867879
867923
867929
868006
868429
868558
868677
868693
868758
869011
869139
869142
869215
869433
869489
869550
869670
869836
869953
869968
870021
870119
870138
870165
870259
870287
870328
870358
870367
870531
870818
871058
871455
871688
871703
871705
871712
871779
871944
872064
872240
872307
872348
872352
872353
872662
872677
872744
873195
873235
873460
873501
873504
873844
873868
874009
874038
874102
874164
874211
874344
874492
874550
874731
874804
874873
874899
874948
874974
875192
875309
875385
875485
875673
875768
875791
875808
875878
875928
875972
876090
876099
876210
876301
876308
876553
876669
876926
876971
877200
877250
877305
877342
877500
877741
877906
877942
877995
878048
878156
878183
878384
878403
878414
878434
878537
878585
879111
879453
879532
879682
879771
879917
880057
880131
880210
880301
880316
880383
880615
880753
880837
880899
880930
880980
881101
881231
881265
881295
881340
881452
881512
881631
881656
881809
881888
881956
881996
882418
882542
882673
882801
882852
882939
882965
883160
883274
883290
883350
883433
883437
883442
883671
883754
883802
883816
884016
884081
884150
884176
884235
884260
884557
884567
884700
884726
884730
885074
885079
885120
885149
885240
885298
885416
885445
885511
885747
885759
885875
885908
885958
885978
886206
886230
886240
886300
886316
886598
886672
886702
886876
886997
887030
887120
887151
887185
887217
887239
887364
887434
887496
887779
887936
887972
888068
888118
888224
888434
888580
888682
888765
888801
888804
888820
889007
889032
889138
889408
889457
889471
889558
889745
889911
889969
890246
890270
890274
890403
890474
890591
890647
890874
890931
890968
891054
891258
891383
891527
891584
891638
891891
891916
892102
892293
892351
892420
892582
892819
893135
893141
893203
893207
893260
893293
893378
893500
893727
894169
894214
894282
894314
894496
894689
894835
894917
894983
895181
895497
895551
895815
895952
896017
896086
896090
896288
896314
896383
896397
896476
896554
896852
896938
897165
897277
897320
897427
897598
897603
897647
897704
897819
897959
898049
898056
898068
898128
898163
898344
898377
898396
898412
898508
898528
898632
898663
898868
898934
899147
899168
899169
899226
899383
899427
899595
899726
899833
899858
899870
899977
899987
900008
900039
900194
900263
900413
900431
900444
900453
900488
900539
900657
900710
900833
900895
901009
901820
901930
901931
902021
902118
902144
902146
902169
902251
902283
902483
902578
902695
902965
903003
903120
903290
903339
903815
903834
903878
903964
904249
904352
904398
904454
904484
904514
904528
904585
904595
904729
904765
905242
905245
905289
905342
905348
905382
905708
905919
905990
906127
906144
906309
906329
906427
906525
906576
906700
906737
906784
906845
906902
906955
907168
907247
907252
907334
908031
908097
908098
908194
908226
908293
908299
908302
908352
908479
908550
908634
909054
909109
909199
909268
909346
909354
909400
909534
909582
909747
909749
909861
910151
910240
910249
910408
910651
910741
910797
910971
910973
911178
911187
911232
911280
911294
911299
911427
911467
911498
911516
911570
911608
911910
912020
912053
912294
912360
912390
912437
912475
912601
912715
912798
912926
913114
913141
913340
913353
913426
913475
913524
913558
913561
913618
913651
913869
913914
914135
914143
914445
914471
914525
914627
914700
914769
914853
914936
914945
915059
915071
915121
915136
915177
915262
915473
915544
915572
915632
915698
915718
915777
915908
916158
916209
916530
916796
916878
916894
916995
917074
917138
917191
917279
917405
917436
917547
917575
917691
917728
917766
917885
917907
917909
917953
918002
918041
918065
918210
918291
918313
918366
918421
918553
918748
918819
918835
918866
918886
918979
918992
919033
919108
919331
919367
919555
919692
919710
919769
919867
919881
919946
919959
919968
920026
920139
920241
920410
920556
920775
920859
920884
921030
921097
921114
921403
921651
921666
921712
921823
921830
921840
921862
922006
922084
922123
922212
922253
922467
922637
922861
923144
923154
923313
923360
923687
923694
923904
923980
924118
924231
924452
924506
924625
924851
924862
924941
925064
925188
925345
925380
925497
925544
925577
925646
925814
925976
926027
926134
926209
926250
926294
926498
926539
926710
926764
926870
927071
927112
927155
927293
927369
927417
927580
927749
927840
927898
927950
928071
928273
928297
928303
928614
928850
928899
929147
929203
929248
929424
929441
929581
929701
929719
929800
929816
929915
929927
930018
930071
930157
930271
930356
930377
930457
930480
930682
930805
930820
930854
931052
931053
931081
931283
931293
931569
931926
931981
932001
932006
932015
932102
932131
932237
932287
932321
932601
932707
933101
933121
933296
933353
933445
933757
933830
934216
934703
934740
934791
934881
934895
934908
935152
935272
935278
935322
935548
935556
935562
935608
935635
935677
935903
935953
936006
936023
936046
936108
936114
936280
936473
936476
936483
936512
936571
936649
937133
937191
937223
937338
937348
937354
937402
937412
937428
937512
937754
937797
937832
938171
938300
938391
938505
938546
938728
939192
939193
939214
939222
939223
939270
939319
939408
939422
939453
939472
939663
939823
939836
939887
939892
939930
939980
940005
940098
940139
940359
940382
940617
940776
940830
941091
941275
941353
941618
941803
941806
942036
942042
942163
942164
942199
942200
942269
942284
942572
942653
942674
942703
942768
942797
942800
942850
942873
942874
942911
943017
943182
943218
943268
943274
943570
943583
943604
943800
944149
944276
944286
944422
944474
944486
944499
944515
944705
944733
944757
944846
944858
944969
945092
945274
945377
945570
945751
945875
945898
945910
945916
945988
945999
946046
946071
946198
946219
946232
946396
946479
946493
946947
947000
947110
947212
947428
947532
947537
947587
947605
947779
947923
948036
948093
948110
948126
948215
948254
948267
948411
948412
948495
948531
948552
948564
948645
948858
948956
949003
949373
949521
949524
949593
949659
949663
949819
949890
949916
950076
950086
950158
950328
950343
950528
950529
950821
950885
951004
951195
951361
951445
951601
951670
951735
951822
951954
951989
952039
952114
952159
952371
952433
952457
952561
952591
952649
952684
952707
952737
952808
953173
953200
953583
953748
953838
954012
954019
954099
954220
954284
954353
954445
954452
954474
954588
954594
954644
954645
954702
954715
954746
954784
955003
955325
955344
955439
955543
955624
955630
955677
955777
955810
955863
955947
956101
956220
956247
956287
956326
956351
956533
956830
956871
956897
956963
956966
957120
957361
957366
957492
957830
957922
958006
958045
958260
958296
958677
958723
958742
959261
959313
959459
959614
959911
960077
960130
960330
960408
960644
960928
960973
960986
961159
961257
961492
961759
961909
961916
961935
961962
962094
962259
962336
962401
962594
962679
962696
962755
962931
962933
962938
963126
963178
963368
963373
963446
963479
963564
963599
963765
963900
964056
964406
964416
964597
964610
964737
964775
964788
964924
965077
965088
965233
965244
965358
965512
965627
965809
965855
966298
966319
966386
966463
966489
966511
966555
966787
966830
966852
967119
967131
967209
967332
967372
967404
967518
967722
967725
967728
967882
967892
967961
967986
968147
968199
968287
968292
968318
968375
968468
968697
968762
968881
968887
969045
969087
969273
969303
969346
969347
969572
969576
969658
969679
969696
969783
969795
969832
970032
970099
970113
970224
970320
970545
970719
970982
971019
971081
971249
971268
971294
971411
971491
971535
971620
971621
971653
971678
971711
972156
972206
972263
972335
972426
972480
972516
972666
972720
973270
973481
973612
973747
973748
973967
974004
974131
974144
974324
974361
974386
974487
974637
974668
974790
974791
974952
974987
975033
975096
975111
975124
975177
975340
975377
975596
975668
975797
975911
975926
975930
975949
976028
976107
976222
976299
976334
976365
976728
976834
976999
977068
977181
977295
977654
977802
977883
978002
978040
978143
978151
978157
978213
978437
978470
978493
978604
978744
978804
978932
978966
979029
979058
979352
979579
979704
979926
980002
980068
980164
980540
980823
980844
980917
980984
981042
981135
981154
981386
981408
981878
981892
981939
982049
982164
982212
982290
982327
982356
982554
982998
983038
983053
983067
983114
983379
983468
983688
983765
983768
983880
983911
983939
984622
984724
984771
984886
984934
985163
985295
985304
985309
985319
985353
985368
985372
985396
985515
985728
985780
985852
986001
986097
986179
986228
986436
986946
987199
987245
987290
987316
987318
987364
987424
987517
987581
987787
987852
987948
988137
988140
988182
988214
988217
988261
988480
988660
988684
988811
988976
989097
989211
989232
989235
989323
989350
989388
989679
989816
989838
989845
989980
989996
990066
990162
990367
990385
990468
990480
990806
990870
990955
990997
990999
991106
991156
991218
991241
991296
991381
991538
991787
991937
991958
991998
992006
992159
992255
992265
992281
992370
992378
992479
992632
992716
992810
992921
993184
993266
993336
993435
993488
993526
993545
993642
993724
993818
993988
993998
994100
994121
994462
994532
994594
994640
994712
994901
995169
995288
995323
995384
995406
995414
995430
995685
995875
995884
995961
995969
996114
996513
996610
996659
996722
996756
996883
996907
996946
996968
997027
997397
997433
997442
997690
997761
997795
997908
997934
998032
998059
998202
998226
998485
998537
998562
998947
998973
999005
999054
999408
999443
999779
999803
1000000
